BookScoreCount ThreeStarRate FourStarRate Class
101
0 1 3 4 11 12 16 17 18 19 20 22 23 24 25 26 27 29 30 31 33 34 35 36 37 38 41 44 45 46 47 48 49 50 51 52 53 55 57 58 59 60 63 64 65 66 67 69 70 71 73 74 76 77 78 79 80 82 84 85 86 90 92 94 95 96 97 99 100 103 104 105 109 110 114 115 116 117 118 119 121 122 125 126 127 128 130 131 132 133 134 138 140 141 142 144 146 147 148 150 151
568 0.28 0.30 good
967 0.23 0.36 good
129 0.27 0.27 bad
78 0.33 0.25 bad
51 0.40 0.32 bad
25 0.44 0.08 bad
119 0.23 0.20 good
36 0.20 0.23 bad
23 0.28 0.14 bad
250 0.22 0.22 bad
112 0.15 0.20 good
159 0.40 0.28 bad
116 0.28 0.08 good
70 0.36 0.13 bad
11 0.20 0.00 bad
100 0.43 0.18 bad
150 0.21 0.15 good
290 0.22 0.20 good
29 0.32 0.14 bad
44 0.33 0.19 good
192 0.29 0.23 good
97 0.39 0.13 bad
1909 0.18 0.14 good
223 0.23 0.34 bad
216 0.20 0.44 bad
63 0.27 0.17 bad
670 0.34 0.29 good
1885 0.11 0.16 good
299 0.30 0.23 bad
108 0.19 0.33 good
79 0.20 0.22 bad
1248 0.33 0.33 bad
72 0.39 0.23 bad
29 0.32 0.14 good
133 0.37 0.21 bad
1780 0.15 0.30 bad
22 0.14 0.00 bad
55 0.33 0.20 bad
2109 0.21 0.29 bad
461 0.14 0.30 good
484 0.21 0.21 good
108 0.18 0.20 bad
91 0.12 0.20 good
45 0.21 0.14 bad
82 0.31 0.07 bad
21 0.43 0.19 bad
90 0.16 0.25 good
20 0.26 0.42 bad
51 0.04 0.32 bad
248 0.25 0.25 bad
19 0.22 0.39 bad
46 0.36 0.31 bad
429 0.15 0.36 good
745 0.22 0.27 bad
217 0.33 0.24 bad
531 0.26 0.17 bad
714 0.13 0.19 bad
31 0.20 0.05 bad
21 0.33 0.19 bad
356 0.15 0.24 good
222 0.30 0.27 bad
16 0.20 0.07 bad
527 0.16 0.29 good
218 0.23 0.33 good
13 0.46 0.00 bad
188 0.28 0.33 good
39 0.26 0.40 good
942 0.34 0.26 bad
42 0.34 0.27 bad
29 0.50 0.26 bad
25 0.34 0.04 bad
339 0.19 0.33 good
88 0.36 0.24 bad
112 0.28 0.24 bad
1114 0.09 0.23 bad
282 0.35 0.19 bad
19 0.42 0.12 good
34 0.45 0.14 bad
274 0.39 0.30 bad
1575 0.20 0.33 good
59 0.32 0.08 bad
385 0.28 0.29 bad
768 0.08 0.20 good
353 0.16 0.21 good
387 0.22 0.26 good
607 0.13 0.23 good
82 0.28 0.16 bad
31 0.13 0.11 good
614 0.25 0.35 good
23 0.33 0.33 bad
795 0.21 0.34 good
328 0.22 0.19 bad
21 0.07 0.54 bad
83 0.19 0.49 bad
2366 0.15 0.24 good
364 0.27 0.18 bad
2356 0.27 0.37 good
208 0.19 0.09 good
1080 0.04 0.06 bad
21 0.35 0.20 bad
638 0.16 0.19 bad