BookScore BookScoreCount AddListCount Class
96
1 2 3 6 7 11 12 14 15 17 18 19 20 24 25 26 27 29 30 35 36 38 39 40 42 44 45 46 47 48 50 51 52 53 55 56 57 58 59 60 61 63 65 67 70 71 72 74 75 76 77 79 82 84 85 86 87 89 91 93 95 97 100 101 104 105 106 107 108 109 110 113 114 116 118 119 122 123 124 125 127 128 129 130 133 136 137 138 139 141 143 144 145 147 148 153
7.2 967 492 good
6.4 47 12 bad
6.4 129 38 bad
6.0 187 42 good
5.8 27 8 bad
6.9 51 15 bad
6.0 25 12 bad
5.9 454 136 good
6.6 658 204 bad
5.6 36 10 bad
6.5 23 7 bad
6.7 250 70 bad
5.3 112 17 good
5.5 70 23 bad
4.8 11 2 bad
6.5 100 32 bad
4.5 150 31 good
7.1 290 68 good
5.4 29 9 bad
5.5 1909 254 good
6.7 223 63 bad
5.9 63 19 bad
3.5 20 1 bad
6.7 495 172 good
5.4 686 215 bad
5.4 1885 242 good
5.8 299 93 bad
7.1 108 28 good
5.3 79 20 bad
6.8 1248 371 bad
5.3 29 7 good
5.9 133 42 bad
7.9 1780 446 bad
4.0 22 1 bad
5.6 55 11 bad
5.3 80 13 good
6.2 2109 551 bad
7.5 461 70 good
6.5 484 138 good
6.2 108 19 bad
7.5 86 33 good
6.2 91 21 good
4.8 82 22 bad
7.6 90 17 good
5.9 51 2 bad
6.1 248 119 bad
7.3 956 180 good
6.1 46 16 bad
6.4 21 8 good
6.8 429 110 good
7.6 745 183 bad
5.2 531 94 bad
5.6 31 3 bad
5.9 21 3 bad
5.2 356 55 good
7.0 222 53 bad
6.4 182 65 bad
6.4 145 49 bad
7.2 654 218 good
6.9 396 121 bad
5.5 13 4 bad
6.5 39 7 good
7.0 42 8 bad
7.1 219 65 bad
4.9 25 5 bad
7.4 339 98 good
6.0 349 102 good
6.4 1184 188 bad
8.7 5393 1586 good
6.0 88 34 bad
5.8 112 31 bad
6.1 136 25 bad
8.5 1114 218 bad
6.0 19 7 good
6.5 274 112 bad
7.3 1575 274 good
7.0 385 126 bad
7.0 93 32 good
5.6 320 57 good
8.9 768 149 good
7.4 387 146 good
6.5 607 108 good
7.3 2063 510 good
5.7 82 11 bad
5.9 23 1 bad
4.8 68 9 bad
7.8 1641 303 good
5.7 328 53 bad
7.0 1100 206 good
6.9 83 19 bad
5.5 153 42 bad
5.4 364 103 bad
6.7 61 28 bad
3.9 208 26 good
3.3 1080 54 bad
5.7 209 50 good