FourStarRate Mode Median Class
92
1 2 4 7 10 11 12 16 18 19 20 21 22 26 27 29 30 31 36 37 38 41 46 47 48 50 51 53 54 55 56 57 59 62 63 64 65 68 69 70 73 77 79 81 82 83 84 85 88 90 91 93 94 95 97 98 99 101 102 103 104 106 107 108 109 110 113 117 118 120 121 124 128 130 131 132 133 134 135 136 137 138 139 141 142 143 145 147 148 149 150 152
0.36 8.00 8.00 good
0.24 6.00 6.00 bad
0.25 6.00 6.00 bad
0.11 6.00 6.00 bad
0.27 8.00 6.00 bad
0.32 6.00 6.00 bad
0.08 6.00 6.00 bad
0.20 6.00 6.00 good
0.14 10.00 6.00 bad
0.22 10.00 6.00 bad
0.20 2.00 4.00 good
0.14 4.00 4.00 bad
0.28 6.00 6.00 bad
0.18 6.00 6.00 bad
0.15 2.00 4.00 good
0.20 10.00 8.00 good
0.14 6.00 6.00 bad
0.19 6.00 6.00 good
0.34 8.00 8.00 bad
0.44 8.00 8.00 bad
0.17 4.00 6.00 bad
0.29 6.00 6.00 good
0.33 8.00 8.00 good
0.22 4.00 4.00 bad
0.33 8.00 6.00 bad
0.14 6.00 6.00 good
0.21 6.00 6.00 bad
0.00 2.00 4.00 bad
0.21 6.00 6.00 good
0.20 6.00 6.00 bad
0.10 6.00 6.00 good
0.29 8.00 6.00 bad
0.21 10.00 6.00 good
0.34 4.00 4.00 bad
0.20 2.00 6.00 good
0.14 2.00 4.00 bad
0.07 6.00 4.00 bad
0.30 8.00 8.00 bad
0.42 8.00 8.00 bad
0.32 2.00 8.00 bad
0.39 8.00 8.00 bad
0.27 10.00 8.00 bad
0.17 2.00 6.00 bad
0.08 6.00 6.00 bad
0.05 4.00 4.00 bad
0.22 6.00 6.00 bad
0.19 6.00 6.00 bad
0.24 2.00 4.00 good
0.23 10.00 8.00 good
0.07 2.00 2.00 bad
0.28 10.00 8.00 good
0.34 8.00 8.00 bad
0.33 8.00 8.00 good
0.00 6.00 6.00 bad
0.40 8.00 8.00 good
0.33 8.00 8.00 good
0.26 6.00 6.00 bad
0.27 10.00 8.00 bad
0.21 2.00 6.00 good
0.26 6.00 6.00 bad
0.04 6.00 4.00 bad
0.24 6.00 6.00 good
0.17 10.00 6.00 bad
0.20 10.00 10.00 good
0.24 6.00 6.00 bad
0.24 6.00 6.00 bad
0.21 6.00 6.00 bad
0.14 6.00 6.00 bad
0.30 6.00 6.00 bad
0.25 8.00 6.00 good
0.08 6.00 4.00 bad
0.20 6.00 6.00 good
0.23 10.00 8.00 good
0.16 6.00 6.00 bad
0.11 4.00 4.00 good
0.35 8.00 6.00 good
0.33 8.00 6.00 bad
0.34 8.00 8.00 good
0.29 8.00 8.00 bad
0.05 6.00 4.00 bad
0.33 10.00 8.00 good
0.19 2.00 6.00 bad
0.36 8.00 8.00 good
0.49 8.00 8.00 bad
0.24 10.00 8.00 good
0.24 8.00 6.00 bad
0.33 6.00 6.00 bad
0.09 2.00 4.00 good
0.06 2.00 2.00 bad
0.26 8.00 6.00 good
0.20 6.00 6.00 bad
0.14 2.00 6.00 good