BookScoreCount AddListCount Kurtosis Class
98
0 1 2 3 5 6 8 9 10 14 15 18 20 21 22 23 24 25 26 27 28 29 33 34 36 39 45 48 49 50 51 52 54 56 57 58 60 61 66 68 69 71 73 74 77 78 79 81 82 83 84 85 87 88 89 90 91 92 95 96 99 101 104 106 107 108 109 110 113 115 117 118 121 122 123 125 126 127 129 131 132 133 134 135 136 137 138 139 140 141 145 146 147 148 149 150 151 153
568 214 200.91 good
967 492 406.22 good
47 12 267.71 bad
129 38 155.27 bad
439 122 93.52 good
187 42 75.15 good
177 53 196.73 bad
51 14 110.48 bad
78 25 143.84 bad
454 136 68.44 good
658 204 188.48 bad
23 7 137.29 bad
112 17 48.29 good
44 12 66.70 bad
159 61 468.11 bad
116 32 78.49 good
70 23 114.10 bad
11 2 28.01 bad
100 32 249.04 bad
150 31 40.03 good
263 73 418.19 bad
290 68 194.89 good
192 49 163.05 good
97 24 192.82 bad
223 63 203.97 bad
20 1 53.89 bad
299 93 135.14 bad
1248 371 362.40 bad
72 13 155.38 bad
29 7 119.73 good
133 42 339.26 bad
1780 446 453.60 bad
43 9 245.77 good
80 13 74.03 good
2109 551 94.54 bad
461 70 256.16 good
108 19 95.85 bad
86 33 1104.85 good
21 2 204.65 bad
153 45 223.96 bad
20 5 758.93 bad
248 119 106.33 bad
19 8 278.58 bad
46 16 393.48 bad
745 183 440.27 bad
217 57 147.32 bad
531 94 65.93 bad
25 4 173.53 bad
31 3 87.78 bad
104 22 188.48 bad
21 3 116.65 bad
356 55 51.21 good
182 65 95.46 bad
1636 321 118.81 good
145 49 208.64 bad
16 4 25.57 bad
654 218 191.97 good
527 141 444.03 good
13 4 128.84 bad
188 100 282.28 good
942 253 243.27 bad
219 65 286.97 bad
25 5 92.39 bad
349 102 114.14 good
1184 188 72.91 bad
5393 1586 1238.93 good
88 34 170.95 bad
112 31 131.59 bad
136 25 164.81 bad
282 76 125.49 bad
34 5 132.92 bad
274 112 387.39 bad
59 14 102.63 bad
385 126 313.76 bad
93 32 502.72 good
768 149 1797.82 good
353 48 76.64 good
387 146 319.05 good
2063 510 209.65 good
31 5 58.14 good
614 131 212.10 good
23 1 194.01 bad
795 168 176.74 good
1310 293 234.30 bad
68 9 63.17 bad
1641 303 478.73 good
328 53 56.35 bad
1100 206 304.97 good
21 7 361.68 bad
83 19 311.51 bad
61 28 909.70 bad
2356 710 402.15 good
208 26 40.59 good
1080 54 9.99 bad
674 178 113.50 good
21 5 158.29 bad
638 125 105.22 bad
209 50 105.28 good