BookWordCount TwoStarRate FiveStarRate Class
102
0 1 2 3 4 7 9 10 13 15 17 18 19 20 21 24 25 29 30 31 32 33 35 37 39 40 43 44 49 50 52 56 57 58 60 63 65 66 67 68 69 70 73 74 76 77 79 80 81 83 85 86 87 88 89 90 91 92 93 94 96 97 98 99 100 101 102 104 105 106 107 108 109 110 111 112 114 115 116 117 118 119 122 125 126 127 129 130 131 135 136 137 140 141 142 144 145 146 148 151 152 153
177.20 0.15 0.15 good
289.90 0.08 0.25 good
48.30 0.10 0.15 bad
52.30 0.12 0.18 bad
139.00 0.09 0.10 bad
38.90 0.15 0.11 bad
21.30 0.18 0.02 bad
82.50 0.26 0.09 bad
27.50 0.24 0.09 bad
257.20 0.13 0.23 bad
33.60 0.22 0.12 bad
24.10 0.17 0.28 bad
122.40 0.18 0.28 bad
82.30 0.20 0.13 good
74.10 0.37 0.04 bad
74.80 0.21 0.11 bad
35.90 0.20 0.20 bad
233.90 0.10 0.36 good
150.70 0.18 0.11 bad
78.00 0.30 0.09 good
51.10 0.09 0.13 bad
178.90 0.20 0.15 good
713.10 0.12 0.21 good
51.30 0.03 0.28 bad
22.80 0.26 0.00 bad
153.10 0.12 0.19 good
74.40 0.13 0.14 good
296.80 0.07 0.23 good
44.50 0.10 0.10 bad
51.90 0.28 0.07 good
76.10 0.04 0.42 bad
40.40 0.20 0.13 good
293.40 0.07 0.18 bad
63.50 0.05 0.37 good
45.10 0.21 0.23 bad
108.60 0.07 0.30 good
72.20 0.28 0.07 bad
34.80 0.14 0.10 bad
16.80 0.06 0.42 good
79.60 0.11 0.22 bad
7.30 0.05 0.21 bad
55.40 0.10 0.20 bad
68.60 0.11 0.17 bad
49.30 0.22 0.04 bad
46.20 0.07 0.24 good
1070.70 0.07 0.37 bad
131.20 0.19 0.10 bad
144.70 0.03 0.58 bad
87.70 0.08 0.13 bad
40.80 0.17 0.22 bad
87.20 0.19 0.10 good
129.90 0.03 0.26 bad
112.10 0.09 0.27 bad
315.30 0.10 0.30 good
153.20 0.17 0.17 bad
50.40 0.13 0.07 bad
126.20 0.08 0.34 good
116.50 0.04 0.42 good
90.50 0.08 0.21 bad
63.70 0.11 0.23 good
34.10 0.11 0.17 good
22.20 0.03 0.13 good
170.60 0.08 0.29 good
181.90 0.12 0.17 bad
59.90 0.02 0.25 bad
219.60 0.10 0.27 bad
78.10 0.14 0.08 good
150.50 0.31 0.09 bad
198.70 0.08 0.31 good
64.40 0.14 0.16 good
310.00 0.12 0.31 bad
446.50 0.02 0.63 good
101.10 0.14 0.10 bad
133.50 0.21 0.10 bad
148.90 0.16 0.12 good
107.80 0.20 0.11 bad
31.70 0.02 0.60 bad
119.20 0.19 0.07 bad
118.30 0.12 0.17 good
59.10 0.11 0.09 bad
92.20 0.11 0.11 bad
427.70 0.06 0.29 good
79.20 0.10 0.25 bad
65.70 0.02 0.67 good
89.70 0.06 0.30 good
34.20 0.06 0.36 good
322.80 0.07 0.37 good
46.30 0.13 0.17 bad
195.70 0.41 0.06 good
335.20 0.09 0.26 bad
72.70 0.24 0.09 bad
448.70 0.05 0.38 good
43.40 0.30 0.05 bad
25.10 0.03 0.15 bad
518.00 0.05 0.46 good
319.70 0.25 0.09 bad
62.30 0.10 0.08 bad
477.20 0.09 0.19 good
209.90 0.03 0.08 bad
93.00 0.07 0.37 bad
163.50 0.19 0.09 good
73.20 0.22 0.12 good