FourStarRate Mode Median Class
98
0 1 2 5 7 9 10 11 13 15 16 17 18 19 21 23 24 25 26 27 31 33 34 37 39 41 42 43 45 47 48 50 51 53 55 56 60 62 63 66 69 70 71 72 73 75 76 77 78 80 83 84 87 88 89 90 91 93 94 96 97 98 101 103 104 105 106 109 110 111 112 113 116 117 118 119 120 121 122 123 125 126 128 134 135 136 137 138 139 140 143 144 146 147 148 149 150 151
0.30 8.00 6.00 good
0.36 8.00 8.00 good
0.24 6.00 6.00 bad
0.21 6.00 6.00 good
0.11 6.00 6.00 bad
0.30 8.00 6.00 bad
0.27 8.00 6.00 bad
0.32 6.00 6.00 bad
0.13 6.00 6.00 bad
0.25 6.00 6.00 bad
0.20 6.00 6.00 good
0.23 8.00 6.00 bad
0.14 10.00 6.00 bad
0.22 10.00 6.00 bad
0.14 4.00 4.00 bad
0.08 4.00 4.00 good
0.13 6.00 6.00 bad
0.00 2.00 4.00 bad
0.18 6.00 6.00 bad
0.15 2.00 4.00 good
0.19 6.00 6.00 good
0.23 6.00 6.00 good
0.13 6.00 6.00 bad
0.44 8.00 8.00 bad
0.05 2.00 2.00 bad
0.29 6.00 6.00 good
0.20 2.00 6.00 bad
0.14 2.00 6.00 good
0.23 6.00 6.00 bad
0.22 4.00 4.00 bad
0.33 8.00 6.00 bad
0.14 6.00 6.00 good
0.21 6.00 6.00 bad
0.00 2.00 4.00 bad
0.20 6.00 6.00 bad
0.10 6.00 6.00 good
0.20 10.00 6.00 bad
0.34 4.00 4.00 bad
0.20 2.00 6.00 good
0.19 6.00 6.00 bad
0.42 8.00 8.00 bad
0.32 2.00 8.00 bad
0.25 8.00 6.00 bad
0.20 10.00 8.00 good
0.39 8.00 8.00 bad
0.30 6.00 6.00 good
0.36 8.00 8.00 good
0.27 10.00 8.00 bad
0.24 6.00 6.00 bad
0.19 10.00 10.00 bad
0.22 6.00 6.00 bad
0.19 6.00 6.00 bad
0.19 10.00 6.00 bad
0.23 10.00 8.00 good
0.28 8.00 6.00 bad
0.07 2.00 2.00 bad
0.28 10.00 8.00 good
0.34 8.00 8.00 bad
0.33 8.00 8.00 good
0.33 8.00 8.00 good
0.40 8.00 8.00 good
0.33 8.00 8.00 good
0.27 10.00 8.00 bad
0.26 6.00 6.00 bad
0.04 6.00 4.00 bad
0.33 8.00 8.00 good
0.24 6.00 6.00 good
0.24 6.00 6.00 bad
0.24 6.00 6.00 bad
0.26 8.00 6.00 good
0.15 6.00 6.00 bad
0.21 6.00 6.00 bad
0.12 6.00 6.00 good
0.14 6.00 6.00 bad
0.30 6.00 6.00 bad
0.33 8.00 8.00 good
0.25 8.00 6.00 good
0.08 6.00 4.00 bad
0.29 8.00 8.00 bad
0.30 6.00 6.00 good
0.20 10.00 10.00 good
0.21 10.00 8.00 good
0.23 10.00 8.00 good
0.34 8.00 8.00 good
0.29 8.00 8.00 bad
0.05 6.00 4.00 bad
0.33 10.00 8.00 good
0.19 2.00 6.00 bad
0.36 8.00 8.00 good
0.54 8.00 8.00 bad
0.24 8.00 6.00 bad
0.18 6.00 6.00 bad
0.37 8.00 8.00 good
0.09 2.00 4.00 good
0.06 2.00 2.00 bad
0.26 8.00 6.00 good
0.20 6.00 6.00 bad
0.19 10.00 8.00 bad