BookWordCount FiveStarRate Mode Class
105
1 2 3 6 7 8 9 10 12 15 19 22 23 24 25 26 27 29 30 33 34 35 37 38 39 40 41 42 43 46 48 49 50 51 52 54 55 57 58 59 60 61 62 63 65 66 69 70 74 75 76 77 79 80 81 82 83 85 86 87 88 91 92 93 94 96 99 100 101 102 103 104 105 106 107 108 109 110 111 112 113 115 117 118 119 120 122 123 124 125 127 128 129 133 134 135 136 138 139 143 146 148 151 152 153
289.90 0.25 8.00 good
48.30 0.15 6.00 bad
52.30 0.18 8.00 bad
59.60 0.23 2.00 good
38.90 0.11 6.00 bad
143.50 0.21 6.00 bad
21.30 0.02 8.00 bad
82.50 0.09 8.00 bad
21.80 0.20 6.00 bad
257.20 0.23 6.00 bad
122.40 0.28 10.00 bad
77.70 0.11 6.00 bad
122.20 0.06 4.00 good
74.80 0.11 6.00 bad
35.90 0.20 2.00 bad
62.70 0.19 6.00 bad
147.20 0.05 2.00 good
233.90 0.36 10.00 good
150.70 0.11 6.00 bad
178.90 0.15 6.00 good
154.60 0.03 6.00 bad
713.10 0.21 2.00 good
51.30 0.28 8.00 bad
80.20 0.13 4.00 bad
22.80 0.00 2.00 bad
153.10 0.19 8.00 good
168.40 0.17 6.00 good
300.10 0.11 2.00 bad
74.40 0.14 2.00 good
123.50 0.27 8.00 good
281.40 0.17 8.00 bad
44.50 0.10 6.00 bad
51.90 0.07 6.00 good
84.60 0.07 6.00 bad
76.10 0.42 10.00 bad
13.00 0.29 6.00 good
106.40 0.06 6.00 bad
293.40 0.18 8.00 bad
63.50 0.37 10.00 good
133.40 0.25 10.00 good
45.10 0.23 10.00 bad
17.00 0.21 8.00 good
49.60 0.00 4.00 bad
108.60 0.30 2.00 good
72.20 0.07 6.00 bad
34.80 0.10 6.00 bad
7.30 0.21 8.00 bad
55.40 0.20 2.00 bad
49.30 0.04 6.00 bad
39.60 0.10 6.00 good
46.20 0.24 8.00 good
1070.70 0.37 10.00 bad
131.20 0.10 2.00 bad
144.70 0.58 10.00 bad
87.70 0.13 6.00 bad
183.00 0.22 4.00 bad
40.80 0.22 6.00 bad
87.20 0.10 2.00 good
129.90 0.26 6.00 bad
112.10 0.27 10.00 bad
315.30 0.30 10.00 good
126.20 0.34 10.00 good
116.50 0.42 10.00 good
90.50 0.21 8.00 bad
63.70 0.23 8.00 good
34.10 0.17 8.00 good
181.90 0.17 6.00 bad
59.90 0.25 6.00 bad
219.60 0.27 10.00 bad
78.10 0.08 2.00 good
21.40 0.11 6.00 bad
150.50 0.09 6.00 bad
198.70 0.31 8.00 good
64.40 0.16 6.00 good
310.00 0.31 10.00 bad
446.50 0.63 10.00 good
101.10 0.10 6.00 bad
133.50 0.10 6.00 bad
148.90 0.12 8.00 good
107.80 0.11 6.00 bad
247.80 0.14 6.00 bad
119.20 0.07 6.00 bad
59.10 0.09 6.00 bad
92.20 0.11 6.00 bad
427.70 0.29 8.00 good
85.80 0.11 8.00 good
79.20 0.25 8.00 bad
153.40 0.20 6.00 good
223.00 0.11 6.00 good
65.70 0.67 10.00 good
34.20 0.36 10.00 good
296.70 0.31 10.00 good
322.80 0.37 10.00 good
145.80 0.04 8.00 bad
179.50 0.18 8.00 good
335.20 0.26 8.00 bad
72.70 0.09 6.00 bad
212.90 0.18 2.00 bad
130.30 0.22 8.00 good
177.70 0.10 8.00 bad
477.20 0.19 8.00 good
209.90 0.08 2.00 bad
93.00 0.37 10.00 bad
163.50 0.09 2.00 good
73.20 0.12 6.00 good