BookWordCount AddListCount TwoStarRate Class
96
0 2 3 7 9 10 13 14 15 16 18 20 22 24 27 29 30 31 32 33 37 38 40 44 48 49 51 52 55 56 58 60 61 62 64 65 68 69 70 71 73 74 75 76 78 80 83 84 85 86 87 88 90 91 92 93 94 95 98 99 100 101 102 103 104 105 106 110 111 114 115 116 118 119 121 122 126 127 128 129 130 132 133 135 136 140 141 142 143 144 146 147 148 149 150 151
177.20 214 0.15 good
48.30 12 0.10 bad
52.30 38 0.12 bad
38.90 8 0.15 bad
21.30 14 0.18 bad
82.50 25 0.26 bad
27.50 9 0.24 bad
123.80 136 0.14 good
257.20 204 0.13 bad
135.80 25 0.22 good
24.10 7 0.17 bad
82.30 17 0.20 good
77.70 61 0.15 bad
74.80 23 0.21 bad
147.20 31 0.17 good
233.90 68 0.10 good
150.70 9 0.18 bad
78.00 6 0.30 good
51.10 111 0.09 bad
178.90 49 0.20 good
51.30 106 0.03 bad
80.20 19 0.35 bad
153.10 172 0.12 good
296.80 242 0.07 good
281.40 371 0.09 bad
44.50 13 0.10 bad
84.60 42 0.30 bad
76.10 446 0.04 bad
106.40 11 0.28 bad
40.40 13 0.20 good
63.50 70 0.05 good
45.10 19 0.21 bad
17.00 33 0.08 good
49.60 3 0.50 bad
54.40 10 0.27 bad
72.20 22 0.28 bad
79.60 45 0.11 bad
7.30 5 0.05 bad
55.40 2 0.10 bad
98.90 119 0.12 bad
68.60 8 0.11 bad
49.30 16 0.22 bad
39.60 8 0.10 good
46.20 110 0.07 good
70.00 57 0.10 bad
144.70 193 0.03 bad
40.80 22 0.17 bad
30.00 3 0.14 bad
87.20 55 0.19 good
129.90 53 0.03 bad
112.10 65 0.09 bad
315.30 321 0.10 good
50.40 4 0.13 bad
126.20 218 0.08 good
116.50 141 0.04 good
90.50 121 0.08 bad
63.70 57 0.11 good
99.00 4 0.23 bad
170.60 558 0.08 good
181.90 253 0.12 bad
59.90 8 0.02 bad
219.60 65 0.10 bad
78.10 39 0.14 good
21.40 6 0.08 bad
150.50 5 0.31 bad
198.70 98 0.08 good
64.40 102 0.14 good
133.50 31 0.21 bad
148.90 53 0.16 good
31.70 218 0.02 bad
119.20 76 0.19 bad
118.30 7 0.12 good
92.20 112 0.11 bad
427.70 274 0.06 good
145.90 14 0.30 bad
79.20 126 0.10 bad
89.70 48 0.06 good
34.20 146 0.06 good
296.70 108 0.08 good
322.80 510 0.07 good
46.30 11 0.13 bad
237.20 131 0.14 good
145.80 1 0.13 bad
335.20 293 0.09 bad
72.70 9 0.24 bad
43.40 7 0.30 bad
25.10 19 0.03 bad
518.00 365 0.05 good
177.70 42 0.21 bad
319.70 103 0.25 bad
477.20 710 0.09 good
154.00 26 0.22 good
209.90 54 0.03 bad
382.10 178 0.18 good
44.60 5 0.15 bad
93.00 125 0.07 bad