BookScore AddListCount Median Class
94
1 2 4 5 6 8 10 13 14 16 17 22 23 24 26 27 30 32 33 35 36 41 44 47 49 50 51 53 54 56 57 58 60 61 63 64 65 67 68 71 72 74 78 80 82 83 87 88 90 91 92 93 94 96 97 99 100 101 102 103 104 105 107 108 109 111 113 114 115 118 119 120 122 123 124 126 127 128 129 130 131 132 133 136 137 139 141 144 146 147 149 150 151 152
7.2 492 8.00 good
6.4 12 6.00 bad
5.8 22 6.00 bad
5.6 122 6.00 good
6.0 42 6.00 good
6.5 53 6.00 bad
5.8 25 6.00 bad
5.5 9 6.00 bad
5.9 136 6.00 good
5.7 25 6.00 good
5.6 10 6.00 bad
6.5 61 6.00 bad
4.7 32 4.00 good
5.5 23 6.00 bad
6.5 32 6.00 bad
4.5 31 4.00 good
5.4 9 6.00 bad
6.8 111 8.00 bad
6.1 49 6.00 good
5.5 254 6.00 good
6.7 63 8.00 bad
6.7 289 6.00 good
5.4 242 4.00 good
5.3 20 4.00 bad
5.9 13 6.00 bad
5.3 7 6.00 good
5.9 42 6.00 bad
4.0 1 4.00 bad
7.0 9 6.00 good
5.3 13 6.00 good
6.2 551 6.00 bad
7.5 70 8.00 good
6.2 19 6.00 bad
7.5 33 8.00 good
6.2 21 6.00 good
4.4 10 4.00 bad
4.8 22 4.00 bad
7.6 17 8.00 good
6.8 45 8.00 bad
6.1 119 6.00 bad
7.3 180 8.00 good
6.1 16 6.00 bad
6.2 57 6.00 bad
8.3 193 10.00 bad
5.6 3 4.00 bad
6.6 22 6.00 bad
6.4 65 6.00 bad
6.7 321 8.00 good
4.0 4 2.00 bad
7.2 218 8.00 good
7.8 141 8.00 good
6.9 121 8.00 bad
7.0 57 8.00 good
6.7 100 8.00 good
6.5 7 8.00 good
6.5 253 6.00 bad
7.0 8 8.00 bad
7.1 65 8.00 bad
5.3 39 6.00 good
6.6 6 6.00 bad
4.9 5 4.00 bad
7.4 98 8.00 good
6.4 188 6.00 bad
8.7 1586 10.00 good
6.0 34 6.00 bad
5.8 53 6.00 good
6.1 25 6.00 bad
8.5 218 10.00 bad
5.5 76 6.00 bad
6.5 112 6.00 bad
7.3 274 8.00 good
5.6 15 6.00 good
7.0 126 8.00 bad
7.0 32 6.00 good
5.6 57 6.00 good
6.4 48 8.00 good
7.4 146 8.00 good
6.5 108 8.00 good
7.3 510 8.00 good
5.7 11 6.00 bad
4.4 5 4.00 good
6.4 131 6.00 good
5.9 1 6.00 bad
4.8 9 4.00 bad
7.8 303 8.00 good
7.0 206 8.00 good
6.9 19 8.00 bad
5.4 103 6.00 bad
7.0 710 8.00 good
3.9 26 4.00 good
6.0 178 6.00 good
6.1 5 6.00 bad
6.8 125 8.00 bad
5.1 12 6.00 good