BookWordCount BookScoreCount TwoStarRate Class
99
0 1 3 7 8 10 11 12 13 14 16 18 21 22 24 25 27 29 30 31 33 34 35 37 38 39 41 42 44 45 46 47 48 49 50 51 52 53 54 57 59 61 62 63 65 66 67 70 71 72 78 80 81 82 83 85 86 87 88 89 91 93 97 98 99 100 101 102 103 104 105 106 107 108 109 111 113 115 116 118 120 122 123 126 127 128 133 135 136 140 141 142 143 146 147 148 149 150 153
177.20 568 0.15 good
289.90 967 0.08 good
52.30 129 0.12 bad
38.90 27 0.15 bad
143.50 177 0.16 bad
82.50 78 0.26 bad
13.40 51 0.04 bad
21.80 25 0.08 bad
27.50 48 0.24 bad
123.80 454 0.14 good
135.80 119 0.22 good
24.10 23 0.17 bad
74.10 44 0.37 bad
77.70 159 0.15 bad
74.80 70 0.21 bad
35.90 11 0.20 bad
147.20 150 0.17 good
233.90 290 0.10 good
150.70 29 0.18 bad
78.00 44 0.30 good
178.90 192 0.20 good
154.60 97 0.30 bad
713.10 1909 0.12 good
51.30 216 0.03 bad
80.20 63 0.35 bad
22.80 20 0.26 bad
168.40 670 0.14 good
300.10 686 0.17 bad
296.80 1885 0.07 good
380.50 299 0.20 bad
123.50 108 0.07 good
49.70 79 0.28 bad
281.40 1248 0.09 bad
44.50 72 0.10 bad
51.90 29 0.28 good
84.60 133 0.30 bad
76.10 1780 0.04 bad
53.70 22 0.33 bad
13.00 43 0.05 good
293.40 2109 0.07 bad
133.40 484 0.21 good
17.00 86 0.08 good
49.60 13 0.50 bad
108.60 91 0.07 good
72.20 82 0.28 bad
34.80 21 0.14 bad
16.80 90 0.06 good
55.40 51 0.10 bad
98.90 248 0.12 bad
390.00 956 0.08 good
70.00 217 0.10 bad
144.70 714 0.03 bad
87.70 25 0.08 bad
183.00 31 0.41 bad
40.80 104 0.17 bad
87.20 356 0.19 good
129.90 222 0.03 bad
112.10 182 0.09 bad
315.30 1636 0.10 good
153.20 145 0.17 bad
126.20 654 0.08 good
90.50 396 0.08 bad
22.20 39 0.03 good
170.60 2113 0.08 good
181.90 942 0.12 bad
59.90 42 0.02 bad
219.60 219 0.10 bad
78.10 225 0.14 good
21.40 29 0.08 bad
150.50 25 0.31 bad
198.70 339 0.08 good
64.40 349 0.14 good
310.00 1184 0.12 bad
446.50 5393 0.02 good
101.10 88 0.14 bad
148.90 182 0.16 good
247.80 136 0.13 bad
119.20 282 0.19 bad
118.30 19 0.12 good
92.20 274 0.11 bad
85.80 45 0.18 good
79.20 385 0.10 bad
153.40 93 0.08 good
89.70 353 0.06 good
34.20 387 0.06 good
296.70 607 0.08 good
145.80 23 0.13 bad
335.20 1310 0.09 bad
72.70 68 0.24 bad
43.40 21 0.30 bad
25.10 83 0.03 bad
518.00 2366 0.05 good
177.70 153 0.21 bad
477.20 2356 0.09 good
154.00 208 0.22 good
209.90 1080 0.03 bad
382.10 674 0.18 good
44.60 21 0.15 bad
73.20 209 0.22 good