AddListCount ThreeStarRate FiveStarRate Class
96
3 4 5 6 8 9 10 12 13 14 15 16 18 19 21 22 25 26 27 30 31 32 33 38 39 42 44 45 47 48 49 50 51 52 53 55 58 60 61 62 63 66 67 68 69 70 71 73 74 75 77 79 80 82 83 84 86 87 88 89 93 94 97 99 100 101 103 104 105 106 107 109 112 117 118 120 121 122 124 125 127 130 132 135 136 138 139 140 141 142 143 145 148 150 151 153
38 0.27 0.18 bad
22 0.33 0.10 bad
122 0.26 0.12 good
42 0.21 0.23 good
53 0.30 0.21 bad
14 0.26 0.02 bad
25 0.23 0.09 bad
12 0.44 0.20 bad
9 0.39 0.09 bad
136 0.21 0.20 good
204 0.27 0.23 bad
25 0.23 0.14 good
7 0.28 0.28 bad
70 0.22 0.28 bad
12 0.16 0.04 bad
61 0.40 0.11 bad
2 0.20 0.20 bad
32 0.43 0.19 bad
31 0.21 0.05 good
9 0.32 0.11 bad
6 0.33 0.09 good
111 0.31 0.13 bad
49 0.29 0.15 good
19 0.27 0.13 bad
1 0.16 0.00 bad
215 0.26 0.11 bad
242 0.11 0.23 good
93 0.30 0.10 bad
20 0.20 0.08 bad
371 0.33 0.17 bad
13 0.39 0.10 bad
7 0.32 0.07 good
42 0.37 0.07 bad
446 0.15 0.42 bad
1 0.14 0.10 bad
11 0.33 0.06 bad
70 0.14 0.37 good
19 0.18 0.23 bad
33 0.25 0.21 good
3 0.08 0.00 bad
21 0.12 0.30 good
2 0.43 0.10 bad
17 0.16 0.42 good
45 0.25 0.22 bad
5 0.26 0.21 bad
2 0.04 0.20 bad
119 0.25 0.17 bad
8 0.22 0.17 bad
16 0.36 0.04 bad
8 0.40 0.10 good
183 0.22 0.37 bad
94 0.26 0.10 bad
193 0.13 0.58 bad
3 0.20 0.22 bad
22 0.28 0.22 bad
3 0.33 0.14 bad
53 0.30 0.26 bad
65 0.23 0.27 bad
321 0.18 0.30 good
49 0.27 0.17 bad
121 0.26 0.21 bad
57 0.23 0.23 good
7 0.26 0.13 good
253 0.34 0.17 bad
8 0.34 0.25 bad
65 0.26 0.27 bad
6 0.50 0.11 bad
5 0.34 0.09 bad
98 0.19 0.31 good
102 0.27 0.16 good
188 0.15 0.31 bad
34 0.36 0.10 bad
63 0.30 0.11 bad
5 0.45 0.09 bad
112 0.39 0.11 bad
15 0.20 0.11 good
14 0.32 0.02 bad
126 0.28 0.25 bad
57 0.29 0.11 good
149 0.08 0.67 good
146 0.22 0.36 good
11 0.28 0.17 bad
131 0.25 0.13 good
293 0.24 0.26 bad
9 0.32 0.09 bad
53 0.22 0.18 bad
206 0.24 0.22 good
7 0.07 0.05 bad
19 0.19 0.15 bad
365 0.15 0.46 good
42 0.22 0.10 bad
28 0.45 0.08 bad
54 0.04 0.08 bad
5 0.35 0.15 bad
125 0.16 0.37 bad
50 0.25 0.12 good