BookWordCount BookScoreCount AddListCount Class
110
0 1 4 5 6 8 9 10 12 13 14 15 16 17 19 20 21 23 24 25 26 29 31 34 35 37 38 39 41 42 43 44 45 46 47 48 49 50 54 56 57 58 59 60 61 64 65 67 68 69 70 72 73 74 75 76 78 79 80 81 84 85 88 93 94 95 96 97 99 100 101 104 106 107 109 110 111 112 113 115 117 120 122 123 124 125 126 127 128 129 130 132 134 135 136 137 138 139 142 143 144 145 146 147 148 149 150 151 152 153
177.20 568 214 good
289.90 967 492 good
139.00 78 22 bad
158.50 439 122 good
59.60 187 42 good
143.50 177 53 bad
21.30 51 14 bad
82.50 78 25 bad
21.80 25 12 bad
27.50 48 9 bad
123.80 454 136 good
257.20 658 204 bad
135.80 119 25 good
33.60 36 10 bad
122.40 250 70 bad
82.30 112 17 good
74.10 44 12 bad
122.20 116 32 good
74.80 70 23 bad
35.90 11 2 bad
62.70 100 32 bad
233.90 290 68 good
78.00 44 6 good
154.60 97 24 bad
713.10 1909 254 good
51.30 216 106 bad
80.20 63 19 bad
22.80 20 1 bad
168.40 670 289 good
300.10 686 215 bad
74.40 81 18 good
296.80 1885 242 good
380.50 299 93 bad
123.50 108 28 good
49.70 79 20 bad
281.40 1248 371 bad
44.50 72 13 bad
51.90 29 7 good
13.00 43 9 good
40.40 80 13 good
293.40 2109 551 bad
63.50 461 70 good
133.40 484 138 good
45.10 108 19 bad
17.00 86 33 good
54.40 45 10 bad
72.20 82 22 bad
16.80 90 17 good
79.60 153 45 bad
7.30 20 5 bad
55.40 51 2 bad
390.00 956 180 good
68.60 19 8 bad
49.30 46 16 bad
39.60 21 8 good
46.20 429 110 good
70.00 217 57 bad
131.20 531 94 bad
144.70 714 193 bad
87.70 25 4 bad
30.00 21 3 bad
87.20 356 55 good
315.30 1636 321 good
90.50 396 121 bad
63.70 218 57 good
99.00 13 4 bad
34.10 188 100 good
22.20 39 7 good
181.90 942 253 bad
59.90 42 8 bad
219.60 219 65 bad
150.50 25 5 bad
64.40 349 102 good
310.00 1184 188 bad
101.10 88 34 bad
133.50 112 31 bad
148.90 182 53 good
107.80 201 63 bad
247.80 136 25 bad
119.20 282 76 bad
59.10 34 5 bad
85.80 45 15 good
79.20 385 126 bad
153.40 93 32 good
223.00 320 57 good
65.70 768 149 good
89.70 353 48 good
34.20 387 146 good
296.70 607 108 good
322.80 2063 510 good
46.30 82 11 bad
237.20 614 131 good
179.50 795 168 good
335.20 1310 293 bad
72.70 68 9 bad
448.70 1641 303 good
212.90 328 53 bad
130.30 1100 206 good
518.00 2366 365 good
177.70 153 42 bad
319.70 364 103 bad
62.30 61 28 bad
477.20 2356 710 good
154.00 208 26 good
209.90 1080 54 bad
382.10 674 178 good
44.60 21 5 bad
93.00 638 125 bad
163.50 45 12 good
73.20 209 50 good