ThreeStarRate FourStarRate Mode Class
102
0 1 3 4 5 6 10 11 13 14 15 16 17 18 23 24 25 27 29 30 31 32 33 34 35 38 39 41 43 45 48 49 50 51 52 53 54 56 57 60 61 62 63 66 67 68 69 70 71 74 75 77 78 80 82 83 84 85 88 89 91 93 94 95 96 97 99 100 101 103 104 106 107 108 110 111 112 113 114 115 118 122 123 125 126 127 128 130 132 133 137 138 142 143 144 146 147 148 149 151 152 153
0.28 0.30 8.00 good
0.23 0.36 8.00 good
0.27 0.27 8.00 bad
0.33 0.25 6.00 bad
0.26 0.21 6.00 good
0.21 0.18 2.00 good
0.23 0.27 8.00 bad
0.40 0.32 6.00 bad
0.39 0.13 6.00 bad
0.21 0.19 2.00 good
0.27 0.25 6.00 bad
0.23 0.20 6.00 good
0.20 0.23 8.00 bad
0.28 0.14 10.00 bad
0.28 0.08 4.00 good
0.36 0.13 6.00 bad
0.20 0.00 2.00 bad
0.21 0.15 2.00 good
0.22 0.20 10.00 good
0.32 0.14 6.00 bad
0.33 0.19 6.00 good
0.31 0.39 8.00 bad
0.29 0.23 6.00 good
0.39 0.13 6.00 bad
0.18 0.14 2.00 good
0.27 0.17 4.00 bad
0.16 0.05 2.00 bad
0.34 0.29 6.00 good
0.24 0.14 2.00 good
0.30 0.23 6.00 bad
0.33 0.33 8.00 bad
0.39 0.23 6.00 bad
0.32 0.14 6.00 good
0.37 0.21 6.00 bad
0.15 0.30 10.00 bad
0.14 0.00 2.00 bad
0.33 0.21 6.00 good
0.32 0.10 6.00 good
0.21 0.29 8.00 bad
0.18 0.20 10.00 bad
0.25 0.44 8.00 good
0.08 0.34 4.00 bad
0.12 0.20 2.00 good
0.43 0.19 6.00 bad
0.16 0.25 10.00 good
0.25 0.30 8.00 bad
0.26 0.42 8.00 bad
0.04 0.32 2.00 bad
0.25 0.25 8.00 bad
0.36 0.31 6.00 bad
0.40 0.30 6.00 good
0.22 0.27 10.00 bad
0.33 0.24 6.00 bad
0.13 0.19 10.00 bad
0.20 0.05 4.00 bad
0.28 0.22 6.00 bad
0.33 0.19 6.00 bad
0.15 0.24 2.00 good
0.18 0.23 10.00 good
0.27 0.28 8.00 bad
0.16 0.28 10.00 good
0.26 0.34 8.00 bad
0.23 0.33 8.00 good
0.46 0.00 6.00 bad
0.28 0.33 8.00 good
0.26 0.40 8.00 good
0.34 0.26 6.00 bad
0.34 0.27 6.00 bad
0.26 0.27 10.00 bad
0.50 0.26 6.00 bad
0.34 0.04 6.00 bad
0.27 0.24 6.00 good
0.15 0.17 10.00 bad
0.10 0.20 10.00 good
0.28 0.24 6.00 bad
0.26 0.26 8.00 good
0.30 0.15 6.00 bad
0.36 0.21 6.00 bad
0.09 0.23 10.00 bad
0.35 0.19 6.00 bad
0.39 0.30 6.00 bad
0.28 0.29 8.00 bad
0.37 0.30 6.00 good
0.08 0.20 10.00 good
0.16 0.21 10.00 good
0.22 0.26 10.00 good
0.13 0.23 10.00 good
0.28 0.16 6.00 bad
0.25 0.35 8.00 good
0.33 0.33 8.00 bad
0.15 0.33 10.00 good
0.22 0.19 2.00 bad
0.15 0.24 10.00 good
0.22 0.24 8.00 bad
0.27 0.18 6.00 bad
0.27 0.37 8.00 good
0.19 0.09 2.00 good
0.04 0.06 2.00 bad
0.23 0.26 8.00 good
0.16 0.19 10.00 bad
0.28 0.14 2.00 good
0.25 0.22 6.00 good