BookScore ThreeStarRate Median Class
91
1 4 5 6 7 8 10 11 13 15 17 18 19 20 23 24 28 29 31 35 37 38 39 40 46 47 49 52 55 59 60 61 62 64 65 67 68 70 75 76 77 79 80 81 82 84 85 86 87 91 92 93 94 95 97 98 99 102 103 104 105 106 107 109 110 111 112 114 116 119 122 124 125 128 129 131 134 135 136 137 139 140 142 143 144 145 147 149 150 152 153
7.2 0.23 8.00 good
5.8 0.33 6.00 bad
5.6 0.26 6.00 good
6.0 0.21 6.00 good
5.8 0.48 6.00 bad
6.5 0.30 6.00 bad
5.8 0.23 6.00 bad
6.9 0.40 6.00 bad
5.5 0.39 6.00 bad
6.6 0.27 6.00 bad
5.6 0.20 6.00 bad
6.5 0.28 6.00 bad
6.7 0.22 6.00 bad
5.3 0.15 4.00 good
4.7 0.28 4.00 good
5.5 0.36 6.00 bad
7.2 0.25 8.00 bad
7.1 0.22 8.00 good
5.8 0.33 6.00 good
5.5 0.18 6.00 good
7.8 0.20 8.00 bad
5.9 0.27 6.00 bad
3.5 0.16 2.00 bad
6.7 0.24 8.00 good
7.1 0.19 8.00 good
5.3 0.20 4.00 bad
5.9 0.39 6.00 bad
7.9 0.15 8.00 bad
5.6 0.33 6.00 bad
6.5 0.21 6.00 good
6.2 0.18 6.00 bad
7.5 0.25 8.00 good
5.3 0.08 4.00 bad
4.4 0.21 4.00 bad
4.8 0.31 4.00 bad
7.6 0.16 8.00 good
6.8 0.25 8.00 bad
5.9 0.04 8.00 bad
6.4 0.40 6.00 good
6.8 0.15 8.00 good
7.6 0.22 8.00 bad
5.2 0.26 6.00 bad
8.3 0.13 10.00 bad
5.8 0.54 6.00 bad
5.6 0.20 4.00 bad
5.9 0.33 6.00 bad
5.2 0.15 4.00 good
7.0 0.30 8.00 bad
6.4 0.23 6.00 bad
7.2 0.16 8.00 good
7.8 0.16 8.00 good
6.9 0.26 8.00 bad
7.0 0.23 8.00 good
5.5 0.46 6.00 bad
6.5 0.26 8.00 good
7.3 0.22 8.00 good
6.5 0.34 6.00 bad
5.3 0.26 6.00 good
6.6 0.50 6.00 bad
4.9 0.34 4.00 bad
7.4 0.19 8.00 good
6.0 0.27 6.00 good
6.4 0.15 6.00 bad
6.0 0.36 6.00 bad
5.8 0.28 6.00 bad
5.8 0.26 6.00 good
5.4 0.30 6.00 bad
8.5 0.09 10.00 bad
6.0 0.42 6.00 good
7.3 0.20 8.00 good
7.0 0.28 8.00 bad
5.6 0.29 6.00 good
8.9 0.08 10.00 good
6.5 0.13 8.00 good
7.3 0.16 8.00 good
4.4 0.13 4.00 good
6.5 0.21 8.00 good
7.0 0.24 8.00 bad
4.8 0.32 4.00 bad
7.8 0.15 8.00 good
7.0 0.24 8.00 good
6.4 0.07 8.00 bad
7.8 0.15 8.00 good
5.5 0.22 6.00 bad
5.4 0.27 6.00 bad
6.7 0.45 6.00 bad
3.9 0.19 4.00 good
6.0 0.23 6.00 good
6.1 0.35 6.00 bad
5.1 0.28 6.00 good
5.7 0.25 6.00 good