BookWordCount TwoStarRate Mode Class
93
0 1 2 4 5 6 7 9 10 11 12 13 15 16 18 19 21 23 25 26 28 30 31 32 33 34 37 38 39 40 42 48 50 51 52 53 54 55 56 57 58 59 60 63 64 65 67 68 69 71 72 73 74 76 78 80 81 84 85 89 90 91 96 97 100 101 105 106 108 109 110 113 114 118 120 122 123 129 130 131 132 134 135 137 138 139 142 143 145 146 147 149 152
177.20 0.15 8.00 good
289.90 0.08 8.00 good
48.30 0.10 6.00 bad
139.00 0.09 6.00 bad
158.50 0.20 6.00 good
59.60 0.14 2.00 good
38.90 0.15 6.00 bad
21.30 0.18 8.00 bad
82.50 0.26 8.00 bad
13.40 0.04 6.00 bad
21.80 0.08 6.00 bad
27.50 0.24 6.00 bad
257.20 0.13 6.00 bad
135.80 0.22 6.00 good
24.10 0.17 10.00 bad
122.40 0.18 10.00 bad
74.10 0.37 4.00 bad
122.20 0.31 4.00 good
35.90 0.20 2.00 bad
62.70 0.09 6.00 bad
53.00 0.11 8.00 bad
150.70 0.18 6.00 bad
78.00 0.30 6.00 good
51.10 0.09 8.00 bad
178.90 0.20 6.00 good
154.60 0.30 6.00 bad
51.30 0.03 8.00 bad
80.20 0.35 4.00 bad
22.80 0.26 2.00 bad
153.10 0.12 8.00 good
300.10 0.17 2.00 bad
281.40 0.09 8.00 bad
51.90 0.28 6.00 good
84.60 0.30 6.00 bad
76.10 0.04 10.00 bad
53.70 0.33 2.00 bad
13.00 0.05 6.00 good
106.40 0.28 6.00 bad
40.40 0.20 6.00 good
293.40 0.07 8.00 bad
63.50 0.05 10.00 good
133.40 0.21 10.00 good
45.10 0.21 10.00 bad
108.60 0.07 2.00 good
54.40 0.27 2.00 bad
72.20 0.28 6.00 bad
16.80 0.06 10.00 good
79.60 0.11 8.00 bad
7.30 0.05 8.00 bad
98.90 0.12 8.00 bad
390.00 0.08 10.00 good
68.60 0.11 8.00 bad
49.30 0.22 6.00 bad
46.20 0.07 8.00 good
70.00 0.10 6.00 bad
144.70 0.03 10.00 bad
87.70 0.08 6.00 bad
30.00 0.14 6.00 bad
87.20 0.19 2.00 good
153.20 0.17 8.00 bad
50.40 0.13 2.00 bad
126.20 0.08 10.00 good
34.10 0.11 8.00 good
22.20 0.03 8.00 good
59.90 0.02 6.00 bad
219.60 0.10 10.00 bad
198.70 0.08 8.00 good
64.40 0.14 6.00 good
446.50 0.02 10.00 good
101.10 0.14 6.00 bad
133.50 0.21 6.00 bad
247.80 0.13 6.00 bad
31.70 0.02 10.00 bad
92.20 0.11 6.00 bad
85.80 0.18 8.00 good
79.20 0.10 8.00 bad
153.40 0.08 6.00 good
322.80 0.07 10.00 good
46.30 0.13 6.00 bad
195.70 0.41 4.00 good
237.20 0.14 8.00 good
179.50 0.12 8.00 good
335.20 0.09 8.00 bad
448.70 0.05 10.00 good
212.90 0.10 2.00 bad
130.30 0.07 8.00 good
518.00 0.05 10.00 good
177.70 0.21 8.00 bad
62.30 0.10 6.00 bad
477.20 0.09 8.00 good
154.00 0.22 2.00 good
382.10 0.18 8.00 good
163.50 0.19 2.00 good