BookWordCount BookScoreCount AddListCount Class
95
0 1 2 5 6 9 10 11 14 16 17 18 19 20 25 27 28 29 30 31 32 33 34 35 37 38 39 41 43 47 48 49 50 52 53 54 55 56 57 58 59 60 61 62 63 64 69 70 72 77 80 81 83 85 88 89 91 93 94 95 96 98 100 101 103 104 108 109 110 111 112 113 115 116 119 120 121 123 125 127 129 130 131 133 134 137 141 142 144 145 147 148 150 151 153
177.20 568 214 good
289.90 967 492 good
48.30 47 12 bad
158.50 439 122 good
59.60 187 42 good
21.30 51 14 bad
82.50 78 25 bad
13.40 51 15 bad
123.80 454 136 good
135.80 119 25 good
33.60 36 10 bad
24.10 23 7 bad
122.40 250 70 bad
82.30 112 17 good
35.90 11 2 bad
147.20 150 31 good
53.00 263 73 bad
233.90 290 68 good
150.70 29 9 bad
78.00 44 6 good
51.10 292 111 bad
178.90 192 49 good
154.60 97 24 bad
713.10 1909 254 good
51.30 216 106 bad
80.20 63 19 bad
22.80 20 1 bad
168.40 670 289 good
74.40 81 18 good
49.70 79 20 bad
281.40 1248 371 bad
44.50 72 13 bad
51.90 29 7 good
76.10 1780 446 bad
53.70 22 1 bad
13.00 43 9 good
106.40 55 11 bad
40.40 80 13 good
293.40 2109 551 bad
63.50 461 70 good
133.40 484 138 good
45.10 108 19 bad
17.00 86 33 good
49.60 13 3 bad
108.60 91 21 good
54.40 45 10 bad
7.30 20 5 bad
55.40 51 2 bad
390.00 956 180 good
1070.70 745 183 bad
144.70 714 193 bad
87.70 25 4 bad
40.80 104 22 bad
87.20 356 55 good
315.30 1636 321 good
153.20 145 49 bad
126.20 654 218 good
90.50 396 121 bad
63.70 218 57 good
99.00 13 4 bad
34.10 188 100 good
170.60 2113 558 good
59.90 42 8 bad
219.60 219 65 bad
21.40 29 6 bad
150.50 25 5 bad
446.50 5393 1586 good
101.10 88 34 bad
133.50 112 31 bad
148.90 182 53 good
107.80 201 63 bad
247.80 136 25 bad
119.20 282 76 bad
118.30 19 7 good
427.70 1575 274 good
85.80 45 15 good
145.90 59 14 bad
153.40 93 32 good
65.70 768 149 good
34.20 387 146 good
322.80 2063 510 good
46.30 82 11 bad
195.70 31 5 good
145.80 23 1 bad
179.50 795 168 good
448.70 1641 303 good
25.10 83 19 bad
518.00 2366 365 good
319.70 364 103 bad
62.30 61 28 bad
154.00 208 26 good
209.90 1080 54 bad
44.60 21 5 bad
93.00 638 125 bad
73.20 209 50 good