BookWordCount BookScoreCount Kurtosis Class
103
0 1 2 3 4 5 6 9 10 11 12 13 17 18 19 20 21 24 25 26 32 33 35 36 37 38 39 43 44 47 48 49 50 51 53 55 56 58 60 63 65 67 68 69 70 71 72 73 74 75 76 77 78 79 80 81 82 84 85 86 87 89 91 92 93 94 99 100 101 104 106 108 109 110 111 112 116 117 118 119 121 122 123 125 126 127 128 129 130 131 132 133 136 137 138 140 143 144 146 148 149 150 152
177.20 568 200.91 good
289.90 967 406.22 good
48.30 47 267.71 bad
52.30 129 155.27 bad
139.00 78 113.07 bad
158.50 439 93.52 good
59.60 187 75.15 good
21.30 51 110.48 bad
82.50 78 143.84 bad
13.40 51 491.68 bad
21.80 25 114.51 bad
27.50 48 156.17 bad
33.60 36 80.31 bad
24.10 23 137.29 bad
122.40 250 181.41 bad
82.30 112 48.29 good
74.10 44 66.70 bad
74.80 70 114.10 bad
35.90 11 28.01 bad
62.70 100 249.04 bad
51.10 292 404.81 bad
178.90 192 163.05 good
713.10 1909 41.11 good
87.00 223 203.97 bad
51.30 216 948.64 bad
80.20 63 172.89 bad
22.80 20 53.89 bad
74.40 81 44.83 good
296.80 1885 29.34 good
49.70 79 85.63 bad
281.40 1248 362.40 bad
44.50 72 155.38 bad
51.90 29 119.73 good
84.60 133 339.26 bad
53.70 22 31.11 bad
106.40 55 182.02 bad
40.40 80 74.03 good
63.50 461 256.16 good
45.10 108 95.85 bad
108.60 91 55.29 good
72.20 82 77.07 bad
16.80 90 278.88 good
79.60 153 223.96 bad
7.30 20 758.93 bad
55.40 51 49.13 bad
98.90 248 106.33 bad
390.00 956 259.41 good
68.60 19 278.58 bad
49.30 46 393.48 bad
39.60 21 344.01 good
46.20 429 159.36 good
1070.70 745 440.27 bad
70.00 217 147.32 bad
131.20 531 65.93 bad
144.70 714 599.56 bad
87.70 25 173.53 bad
183.00 31 87.78 bad
30.00 21 116.65 bad
87.20 356 51.21 good
129.90 222 249.84 bad
112.10 182 95.46 bad
153.20 145 208.64 bad
126.20 654 191.97 good
116.50 527 444.03 good
90.50 396 288.02 bad
63.70 218 299.63 good
181.90 942 243.27 bad
59.90 42 297.05 bad
219.60 219 286.97 bad
150.50 25 92.39 bad
64.40 349 114.14 good
446.50 5393 1238.93 good
101.10 88 170.95 bad
133.50 112 131.59 bad
148.90 182 113.09 good
107.80 201 84.03 bad
118.30 19 138.45 good
59.10 34 132.92 bad
92.20 274 387.39 bad
427.70 1575 297.36 good
145.90 59 102.63 bad
79.20 385 313.76 bad
153.40 93 502.72 good
65.70 768 1797.82 good
89.70 353 76.64 good
34.20 387 319.05 good
296.70 607 82.37 good
322.80 2063 209.65 good
46.30 82 73.99 bad
195.70 31 58.14 good
237.20 614 212.10 good
145.80 23 194.01 bad
72.70 68 63.17 bad
448.70 1641 478.73 good
212.90 328 56.35 bad
43.40 21 361.68 bad
177.70 153 86.23 bad
319.70 364 97.95 bad
477.20 2356 402.15 good
209.90 1080 9.99 bad
382.10 674 113.50 good
44.60 21 158.29 bad
163.50 45 62.68 good