BookWordCount ThreeStarRate Median Class
100
1 2 3 7 8 9 11 12 15 18 20 21 23 24 26 27 28 29 30 31 33 36 39 40 41 42 43 44 45 50 54 55 57 58 61 62 64 66 67 68 69 70 71 72 73 74 76 77 78 81 82 83 84 85 86 88 90 91 92 94 96 97 99 103 105 106 107 108 109 110 112 113 116 118 119 120 121 122 124 125 127 128 129 131 132 134 136 137 139 140 141 142 143 146 147 148 149 150 151 153
289.90 0.23 8.00 good
48.30 0.40 6.00 bad
52.30 0.27 6.00 bad
38.90 0.48 6.00 bad
143.50 0.30 6.00 bad
21.30 0.26 6.00 bad
13.40 0.40 6.00 bad
21.80 0.44 6.00 bad
257.20 0.27 6.00 bad
24.10 0.28 6.00 bad
82.30 0.15 4.00 good
74.10 0.16 4.00 bad
122.20 0.28 4.00 good
74.80 0.36 6.00 bad
62.70 0.43 6.00 bad
147.20 0.21 4.00 good
53.00 0.25 8.00 bad
233.90 0.22 8.00 good
150.70 0.32 6.00 bad
78.00 0.33 6.00 good
178.90 0.29 6.00 good
87.00 0.23 8.00 bad
22.80 0.16 2.00 bad
153.10 0.24 8.00 good
168.40 0.34 6.00 good
300.10 0.26 6.00 bad
74.40 0.24 6.00 good
296.80 0.11 4.00 good
380.50 0.30 6.00 bad
51.90 0.32 6.00 good
13.00 0.33 6.00 good
106.40 0.33 6.00 bad
293.40 0.21 6.00 bad
63.50 0.14 8.00 good
17.00 0.25 8.00 good
49.60 0.08 4.00 bad
54.40 0.21 4.00 bad
34.80 0.43 6.00 bad
16.80 0.16 8.00 good
79.60 0.25 8.00 bad
7.30 0.26 8.00 bad
55.40 0.04 8.00 bad
98.90 0.25 6.00 bad
390.00 0.26 8.00 good
68.60 0.22 8.00 bad
49.30 0.36 6.00 bad
46.20 0.15 8.00 good
1070.70 0.22 8.00 bad
70.00 0.33 6.00 bad
87.70 0.54 6.00 bad
183.00 0.20 4.00 bad
40.80 0.28 6.00 bad
30.00 0.33 6.00 bad
87.20 0.15 4.00 good
129.90 0.30 8.00 bad
315.30 0.18 8.00 good
50.40 0.20 2.00 bad
126.20 0.16 8.00 good
116.50 0.16 8.00 good
63.70 0.23 8.00 good
34.10 0.28 8.00 good
22.20 0.26 8.00 good
181.90 0.34 6.00 bad
21.40 0.50 6.00 bad
198.70 0.19 8.00 good
64.40 0.27 6.00 good
310.00 0.15 6.00 bad
446.50 0.10 10.00 good
101.10 0.36 6.00 bad
133.50 0.28 6.00 bad
107.80 0.30 6.00 bad
247.80 0.36 6.00 bad
118.30 0.42 6.00 good
92.20 0.39 6.00 bad
427.70 0.20 8.00 good
85.80 0.20 6.00 good
145.90 0.32 4.00 bad
79.20 0.28 8.00 bad
223.00 0.29 6.00 good
65.70 0.08 10.00 good
34.20 0.22 8.00 good
296.70 0.13 8.00 good
322.80 0.16 8.00 good
195.70 0.13 4.00 good
237.20 0.25 6.00 good
179.50 0.21 8.00 good
72.70 0.32 4.00 bad
448.70 0.15 8.00 good
130.30 0.24 8.00 good
43.40 0.07 8.00 bad
25.10 0.19 8.00 bad
518.00 0.15 8.00 good
177.70 0.22 6.00 bad
477.20 0.27 8.00 good
154.00 0.19 4.00 good
209.90 0.04 2.00 bad
382.10 0.23 6.00 good
44.60 0.35 6.00 bad
93.00 0.16 8.00 bad
73.20 0.25 6.00 good