TwoStarRate Mode Median Class
102
0 2 3 4 7 8 9 10 11 13 14 15 16 17 18 20 22 23 26 27 30 31 32 33 34 35 36 38 39 40 41 42 43 44 45 46 47 48 50 53 54 55 60 61 62 63 64 65 66 67 69 71 73 74 75 76 78 80 81 82 83 84 85 86 87 92 94 95 96 98 102 103 104 106 108 109 111 113 114 117 118 121 122 123 124 128 129 131 133 134 135 136 138 139 141 142 143 148 149 150 151 153
0.15 8.00 6.00 good
0.10 6.00 6.00 bad
0.12 8.00 6.00 bad
0.09 6.00 6.00 bad
0.15 6.00 6.00 bad
0.16 6.00 6.00 bad
0.18 8.00 6.00 bad
0.26 8.00 6.00 bad
0.04 6.00 6.00 bad
0.24 6.00 6.00 bad
0.14 2.00 6.00 good
0.13 6.00 6.00 bad
0.22 6.00 6.00 good
0.22 8.00 6.00 bad
0.17 10.00 6.00 bad
0.20 2.00 4.00 good
0.15 6.00 6.00 bad
0.31 4.00 4.00 good
0.09 6.00 6.00 bad
0.17 2.00 4.00 good
0.18 6.00 6.00 bad
0.30 6.00 6.00 good
0.09 8.00 8.00 bad
0.20 6.00 6.00 good
0.30 6.00 6.00 bad
0.12 2.00 6.00 good
0.10 8.00 8.00 bad
0.35 4.00 6.00 bad
0.26 2.00 2.00 bad
0.12 8.00 8.00 good
0.14 6.00 6.00 good
0.17 2.00 6.00 bad
0.13 2.00 6.00 good
0.07 2.00 4.00 good
0.20 6.00 6.00 bad
0.07 8.00 8.00 good
0.28 4.00 4.00 bad
0.09 8.00 6.00 bad
0.28 6.00 6.00 good
0.33 2.00 4.00 bad
0.05 6.00 6.00 good
0.28 6.00 6.00 bad
0.21 10.00 6.00 bad
0.08 8.00 8.00 good
0.50 4.00 4.00 bad
0.07 2.00 6.00 good
0.27 2.00 4.00 bad
0.28 6.00 4.00 bad
0.14 6.00 6.00 bad
0.06 10.00 8.00 good
0.05 8.00 8.00 bad
0.12 8.00 6.00 bad
0.11 8.00 8.00 bad
0.22 6.00 6.00 bad
0.10 6.00 6.00 good
0.07 8.00 8.00 good
0.10 6.00 6.00 bad
0.03 10.00 10.00 bad
0.08 6.00 6.00 bad
0.41 4.00 4.00 bad
0.17 6.00 6.00 bad
0.14 6.00 6.00 bad
0.19 2.00 4.00 good
0.03 6.00 8.00 bad
0.09 10.00 6.00 bad
0.04 10.00 8.00 good
0.11 8.00 8.00 good
0.23 6.00 6.00 bad
0.11 8.00 8.00 good
0.08 8.00 8.00 good
0.14 2.00 6.00 good
0.08 6.00 6.00 bad
0.31 6.00 4.00 bad
0.14 6.00 6.00 good
0.02 10.00 10.00 good
0.14 6.00 6.00 bad
0.16 8.00 6.00 good
0.13 6.00 6.00 bad
0.02 10.00 10.00 bad
0.11 6.00 6.00 bad
0.11 6.00 6.00 bad
0.30 6.00 4.00 bad
0.10 8.00 8.00 bad
0.08 6.00 6.00 good
0.19 6.00 6.00 good
0.08 10.00 8.00 good
0.07 10.00 8.00 good
0.41 4.00 4.00 good
0.13 8.00 6.00 bad
0.12 8.00 8.00 good
0.09 8.00 8.00 bad
0.24 6.00 4.00 bad
0.10 2.00 6.00 bad
0.07 8.00 8.00 good
0.03 8.00 8.00 bad
0.05 10.00 8.00 good
0.21 8.00 6.00 bad
0.03 2.00 2.00 bad
0.18 8.00 6.00 good
0.15 6.00 6.00 bad
0.07 10.00 8.00 bad
0.22 6.00 6.00 good