BookWordCount FiveStarRate Median Class
98
0 1 2 3 4 9 10 11 13 14 15 17 21 24 26 28 29 30 32 35 36 38 40 43 44 45 47 49 51 53 54 55 56 57 58 60 62 63 64 65 66 68 69 70 71 73 77 78 80 81 82 83 84 85 86 87 88 92 94 95 97 100 101 102 103 106 107 108 109 111 114 115 116 117 118 119 120 122 123 124 125 127 130 131 133 135 136 137 139 141 143 145 147 148 150 151 152 153
177.20 0.15 6.00 good
289.90 0.25 8.00 good
48.30 0.15 6.00 bad
52.30 0.18 6.00 bad
139.00 0.10 6.00 bad
21.30 0.02 6.00 bad
82.50 0.09 6.00 bad
13.40 0.16 6.00 bad
27.50 0.09 6.00 bad
123.80 0.20 6.00 good
257.20 0.23 6.00 bad
33.60 0.12 6.00 bad
74.10 0.04 4.00 bad
74.80 0.11 6.00 bad
62.70 0.19 6.00 bad
53.00 0.27 8.00 bad
233.90 0.36 8.00 good
150.70 0.11 6.00 bad
51.10 0.13 8.00 bad
713.10 0.21 6.00 good
87.00 0.19 8.00 bad
80.20 0.13 6.00 bad
153.10 0.19 8.00 good
74.40 0.14 6.00 good
296.80 0.23 4.00 good
380.50 0.10 6.00 bad
49.70 0.08 4.00 bad
44.50 0.10 6.00 bad
84.60 0.07 6.00 bad
53.70 0.10 4.00 bad
13.00 0.29 6.00 good
106.40 0.06 6.00 bad
40.40 0.13 6.00 good
293.40 0.18 6.00 bad
63.50 0.37 8.00 good
45.10 0.23 6.00 bad
49.60 0.00 4.00 bad
108.60 0.30 6.00 good
54.40 0.02 4.00 bad
72.20 0.07 4.00 bad
34.80 0.10 6.00 bad
79.60 0.22 8.00 bad
7.30 0.21 8.00 bad
55.40 0.20 8.00 bad
98.90 0.17 6.00 bad
68.60 0.17 8.00 bad
1070.70 0.37 8.00 bad
70.00 0.16 6.00 bad
144.70 0.58 10.00 bad
87.70 0.13 6.00 bad
183.00 0.22 4.00 bad
40.80 0.22 6.00 bad
30.00 0.14 6.00 bad
87.20 0.10 4.00 good
129.90 0.26 8.00 bad
112.10 0.27 6.00 bad
315.30 0.30 8.00 good
116.50 0.42 8.00 good
63.70 0.23 8.00 good
99.00 0.15 6.00 bad
22.20 0.13 8.00 good
59.90 0.25 8.00 bad
219.60 0.27 8.00 bad
78.10 0.08 6.00 good
21.40 0.11 6.00 bad
64.40 0.16 6.00 good
310.00 0.31 6.00 bad
446.50 0.63 10.00 good
101.10 0.10 6.00 bad
148.90 0.12 6.00 good
31.70 0.60 10.00 bad
119.20 0.07 6.00 bad
118.30 0.17 6.00 good
59.10 0.09 6.00 bad
92.20 0.11 6.00 bad
427.70 0.29 8.00 good
85.80 0.11 6.00 good
79.20 0.25 8.00 bad
153.40 0.20 6.00 good
223.00 0.11 6.00 good
65.70 0.67 10.00 good
34.20 0.36 8.00 good
46.30 0.17 6.00 bad
195.70 0.06 4.00 good
145.80 0.04 6.00 bad
335.20 0.26 8.00 bad
72.70 0.09 4.00 bad
448.70 0.38 8.00 good
130.30 0.22 8.00 good
25.10 0.15 8.00 bad
177.70 0.10 6.00 bad
62.30 0.08 6.00 bad
154.00 0.02 4.00 good
209.90 0.08 2.00 bad
44.60 0.15 6.00 bad
93.00 0.37 8.00 bad
163.50 0.09 6.00 good
73.20 0.12 6.00 good