AddListCount ThreeStarRate Kurtosis Class
93
0 1 2 4 6 7 9 10 11 12 13 14 15 16 17 19 20 21 26 28 29 30 31 32 33 37 39 40 41 42 43 45 46 47 48 51 52 53 55 59 61 65 66 67 68 69 70 72 74 76 78 79 83 84 85 87 88 90 92 93 94 100 101 103 104 107 108 112 113 118 121 122 123 124 126 127 128 130 135 136 137 138 141 142 143 145 146 147 148 149 150 152 153
214 0.28 200.91 good
492 0.23 406.22 good
12 0.40 267.71 bad
22 0.33 113.07 bad
42 0.21 75.15 good
8 0.48 181.37 bad
14 0.26 110.48 bad
25 0.23 143.84 bad
15 0.40 491.68 bad
12 0.44 114.51 bad
9 0.39 156.17 bad
136 0.21 68.44 good
204 0.27 188.48 bad
25 0.23 87.54 good
10 0.20 80.31 bad
70 0.22 181.41 bad
17 0.15 48.29 good
12 0.16 66.70 bad
32 0.43 249.04 bad
73 0.25 418.19 bad
68 0.22 194.89 good
9 0.32 80.73 bad
6 0.33 211.54 good
111 0.31 404.81 bad
49 0.29 163.05 good
106 0.20 948.64 bad
1 0.16 53.89 bad
172 0.24 227.23 good
289 0.34 389.04 good
215 0.26 74.29 bad
18 0.24 44.83 good
93 0.30 135.14 bad
28 0.19 218.67 good
20 0.20 85.63 bad
371 0.33 362.40 bad
42 0.37 339.26 bad
446 0.15 453.60 bad
1 0.14 31.11 bad
11 0.33 182.02 bad
138 0.21 148.52 good
33 0.25 1104.85 good
22 0.31 77.07 bad
2 0.43 204.65 bad
17 0.16 278.88 good
45 0.25 223.96 bad
5 0.26 758.93 bad
2 0.04 49.13 bad
180 0.26 259.41 good
16 0.36 393.48 bad
110 0.15 159.36 good
57 0.33 147.32 bad
94 0.26 65.93 bad
22 0.28 188.48 bad
3 0.33 116.65 bad
55 0.15 51.21 good
65 0.23 95.46 bad
321 0.18 118.81 good
4 0.20 25.57 bad
141 0.16 444.03 good
121 0.26 288.02 bad
57 0.23 299.63 good
8 0.34 297.05 bad
65 0.26 286.97 bad
6 0.50 664.54 bad
5 0.34 92.39 bad
188 0.15 72.91 bad
1586 0.10 1238.93 good
63 0.30 84.03 bad
25 0.36 164.81 bad
112 0.39 387.39 bad
14 0.32 102.63 bad
126 0.28 313.76 bad
32 0.37 502.72 good
57 0.29 101.09 good
48 0.16 76.64 good
146 0.22 319.05 good
108 0.13 82.37 good
11 0.28 73.99 bad
293 0.24 234.30 bad
9 0.32 63.17 bad
303 0.15 478.73 good
53 0.22 56.35 bad
19 0.19 311.51 bad
365 0.15 364.52 good
42 0.22 86.23 bad
28 0.45 909.70 bad
710 0.27 402.15 good
26 0.19 40.59 good
54 0.04 9.99 bad
178 0.23 113.50 good
5 0.35 158.29 bad
12 0.28 62.68 good
50 0.25 105.28 good