FourStarRate Mode Kurtosis Class
98
0 1 2 3 5 6 7 8 9 11 13 15 17 18 26 27 28 29 33 35 37 38 40 41 42 44 45 46 47 49 50 52 53 54 57 58 60 61 62 63 64 65 66 67 68 70 71 72 73 74 75 76 78 80 82 83 84 85 86 87 88 90 91 95 96 98 101 102 107 108 110 111 113 117 120 122 123 127 128 129 130 132 133 134 135 136 137 138 139 141 143 144 146 147 150 151 152 153
0.30 8.00 200.91 good
0.36 8.00 406.22 good
0.24 6.00 267.71 bad
0.27 8.00 155.27 bad
0.21 6.00 93.52 good
0.18 2.00 75.15 good
0.11 6.00 181.37 bad
0.22 6.00 196.73 bad
0.30 8.00 110.48 bad
0.32 6.00 491.68 bad
0.13 6.00 156.17 bad
0.25 6.00 188.48 bad
0.23 8.00 80.31 bad
0.14 10.00 137.29 bad
0.18 6.00 249.04 bad
0.15 2.00 40.03 good
0.31 8.00 418.19 bad
0.20 10.00 194.89 good
0.23 6.00 163.05 good
0.14 2.00 41.11 good
0.44 8.00 948.64 bad
0.17 4.00 172.89 bad
0.33 8.00 227.23 good
0.29 6.00 389.04 good
0.20 2.00 74.29 bad
0.16 2.00 29.34 good
0.23 6.00 135.14 bad
0.33 8.00 218.67 good
0.22 4.00 85.63 bad
0.23 6.00 155.38 bad
0.14 6.00 119.73 good
0.30 10.00 453.60 bad
0.00 2.00 31.11 bad
0.21 6.00 245.77 good
0.29 8.00 94.54 bad
0.30 10.00 256.16 good
0.20 10.00 95.85 bad
0.44 8.00 1104.85 good
0.34 4.00 199.64 bad
0.20 2.00 55.29 good
0.14 2.00 59.06 bad
0.07 6.00 77.07 bad
0.19 6.00 204.65 bad
0.25 10.00 278.88 good
0.30 8.00 223.96 bad
0.32 2.00 49.13 bad
0.25 8.00 106.33 bad
0.20 10.00 259.41 good
0.39 8.00 278.58 bad
0.31 6.00 393.48 bad
0.30 6.00 344.01 good
0.36 8.00 159.36 good
0.24 6.00 147.32 bad
0.19 10.00 599.56 bad
0.05 4.00 87.78 bad
0.22 6.00 188.48 bad
0.19 6.00 116.65 bad
0.24 2.00 51.21 good
0.27 6.00 249.84 bad
0.19 10.00 95.46 bad
0.23 10.00 118.81 good
0.07 2.00 25.57 bad
0.28 10.00 191.97 good
0.00 6.00 128.84 bad
0.33 8.00 282.28 good
0.33 8.00 391.57 good
0.27 10.00 286.97 bad
0.21 2.00 65.28 good
0.17 10.00 72.91 bad
0.20 10.00 1238.93 good
0.24 6.00 131.59 bad
0.26 8.00 113.09 good
0.21 6.00 164.81 bad
0.14 6.00 132.92 bad
0.25 8.00 75.21 good
0.29 8.00 313.76 bad
0.30 6.00 502.72 good
0.26 10.00 319.05 good
0.23 10.00 82.37 good
0.26 10.00 209.65 good
0.16 6.00 73.99 bad
0.35 8.00 212.10 good
0.33 8.00 194.01 bad
0.34 8.00 176.74 good
0.29 8.00 234.30 bad
0.05 6.00 63.17 bad
0.33 10.00 478.73 good
0.19 2.00 56.35 bad
0.36 8.00 304.97 good
0.49 8.00 311.51 bad
0.24 8.00 86.23 bad
0.18 6.00 97.95 bad
0.37 8.00 402.15 good
0.09 2.00 40.59 good
0.20 6.00 158.29 bad
0.19 10.00 105.22 bad
0.14 2.00 62.68 good
0.22 6.00 105.28 good