BookWordCount TwoStarRate Mode Class
101
0 1 3 5 6 8 9 10 11 17 18 19 22 23 25 27 29 30 31 32 33 34 35 36 37 38 39 42 43 44 46 47 48 49 50 51 53 55 56 59 63 64 66 69 70 72 73 74 75 76 77 78 81 82 84 85 87 89 92 94 95 96 97 98 101 103 104 106 107 108 109 110 111 112 117 119 121 122 123 124 126 127 128 130 131 133 134 135 136 137 139 140 142 144 145 148 149 150 151 152 153
177.20 0.15 8.00 good
289.90 0.08 8.00 good
52.30 0.12 8.00 bad
158.50 0.20 6.00 good
59.60 0.14 2.00 good
143.50 0.16 6.00 bad
21.30 0.18 8.00 bad
82.50 0.26 8.00 bad
13.40 0.04 6.00 bad
33.60 0.22 8.00 bad
24.10 0.17 10.00 bad
122.40 0.18 10.00 bad
77.70 0.15 6.00 bad
122.20 0.31 4.00 good
35.90 0.20 2.00 bad
147.20 0.17 2.00 good
233.90 0.10 10.00 good
150.70 0.18 6.00 bad
78.00 0.30 6.00 good
51.10 0.09 8.00 bad
178.90 0.20 6.00 good
154.60 0.30 6.00 bad
713.10 0.12 2.00 good
87.00 0.10 8.00 bad
51.30 0.03 8.00 bad
80.20 0.35 4.00 bad
22.80 0.26 2.00 bad
300.10 0.17 2.00 bad
74.40 0.13 2.00 good
296.80 0.07 2.00 good
123.50 0.07 8.00 good
49.70 0.28 4.00 bad
281.40 0.09 8.00 bad
44.50 0.10 6.00 bad
51.90 0.28 6.00 good
84.60 0.30 6.00 bad
53.70 0.33 2.00 bad
106.40 0.28 6.00 bad
40.40 0.20 6.00 good
133.40 0.21 10.00 good
108.60 0.07 2.00 good
54.40 0.27 2.00 bad
34.80 0.14 6.00 bad
7.30 0.05 8.00 bad
55.40 0.10 2.00 bad
390.00 0.08 10.00 good
68.60 0.11 8.00 bad
49.30 0.22 6.00 bad
39.60 0.10 6.00 good
46.20 0.07 8.00 good
1070.70 0.07 10.00 bad
70.00 0.10 6.00 bad
87.70 0.08 6.00 bad
183.00 0.41 4.00 bad
30.00 0.14 6.00 bad
87.20 0.19 2.00 good
112.10 0.09 10.00 bad
153.20 0.17 8.00 bad
116.50 0.04 10.00 good
63.70 0.11 8.00 good
99.00 0.23 6.00 bad
34.10 0.11 8.00 good
22.20 0.03 8.00 good
170.60 0.08 8.00 good
219.60 0.10 10.00 bad
21.40 0.08 6.00 bad
150.50 0.31 6.00 bad
64.40 0.14 6.00 good
310.00 0.12 10.00 bad
446.50 0.02 10.00 good
101.10 0.14 6.00 bad
133.50 0.21 6.00 bad
148.90 0.16 8.00 good
107.80 0.20 6.00 bad
59.10 0.11 6.00 bad
427.70 0.06 8.00 good
145.90 0.30 6.00 bad
79.20 0.10 8.00 bad
153.40 0.08 6.00 good
223.00 0.19 6.00 good
89.70 0.06 10.00 good
34.20 0.06 10.00 good
296.70 0.08 10.00 good
46.30 0.13 6.00 bad
195.70 0.41 4.00 good
145.80 0.13 8.00 bad
179.50 0.12 8.00 good
335.20 0.09 8.00 bad
72.70 0.24 6.00 bad
448.70 0.05 10.00 good
130.30 0.07 8.00 good
43.40 0.30 8.00 bad
518.00 0.05 10.00 good
319.70 0.25 6.00 bad
62.30 0.10 6.00 bad
209.90 0.03 2.00 bad
382.10 0.18 8.00 good
44.60 0.15 6.00 bad
93.00 0.07 10.00 bad
163.50 0.19 2.00 good
73.20 0.22 6.00 good