TwoStarRate ThreeStarRate FiveStarRate Class
92
0 5 6 7 8 9 10 11 12 14 15 16 19 21 22 23 24 25 27 30 31 35 37 38 45 47 48 49 50 51 52 54 56 58 59 60 61 63 64 65 69 70 72 73 74 78 79 80 84 87 88 89 90 92 96 99 100 101 104 105 107 109 111 112 113 115 117 118 120 121 122 123 125 126 129 130 131 132 133 134 135 136 137 138 139 140 142 143 144 146 148 149
0.15 0.28 0.15 good
0.20 0.26 0.12 good
0.14 0.21 0.23 good
0.15 0.48 0.11 bad
0.16 0.30 0.21 bad
0.18 0.26 0.02 bad
0.26 0.23 0.09 bad
0.04 0.40 0.16 bad
0.08 0.44 0.20 bad
0.14 0.21 0.20 good
0.13 0.27 0.23 bad
0.22 0.23 0.14 good
0.18 0.22 0.28 bad
0.37 0.16 0.04 bad
0.15 0.40 0.11 bad
0.31 0.28 0.06 good
0.21 0.36 0.11 bad
0.20 0.20 0.20 bad
0.17 0.21 0.05 good
0.18 0.32 0.11 bad
0.30 0.33 0.09 good
0.12 0.18 0.21 good
0.03 0.20 0.28 bad
0.35 0.27 0.13 bad
0.20 0.30 0.10 bad
0.28 0.20 0.08 bad
0.09 0.33 0.17 bad
0.10 0.39 0.10 bad
0.28 0.32 0.07 good
0.30 0.37 0.07 bad
0.04 0.15 0.42 bad
0.05 0.33 0.29 good
0.20 0.32 0.13 good
0.05 0.14 0.37 good
0.21 0.21 0.25 good
0.21 0.18 0.23 bad
0.08 0.25 0.21 good
0.07 0.12 0.30 good
0.27 0.21 0.02 bad
0.28 0.31 0.07 bad
0.05 0.26 0.21 bad
0.10 0.04 0.20 bad
0.08 0.26 0.35 good
0.11 0.22 0.17 bad
0.22 0.36 0.04 bad
0.10 0.33 0.16 bad
0.19 0.26 0.10 bad
0.03 0.13 0.58 bad
0.14 0.33 0.14 bad
0.09 0.23 0.27 bad
0.10 0.18 0.30 good
0.17 0.27 0.17 bad
0.13 0.20 0.07 bad
0.04 0.16 0.42 good
0.11 0.28 0.17 good
0.12 0.34 0.17 bad
0.02 0.34 0.25 bad
0.10 0.26 0.27 bad
0.31 0.34 0.09 bad
0.08 0.19 0.31 good
0.12 0.15 0.31 bad
0.14 0.36 0.10 bad
0.16 0.26 0.12 good
0.20 0.30 0.11 bad
0.13 0.36 0.14 bad
0.19 0.35 0.07 bad
0.11 0.45 0.09 bad
0.11 0.39 0.11 bad
0.18 0.20 0.11 good
0.30 0.32 0.02 bad
0.10 0.28 0.25 bad
0.08 0.37 0.20 good
0.02 0.08 0.67 good
0.06 0.16 0.30 good
0.07 0.16 0.37 good
0.13 0.28 0.17 bad
0.41 0.13 0.06 good
0.14 0.25 0.13 good
0.13 0.33 0.04 bad
0.12 0.21 0.18 good
0.09 0.24 0.26 bad
0.24 0.32 0.09 bad
0.05 0.15 0.38 good
0.10 0.22 0.18 bad
0.07 0.24 0.22 good
0.30 0.07 0.05 bad
0.05 0.15 0.46 good
0.21 0.22 0.10 bad
0.25 0.27 0.09 bad
0.09 0.27 0.19 good
0.03 0.04 0.08 bad
0.18 0.23 0.15 good