BookScoreCount TwoStarRate Kurtosis Class
101
0 2 3 5 6 7 10 14 17 18 20 22 24 26 30 31 33 35 36 37 39 40 41 42 43 44 45 48 49 50 51 52 53 54 57 58 61 62 63 64 65 66 67 70 71 72 74 75 76 77 79 82 83 84 85 87 91 92 93 94 96 97 98 99 101 102 103 105 106 108 109 110 111 112 113 115 116 117 118 119 120 121 123 124 126 127 128 129 130 132 133 134 136 139 140 142 145 147 150 152 153
568 0.15 200.91 good
47 0.10 267.71 bad
129 0.12 155.27 bad
439 0.20 93.52 good
187 0.14 75.15 good
27 0.15 181.37 bad
78 0.26 143.84 bad
454 0.14 68.44 good
36 0.22 80.31 bad
23 0.17 137.29 bad
112 0.20 48.29 good
159 0.15 468.11 bad
70 0.21 114.10 bad
100 0.09 249.04 bad
29 0.18 80.73 bad
44 0.30 211.54 good
192 0.20 163.05 good
1909 0.12 41.11 good
223 0.10 203.97 bad
216 0.03 948.64 bad
20 0.26 53.89 bad
495 0.12 227.23 good
670 0.14 389.04 good
686 0.17 74.29 bad
81 0.13 44.83 good
1885 0.07 29.34 good
299 0.20 135.14 bad
1248 0.09 362.40 bad
72 0.10 155.38 bad
29 0.28 119.73 good
133 0.30 339.26 bad
1780 0.04 453.60 bad
22 0.33 31.11 bad
43 0.05 245.77 good
2109 0.07 94.54 bad
461 0.05 256.16 good
86 0.08 1104.85 good
13 0.50 199.64 bad
91 0.07 55.29 good
45 0.27 59.06 bad
82 0.28 77.07 bad
21 0.14 204.65 bad
90 0.06 278.88 good
51 0.10 49.13 bad
248 0.12 106.33 bad
956 0.08 259.41 good
46 0.22 393.48 bad
21 0.10 344.01 good
429 0.07 159.36 good
745 0.07 440.27 bad
531 0.19 65.93 bad
31 0.41 87.78 bad
104 0.17 188.48 bad
21 0.14 116.65 bad
356 0.19 51.21 good
182 0.09 95.46 bad
654 0.08 191.97 good
527 0.04 444.03 good
396 0.08 288.02 bad
218 0.11 299.63 good
188 0.11 282.28 good
39 0.03 198.40 good
2113 0.08 391.57 good
942 0.12 243.27 bad
219 0.10 286.97 bad
225 0.14 65.28 good
29 0.08 664.54 bad
339 0.08 385.10 good
349 0.14 114.14 good
5393 0.02 1238.93 good
88 0.14 170.95 bad
112 0.21 131.59 bad
182 0.16 113.09 good
201 0.20 84.03 bad
136 0.13 164.81 bad
282 0.19 125.49 bad
19 0.12 138.45 good
34 0.11 132.92 bad
274 0.11 387.39 bad
1575 0.06 297.36 good
45 0.18 75.21 good
59 0.30 102.63 bad
93 0.08 502.72 good
320 0.19 101.09 good
353 0.06 76.64 good
387 0.06 319.05 good
607 0.08 82.37 good
2063 0.07 209.65 good
82 0.13 73.99 bad
614 0.14 212.10 good
23 0.13 194.01 bad
795 0.12 176.74 good
68 0.24 63.17 bad
1100 0.07 304.97 good
21 0.30 361.68 bad
2366 0.05 364.52 good
61 0.10 909.70 bad
208 0.22 40.59 good
21 0.15 158.29 bad
45 0.19 62.68 good
209 0.22 105.28 good