AddListCount Mode Kurtosis Class
93
0 5 6 7 10 14 15 17 20 21 23 25 27 28 29 30 31 33 34 35 37 39 40 42 43 45 46 48 49 50 51 54 56 57 60 62 66 67 68 70 71 73 74 75 76 77 78 79 80 82 86 89 90 94 95 100 101 102 104 107 108 110 111 112 113 114 115 116 117 118 119 120 122 123 125 126 127 129 130 131 133 135 136 138 142 144 145 147 148 149 150 152 153
214 8.00 200.91 good
122 6.00 93.52 good
42 2.00 75.15 good
8 6.00 181.37 bad
25 8.00 143.84 bad
136 2.00 68.44 good
204 6.00 188.48 bad
10 8.00 80.31 bad
17 2.00 48.29 good
12 4.00 66.70 bad
32 4.00 78.49 good
2 2.00 28.01 bad
31 2.00 40.03 good
73 8.00 418.19 bad
68 10.00 194.89 good
9 6.00 80.73 bad
6 6.00 211.54 good
49 6.00 163.05 good
24 6.00 192.82 bad
254 2.00 41.11 good
106 8.00 948.64 bad
1 2.00 53.89 bad
172 8.00 227.23 good
215 2.00 74.29 bad
18 2.00 44.83 good
93 6.00 135.14 bad
28 8.00 218.67 good
371 8.00 362.40 bad
13 6.00 155.38 bad
7 6.00 119.73 good
42 6.00 339.26 bad
9 6.00 245.77 good
13 6.00 74.03 good
551 8.00 94.54 bad
19 10.00 95.85 bad
3 4.00 199.64 bad
2 6.00 204.65 bad
17 10.00 278.88 good
45 8.00 223.96 bad
2 2.00 49.13 bad
119 8.00 106.33 bad
8 8.00 278.58 bad
16 6.00 393.48 bad
8 6.00 344.01 good
110 8.00 159.36 good
183 10.00 440.27 bad
57 6.00 147.32 bad
94 2.00 65.93 bad
193 10.00 599.56 bad
3 4.00 87.78 bad
53 6.00 249.84 bad
49 8.00 208.64 bad
4 2.00 25.57 bad
57 8.00 299.63 good
4 6.00 128.84 bad
8 6.00 297.05 bad
65 10.00 286.97 bad
39 2.00 65.28 good
5 6.00 92.39 bad
188 10.00 72.91 bad
1586 10.00 1238.93 good
31 6.00 131.59 bad
53 8.00 113.09 good
63 6.00 84.03 bad
25 6.00 164.81 bad
218 10.00 875.52 bad
76 6.00 125.49 bad
7 6.00 138.45 good
5 6.00 132.92 bad
112 6.00 387.39 bad
274 8.00 297.36 good
15 8.00 75.21 good
126 8.00 313.76 bad
32 6.00 502.72 good
149 10.00 1797.82 good
48 10.00 76.64 good
146 10.00 319.05 good
510 10.00 209.65 good
11 6.00 73.99 bad
5 4.00 58.14 good
1 8.00 194.01 bad
293 8.00 234.30 bad
9 6.00 63.17 bad
53 2.00 56.35 bad
365 10.00 364.52 good
103 6.00 97.95 bad
28 6.00 909.70 bad
26 2.00 40.59 good
54 2.00 9.99 bad
178 8.00 113.50 good
5 6.00 158.29 bad
12 2.00 62.68 good
50 6.00 105.28 good