BookScore AddListCount Median Class
98
2 3 4 5 6 8 11 14 15 16 17 18 19 20 22 24 25 26 28 29 30 31 32 34 35 36 37 38 39 40 42 44 46 48 50 51 52 53 55 61 62 63 64 65 67 68 69 70 73 74 75 76 77 80 83 84 85 86 87 88 89 93 94 95 96 99 100 101 104 106 107 108 109 110 111 112 113 114 117 118 121 122 124 126 127 128 129 130 133 134 135 136 138 140 143 147 148 150
6.4 12 6.00 bad
6.4 38 6.00 bad
5.8 22 6.00 bad
5.6 122 6.00 good
6.0 42 6.00 good
6.5 53 6.00 bad
6.9 15 6.00 bad
5.9 136 6.00 good
6.6 204 6.00 bad
5.7 25 6.00 good
5.6 10 6.00 bad
6.5 7 6.00 bad
6.7 70 6.00 bad
5.3 17 4.00 good
6.5 61 6.00 bad
5.5 23 6.00 bad
4.8 2 4.00 bad
6.5 32 6.00 bad
7.2 73 8.00 bad
7.1 68 8.00 good
5.4 9 6.00 bad
5.8 6 6.00 good
6.8 111 8.00 bad
5.1 24 6.00 bad
5.5 254 6.00 good
6.7 63 8.00 bad
7.8 106 8.00 bad
5.9 19 6.00 bad
3.5 1 2.00 bad
6.7 172 8.00 good
5.4 215 6.00 bad
5.4 242 4.00 good
7.1 28 8.00 good
6.8 371 6.00 bad
5.3 7 6.00 good
5.9 42 6.00 bad
7.9 446 8.00 bad
4.0 1 4.00 bad
5.6 11 6.00 bad
7.5 33 8.00 good
5.3 3 4.00 bad
6.2 21 6.00 good
4.4 10 4.00 bad
4.8 22 4.00 bad
7.6 17 8.00 good
6.8 45 8.00 bad
7.4 5 8.00 bad
5.9 2 8.00 bad
6.8 8 8.00 bad
6.1 16 6.00 bad
6.4 8 6.00 good
6.8 110 8.00 good
7.6 183 8.00 bad
8.3 193 10.00 bad
6.6 22 6.00 bad
5.9 3 6.00 bad
5.2 55 4.00 good
7.0 53 8.00 bad
6.4 65 6.00 bad
6.7 321 8.00 good
6.4 49 6.00 bad
6.9 121 8.00 bad
7.0 57 8.00 good
5.5 4 6.00 bad
6.7 100 8.00 good
6.5 253 6.00 bad
7.0 8 8.00 bad
7.1 65 8.00 bad
4.9 5 4.00 bad
6.0 102 6.00 good
6.4 188 6.00 bad
8.7 1586 10.00 good
6.0 34 6.00 bad
5.8 31 6.00 bad
5.8 53 6.00 good
5.4 63 6.00 bad
6.1 25 6.00 bad
8.5 218 10.00 bad
5.5 5 6.00 bad
6.5 112 6.00 bad
4.5 14 4.00 bad
7.0 126 8.00 bad
5.6 57 6.00 good
6.4 48 8.00 good
7.4 146 8.00 good
6.5 108 8.00 good
7.3 510 8.00 good
5.7 11 6.00 bad
5.9 1 6.00 bad
6.5 168 8.00 good
7.0 293 8.00 bad
4.8 9 4.00 bad
5.7 53 6.00 bad
6.4 7 8.00 bad
5.5 42 6.00 bad
3.9 26 4.00 good
3.3 54 2.00 bad
6.1 5 6.00 bad