BookWordCount Mode Kurtosis Class
98
2 3 4 7 8 9 10 11 14 16 19 20 21 26 27 28 29 30 33 36 37 38 39 40 41 43 44 46 50 51 52 53 57 59 61 62 63 64 65 68 69 70 71 72 73 74 75 77 78 79 80 81 82 83 85 86 87 88 90 91 94 95 96 98 99 100 102 103 104 105 112 114 115 116 118 119 120 122 123 124 125 126 128 129 130 131 137 139 140 142 143 144 145 146 147 148 149 150
48.30 6.00 267.71 bad
52.30 8.00 155.27 bad
139.00 6.00 113.07 bad
38.90 6.00 181.37 bad
143.50 6.00 196.73 bad
21.30 8.00 110.48 bad
82.50 8.00 143.84 bad
13.40 6.00 491.68 bad
123.80 2.00 68.44 good
135.80 6.00 87.54 good
122.40 10.00 181.41 bad
82.30 2.00 48.29 good
74.10 4.00 66.70 bad
62.70 6.00 249.04 bad
147.20 2.00 40.03 good
53.00 8.00 418.19 bad
233.90 10.00 194.89 good
150.70 6.00 80.73 bad
178.90 6.00 163.05 good
87.00 8.00 203.97 bad
51.30 8.00 948.64 bad
80.20 4.00 172.89 bad
22.80 2.00 53.89 bad
153.10 8.00 227.23 good
168.40 6.00 389.04 good
74.40 2.00 44.83 good
296.80 2.00 29.34 good
123.50 8.00 218.67 good
51.90 6.00 119.73 good
84.60 6.00 339.26 bad
76.10 10.00 453.60 bad
53.70 2.00 31.11 bad
293.40 8.00 94.54 bad
133.40 10.00 148.52 good
17.00 8.00 1104.85 good
49.60 4.00 199.64 bad
108.60 2.00 55.29 good
54.40 2.00 59.06 bad
72.20 6.00 77.07 bad
79.60 8.00 223.96 bad
7.30 8.00 758.93 bad
55.40 2.00 49.13 bad
98.90 8.00 106.33 bad
390.00 10.00 259.41 good
68.60 8.00 278.58 bad
49.30 6.00 393.48 bad
39.60 6.00 344.01 good
1070.70 10.00 440.27 bad
70.00 6.00 147.32 bad
131.20 2.00 65.93 bad
144.70 10.00 599.56 bad
87.70 6.00 173.53 bad
183.00 4.00 87.78 bad
40.80 6.00 188.48 bad
87.20 2.00 51.21 good
129.90 6.00 249.84 bad
112.10 10.00 95.46 bad
315.30 10.00 118.81 good
50.40 2.00 25.57 bad
126.20 10.00 191.97 good
63.70 8.00 299.63 good
99.00 6.00 128.84 bad
34.10 8.00 282.28 good
170.60 8.00 391.57 good
181.90 6.00 243.27 bad
59.90 6.00 297.05 bad
78.10 2.00 65.28 good
21.40 6.00 664.54 bad
150.50 6.00 92.39 bad
198.70 8.00 385.10 good
107.80 6.00 84.03 bad
31.70 10.00 875.52 bad
119.20 6.00 125.49 bad
118.30 6.00 138.45 good
92.20 6.00 387.39 bad
427.70 8.00 297.36 good
85.80 8.00 75.21 good
79.20 8.00 313.76 bad
153.40 6.00 502.72 good
223.00 6.00 101.09 good
65.70 10.00 1797.82 good
89.70 10.00 76.64 good
296.70 10.00 82.37 good
322.80 10.00 209.65 good
46.30 6.00 73.99 bad
195.70 4.00 58.14 good
448.70 10.00 478.73 good
130.30 8.00 304.97 good
43.40 8.00 361.68 bad
518.00 10.00 364.52 good
177.70 8.00 86.23 bad
319.70 6.00 97.95 bad
62.30 6.00 909.70 bad
477.20 8.00 402.15 good
154.00 2.00 40.59 good
209.90 2.00 9.99 bad
382.10 8.00 113.50 good
44.60 6.00 158.29 bad