BookWordCount FourStarRate Median Class
92
0 1 2 6 8 9 13 14 15 16 17 19 21 22 23 24 25 26 27 28 30 36 37 39 43 44 45 46 47 49 50 51 52 53 55 61 67 68 69 72 74 75 76 77 79 80 81 82 84 85 87 88 91 92 93 94 95 96 97 98 101 104 105 108 111 112 115 116 117 118 119 120 124 125 127 128 129 131 132 133 134 135 139 140 142 143 145 146 148 151 152 153
177.20 0.30 6.00 good
289.90 0.36 8.00 good
48.30 0.24 6.00 bad
59.60 0.18 6.00 good
143.50 0.22 6.00 bad
21.30 0.30 6.00 bad
27.50 0.13 6.00 bad
123.80 0.19 6.00 good
257.20 0.25 6.00 bad
135.80 0.20 6.00 good
33.60 0.23 6.00 bad
122.40 0.22 6.00 bad
74.10 0.14 4.00 bad
77.70 0.28 6.00 bad
122.20 0.08 4.00 good
74.80 0.13 6.00 bad
35.90 0.00 4.00 bad
62.70 0.18 6.00 bad
147.20 0.15 4.00 good
53.00 0.31 8.00 bad
150.70 0.14 6.00 bad
87.00 0.34 8.00 bad
51.30 0.44 8.00 bad
22.80 0.05 2.00 bad
74.40 0.14 6.00 good
296.80 0.16 4.00 good
380.50 0.23 6.00 bad
123.50 0.33 8.00 good
49.70 0.22 4.00 bad
44.50 0.23 6.00 bad
51.90 0.14 6.00 good
84.60 0.21 6.00 bad
76.10 0.30 8.00 bad
53.70 0.00 4.00 bad
106.40 0.20 6.00 bad
17.00 0.44 8.00 good
16.80 0.25 8.00 good
79.60 0.30 8.00 bad
7.30 0.42 8.00 bad
390.00 0.20 8.00 good
49.30 0.31 6.00 bad
39.60 0.30 6.00 good
46.20 0.36 8.00 good
1070.70 0.27 8.00 bad
131.20 0.17 6.00 bad
144.70 0.19 10.00 bad
87.70 0.08 6.00 bad
183.00 0.05 4.00 bad
30.00 0.19 6.00 bad
87.20 0.24 4.00 good
112.10 0.19 6.00 bad
315.30 0.23 8.00 good
126.20 0.28 8.00 good
116.50 0.29 8.00 good
90.50 0.34 8.00 bad
63.70 0.33 8.00 good
99.00 0.00 6.00 bad
34.10 0.33 8.00 good
22.20 0.40 8.00 good
170.60 0.33 8.00 good
219.60 0.27 8.00 bad
150.50 0.04 4.00 bad
198.70 0.33 8.00 good
446.50 0.20 10.00 good
148.90 0.26 6.00 good
107.80 0.15 6.00 bad
119.20 0.19 6.00 bad
118.30 0.12 6.00 good
59.10 0.14 6.00 bad
92.20 0.30 6.00 bad
427.70 0.33 8.00 good
85.80 0.25 6.00 good
223.00 0.20 6.00 good
65.70 0.20 10.00 good
34.20 0.26 8.00 good
296.70 0.23 8.00 good
322.80 0.26 8.00 good
195.70 0.11 4.00 good
237.20 0.35 6.00 good
145.80 0.33 6.00 bad
179.50 0.34 8.00 good
335.20 0.29 8.00 bad
130.30 0.36 8.00 good
43.40 0.54 8.00 bad
518.00 0.24 8.00 good
177.70 0.24 6.00 bad
62.30 0.33 6.00 bad
477.20 0.37 8.00 good
209.90 0.06 2.00 bad
93.00 0.19 8.00 bad
163.50 0.14 6.00 good
73.20 0.22 6.00 good