BookWordCount ThreeStarRate Median Class
89
0 3 5 7 8 9 12 13 19 20 25 27 28 29 30 31 32 33 39 40 41 43 44 45 46 48 51 52 54 56 57 60 61 64 66 69 70 71 72 73 74 75 77 79 80 82 85 87 89 90 91 94 96 97 99 101 102 103 105 110 111 112 113 115 117 118 121 123 124 125 129 131 132 133 135 136 137 138 140 141 143 144 145 146 147 148 150 151 152
177.20 0.28 6.00 good
52.30 0.27 6.00 bad
158.50 0.26 6.00 good
38.90 0.48 6.00 bad
143.50 0.30 6.00 bad
21.30 0.26 6.00 bad
21.80 0.44 6.00 bad
27.50 0.39 6.00 bad
122.40 0.22 6.00 bad
82.30 0.15 4.00 good
35.90 0.20 4.00 bad
147.20 0.21 4.00 good
53.00 0.25 8.00 bad
233.90 0.22 8.00 good
150.70 0.32 6.00 bad
78.00 0.33 6.00 good
51.10 0.31 8.00 bad
178.90 0.29 6.00 good
22.80 0.16 2.00 bad
153.10 0.24 8.00 good
168.40 0.34 6.00 good
74.40 0.24 6.00 good
296.80 0.11 4.00 good
380.50 0.30 6.00 bad
123.50 0.19 8.00 good
281.40 0.33 6.00 bad
84.60 0.37 6.00 bad
76.10 0.15 8.00 bad
13.00 0.33 6.00 good
40.40 0.32 6.00 good
293.40 0.21 6.00 bad
45.10 0.18 6.00 bad
17.00 0.25 8.00 good
54.40 0.21 4.00 bad
34.80 0.43 6.00 bad
7.30 0.26 8.00 bad
55.40 0.04 8.00 bad
98.90 0.25 6.00 bad
390.00 0.26 8.00 good
68.60 0.22 8.00 bad
49.30 0.36 6.00 bad
39.60 0.40 6.00 good
1070.70 0.22 8.00 bad
131.20 0.26 6.00 bad
144.70 0.13 10.00 bad
183.00 0.20 4.00 bad
87.20 0.15 4.00 good
112.10 0.23 6.00 bad
153.20 0.27 6.00 bad
50.40 0.20 2.00 bad
126.20 0.16 8.00 good
63.70 0.23 8.00 good
34.10 0.28 8.00 good
22.20 0.26 8.00 good
181.90 0.34 6.00 bad
219.60 0.26 8.00 bad
78.10 0.26 6.00 good
21.40 0.50 6.00 bad
198.70 0.19 8.00 good
133.50 0.28 6.00 bad
148.90 0.26 6.00 good
107.80 0.30 6.00 bad
247.80 0.36 6.00 bad
119.20 0.35 6.00 bad
59.10 0.45 6.00 bad
92.20 0.39 6.00 bad
145.90 0.32 4.00 bad
153.40 0.37 6.00 good
223.00 0.29 6.00 good
65.70 0.08 10.00 good
322.80 0.16 8.00 good
195.70 0.13 4.00 good
237.20 0.25 6.00 good
145.80 0.33 6.00 bad
335.20 0.24 8.00 bad
72.70 0.32 4.00 bad
448.70 0.15 8.00 good
212.90 0.22 6.00 bad
43.40 0.07 8.00 bad
25.10 0.19 8.00 bad
177.70 0.22 6.00 bad
319.70 0.27 6.00 bad
62.30 0.45 6.00 bad
477.20 0.27 8.00 good
154.00 0.19 4.00 good
209.90 0.04 2.00 bad
44.60 0.35 6.00 bad
93.00 0.16 8.00 bad
163.50 0.28 6.00 good