TwoStarRate FourStarRate Mode Class
94
2 3 5 6 8 9 12 13 14 15 17 19 20 21 22 24 25 26 27 28 30 31 33 34 36 37 40 41 45 46 51 52 55 56 57 58 61 62 63 64 65 66 67 68 69 70 73 74 75 77 78 80 81 82 87 88 89 90 93 94 95 96 98 99 100 102 103 107 108 110 111 114 115 117 119 120 122 123 126 129 131 133 135 137 141 142 143 144 147 148 149 150 151 153
0.10 0.24 6.00 bad
0.12 0.27 8.00 bad
0.20 0.21 6.00 good
0.14 0.18 2.00 good
0.16 0.22 6.00 bad
0.18 0.30 8.00 bad
0.08 0.08 6.00 bad
0.24 0.13 6.00 bad
0.14 0.19 2.00 good
0.13 0.25 6.00 bad
0.22 0.23 8.00 bad
0.18 0.22 10.00 bad
0.20 0.20 2.00 good
0.37 0.14 4.00 bad
0.15 0.28 6.00 bad
0.21 0.13 6.00 bad
0.20 0.00 2.00 bad
0.09 0.18 6.00 bad
0.17 0.15 2.00 good
0.11 0.31 8.00 bad
0.18 0.14 6.00 bad
0.30 0.19 6.00 good
0.20 0.23 6.00 good
0.30 0.13 6.00 bad
0.10 0.34 8.00 bad
0.03 0.44 8.00 bad
0.12 0.33 8.00 good
0.14 0.29 6.00 good
0.20 0.23 6.00 bad
0.07 0.33 8.00 good
0.30 0.21 6.00 bad
0.04 0.30 10.00 bad
0.28 0.20 6.00 bad
0.20 0.10 6.00 good
0.07 0.29 8.00 bad
0.05 0.30 10.00 good
0.08 0.44 8.00 good
0.50 0.34 4.00 bad
0.07 0.20 2.00 good
0.27 0.14 2.00 bad
0.28 0.07 6.00 bad
0.14 0.19 6.00 bad
0.06 0.25 10.00 good
0.11 0.30 8.00 bad
0.05 0.42 8.00 bad
0.10 0.32 2.00 bad
0.11 0.39 8.00 bad
0.22 0.31 6.00 bad
0.10 0.30 6.00 good
0.07 0.27 10.00 bad
0.10 0.24 6.00 bad
0.03 0.19 10.00 bad
0.08 0.08 6.00 bad
0.41 0.05 4.00 bad
0.09 0.19 10.00 bad
0.10 0.23 10.00 good
0.17 0.28 8.00 bad
0.13 0.07 2.00 bad
0.08 0.34 8.00 bad
0.11 0.33 8.00 good
0.23 0.00 6.00 bad
0.11 0.33 8.00 good
0.08 0.33 8.00 good
0.12 0.26 6.00 bad
0.02 0.27 6.00 bad
0.14 0.21 2.00 good
0.08 0.26 6.00 bad
0.12 0.17 10.00 bad
0.02 0.20 10.00 good
0.21 0.24 6.00 bad
0.16 0.26 8.00 good
0.02 0.23 10.00 bad
0.19 0.19 6.00 bad
0.11 0.14 6.00 bad
0.06 0.33 8.00 good
0.18 0.25 8.00 good
0.10 0.29 8.00 bad
0.08 0.30 6.00 good
0.06 0.21 10.00 good
0.07 0.26 10.00 good
0.41 0.11 4.00 good
0.13 0.33 8.00 bad
0.09 0.29 8.00 bad
0.05 0.33 10.00 good
0.03 0.49 8.00 bad
0.05 0.24 10.00 good
0.21 0.24 8.00 bad
0.25 0.18 6.00 bad
0.22 0.09 2.00 good
0.03 0.06 2.00 bad
0.18 0.26 8.00 good
0.15 0.20 6.00 bad
0.07 0.19 10.00 bad
0.22 0.22 6.00 good