AddListCount TwoStarRate ThreeStarRate Class
95
2 3 4 5 9 10 11 12 13 14 16 19 20 21 22 28 29 30 31 32 33 34 35 36 38 39 40 41 43 44 45 46 48 49 53 55 57 58 59 60 61 62 63 65 66 71 73 74 75 76 77 80 81 84 85 86 87 89 91 93 96 97 99 100 101 102 104 106 107 110 112 114 116 117 118 119 123 124 126 127 128 129 132 133 135 137 139 141 142 143 145 146 148 150 153
12 0.10 0.40 bad
38 0.12 0.27 bad
22 0.09 0.33 bad
122 0.20 0.26 good
14 0.18 0.26 bad
25 0.26 0.23 bad
15 0.04 0.40 bad
12 0.08 0.44 bad
9 0.24 0.39 bad
136 0.14 0.21 good
25 0.22 0.23 good
70 0.18 0.22 bad
17 0.20 0.15 good
12 0.37 0.16 bad
61 0.15 0.40 bad
73 0.11 0.25 bad
68 0.10 0.22 good
9 0.18 0.32 bad
6 0.30 0.33 good
111 0.09 0.31 bad
49 0.20 0.29 good
24 0.30 0.39 bad
254 0.12 0.18 good
63 0.10 0.23 bad
19 0.35 0.27 bad
1 0.26 0.16 bad
172 0.12 0.24 good
289 0.14 0.34 good
18 0.13 0.24 good
242 0.07 0.11 good
93 0.20 0.30 bad
28 0.07 0.19 good
371 0.09 0.33 bad
13 0.10 0.39 bad
1 0.33 0.14 bad
11 0.28 0.33 bad
551 0.07 0.21 bad
70 0.05 0.14 good
138 0.21 0.21 good
19 0.21 0.18 bad
33 0.08 0.25 good
3 0.50 0.08 bad
21 0.07 0.12 good
22 0.28 0.31 bad
2 0.14 0.43 bad
119 0.12 0.25 bad
8 0.11 0.22 bad
16 0.22 0.36 bad
8 0.10 0.40 good
110 0.07 0.15 good
183 0.07 0.22 bad
193 0.03 0.13 bad
4 0.08 0.54 bad
3 0.14 0.33 bad
55 0.19 0.15 good
53 0.03 0.30 bad
65 0.09 0.23 bad
49 0.17 0.27 bad
218 0.08 0.16 good
121 0.08 0.26 bad
100 0.11 0.28 good
7 0.03 0.26 good
253 0.12 0.34 bad
8 0.02 0.34 bad
65 0.10 0.26 bad
39 0.14 0.26 good
5 0.31 0.34 bad
102 0.14 0.27 good
188 0.12 0.15 bad
31 0.21 0.28 bad
63 0.20 0.30 bad
218 0.02 0.09 bad
7 0.12 0.42 good
5 0.11 0.45 bad
112 0.11 0.39 bad
274 0.06 0.20 good
32 0.08 0.37 good
57 0.19 0.29 good
48 0.06 0.16 good
146 0.06 0.22 good
108 0.08 0.13 good
510 0.07 0.16 good
131 0.14 0.25 good
1 0.13 0.33 bad
293 0.09 0.24 bad
303 0.05 0.15 good
206 0.07 0.24 good
19 0.03 0.19 bad
365 0.05 0.15 good
42 0.21 0.22 bad
28 0.10 0.45 bad
710 0.09 0.27 good
54 0.03 0.04 bad
5 0.15 0.35 bad
50 0.22 0.25 good