ThreeStarRate FiveStarRate Median Class
98
2 3 4 5 7 9 10 13 14 15 16 17 18 20 21 24 25 27 28 29 30 35 36 37 39 40 41 43 45 49 52 53 56 57 58 59 60 61 62 63 64 65 66 67 68 69 70 72 73 75 76 77 79 80 81 82 83 85 87 88 91 95 96 98 99 100 101 102 105 106 107 109 110 113 114 116 117 118 121 123 124 127 129 130 131 134 138 139 140 141 144 146 147 148 149 150 151 152
0.40 0.15 6.00 bad
0.27 0.18 6.00 bad
0.33 0.10 6.00 bad
0.26 0.12 6.00 good
0.48 0.11 6.00 bad
0.26 0.02 6.00 bad
0.23 0.09 6.00 bad
0.39 0.09 6.00 bad
0.21 0.20 6.00 good
0.27 0.23 6.00 bad
0.23 0.14 6.00 good
0.20 0.12 6.00 bad
0.28 0.28 6.00 bad
0.15 0.13 4.00 good
0.16 0.04 4.00 bad
0.36 0.11 6.00 bad
0.20 0.20 4.00 bad
0.21 0.05 4.00 good
0.25 0.27 8.00 bad
0.22 0.36 8.00 good
0.32 0.11 6.00 bad
0.18 0.21 6.00 good
0.23 0.19 8.00 bad
0.20 0.28 8.00 bad
0.16 0.00 2.00 bad
0.24 0.19 8.00 good
0.34 0.17 6.00 good
0.24 0.14 6.00 good
0.30 0.10 6.00 bad
0.39 0.10 6.00 bad
0.15 0.42 8.00 bad
0.14 0.10 4.00 bad
0.32 0.13 6.00 good
0.21 0.18 6.00 bad
0.14 0.37 8.00 good
0.21 0.25 6.00 good
0.18 0.23 6.00 bad
0.25 0.21 8.00 good
0.08 0.00 4.00 bad
0.12 0.30 6.00 good
0.21 0.02 4.00 bad
0.31 0.07 4.00 bad
0.43 0.10 6.00 bad
0.16 0.42 8.00 good
0.25 0.22 8.00 bad
0.26 0.21 8.00 bad
0.04 0.20 8.00 bad
0.26 0.35 8.00 good
0.22 0.17 8.00 bad
0.40 0.10 6.00 good
0.15 0.24 8.00 good
0.22 0.37 8.00 bad
0.26 0.10 6.00 bad
0.13 0.58 10.00 bad
0.54 0.13 6.00 bad
0.20 0.22 4.00 bad
0.28 0.22 6.00 bad
0.15 0.10 4.00 good
0.23 0.27 6.00 bad
0.18 0.30 8.00 good
0.16 0.34 8.00 good
0.46 0.15 6.00 bad
0.28 0.17 8.00 good
0.22 0.29 8.00 good
0.34 0.17 6.00 bad
0.34 0.25 8.00 bad
0.26 0.27 8.00 bad
0.26 0.08 6.00 good
0.19 0.31 8.00 good
0.27 0.16 6.00 good
0.15 0.31 6.00 bad
0.36 0.10 6.00 bad
0.28 0.10 6.00 bad
0.36 0.14 6.00 bad
0.09 0.60 10.00 bad
0.42 0.17 6.00 good
0.45 0.09 6.00 bad
0.39 0.11 6.00 bad
0.32 0.02 4.00 bad
0.37 0.20 6.00 good
0.29 0.11 6.00 good
0.22 0.36 8.00 good
0.16 0.37 8.00 good
0.28 0.17 6.00 bad
0.13 0.06 4.00 good
0.21 0.18 8.00 good
0.22 0.18 6.00 bad
0.24 0.22 8.00 good
0.07 0.05 8.00 bad
0.19 0.15 8.00 bad
0.27 0.09 6.00 bad
0.27 0.19 8.00 good
0.19 0.02 4.00 good
0.04 0.08 2.00 bad
0.23 0.15 6.00 good
0.35 0.15 6.00 bad
0.16 0.37 8.00 bad
0.28 0.09 6.00 good