ThreeStarRate FourStarRate Kurtosis Class
102
1 2 3 4 5 7 8 9 10 11 12 13 15 16 19 20 21 22 23 24 25 27 29 31 33 34 36 38 39 41 42 43 47 49 50 52 53 54 55 56 60 63 64 66 67 69 71 72 74 75 78 79 80 81 82 84 85 86 87 88 89 91 92 93 95 98 99 101 103 104 105 106 107 109 110 111 112 114 115 116 117 118 121 122 125 127 128 129 131 132 134 136 137 139 140 141 143 145 148 149 151 153
0.23 0.36 406.22 good
0.40 0.24 267.71 bad
0.27 0.27 155.27 bad
0.33 0.25 113.07 bad
0.26 0.21 93.52 good
0.48 0.11 181.37 bad
0.30 0.22 196.73 bad
0.26 0.30 110.48 bad
0.23 0.27 143.84 bad
0.40 0.32 491.68 bad
0.44 0.08 114.51 bad
0.39 0.13 156.17 bad
0.27 0.25 188.48 bad
0.23 0.20 87.54 good
0.22 0.22 181.41 bad
0.15 0.20 48.29 good
0.16 0.14 66.70 bad
0.40 0.28 468.11 bad
0.28 0.08 78.49 good
0.36 0.13 114.10 bad
0.20 0.00 28.01 bad
0.21 0.15 40.03 good
0.22 0.20 194.89 good
0.33 0.19 211.54 good
0.29 0.23 163.05 good
0.39 0.13 192.82 bad
0.23 0.34 203.97 bad
0.27 0.17 172.89 bad
0.16 0.05 53.89 bad
0.34 0.29 389.04 good
0.26 0.20 74.29 bad
0.24 0.14 44.83 good
0.20 0.22 85.63 bad
0.39 0.23 155.38 bad
0.32 0.14 119.73 good
0.15 0.30 453.60 bad
0.14 0.00 31.11 bad
0.33 0.21 245.77 good
0.33 0.20 182.02 bad
0.32 0.10 74.03 good
0.18 0.20 95.85 bad
0.12 0.20 55.29 good
0.21 0.14 59.06 bad
0.43 0.19 204.65 bad
0.16 0.25 278.88 good
0.26 0.42 758.93 bad
0.25 0.25 106.33 bad
0.26 0.20 259.41 good
0.36 0.31 393.48 bad
0.40 0.30 344.01 good
0.33 0.24 147.32 bad
0.26 0.17 65.93 bad
0.13 0.19 599.56 bad
0.54 0.08 173.53 bad
0.20 0.05 87.78 bad
0.33 0.19 116.65 bad
0.15 0.24 51.21 good
0.30 0.27 249.84 bad
0.23 0.19 95.46 bad
0.18 0.23 118.81 good
0.27 0.28 208.64 bad
0.16 0.28 191.97 good
0.16 0.29 444.03 good
0.26 0.34 288.02 bad
0.46 0.00 128.84 bad
0.22 0.33 391.57 good
0.34 0.26 243.27 bad
0.26 0.27 286.97 bad
0.50 0.26 664.54 bad
0.34 0.04 92.39 bad
0.19 0.33 385.10 good
0.27 0.24 114.14 good
0.15 0.17 72.91 bad
0.36 0.24 170.95 bad
0.28 0.24 131.59 bad
0.26 0.26 113.09 good
0.30 0.15 84.03 bad
0.09 0.23 875.52 bad
0.35 0.19 125.49 bad
0.42 0.12 138.45 good
0.45 0.14 132.92 bad
0.39 0.30 387.39 bad
0.32 0.08 102.63 bad
0.28 0.29 313.76 bad
0.08 0.20 1797.82 good
0.22 0.26 319.05 good
0.13 0.23 82.37 good
0.16 0.26 209.65 good
0.13 0.11 58.14 good
0.25 0.35 212.10 good
0.21 0.34 176.74 good
0.32 0.05 63.17 bad
0.15 0.33 478.73 good
0.24 0.36 304.97 good
0.07 0.54 361.68 bad
0.19 0.49 311.51 bad
0.22 0.24 86.23 bad
0.45 0.33 909.70 bad
0.04 0.06 9.99 bad
0.23 0.26 113.50 good
0.16 0.19 105.22 bad
0.25 0.22 105.28 good