BookScoreCount Mode Median Class
100
0 1 2 3 5 6 8 9 10 12 14 16 18 19 20 22 24 26 28 29 30 34 36 37 39 40 41 43 44 45 46 48 50 51 54 60 61 62 64 67 68 71 72 74 78 79 80 81 82 84 87 89 90 92 93 95 96 99 100 104 105 106 107 108 109 110 111 112 113 114 115 116 117 118 119 120 121 122 123 124 125 127 129 131 132 133 134 135 136 137 139 140 142 146 147 148 149 150 152 153
568 8.00 6.00 good
967 8.00 8.00 good
47 6.00 6.00 bad
129 8.00 6.00 bad
439 6.00 6.00 good
187 2.00 6.00 good
177 6.00 6.00 bad
51 8.00 6.00 bad
78 8.00 6.00 bad
25 6.00 6.00 bad
454 2.00 6.00 good
119 6.00 6.00 good
23 10.00 6.00 bad
250 10.00 6.00 bad
112 2.00 4.00 good
159 6.00 6.00 bad
70 6.00 6.00 bad
100 6.00 6.00 bad
263 8.00 8.00 bad
290 10.00 8.00 good
29 6.00 6.00 bad
97 6.00 6.00 bad
223 8.00 8.00 bad
216 8.00 8.00 bad
20 2.00 2.00 bad
495 8.00 8.00 good
670 6.00 6.00 good
81 2.00 6.00 good
1885 2.00 4.00 good
299 6.00 6.00 bad
108 8.00 8.00 good
1248 8.00 6.00 bad
29 6.00 6.00 good
133 6.00 6.00 bad
43 6.00 6.00 good
108 10.00 6.00 bad
86 8.00 8.00 good
13 4.00 4.00 bad
45 2.00 4.00 bad
90 10.00 8.00 good
153 8.00 8.00 bad
248 8.00 6.00 bad
956 10.00 8.00 good
46 6.00 6.00 bad
217 6.00 6.00 bad
531 2.00 6.00 bad
714 10.00 10.00 bad
25 6.00 6.00 bad
31 4.00 4.00 bad
21 6.00 6.00 bad
182 10.00 6.00 bad
145 8.00 6.00 bad
16 2.00 2.00 bad
527 10.00 8.00 good
396 8.00 8.00 bad
13 6.00 6.00 bad
188 8.00 8.00 good
942 6.00 6.00 bad
42 6.00 8.00 bad
25 6.00 4.00 bad
339 8.00 8.00 good
349 6.00 6.00 good
1184 10.00 6.00 bad
5393 10.00 10.00 good
88 6.00 6.00 bad
112 6.00 6.00 bad
182 8.00 6.00 good
201 6.00 6.00 bad
136 6.00 6.00 bad
1114 10.00 10.00 bad
282 6.00 6.00 bad
19 6.00 6.00 good
34 6.00 6.00 bad
274 6.00 6.00 bad
1575 8.00 8.00 good
45 8.00 6.00 good
59 6.00 4.00 bad
385 8.00 8.00 bad
93 6.00 6.00 good
320 6.00 6.00 good
768 10.00 10.00 good
387 10.00 8.00 good
2063 10.00 8.00 good
31 4.00 4.00 good
614 8.00 6.00 good
23 8.00 6.00 bad
795 8.00 8.00 good
1310 8.00 8.00 bad
68 6.00 4.00 bad
1641 10.00 8.00 good
1100 8.00 8.00 good
21 8.00 8.00 bad
2366 10.00 8.00 good
2356 8.00 8.00 good
208 2.00 4.00 good
1080 2.00 2.00 bad
674 8.00 6.00 good
21 6.00 6.00 bad
45 2.00 6.00 good
209 6.00 6.00 good