BookWordCount TwoStarRate Mode Class
101
0 1 3 4 6 9 11 12 13 14 15 16 18 19 20 21 22 23 27 28 31 32 33 35 38 39 41 43 45 46 47 48 49 50 52 53 54 55 56 57 59 60 61 62 63 64 66 67 68 70 73 78 79 80 81 83 84 85 89 90 92 95 98 101 103 104 106 107 108 109 110 112 113 114 115 117 118 119 121 122 123 125 127 128 129 130 135 136 137 138 139 140 143 144 145 146 147 150 151 152 153
177.20 0.15 8.00 good
289.90 0.08 8.00 good
52.30 0.12 8.00 bad
139.00 0.09 6.00 bad
59.60 0.14 2.00 good
21.30 0.18 8.00 bad
13.40 0.04 6.00 bad
21.80 0.08 6.00 bad
27.50 0.24 6.00 bad
123.80 0.14 2.00 good
257.20 0.13 6.00 bad
135.80 0.22 6.00 good
24.10 0.17 10.00 bad
122.40 0.18 10.00 bad
82.30 0.20 2.00 good
74.10 0.37 4.00 bad
77.70 0.15 6.00 bad
122.20 0.31 4.00 good
147.20 0.17 2.00 good
53.00 0.11 8.00 bad
78.00 0.30 6.00 good
51.10 0.09 8.00 bad
178.90 0.20 6.00 good
713.10 0.12 2.00 good
80.20 0.35 4.00 bad
22.80 0.26 2.00 bad
168.40 0.14 6.00 good
74.40 0.13 2.00 good
380.50 0.20 6.00 bad
123.50 0.07 8.00 good
49.70 0.28 4.00 bad
281.40 0.09 8.00 bad
44.50 0.10 6.00 bad
51.90 0.28 6.00 good
76.10 0.04 10.00 bad
53.70 0.33 2.00 bad
13.00 0.05 6.00 good
106.40 0.28 6.00 bad
40.40 0.20 6.00 good
293.40 0.07 8.00 bad
133.40 0.21 10.00 good
45.10 0.21 10.00 bad
17.00 0.08 8.00 good
49.60 0.50 4.00 bad
108.60 0.07 2.00 good
54.40 0.27 2.00 bad
34.80 0.14 6.00 bad
16.80 0.06 10.00 good
79.60 0.11 8.00 bad
55.40 0.10 2.00 bad
68.60 0.11 8.00 bad
70.00 0.10 6.00 bad
131.20 0.19 2.00 bad
144.70 0.03 10.00 bad
87.70 0.08 6.00 bad
40.80 0.17 6.00 bad
30.00 0.14 6.00 bad
87.20 0.19 2.00 good
153.20 0.17 8.00 bad
50.40 0.13 2.00 bad
116.50 0.04 10.00 good
99.00 0.23 6.00 bad
170.60 0.08 8.00 good
219.60 0.10 10.00 bad
21.40 0.08 6.00 bad
150.50 0.31 6.00 bad
64.40 0.14 6.00 good
310.00 0.12 10.00 bad
446.50 0.02 10.00 good
101.10 0.14 6.00 bad
133.50 0.21 6.00 bad
107.80 0.20 6.00 bad
247.80 0.13 6.00 bad
31.70 0.02 10.00 bad
119.20 0.19 6.00 bad
59.10 0.11 6.00 bad
92.20 0.11 6.00 bad
427.70 0.06 8.00 good
145.90 0.30 6.00 bad
79.20 0.10 8.00 bad
153.40 0.08 6.00 good
65.70 0.02 10.00 good
34.20 0.06 10.00 good
296.70 0.08 10.00 good
322.80 0.07 10.00 good
46.30 0.13 6.00 bad
335.20 0.09 8.00 bad
72.70 0.24 6.00 bad
448.70 0.05 10.00 good
212.90 0.10 2.00 bad
130.30 0.07 8.00 good
43.40 0.30 8.00 bad
177.70 0.21 8.00 bad
319.70 0.25 6.00 bad
62.30 0.10 6.00 bad
477.20 0.09 8.00 good
154.00 0.22 2.00 good
44.60 0.15 6.00 bad
93.00 0.07 10.00 bad
163.50 0.19 2.00 good
73.20 0.22 6.00 good