TwoStarRate FourStarRate Kurtosis Class
101
1 2 5 6 7 8 12 13 14 15 16 17 18 20 21 22 25 27 28 29 30 33 34 37 40 44 45 46 47 48 49 51 53 54 56 57 58 60 62 63 66 67 68 69 70 71 72 73 76 77 78 79 80 81 83 84 85 87 91 92 93 95 96 97 98 99 100 104 105 106 108 109 110 111 112 114 116 117 119 120 122 123 124 125 127 128 129 130 131 132 136 137 138 139 142 143 146 148 150 151 152
0.08 0.36 406.22 good
0.10 0.24 267.71 bad
0.20 0.21 93.52 good
0.14 0.18 75.15 good
0.15 0.11 181.37 bad
0.16 0.22 196.73 bad
0.08 0.08 114.51 bad
0.24 0.13 156.17 bad
0.14 0.19 68.44 good
0.13 0.25 188.48 bad
0.22 0.20 87.54 good
0.22 0.23 80.31 bad
0.17 0.14 137.29 bad
0.20 0.20 48.29 good
0.37 0.14 66.70 bad
0.15 0.28 468.11 bad
0.20 0.00 28.01 bad
0.17 0.15 40.03 good
0.11 0.31 418.19 bad
0.10 0.20 194.89 good
0.18 0.14 80.73 bad
0.20 0.23 163.05 good
0.30 0.13 192.82 bad
0.03 0.44 948.64 bad
0.12 0.33 227.23 good
0.07 0.16 29.34 good
0.20 0.23 135.14 bad
0.07 0.33 218.67 good
0.28 0.22 85.63 bad
0.09 0.33 362.40 bad
0.10 0.23 155.38 bad
0.30 0.21 339.26 bad
0.33 0.00 31.11 bad
0.05 0.21 245.77 good
0.20 0.10 74.03 good
0.07 0.29 94.54 bad
0.05 0.30 256.16 good
0.21 0.20 95.85 bad
0.50 0.34 199.64 bad
0.07 0.20 55.29 good
0.14 0.19 204.65 bad
0.06 0.25 278.88 good
0.11 0.30 223.96 bad
0.05 0.42 758.93 bad
0.10 0.32 49.13 bad
0.12 0.25 106.33 bad
0.08 0.20 259.41 good
0.11 0.39 278.58 bad
0.07 0.36 159.36 good
0.07 0.27 440.27 bad
0.10 0.24 147.32 bad
0.19 0.17 65.93 bad
0.03 0.19 599.56 bad
0.08 0.08 173.53 bad
0.17 0.22 188.48 bad
0.14 0.19 116.65 bad
0.19 0.24 51.21 good
0.09 0.19 95.46 bad
0.08 0.28 191.97 good
0.04 0.29 444.03 good
0.08 0.34 288.02 bad
0.23 0.00 128.84 bad
0.11 0.33 282.28 good
0.03 0.40 198.40 good
0.08 0.33 391.57 good
0.12 0.26 243.27 bad
0.02 0.27 297.05 bad
0.31 0.04 92.39 bad
0.08 0.33 385.10 good
0.14 0.24 114.14 good
0.02 0.20 1238.93 good
0.14 0.24 170.95 bad
0.21 0.24 131.59 bad
0.16 0.26 113.09 good
0.20 0.15 84.03 bad
0.02 0.23 875.52 bad
0.12 0.12 138.45 good
0.11 0.14 132.92 bad
0.06 0.33 297.36 good
0.18 0.25 75.21 good
0.10 0.29 313.76 bad
0.08 0.30 502.72 good
0.19 0.20 101.09 good
0.02 0.20 1797.82 good
0.06 0.26 319.05 good
0.08 0.23 82.37 good
0.07 0.26 209.65 good
0.13 0.16 73.99 bad
0.41 0.11 58.14 good
0.14 0.35 212.10 good
0.24 0.05 63.17 bad
0.05 0.33 478.73 good
0.10 0.19 56.35 bad
0.07 0.36 304.97 good
0.05 0.24 364.52 good
0.21 0.24 86.23 bad
0.09 0.37 402.15 good
0.03 0.06 9.99 bad
0.15 0.20 158.29 bad
0.07 0.19 105.22 bad
0.19 0.14 62.68 good