ThreeStarRate FourStarRate Kurtosis Class
94
0 2 4 7 10 11 14 15 16 17 20 21 23 25 26 27 28 29 32 34 36 37 38 40 42 44 45 47 49 51 53 55 56 58 60 61 64 65 66 67 68 69 70 71 72 74 75 76 77 78 82 83 87 89 91 92 95 97 99 100 102 103 104 105 106 108 109 110 112 113 114 115 118 119 120 122 123 126 127 128 129 132 136 137 138 139 141 142 144 145 148 149 151 153
0.28 0.30 200.91 good
0.40 0.24 267.71 bad
0.33 0.25 113.07 bad
0.48 0.11 181.37 bad
0.23 0.27 143.84 bad
0.40 0.32 491.68 bad
0.21 0.19 68.44 good
0.27 0.25 188.48 bad
0.23 0.20 87.54 good
0.20 0.23 80.31 bad
0.15 0.20 48.29 good
0.16 0.14 66.70 bad
0.28 0.08 78.49 good
0.20 0.00 28.01 bad
0.43 0.18 249.04 bad
0.21 0.15 40.03 good
0.25 0.31 418.19 bad
0.22 0.20 194.89 good
0.31 0.39 404.81 bad
0.39 0.13 192.82 bad
0.23 0.34 203.97 bad
0.20 0.44 948.64 bad
0.27 0.17 172.89 bad
0.24 0.33 227.23 good
0.26 0.20 74.29 bad
0.11 0.16 29.34 good
0.30 0.23 135.14 bad
0.20 0.22 85.63 bad
0.39 0.23 155.38 bad
0.37 0.21 339.26 bad
0.14 0.00 31.11 bad
0.33 0.20 182.02 bad
0.32 0.10 74.03 good
0.14 0.30 256.16 good
0.18 0.20 95.85 bad
0.25 0.44 1104.85 good
0.21 0.14 59.06 bad
0.31 0.07 77.07 bad
0.43 0.19 204.65 bad
0.16 0.25 278.88 good
0.25 0.30 223.96 bad
0.26 0.42 758.93 bad
0.04 0.32 49.13 bad
0.25 0.25 106.33 bad
0.26 0.20 259.41 good
0.36 0.31 393.48 bad
0.40 0.30 344.01 good
0.15 0.36 159.36 good
0.22 0.27 440.27 bad
0.33 0.24 147.32 bad
0.20 0.05 87.78 bad
0.28 0.22 188.48 bad
0.23 0.19 95.46 bad
0.27 0.28 208.64 bad
0.16 0.28 191.97 good
0.16 0.29 444.03 good
0.46 0.00 128.84 bad
0.26 0.40 198.40 good
0.34 0.26 243.27 bad
0.34 0.27 297.05 bad
0.26 0.21 65.28 good
0.50 0.26 664.54 bad
0.34 0.04 92.39 bad
0.19 0.33 385.10 good
0.27 0.24 114.14 good
0.10 0.20 1238.93 good
0.36 0.24 170.95 bad
0.28 0.24 131.59 bad
0.30 0.15 84.03 bad
0.36 0.21 164.81 bad
0.09 0.23 875.52 bad
0.35 0.19 125.49 bad
0.39 0.30 387.39 bad
0.20 0.33 297.36 good
0.20 0.25 75.21 good
0.28 0.29 313.76 bad
0.37 0.30 502.72 good
0.16 0.21 76.64 good
0.22 0.26 319.05 good
0.13 0.23 82.37 good
0.16 0.26 209.65 good
0.25 0.35 212.10 good
0.32 0.05 63.17 bad
0.15 0.33 478.73 good
0.22 0.19 56.35 bad
0.24 0.36 304.97 good
0.19 0.49 311.51 bad
0.15 0.24 364.52 good
0.27 0.18 97.95 bad
0.45 0.33 909.70 bad
0.04 0.06 9.99 bad
0.23 0.26 113.50 good
0.16 0.19 105.22 bad
0.25 0.22 105.28 good