BookWordCount BookScoreCount Mode Class
100
1 2 3 4 5 6 7 8 12 13 14 16 17 18 19 20 21 22 23 24 26 27 28 29 30 32 36 38 39 40 41 42 44 45 46 47 49 50 52 53 57 58 59 60 61 62 64 66 69 71 72 75 78 79 80 81 82 84 86 87 88 91 92 94 96 97 98 99 101 102 103 104 105 106 109 110 112 113 114 115 121 122 124 130 131 133 134 135 139 140 141 143 144 145 146 147 148 150 151 153
289.90 967 8.00 good
48.30 47 6.00 bad
52.30 129 8.00 bad
139.00 78 6.00 bad
158.50 439 6.00 good
59.60 187 2.00 good
38.90 27 6.00 bad
143.50 177 6.00 bad
21.80 25 6.00 bad
27.50 48 6.00 bad
123.80 454 2.00 good
135.80 119 6.00 good
33.60 36 8.00 bad
24.10 23 10.00 bad
122.40 250 10.00 bad
82.30 112 2.00 good
74.10 44 4.00 bad
77.70 159 6.00 bad
122.20 116 4.00 good
74.80 70 6.00 bad
62.70 100 6.00 bad
147.20 150 2.00 good
53.00 263 8.00 bad
233.90 290 10.00 good
150.70 29 6.00 bad
51.10 292 8.00 bad
87.00 223 8.00 bad
80.20 63 4.00 bad
22.80 20 2.00 bad
153.10 495 8.00 good
168.40 670 6.00 good
300.10 686 2.00 bad
296.80 1885 2.00 good
380.50 299 6.00 bad
123.50 108 8.00 good
49.70 79 4.00 bad
44.50 72 6.00 bad
51.90 29 6.00 good
76.10 1780 10.00 bad
53.70 22 2.00 bad
293.40 2109 8.00 bad
63.50 461 10.00 good
133.40 484 10.00 good
45.10 108 10.00 bad
17.00 86 8.00 good
49.60 13 4.00 bad
54.40 45 2.00 bad
34.80 21 6.00 bad
7.30 20 8.00 bad
98.90 248 8.00 bad
390.00 956 10.00 good
39.60 21 6.00 good
70.00 217 6.00 bad
131.20 531 2.00 bad
144.70 714 10.00 bad
87.70 25 6.00 bad
183.00 31 4.00 bad
30.00 21 6.00 bad
129.90 222 6.00 bad
112.10 182 10.00 bad
315.30 1636 10.00 good
126.20 654 10.00 good
116.50 527 10.00 good
63.70 218 8.00 good
34.10 188 8.00 good
22.20 39 8.00 good
170.60 2113 8.00 good
181.90 942 6.00 bad
219.60 219 10.00 bad
78.10 225 2.00 good
21.40 29 6.00 bad
150.50 25 6.00 bad
198.70 339 8.00 good
64.40 349 6.00 good
101.10 88 6.00 bad
133.50 112 6.00 bad
107.80 201 6.00 bad
247.80 136 6.00 bad
31.70 1114 10.00 bad
119.20 282 6.00 bad
145.90 59 6.00 bad
79.20 385 8.00 bad
223.00 320 6.00 good
46.30 82 6.00 bad
195.70 31 4.00 good
145.80 23 8.00 bad
179.50 795 8.00 good
335.20 1310 8.00 bad
130.30 1100 8.00 good
43.40 21 8.00 bad
25.10 83 8.00 bad
177.70 153 8.00 bad
319.70 364 6.00 bad
62.30 61 6.00 bad
477.20 2356 8.00 good
154.00 208 2.00 good
209.90 1080 2.00 bad
44.60 21 6.00 bad
93.00 638 10.00 bad
73.20 209 6.00 good