TwoStarRate ThreeStarRate Median Class
91
0 2 3 4 6 10 11 12 13 18 19 20 23 24 25 26 27 30 31 32 34 35 38 40 41 43 44 45 46 47 50 51 53 54 57 59 61 63 65 67 68 69 70 72 74 76 77 78 79 80 81 83 84 85 86 88 89 90 91 92 94 96 97 98 99 100 103 105 107 111 112 114 115 117 119 121 122 125 126 127 131 133 134 135 136 137 141 143 144 151 153
0.15 0.28 6.00 good
0.10 0.40 6.00 bad
0.12 0.27 6.00 bad
0.09 0.33 6.00 bad
0.14 0.21 6.00 good
0.26 0.23 6.00 bad
0.04 0.40 6.00 bad
0.08 0.44 6.00 bad
0.24 0.39 6.00 bad
0.17 0.28 6.00 bad
0.18 0.22 6.00 bad
0.20 0.15 4.00 good
0.31 0.28 4.00 good
0.21 0.36 6.00 bad
0.20 0.20 4.00 bad
0.09 0.43 6.00 bad
0.17 0.21 4.00 good
0.18 0.32 6.00 bad
0.30 0.33 6.00 good
0.09 0.31 8.00 bad
0.30 0.39 6.00 bad
0.12 0.18 6.00 good
0.35 0.27 6.00 bad
0.12 0.24 8.00 good
0.14 0.34 6.00 good
0.13 0.24 6.00 good
0.07 0.11 4.00 good
0.20 0.30 6.00 bad
0.07 0.19 8.00 good
0.28 0.20 4.00 bad
0.28 0.32 6.00 good
0.30 0.37 6.00 bad
0.33 0.14 4.00 bad
0.05 0.33 6.00 good
0.07 0.21 6.00 bad
0.21 0.21 6.00 good
0.08 0.25 8.00 good
0.07 0.12 6.00 good
0.28 0.31 4.00 bad
0.06 0.16 8.00 good
0.11 0.25 8.00 bad
0.05 0.26 8.00 bad
0.10 0.04 8.00 bad
0.08 0.26 8.00 good
0.22 0.36 6.00 bad
0.07 0.15 8.00 good
0.07 0.22 8.00 bad
0.10 0.33 6.00 bad
0.19 0.26 6.00 bad
0.03 0.13 10.00 bad
0.08 0.54 6.00 bad
0.17 0.28 6.00 bad
0.14 0.33 6.00 bad
0.19 0.15 4.00 good
0.03 0.30 8.00 bad
0.10 0.18 8.00 good
0.17 0.27 6.00 bad
0.13 0.20 2.00 bad
0.08 0.16 8.00 good
0.04 0.16 8.00 good
0.11 0.23 8.00 good
0.11 0.28 8.00 good
0.03 0.26 8.00 good
0.08 0.22 8.00 good
0.12 0.34 6.00 bad
0.02 0.34 8.00 bad
0.08 0.50 6.00 bad
0.08 0.19 8.00 good
0.12 0.15 6.00 bad
0.16 0.26 6.00 good
0.20 0.30 6.00 bad
0.02 0.09 10.00 bad
0.19 0.35 6.00 bad
0.11 0.45 6.00 bad
0.06 0.20 8.00 good
0.30 0.32 4.00 bad
0.10 0.28 8.00 bad
0.02 0.08 10.00 good
0.06 0.16 8.00 good
0.06 0.22 8.00 good
0.41 0.13 4.00 good
0.13 0.33 6.00 bad
0.12 0.21 8.00 good
0.09 0.24 8.00 bad
0.24 0.32 4.00 bad
0.05 0.15 8.00 good
0.03 0.19 8.00 bad
0.21 0.22 6.00 bad
0.25 0.27 6.00 bad
0.07 0.16 8.00 bad
0.22 0.25 6.00 good