AddListCount ThreeStarRate Median Class
99
1 4 6 8 10 11 14 15 16 17 18 20 21 22 23 26 27 31 35 36 37 39 40 43 44 46 49 50 53 54 55 56 57 59 61 63 64 65 66 68 69 70 71 72 73 76 77 78 79 80 82 84 85 88 89 91 92 94 97 98 99 100 101 102 103 104 105 106 108 110 111 113 116 117 118 119 120 121 122 123 124 125 128 130 131 133 134 135 136 137 140 141 143 144 145 146 150 152 153
492 0.23 8.00 good
22 0.33 6.00 bad
42 0.21 6.00 good
53 0.30 6.00 bad
25 0.23 6.00 bad
15 0.40 6.00 bad
136 0.21 6.00 good
204 0.27 6.00 bad
25 0.23 6.00 good
10 0.20 6.00 bad
7 0.28 6.00 bad
17 0.15 4.00 good
12 0.16 4.00 bad
61 0.40 6.00 bad
32 0.28 4.00 good
32 0.43 6.00 bad
31 0.21 4.00 good
6 0.33 6.00 good
254 0.18 6.00 good
63 0.23 8.00 bad
106 0.20 8.00 bad
1 0.16 2.00 bad
172 0.24 8.00 good
18 0.24 6.00 good
242 0.11 4.00 good
28 0.19 8.00 good
13 0.39 6.00 bad
7 0.32 6.00 good
1 0.14 4.00 bad
9 0.33 6.00 good
11 0.33 6.00 bad
13 0.32 6.00 good
551 0.21 6.00 bad
138 0.21 6.00 good
33 0.25 8.00 good
21 0.12 6.00 good
10 0.21 4.00 bad
22 0.31 4.00 bad
2 0.43 6.00 bad
45 0.25 8.00 bad
5 0.26 8.00 bad
2 0.04 8.00 bad
119 0.25 6.00 bad
180 0.26 8.00 good
8 0.22 8.00 bad
110 0.15 8.00 good
183 0.22 8.00 bad
57 0.33 6.00 bad
94 0.26 6.00 bad
193 0.13 10.00 bad
3 0.20 4.00 bad
3 0.33 6.00 bad
55 0.15 4.00 good
321 0.18 8.00 good
49 0.27 6.00 bad
218 0.16 8.00 good
141 0.16 8.00 good
57 0.23 8.00 good
7 0.26 8.00 good
558 0.22 8.00 good
253 0.34 6.00 bad
8 0.34 8.00 bad
65 0.26 8.00 bad
39 0.26 6.00 good
6 0.50 6.00 bad
5 0.34 4.00 bad
98 0.19 8.00 good
102 0.27 6.00 good
1586 0.10 10.00 good
31 0.28 6.00 bad
53 0.26 6.00 good
25 0.36 6.00 bad
7 0.42 6.00 good
5 0.45 6.00 bad
112 0.39 6.00 bad
274 0.20 8.00 good
15 0.20 6.00 good
14 0.32 4.00 bad
126 0.28 8.00 bad
32 0.37 6.00 good
57 0.29 6.00 good
149 0.08 10.00 good
108 0.13 8.00 good
11 0.28 6.00 bad
5 0.13 4.00 good
1 0.33 6.00 bad
168 0.21 8.00 good
293 0.24 8.00 bad
9 0.32 4.00 bad
303 0.15 8.00 good
7 0.07 8.00 bad
19 0.19 8.00 bad
42 0.22 6.00 bad
103 0.27 6.00 bad
28 0.45 6.00 bad
710 0.27 8.00 good
5 0.35 6.00 bad
12 0.28 6.00 good
50 0.25 6.00 good