TwoStarRate FourStarRate Mode Class
89
0 2 4 5 6 7 11 15 16 18 22 24 26 28 29 30 32 33 34 35 39 40 41 42 46 47 48 49 50 51 52 54 55 56 57 58 61 62 64 65 67 68 69 71 73 74 76 79 81 84 87 89 90 91 92 93 96 97 98 101 104 109 112 114 115 116 119 120 121 122 123 129 130 131 135 136 137 138 140 141 142 143 144 146 147 148 150 152 153
0.15 0.30 8.00 good
0.10 0.24 6.00 bad
0.09 0.25 6.00 bad
0.20 0.21 6.00 good
0.14 0.18 2.00 good
0.15 0.11 6.00 bad
0.04 0.32 6.00 bad
0.13 0.25 6.00 bad
0.22 0.20 6.00 good
0.17 0.14 10.00 bad
0.15 0.28 6.00 bad
0.21 0.13 6.00 bad
0.09 0.18 6.00 bad
0.11 0.31 8.00 bad
0.10 0.20 10.00 good
0.18 0.14 6.00 bad
0.09 0.39 8.00 bad
0.20 0.23 6.00 good
0.30 0.13 6.00 bad
0.12 0.14 2.00 good
0.26 0.05 2.00 bad
0.12 0.33 8.00 good
0.14 0.29 6.00 good
0.17 0.20 2.00 bad
0.07 0.33 8.00 good
0.28 0.22 4.00 bad
0.09 0.33 8.00 bad
0.10 0.23 6.00 bad
0.28 0.14 6.00 good
0.30 0.21 6.00 bad
0.04 0.30 10.00 bad
0.05 0.21 6.00 good
0.28 0.20 6.00 bad
0.20 0.10 6.00 good
0.07 0.29 8.00 bad
0.05 0.30 10.00 good
0.08 0.44 8.00 good
0.50 0.34 4.00 bad
0.27 0.14 2.00 bad
0.28 0.07 6.00 bad
0.06 0.25 10.00 good
0.11 0.30 8.00 bad
0.05 0.42 8.00 bad
0.12 0.25 8.00 bad
0.11 0.39 8.00 bad
0.22 0.31 6.00 bad
0.07 0.36 8.00 good
0.19 0.17 2.00 bad
0.08 0.08 6.00 bad
0.14 0.19 6.00 bad
0.09 0.19 10.00 bad
0.17 0.28 8.00 bad
0.13 0.07 2.00 bad
0.08 0.28 10.00 good
0.04 0.29 10.00 good
0.08 0.34 8.00 bad
0.11 0.33 8.00 good
0.03 0.40 8.00 good
0.08 0.33 8.00 good
0.10 0.27 10.00 bad
0.31 0.04 6.00 bad
0.14 0.24 6.00 bad
0.20 0.15 6.00 bad
0.02 0.23 10.00 bad
0.19 0.19 6.00 bad
0.12 0.12 6.00 good
0.06 0.33 8.00 good
0.18 0.25 8.00 good
0.30 0.08 6.00 bad
0.10 0.29 8.00 bad
0.08 0.30 6.00 good
0.07 0.26 10.00 good
0.13 0.16 6.00 bad
0.41 0.11 4.00 good
0.09 0.29 8.00 bad
0.24 0.05 6.00 bad
0.05 0.33 10.00 good
0.10 0.19 2.00 bad
0.30 0.54 8.00 bad
0.03 0.49 8.00 bad
0.05 0.24 10.00 good
0.21 0.24 8.00 bad
0.25 0.18 6.00 bad
0.09 0.37 8.00 good
0.22 0.09 2.00 good
0.03 0.06 2.00 bad
0.15 0.20 6.00 bad
0.19 0.14 2.00 good
0.22 0.22 6.00 good