BookScoreCount AddListCount FourStarRate Class
100
1 2 3 4 8 9 10 11 12 16 17 21 24 25 26 27 28 29 31 32 33 34 35 36 37 39 40 41 42 43 44 45 48 49 51 52 54 55 56 60 61 62 63 64 65 66 67 68 70 72 75 76 77 80 81 83 86 87 89 91 93 95 96 97 98 100 104 105 106 107 108 109 110 111 112 113 115 117 120 121 122 123 124 125 126 127 131 132 134 135 139 140 142 143 144 145 146 148 149 150
967 492 0.36 good
47 12 0.24 bad
129 38 0.27 bad
78 22 0.25 bad
177 53 0.22 bad
51 14 0.30 bad
78 25 0.27 bad
51 15 0.32 bad
25 12 0.08 bad
119 25 0.20 good
36 10 0.23 bad
44 12 0.14 bad
70 23 0.13 bad
11 2 0.00 bad
100 32 0.18 bad
150 31 0.15 good
263 73 0.31 bad
290 68 0.20 good
44 6 0.19 good
292 111 0.39 bad
192 49 0.23 good
97 24 0.13 bad
1909 254 0.14 good
223 63 0.34 bad
216 106 0.44 bad
20 1 0.05 bad
495 172 0.33 good
670 289 0.29 good
686 215 0.20 bad
81 18 0.14 good
1885 242 0.16 good
299 93 0.23 bad
1248 371 0.33 bad
72 13 0.23 bad
133 42 0.21 bad
1780 446 0.30 bad
43 9 0.21 good
55 11 0.20 bad
80 13 0.10 good
108 19 0.20 bad
86 33 0.44 good
13 3 0.34 bad
91 21 0.20 good
45 10 0.14 bad
82 22 0.07 bad
21 2 0.19 bad
90 17 0.25 good
153 45 0.30 bad
51 2 0.32 bad
956 180 0.20 good
21 8 0.30 good
429 110 0.36 good
745 183 0.27 bad
714 193 0.19 bad
25 4 0.08 bad
104 22 0.22 bad
222 53 0.27 bad
182 65 0.19 bad
145 49 0.28 bad
654 218 0.28 good
396 121 0.34 bad
13 4 0.00 bad
188 100 0.33 good
39 7 0.40 good
2113 558 0.33 good
42 8 0.27 bad
25 5 0.04 bad
339 98 0.33 good
349 102 0.24 good
1184 188 0.17 bad
5393 1586 0.20 good
88 34 0.24 bad
112 31 0.24 bad
182 53 0.26 good
201 63 0.15 bad
136 25 0.21 bad
282 76 0.19 bad
34 5 0.14 bad
45 15 0.25 good
59 14 0.08 bad
385 126 0.29 bad
93 32 0.30 good
320 57 0.20 good
768 149 0.20 good
353 48 0.21 good
387 146 0.26 good
31 5 0.11 good
614 131 0.35 good
795 168 0.34 good
1310 293 0.29 bad
1100 206 0.36 good
21 7 0.54 bad
2366 365 0.24 good
153 42 0.24 bad
364 103 0.18 bad
61 28 0.33 bad
2356 710 0.37 good
1080 54 0.06 bad
674 178 0.26 good
21 5 0.20 bad