FourStarRate FiveStarRate Kurtosis Class
92
0 1 2 4 9 10 11 13 15 16 20 27 28 29 30 31 32 36 37 39 41 42 44 45 47 48 52 55 56 57 58 59 60 61 62 63 64 65 66 67 71 73 79 80 83 84 85 86 87 89 90 91 93 94 96 98 100 102 103 105 107 108 109 110 112 113 115 116 118 120 121 122 125 126 127 128 130 133 134 136 137 138 140 141 142 145 146 147 148 150 151 152
0.30 0.15 200.91 good
0.36 0.25 406.22 good
0.24 0.15 267.71 bad
0.25 0.10 113.07 bad
0.30 0.02 110.48 bad
0.27 0.09 143.84 bad
0.32 0.16 491.68 bad
0.13 0.09 156.17 bad
0.25 0.23 188.48 bad
0.20 0.14 87.54 good
0.20 0.13 48.29 good
0.15 0.05 40.03 good
0.31 0.27 418.19 bad
0.20 0.36 194.89 good
0.14 0.11 80.73 bad
0.19 0.09 211.54 good
0.39 0.13 404.81 bad
0.34 0.19 203.97 bad
0.44 0.28 948.64 bad
0.05 0.00 53.89 bad
0.29 0.17 389.04 good
0.20 0.11 74.29 bad
0.16 0.23 29.34 good
0.23 0.10 135.14 bad
0.22 0.08 85.63 bad
0.33 0.17 362.40 bad
0.30 0.42 453.60 bad
0.20 0.06 182.02 bad
0.10 0.13 74.03 good
0.29 0.18 94.54 bad
0.30 0.37 256.16 good
0.21 0.25 148.52 good
0.20 0.23 95.85 bad
0.44 0.21 1104.85 good
0.34 0.00 199.64 bad
0.20 0.30 55.29 good
0.14 0.02 59.06 bad
0.07 0.07 77.07 bad
0.19 0.10 204.65 bad
0.25 0.42 278.88 good
0.25 0.17 106.33 bad
0.39 0.17 278.58 bad
0.17 0.10 65.93 bad
0.19 0.58 599.56 bad
0.22 0.22 188.48 bad
0.19 0.14 116.65 bad
0.24 0.10 51.21 good
0.27 0.26 249.84 bad
0.19 0.27 95.46 bad
0.28 0.17 208.64 bad
0.07 0.07 25.57 bad
0.28 0.34 191.97 good
0.34 0.21 288.02 bad
0.33 0.23 299.63 good
0.33 0.17 282.28 good
0.33 0.29 391.57 good
0.27 0.25 297.05 bad
0.21 0.08 65.28 good
0.26 0.11 664.54 bad
0.33 0.31 385.10 good
0.17 0.31 72.91 bad
0.20 0.63 1238.93 good
0.24 0.10 170.95 bad
0.24 0.10 131.59 bad
0.15 0.11 84.03 bad
0.21 0.14 164.81 bad
0.19 0.07 125.49 bad
0.12 0.17 138.45 good
0.30 0.11 387.39 bad
0.25 0.11 75.21 good
0.08 0.02 102.63 bad
0.29 0.25 313.76 bad
0.20 0.67 1797.82 good
0.21 0.30 76.64 good
0.26 0.36 319.05 good
0.23 0.31 82.37 good
0.16 0.17 73.99 bad
0.33 0.04 194.01 bad
0.34 0.18 176.74 good
0.05 0.09 63.17 bad
0.33 0.38 478.73 good
0.19 0.18 56.35 bad
0.54 0.05 361.68 bad
0.49 0.15 311.51 bad
0.24 0.46 364.52 good
0.33 0.08 909.70 bad
0.37 0.19 402.15 good
0.09 0.02 40.59 good
0.06 0.08 9.99 bad
0.20 0.15 158.29 bad
0.19 0.37 105.22 bad
0.14 0.09 62.68 good