BookScoreCount TwoStarRate FiveStarRate Class
97
2 3 5 6 7 8 10 11 12 14 17 18 19 20 21 24 25 27 30 32 33 34 36 37 40 41 42 43 47 50 51 52 53 55 57 58 59 60 62 63 64 66 69 71 72 74 75 77 80 81 83 84 86 87 88 89 92 96 99 100 103 104 105 108 109 112 113 116 117 118 119 120 121 122 123 125 126 129 130 131 133 134 136 137 140 141 142 143 144 146 147 148 149 150 151 152 153
47 0.10 0.15 bad
129 0.12 0.18 bad
439 0.20 0.12 good
187 0.14 0.23 good
27 0.15 0.11 bad
177 0.16 0.21 bad
78 0.26 0.09 bad
51 0.04 0.16 bad
25 0.08 0.20 bad
454 0.14 0.20 good
36 0.22 0.12 bad
23 0.17 0.28 bad
250 0.18 0.28 bad
112 0.20 0.13 good
44 0.37 0.04 bad
70 0.21 0.11 bad
11 0.20 0.20 bad
150 0.17 0.05 good
29 0.18 0.11 bad
292 0.09 0.13 bad
192 0.20 0.15 good
97 0.30 0.03 bad
223 0.10 0.19 bad
216 0.03 0.28 bad
495 0.12 0.19 good
670 0.14 0.17 good
686 0.17 0.11 bad
81 0.13 0.14 good
79 0.28 0.08 bad
29 0.28 0.07 good
133 0.30 0.07 bad
1780 0.04 0.42 bad
22 0.33 0.10 bad
55 0.28 0.06 bad
2109 0.07 0.18 bad
461 0.05 0.37 good
484 0.21 0.25 good
108 0.21 0.23 bad
13 0.50 0.00 bad
91 0.07 0.30 good
45 0.27 0.02 bad
21 0.14 0.10 bad
20 0.05 0.21 bad
248 0.12 0.17 bad
956 0.08 0.35 good
46 0.22 0.04 bad
21 0.10 0.10 good
745 0.07 0.37 bad
714 0.03 0.58 bad
25 0.08 0.13 bad
104 0.17 0.22 bad
21 0.14 0.14 bad
222 0.03 0.26 bad
182 0.09 0.27 bad
1636 0.10 0.30 good
145 0.17 0.17 bad
527 0.04 0.42 good
188 0.11 0.17 good
942 0.12 0.17 bad
42 0.02 0.25 bad
29 0.08 0.11 bad
25 0.31 0.09 bad
339 0.08 0.31 good
5393 0.02 0.63 good
88 0.14 0.10 bad
201 0.20 0.11 bad
136 0.13 0.14 bad
19 0.12 0.17 good
34 0.11 0.09 bad
274 0.11 0.11 bad
1575 0.06 0.29 good
45 0.18 0.11 good
59 0.30 0.02 bad
385 0.10 0.25 bad
93 0.08 0.20 good
768 0.02 0.67 good
353 0.06 0.30 good
2063 0.07 0.37 good
82 0.13 0.17 bad
31 0.41 0.06 good
23 0.13 0.04 bad
795 0.12 0.18 good
68 0.24 0.09 bad
1641 0.05 0.38 good
21 0.30 0.05 bad
83 0.03 0.15 bad
2366 0.05 0.46 good
153 0.21 0.10 bad
364 0.25 0.09 bad
2356 0.09 0.19 good
208 0.22 0.02 good
1080 0.03 0.08 bad
674 0.18 0.15 good
21 0.15 0.15 bad
638 0.07 0.37 bad
45 0.19 0.09 good
209 0.22 0.12 good