BookWordCount BookScoreCount TwoStarRate Class
95
3 4 5 10 11 13 14 15 16 18 20 21 22 23 25 26 28 29 30 31 32 33 34 36 37 38 40 42 43 44 45 47 48 49 51 52 54 55 56 57 58 63 64 65 66 67 68 71 74 75 76 79 80 81 84 86 87 88 89 90 91 93 94 97 101 103 104 105 106 109 111 112 113 114 116 117 120 121 122 125 128 129 131 132 133 134 139 142 143 145 147 148 151 152 153
52.30 129 0.12 bad
139.00 78 0.09 bad
158.50 439 0.20 good
82.50 78 0.26 bad
13.40 51 0.04 bad
27.50 48 0.24 bad
123.80 454 0.14 good
257.20 658 0.13 bad
135.80 119 0.22 good
24.10 23 0.17 bad
82.30 112 0.20 good
74.10 44 0.37 bad
77.70 159 0.15 bad
122.20 116 0.31 good
35.90 11 0.20 bad
62.70 100 0.09 bad
53.00 263 0.11 bad
233.90 290 0.10 good
150.70 29 0.18 bad
78.00 44 0.30 good
51.10 292 0.09 bad
178.90 192 0.20 good
154.60 97 0.30 bad
87.00 223 0.10 bad
51.30 216 0.03 bad
80.20 63 0.35 bad
153.10 495 0.12 good
300.10 686 0.17 bad
74.40 81 0.13 good
296.80 1885 0.07 good
380.50 299 0.20 bad
49.70 79 0.28 bad
281.40 1248 0.09 bad
44.50 72 0.10 bad
84.60 133 0.30 bad
76.10 1780 0.04 bad
13.00 43 0.05 good
106.40 55 0.28 bad
40.40 80 0.20 good
293.40 2109 0.07 bad
63.50 461 0.05 good
108.60 91 0.07 good
54.40 45 0.27 bad
72.20 82 0.28 bad
34.80 21 0.14 bad
16.80 90 0.06 good
79.60 153 0.11 bad
98.90 248 0.12 bad
49.30 46 0.22 bad
39.60 21 0.10 good
46.20 429 0.07 good
131.20 531 0.19 bad
144.70 714 0.03 bad
87.70 25 0.08 bad
30.00 21 0.14 bad
129.90 222 0.03 bad
112.10 182 0.09 bad
315.30 1636 0.10 good
153.20 145 0.17 bad
50.40 16 0.13 bad
126.20 654 0.08 good
90.50 396 0.08 bad
63.70 218 0.11 good
22.20 39 0.03 good
219.60 219 0.10 bad
21.40 29 0.08 bad
150.50 25 0.31 bad
198.70 339 0.08 good
64.40 349 0.14 good
101.10 88 0.14 bad
148.90 182 0.16 good
107.80 201 0.20 bad
247.80 136 0.13 bad
31.70 1114 0.02 bad
118.30 19 0.12 good
59.10 34 0.11 bad
85.80 45 0.18 good
145.90 59 0.30 bad
79.20 385 0.10 bad
65.70 768 0.02 good
296.70 607 0.08 good
322.80 2063 0.07 good
195.70 31 0.41 good
237.20 614 0.14 good
145.80 23 0.13 bad
179.50 795 0.12 good
130.30 1100 0.07 good
518.00 2366 0.05 good
177.70 153 0.21 bad
62.30 61 0.10 bad
154.00 208 0.22 good
209.90 1080 0.03 bad
93.00 638 0.07 bad
163.50 45 0.19 good
73.20 209 0.22 good