BookWordCount BookScore Mode Class
101
0 1 2 3 5 6 8 9 10 11 12 18 19 20 21 23 24 26 28 30 34 35 37 39 40 41 42 43 45 50 51 53 54 55 57 58 60 61 63 64 65 66 69 70 73 75 77 78 79 81 82 83 85 86 88 89 91 95 96 97 99 100 101 102 103 104 105 106 107 108 109 110 112 114 116 117 118 119 122 124 126 127 129 130 133 136 137 138 139 140 142 143 144 145 146 147 149 150 151 152 153
177.20 6.4 8.00 good
289.90 7.2 8.00 good
48.30 6.4 6.00 bad
52.30 6.4 8.00 bad
158.50 5.6 6.00 good
59.60 6.0 2.00 good
143.50 6.5 6.00 bad
21.30 5.4 8.00 bad
82.50 5.8 8.00 bad
13.40 6.9 6.00 bad
21.80 6.0 6.00 bad
24.10 6.5 10.00 bad
122.40 6.7 10.00 bad
82.30 5.3 2.00 good
74.10 4.6 4.00 bad
122.20 4.7 4.00 good
74.80 5.5 6.00 bad
62.70 6.5 6.00 bad
53.00 7.2 8.00 bad
150.70 5.4 6.00 bad
154.60 5.1 6.00 bad
713.10 5.5 2.00 good
51.30 7.8 8.00 bad
22.80 3.5 2.00 bad
153.10 6.7 8.00 good
168.40 6.7 6.00 good
300.10 5.4 2.00 bad
74.40 5.1 2.00 good
380.50 5.8 6.00 bad
51.90 5.3 6.00 good
84.60 5.9 6.00 bad
53.70 4.0 2.00 bad
13.00 7.0 6.00 good
106.40 5.6 6.00 bad
293.40 6.2 8.00 bad
63.50 7.5 10.00 good
45.10 6.2 10.00 bad
17.00 7.5 8.00 good
108.60 6.2 2.00 good
54.40 4.4 2.00 bad
72.20 4.8 6.00 bad
34.80 5.9 6.00 bad
7.30 7.4 8.00 bad
55.40 5.9 2.00 bad
68.60 6.8 8.00 bad
39.60 6.4 6.00 good
1070.70 7.6 10.00 bad
70.00 6.2 6.00 bad
131.20 5.2 2.00 bad
87.70 5.8 6.00 bad
183.00 5.6 4.00 bad
40.80 6.6 6.00 bad
87.20 5.2 2.00 good
129.90 7.0 6.00 bad
315.30 6.7 10.00 good
153.20 6.4 8.00 bad
126.20 7.2 10.00 good
99.00 5.5 6.00 bad
34.10 6.7 8.00 good
22.20 6.5 8.00 good
181.90 6.5 6.00 bad
59.90 7.0 6.00 bad
219.60 7.1 10.00 bad
78.10 5.3 2.00 good
21.40 6.6 6.00 bad
150.50 4.9 6.00 bad
198.70 7.4 8.00 good
64.40 6.0 6.00 good
310.00 6.4 10.00 bad
446.50 8.7 10.00 good
101.10 6.0 6.00 bad
133.50 5.8 6.00 bad
107.80 5.4 6.00 bad
31.70 8.5 10.00 bad
118.30 6.0 6.00 good
59.10 5.5 6.00 bad
92.20 6.5 6.00 bad
427.70 7.3 8.00 good
79.20 7.0 8.00 bad
223.00 5.6 6.00 good
89.70 6.4 10.00 good
34.20 7.4 10.00 good
322.80 7.3 10.00 good
46.30 5.7 6.00 bad
145.80 5.9 8.00 bad
72.70 4.8 6.00 bad
448.70 7.8 10.00 good
212.90 5.7 2.00 bad
130.30 7.0 8.00 good
43.40 6.4 8.00 bad
518.00 7.8 10.00 good
177.70 5.5 8.00 bad
319.70 5.4 6.00 bad
62.30 6.7 6.00 bad
477.20 7.0 8.00 good
154.00 3.9 2.00 good
382.10 6.0 8.00 good
44.60 6.1 6.00 bad
93.00 6.8 10.00 bad
163.50 5.1 2.00 good
73.20 5.7 6.00 good