BookScore ThreeStarRate Kurtosis Class
99
1 2 4 5 7 10 11 12 14 15 16 18 20 22 24 25 26 28 29 30 32 35 37 38 39 40 42 44 45 48 50 54 55 56 57 58 59 60 61 62 63 64 66 67 68 69 70 71 72 76 79 80 82 83 84 85 86 87 89 90 91 92 94 96 100 102 104 106 108 109 110 111 112 114 115 116 117 118 119 120 122 123 124 127 128 129 130 131 132 133 135 138 141 143 144 149 150 152 153
7.2 0.23 406.22 good
6.4 0.40 267.71 bad
5.8 0.33 113.07 bad
5.6 0.26 93.52 good
5.8 0.48 181.37 bad
5.8 0.23 143.84 bad
6.9 0.40 491.68 bad
6.0 0.44 114.51 bad
5.9 0.21 68.44 good
6.6 0.27 188.48 bad
5.7 0.23 87.54 good
6.5 0.28 137.29 bad
5.3 0.15 48.29 good
6.5 0.40 468.11 bad
5.5 0.36 114.10 bad
4.8 0.20 28.01 bad
6.5 0.43 249.04 bad
7.2 0.25 418.19 bad
7.1 0.22 194.89 good
5.4 0.32 80.73 bad
6.8 0.31 404.81 bad
5.5 0.18 41.11 good
7.8 0.20 948.64 bad
5.9 0.27 172.89 bad
3.5 0.16 53.89 bad
6.7 0.24 227.23 good
5.4 0.26 74.29 bad
5.4 0.11 29.34 good
5.8 0.30 135.14 bad
6.8 0.33 362.40 bad
5.3 0.32 119.73 good
7.0 0.33 245.77 good
5.6 0.33 182.02 bad
5.3 0.32 74.03 good
6.2 0.21 94.54 bad
7.5 0.14 256.16 good
6.5 0.21 148.52 good
6.2 0.18 95.85 bad
7.5 0.25 1104.85 good
5.3 0.08 199.64 bad
6.2 0.12 55.29 good
4.4 0.21 59.06 bad
5.9 0.43 204.65 bad
7.6 0.16 278.88 good
6.8 0.25 223.96 bad
7.4 0.26 758.93 bad
5.9 0.04 49.13 bad
6.1 0.25 106.33 bad
7.3 0.26 259.41 good
6.8 0.15 159.36 good
5.2 0.26 65.93 bad
8.3 0.13 599.56 bad
5.6 0.20 87.78 bad
6.6 0.28 188.48 bad
5.9 0.33 116.65 bad
5.2 0.15 51.21 good
7.0 0.30 249.84 bad
6.4 0.23 95.46 bad
6.4 0.27 208.64 bad
4.0 0.20 25.57 bad
7.2 0.16 191.97 good
7.8 0.16 444.03 good
7.0 0.23 299.63 good
6.7 0.28 282.28 good
7.0 0.34 297.05 bad
5.3 0.26 65.28 good
4.9 0.34 92.39 bad
6.0 0.27 114.14 good
8.7 0.10 1238.93 good
6.0 0.36 170.95 bad
5.8 0.28 131.59 bad
5.8 0.26 113.09 good
5.4 0.30 84.03 bad
8.5 0.09 875.52 bad
5.5 0.35 125.49 bad
6.0 0.42 138.45 good
5.5 0.45 132.92 bad
6.5 0.39 387.39 bad
7.3 0.20 297.36 good
5.6 0.20 75.21 good
7.0 0.28 313.76 bad
7.0 0.37 502.72 good
5.6 0.29 101.09 good
7.4 0.22 319.05 good
6.5 0.13 82.37 good
7.3 0.16 209.65 good
5.7 0.28 73.99 bad
4.4 0.13 58.14 good
6.4 0.25 212.10 good
5.9 0.33 194.01 bad
7.0 0.24 234.30 bad
5.7 0.22 56.35 bad
6.9 0.19 311.51 bad
5.5 0.22 86.23 bad
5.4 0.27 97.95 bad
6.0 0.23 113.50 good
6.1 0.35 158.29 bad
5.1 0.28 62.68 good
5.7 0.25 105.28 good