BookScore FourStarRate Kurtosis Class
99
0 1 2 5 6 7 8 9 10 11 13 14 15 17 19 20 21 22 23 24 25 26 27 29 30 33 36 37 38 39 41 42 43 44 46 48 49 50 51 54 56 57 58 60 61 62 64 65 67 68 70 71 75 77 81 82 83 84 86 88 89 90 91 92 93 97 98 100 105 107 108 110 111 113 114 115 116 117 118 119 120 121 123 124 127 128 129 130 131 132 134 137 138 141 142 147 150 152 153
6.4 0.30 200.91 good
7.2 0.36 406.22 good
6.4 0.24 267.71 bad
5.6 0.21 93.52 good
6.0 0.18 75.15 good
5.8 0.11 181.37 bad
6.5 0.22 196.73 bad
5.4 0.30 110.48 bad
5.8 0.27 143.84 bad
6.9 0.32 491.68 bad
5.5 0.13 156.17 bad
5.9 0.19 68.44 good
6.6 0.25 188.48 bad
5.6 0.23 80.31 bad
6.7 0.22 181.41 bad
5.3 0.20 48.29 good
4.6 0.14 66.70 bad
6.5 0.28 468.11 bad
4.7 0.08 78.49 good
5.5 0.13 114.10 bad
4.8 0.00 28.01 bad
6.5 0.18 249.04 bad
4.5 0.15 40.03 good
7.1 0.20 194.89 good
5.4 0.14 80.73 bad
6.1 0.23 163.05 good
6.7 0.34 203.97 bad
7.8 0.44 948.64 bad
5.9 0.17 172.89 bad
3.5 0.05 53.89 bad
6.7 0.29 389.04 good
5.4 0.20 74.29 bad
5.1 0.14 44.83 good
5.4 0.16 29.34 good
7.1 0.33 218.67 good
6.8 0.33 362.40 bad
5.9 0.23 155.38 bad
5.3 0.14 119.73 good
5.9 0.21 339.26 bad
7.0 0.21 245.77 good
5.3 0.10 74.03 good
6.2 0.29 94.54 bad
7.5 0.30 256.16 good
6.2 0.20 95.85 bad
7.5 0.44 1104.85 good
5.3 0.34 199.64 bad
4.4 0.14 59.06 bad
4.8 0.07 77.07 bad
7.6 0.25 278.88 good
6.8 0.30 223.96 bad
5.9 0.32 49.13 bad
6.1 0.25 106.33 bad
6.4 0.30 344.01 good
7.6 0.27 440.27 bad
5.8 0.08 173.53 bad
5.6 0.05 87.78 bad
6.6 0.22 188.48 bad
5.9 0.19 116.65 bad
7.0 0.27 249.84 bad
6.7 0.23 118.81 good
6.4 0.28 208.64 bad
4.0 0.07 25.57 bad
7.2 0.28 191.97 good
7.8 0.29 444.03 good
6.9 0.34 288.02 bad
6.5 0.40 198.40 good
7.3 0.33 391.57 good
7.0 0.27 297.05 bad
7.4 0.33 385.10 good
6.4 0.17 72.91 bad
8.7 0.20 1238.93 good
5.8 0.24 131.59 bad
5.8 0.26 113.09 good
6.1 0.21 164.81 bad
8.5 0.23 875.52 bad
5.5 0.19 125.49 bad
6.0 0.12 138.45 good
5.5 0.14 132.92 bad
6.5 0.30 387.39 bad
7.3 0.33 297.36 good
5.6 0.25 75.21 good
4.5 0.08 102.63 bad
7.0 0.30 502.72 good
5.6 0.20 101.09 good
7.4 0.26 319.05 good
6.5 0.23 82.37 good
7.3 0.26 209.65 good
5.7 0.16 73.99 bad
4.4 0.11 58.14 good
6.4 0.35 212.10 good
6.5 0.34 176.74 good
7.8 0.33 478.73 good
5.7 0.19 56.35 bad
6.9 0.49 311.51 bad
7.8 0.24 364.52 good
3.9 0.09 40.59 good
6.1 0.20 158.29 bad
5.1 0.14 62.68 good
5.7 0.22 105.28 good