BookWordCount Mode Kurtosis Class
91
0 1 5 6 7 8 9 11 13 14 16 17 18 20 21 22 23 24 25 26 27 28 32 33 35 36 38 39 40 42 46 47 48 49 55 57 58 60 61 63 64 65 67 69 70 74 77 78 79 80 83 84 88 89 92 96 97 98 99 100 101 103 105 107 108 109 110 113 116 117 118 119 121 124 125 126 127 129 132 133 136 138 140 141 142 144 146 150 151 152 153
177.20 8.00 200.91 good
289.90 8.00 406.22 good
158.50 6.00 93.52 good
59.60 2.00 75.15 good
38.90 6.00 181.37 bad
143.50 6.00 196.73 bad
21.30 8.00 110.48 bad
13.40 6.00 491.68 bad
27.50 6.00 156.17 bad
123.80 2.00 68.44 good
135.80 6.00 87.54 good
33.60 8.00 80.31 bad
24.10 10.00 137.29 bad
82.30 2.00 48.29 good
74.10 4.00 66.70 bad
77.70 6.00 468.11 bad
122.20 4.00 78.49 good
74.80 6.00 114.10 bad
35.90 2.00 28.01 bad
62.70 6.00 249.04 bad
147.20 2.00 40.03 good
53.00 8.00 418.19 bad
51.10 8.00 404.81 bad
178.90 6.00 163.05 good
713.10 2.00 41.11 good
87.00 8.00 203.97 bad
80.20 4.00 172.89 bad
22.80 2.00 53.89 bad
153.10 8.00 227.23 good
300.10 2.00 74.29 bad
123.50 8.00 218.67 good
49.70 4.00 85.63 bad
281.40 8.00 362.40 bad
44.50 6.00 155.38 bad
106.40 6.00 182.02 bad
293.40 8.00 94.54 bad
63.50 10.00 256.16 good
45.10 10.00 95.85 bad
17.00 8.00 1104.85 good
108.60 2.00 55.29 good
54.40 2.00 59.06 bad
72.20 6.00 77.07 bad
16.80 10.00 278.88 good
7.30 8.00 758.93 bad
55.40 2.00 49.13 bad
49.30 6.00 393.48 bad
1070.70 10.00 440.27 bad
70.00 6.00 147.32 bad
131.20 2.00 65.93 bad
144.70 10.00 599.56 bad
40.80 6.00 188.48 bad
30.00 6.00 116.65 bad
315.30 10.00 118.81 good
153.20 8.00 208.64 bad
116.50 10.00 444.03 good
34.10 8.00 282.28 good
22.20 8.00 198.40 good
170.60 8.00 391.57 good
181.90 6.00 243.27 bad
59.90 6.00 297.05 bad
219.60 10.00 286.97 bad
21.40 6.00 664.54 bad
198.70 8.00 385.10 good
310.00 10.00 72.91 bad
446.50 10.00 1238.93 good
101.10 6.00 170.95 bad
133.50 6.00 131.59 bad
247.80 6.00 164.81 bad
118.30 6.00 138.45 good
59.10 6.00 132.92 bad
92.20 6.00 387.39 bad
427.70 8.00 297.36 good
145.90 6.00 102.63 bad
223.00 6.00 101.09 good
65.70 10.00 1797.82 good
89.70 10.00 76.64 good
34.20 10.00 319.05 good
322.80 10.00 209.65 good
237.20 8.00 212.10 good
145.80 8.00 194.01 bad
72.70 6.00 63.17 bad
212.90 2.00 56.35 bad
43.40 8.00 361.68 bad
25.10 8.00 311.51 bad
518.00 10.00 364.52 good
319.70 6.00 97.95 bad
477.20 8.00 402.15 good
44.60 6.00 158.29 bad
93.00 10.00 105.22 bad
163.50 2.00 62.68 good
73.20 6.00 105.28 good