BookWordCount AddListCount FiveStarRate Class
101
0 1 3 4 6 7 9 10 14 15 16 18 19 21 22 23 24 25 27 29 30 31 32 33 34 35 39 41 43 45 46 47 48 49 52 54 55 56 57 58 59 63 65 67 68 69 70 71 72 73 74 75 77 78 79 82 83 84 85 86 90 91 92 94 95 97 99 100 104 106 107 108 111 112 113 114 115 116 117 121 122 124 125 128 129 130 131 133 134 136 137 138 139 141 144 146 147 149 150 152 153
177.20 214 0.15 good
289.90 492 0.25 good
52.30 38 0.18 bad
139.00 22 0.10 bad
59.60 42 0.23 good
38.90 8 0.11 bad
21.30 14 0.02 bad
82.50 25 0.09 bad
123.80 136 0.20 good
257.20 204 0.23 bad
135.80 25 0.14 good
24.10 7 0.28 bad
122.40 70 0.28 bad
74.10 12 0.04 bad
77.70 61 0.11 bad
122.20 32 0.06 good
74.80 23 0.11 bad
35.90 2 0.20 bad
147.20 31 0.05 good
233.90 68 0.36 good
150.70 9 0.11 bad
78.00 6 0.09 good
51.10 111 0.13 bad
178.90 49 0.15 good
154.60 24 0.03 bad
713.10 254 0.21 good
22.80 1 0.00 bad
168.40 289 0.17 good
74.40 18 0.14 good
380.50 93 0.10 bad
123.50 28 0.27 good
49.70 20 0.08 bad
281.40 371 0.17 bad
44.50 13 0.10 bad
76.10 446 0.42 bad
13.00 9 0.29 good
106.40 11 0.06 bad
40.40 13 0.13 good
293.40 551 0.18 bad
63.50 70 0.37 good
133.40 138 0.25 good
108.60 21 0.30 good
72.20 22 0.07 bad
16.80 17 0.42 good
79.60 45 0.22 bad
7.30 5 0.21 bad
55.40 2 0.20 bad
98.90 119 0.17 bad
390.00 180 0.35 good
68.60 8 0.17 bad
49.30 16 0.04 bad
39.60 8 0.10 good
1070.70 183 0.37 bad
70.00 57 0.16 bad
131.20 94 0.10 bad
183.00 3 0.22 bad
40.80 22 0.22 bad
30.00 3 0.14 bad
87.20 55 0.10 good
129.90 53 0.26 bad
50.40 4 0.07 bad
126.20 218 0.34 good
116.50 141 0.42 good
63.70 57 0.23 good
99.00 4 0.15 bad
22.20 7 0.13 good
181.90 253 0.17 bad
59.90 8 0.25 bad
150.50 5 0.09 bad
64.40 102 0.16 good
310.00 188 0.31 bad
446.50 1586 0.63 good
148.90 53 0.12 good
107.80 63 0.11 bad
247.80 25 0.14 bad
31.70 218 0.60 bad
119.20 76 0.07 bad
118.30 7 0.17 good
59.10 5 0.09 bad
145.90 14 0.02 bad
79.20 126 0.25 bad
223.00 57 0.11 good
65.70 149 0.67 good
296.70 108 0.31 good
322.80 510 0.37 good
46.30 11 0.17 bad
195.70 5 0.06 good
145.80 1 0.04 bad
179.50 168 0.18 good
72.70 9 0.09 bad
448.70 303 0.38 good
212.90 53 0.18 bad
130.30 206 0.22 good
25.10 19 0.15 bad
319.70 103 0.09 bad
477.20 710 0.19 good
154.00 26 0.02 good
382.10 178 0.15 good
44.60 5 0.15 bad
163.50 12 0.09 good
73.20 50 0.12 good