BookWordCount ThreeStarRate Median Class
98
2 3 4 6 9 10 15 17 19 22 23 24 27 28 29 30 32 33 34 36 38 39 40 43 44 45 46 47 48 49 50 51 54 55 63 66 67 69 71 72 73 74 77 79 80 82 83 85 86 87 88 89 92 93 94 95 96 97 98 99 100 101 102 103 104 105 107 108 110 113 114 115 116 117 118 120 121 122 124 125 126 128 129 130 131 134 135 136 138 139 140 141 143 145 146 148 151 152
48.30 0.40 6.00 bad
52.30 0.27 6.00 bad
139.00 0.33 6.00 bad
59.60 0.21 6.00 good
21.30 0.26 6.00 bad
82.50 0.23 6.00 bad
257.20 0.27 6.00 bad
33.60 0.20 6.00 bad
122.40 0.22 6.00 bad
77.70 0.40 6.00 bad
122.20 0.28 4.00 good
74.80 0.36 6.00 bad
147.20 0.21 4.00 good
53.00 0.25 8.00 bad
233.90 0.22 8.00 good
150.70 0.32 6.00 bad
51.10 0.31 8.00 bad
178.90 0.29 6.00 good
154.60 0.39 6.00 bad
87.00 0.23 8.00 bad
80.20 0.27 6.00 bad
22.80 0.16 2.00 bad
153.10 0.24 8.00 good
74.40 0.24 6.00 good
296.80 0.11 4.00 good
380.50 0.30 6.00 bad
123.50 0.19 8.00 good
49.70 0.20 4.00 bad
281.40 0.33 6.00 bad
44.50 0.39 6.00 bad
51.90 0.32 6.00 good
84.60 0.37 6.00 bad
13.00 0.33 6.00 good
106.40 0.33 6.00 bad
108.60 0.12 6.00 good
34.80 0.43 6.00 bad
16.80 0.16 8.00 good
7.30 0.26 8.00 bad
98.90 0.25 6.00 bad
390.00 0.26 8.00 good
68.60 0.22 8.00 bad
49.30 0.36 6.00 bad
1070.70 0.22 8.00 bad
131.20 0.26 6.00 bad
144.70 0.13 10.00 bad
183.00 0.20 4.00 bad
40.80 0.28 6.00 bad
87.20 0.15 4.00 good
129.90 0.30 8.00 bad
112.10 0.23 6.00 bad
315.30 0.18 8.00 good
153.20 0.27 6.00 bad
116.50 0.16 8.00 good
90.50 0.26 8.00 bad
63.70 0.23 8.00 good
99.00 0.46 6.00 bad
34.10 0.28 8.00 good
22.20 0.26 8.00 good
170.60 0.22 8.00 good
181.90 0.34 6.00 bad
59.90 0.34 8.00 bad
219.60 0.26 8.00 bad
78.10 0.26 6.00 good
21.40 0.50 6.00 bad
150.50 0.34 4.00 bad
198.70 0.19 8.00 good
310.00 0.15 6.00 bad
446.50 0.10 10.00 good
133.50 0.28 6.00 bad
247.80 0.36 6.00 bad
31.70 0.09 10.00 bad
119.20 0.35 6.00 bad
118.30 0.42 6.00 good
59.10 0.45 6.00 bad
92.20 0.39 6.00 bad
85.80 0.20 6.00 good
145.90 0.32 4.00 bad
79.20 0.28 8.00 bad
223.00 0.29 6.00 good
65.70 0.08 10.00 good
89.70 0.16 8.00 good
296.70 0.13 8.00 good
322.80 0.16 8.00 good
46.30 0.28 6.00 bad
195.70 0.13 4.00 good
179.50 0.21 8.00 good
335.20 0.24 8.00 bad
72.70 0.32 4.00 bad
212.90 0.22 6.00 bad
130.30 0.24 8.00 good
43.40 0.07 8.00 bad
25.10 0.19 8.00 bad
177.70 0.22 6.00 bad
62.30 0.45 6.00 bad
477.20 0.27 8.00 good
209.90 0.04 2.00 bad
93.00 0.16 8.00 bad
163.50 0.28 6.00 good