BookScoreCount FourStarRate Kurtosis Class
104
0 1 2 4 5 8 9 11 12 13 14 15 16 17 18 25 26 27 30 31 32 34 36 37 39 40 42 43 44 45 46 50 51 53 54 58 59 60 61 63 64 65 67 69 70 71 72 73 75 76 79 80 82 83 84 85 87 88 90 91 92 93 96 97 98 100 101 102 103 104 105 106 107 108 109 110 111 113 114 115 117 118 120 121 123 125 126 127 128 132 134 135 136 137 140 141 143 145 147 148 150 151 152 153
568 0.30 200.91 good
967 0.36 406.22 good
47 0.24 267.71 bad
78 0.25 113.07 bad
439 0.21 93.52 good
177 0.22 196.73 bad
51 0.30 110.48 bad
51 0.32 491.68 bad
25 0.08 114.51 bad
48 0.13 156.17 bad
454 0.19 68.44 good
658 0.25 188.48 bad
119 0.20 87.54 good
36 0.23 80.31 bad
23 0.14 137.29 bad
11 0.00 28.01 bad
100 0.18 249.04 bad
150 0.15 40.03 good
29 0.14 80.73 bad
44 0.19 211.54 good
292 0.39 404.81 bad
97 0.13 192.82 bad
223 0.34 203.97 bad
216 0.44 948.64 bad
20 0.05 53.89 bad
495 0.33 227.23 good
686 0.20 74.29 bad
81 0.14 44.83 good
1885 0.16 29.34 good
299 0.23 135.14 bad
108 0.33 218.67 good
29 0.14 119.73 good
133 0.21 339.26 bad
22 0.00 31.11 bad
43 0.21 245.77 good
461 0.30 256.16 good
484 0.21 148.52 good
108 0.20 95.85 bad
86 0.44 1104.85 good
91 0.20 55.29 good
45 0.14 59.06 bad
82 0.07 77.07 bad
90 0.25 278.88 good
20 0.42 758.93 bad
51 0.32 49.13 bad
248 0.25 106.33 bad
956 0.20 259.41 good
19 0.39 278.58 bad
21 0.30 344.01 good
429 0.36 159.36 good
531 0.17 65.93 bad
714 0.19 599.56 bad
31 0.05 87.78 bad
104 0.22 188.48 bad
21 0.19 116.65 bad
356 0.24 51.21 good
182 0.19 95.46 bad
1636 0.23 118.81 good
16 0.07 25.57 bad
654 0.28 191.97 good
527 0.29 444.03 good
396 0.34 288.02 bad
188 0.33 282.28 good
39 0.40 198.40 good
2113 0.33 391.57 good
42 0.27 297.05 bad
219 0.27 286.97 bad
225 0.21 65.28 good
29 0.26 664.54 bad
25 0.04 92.39 bad
339 0.33 385.10 good
349 0.24 114.14 good
1184 0.17 72.91 bad
5393 0.20 1238.93 good
88 0.24 170.95 bad
112 0.24 131.59 bad
182 0.26 113.09 good
136 0.21 164.81 bad
1114 0.23 875.52 bad
282 0.19 125.49 bad
34 0.14 132.92 bad
274 0.30 387.39 bad
45 0.25 75.21 good
59 0.08 102.63 bad
93 0.30 502.72 good
768 0.20 1797.82 good
353 0.21 76.64 good
387 0.26 319.05 good
607 0.23 82.37 good
614 0.35 212.10 good
795 0.34 176.74 good
1310 0.29 234.30 bad
68 0.05 63.17 bad
1641 0.33 478.73 good
21 0.54 361.68 bad
83 0.49 311.51 bad
153 0.24 86.23 bad
61 0.33 909.70 bad
208 0.09 40.59 good
1080 0.06 9.99 bad
21 0.20 158.29 bad
638 0.19 105.22 bad
45 0.14 62.68 good
209 0.22 105.28 good