BookScoreCount FourStarRate FiveStarRate Class
91
4 5 7 8 9 10 11 12 13 16 17 18 19 22 23 25 26 27 29 31 32 35 39 40 42 43 44 45 46 47 48 50 52 53 54 55 57 58 59 60 61 62 64 66 67 68 71 72 73 74 75 76 78 87 88 92 93 94 97 98 104 107 109 110 112 114 116 117 120 121 123 125 126 127 128 129 131 133 134 135 136 137 138 139 141 144 145 147 149 151 152
78 0.25 0.10 bad
439 0.21 0.12 good
27 0.11 0.11 bad
177 0.22 0.21 bad
51 0.30 0.02 bad
78 0.27 0.09 bad
51 0.32 0.16 bad
25 0.08 0.20 bad
48 0.13 0.09 bad
119 0.20 0.14 good
36 0.23 0.12 bad
23 0.14 0.28 bad
250 0.22 0.28 bad
159 0.28 0.11 bad
116 0.08 0.06 good
11 0.00 0.20 bad
100 0.18 0.19 bad
150 0.15 0.05 good
290 0.20 0.36 good
44 0.19 0.09 good
292 0.39 0.13 bad
1909 0.14 0.21 good
20 0.05 0.00 bad
495 0.33 0.19 good
686 0.20 0.11 bad
81 0.14 0.14 good
1885 0.16 0.23 good
299 0.23 0.10 bad
108 0.33 0.27 good
79 0.22 0.08 bad
1248 0.33 0.17 bad
29 0.14 0.07 good
1780 0.30 0.42 bad
22 0.00 0.10 bad
43 0.21 0.29 good
55 0.20 0.06 bad
2109 0.29 0.18 bad
461 0.30 0.37 good
484 0.21 0.25 good
108 0.20 0.23 bad
86 0.44 0.21 good
13 0.34 0.00 bad
45 0.14 0.02 bad
21 0.19 0.10 bad
90 0.25 0.42 good
153 0.30 0.22 bad
248 0.25 0.17 bad
956 0.20 0.35 good
19 0.39 0.17 bad
46 0.31 0.04 bad
21 0.30 0.10 good
429 0.36 0.24 good
217 0.24 0.16 bad
182 0.19 0.27 bad
1636 0.23 0.30 good
527 0.29 0.42 good
396 0.34 0.21 bad
218 0.33 0.23 good
39 0.40 0.13 good
2113 0.33 0.29 good
25 0.04 0.09 bad
1184 0.17 0.31 bad
88 0.24 0.10 bad
112 0.24 0.10 bad
201 0.15 0.11 bad
1114 0.23 0.60 bad
19 0.12 0.17 good
34 0.14 0.09 bad
45 0.25 0.11 good
59 0.08 0.02 bad
93 0.30 0.20 good
768 0.20 0.67 good
353 0.21 0.30 good
387 0.26 0.36 good
607 0.23 0.31 good
2063 0.26 0.37 good
31 0.11 0.06 good
23 0.33 0.04 bad
795 0.34 0.18 good
1310 0.29 0.26 bad
68 0.05 0.09 bad
1641 0.33 0.38 good
328 0.19 0.18 bad
1100 0.36 0.22 good
83 0.49 0.15 bad
364 0.18 0.09 bad
61 0.33 0.08 bad
208 0.09 0.02 good
674 0.26 0.15 good
638 0.19 0.37 bad
45 0.14 0.09 good