BookScore BookScoreCount TwoStarRate Class
96
0 1 3 7 8 9 10 11 12 15 16 17 18 19 21 23 25 26 28 29 30 31 32 34 35 36 37 39 40 41 42 43 44 45 46 49 51 52 54 57 58 59 60 61 62 64 65 66 67 68 69 70 71 72 75 79 81 84 85 86 87 91 92 94 95 100 107 108 110 111 113 114 116 118 121 122 123 124 125 126 127 130 133 134 135 136 139 140 142 144 145 146 148 149 150 151
6.4 568 0.15 good
7.2 967 0.08 good
6.4 129 0.12 bad
5.8 27 0.15 bad
6.5 177 0.16 bad
5.4 51 0.18 bad
5.8 78 0.26 bad
6.9 51 0.04 bad
6.0 25 0.08 bad
6.6 658 0.13 bad
5.7 119 0.22 good
5.6 36 0.22 bad
6.5 23 0.17 bad
6.7 250 0.18 bad
4.6 44 0.37 bad
4.7 116 0.31 good
4.8 11 0.20 bad
6.5 100 0.09 bad
7.2 263 0.11 bad
7.1 290 0.10 good
5.4 29 0.18 bad
5.8 44 0.30 good
6.8 292 0.09 bad
5.1 97 0.30 bad
5.5 1909 0.12 good
6.7 223 0.10 bad
7.8 216 0.03 bad
3.5 20 0.26 bad
6.7 495 0.12 good
6.7 670 0.14 good
5.4 686 0.17 bad
5.1 81 0.13 good
5.4 1885 0.07 good
5.8 299 0.20 bad
7.1 108 0.07 good
5.9 72 0.10 bad
5.9 133 0.30 bad
7.9 1780 0.04 bad
7.0 43 0.05 good
6.2 2109 0.07 bad
7.5 461 0.05 good
6.5 484 0.21 good
6.2 108 0.21 bad
7.5 86 0.08 good
5.3 13 0.50 bad
4.4 45 0.27 bad
4.8 82 0.28 bad
5.9 21 0.14 bad
7.6 90 0.06 good
6.8 153 0.11 bad
7.4 20 0.05 bad
5.9 51 0.10 bad
6.1 248 0.12 bad
7.3 956 0.08 good
6.4 21 0.10 good
5.2 531 0.19 bad
5.8 25 0.08 bad
5.9 21 0.14 bad
5.2 356 0.19 good
7.0 222 0.03 bad
6.4 182 0.09 bad
7.2 654 0.08 good
7.8 527 0.04 good
7.0 218 0.11 good
5.5 13 0.23 bad
7.0 42 0.02 bad
6.4 1184 0.12 bad
8.7 5393 0.02 good
5.8 112 0.21 bad
5.8 182 0.16 good
6.1 136 0.13 bad
8.5 1114 0.02 bad
6.0 19 0.12 good
6.5 274 0.11 bad
4.5 59 0.30 bad
7.0 385 0.10 bad
7.0 93 0.08 good
5.6 320 0.19 good
8.9 768 0.02 good
6.4 353 0.06 good
7.4 387 0.06 good
5.7 82 0.13 bad
5.9 23 0.13 bad
6.5 795 0.12 good
7.0 1310 0.09 bad
4.8 68 0.24 bad
7.0 1100 0.07 good
6.4 21 0.30 bad
7.8 2366 0.05 good
5.4 364 0.25 bad
6.7 61 0.10 bad
7.0 2356 0.09 good
3.3 1080 0.03 bad
6.0 674 0.18 good
6.1 21 0.15 bad
6.8 638 0.07 bad