BookScoreCount AddListCount FourStarRate Class
100
1 2 3 6 8 10 11 12 13 15 17 18 20 21 22 23 24 26 27 30 32 34 35 36 37 40 41 42 43 44 45 49 50 51 52 54 55 56 57 58 59 60 61 62 64 65 66 70 72 74 75 77 80 81 82 83 84 85 86 89 91 92 94 95 98 101 102 103 104 105 106 107 108 109 110 111 113 115 116 118 119 122 126 127 128 129 130 131 132 133 134 139 142 143 144 145 147 148 149 152
967 492 0.36 good
47 12 0.24 bad
129 38 0.27 bad
187 42 0.18 good
177 53 0.22 bad
78 25 0.27 bad
51 15 0.32 bad
25 12 0.08 bad
48 9 0.13 bad
658 204 0.25 bad
36 10 0.23 bad
23 7 0.14 bad
112 17 0.20 good
44 12 0.14 bad
159 61 0.28 bad
116 32 0.08 good
70 23 0.13 bad
100 32 0.18 bad
150 31 0.15 good
29 9 0.14 bad
292 111 0.39 bad
97 24 0.13 bad
1909 254 0.14 good
223 63 0.34 bad
216 106 0.44 bad
495 172 0.33 good
670 289 0.29 good
686 215 0.20 bad
81 18 0.14 good
1885 242 0.16 good
299 93 0.23 bad
72 13 0.23 bad
29 7 0.14 good
133 42 0.21 bad
1780 446 0.30 bad
43 9 0.21 good
55 11 0.20 bad
80 13 0.10 good
2109 551 0.29 bad
461 70 0.30 good
484 138 0.21 good
108 19 0.20 bad
86 33 0.44 good
13 3 0.34 bad
45 10 0.14 bad
82 22 0.07 bad
21 2 0.19 bad
51 2 0.32 bad
956 180 0.20 good
46 16 0.31 bad
21 8 0.30 good
745 183 0.27 bad
714 193 0.19 bad
25 4 0.08 bad
31 3 0.05 bad
104 22 0.22 bad
21 3 0.19 bad
356 55 0.24 good
222 53 0.27 bad
145 49 0.28 bad
654 218 0.28 good
527 141 0.29 good
218 57 0.33 good
13 4 0.00 bad
2113 558 0.33 good
219 65 0.27 bad
225 39 0.21 good
29 6 0.26 bad
25 5 0.04 bad
339 98 0.33 good
349 102 0.24 good
1184 188 0.17 bad
5393 1586 0.20 good
88 34 0.24 bad
112 31 0.24 bad
182 53 0.26 good
136 25 0.21 bad
282 76 0.19 bad
19 7 0.12 good
274 112 0.30 bad
1575 274 0.33 good
385 126 0.29 bad
353 48 0.21 good
387 146 0.26 good
607 108 0.23 good
2063 510 0.26 good
82 11 0.16 bad
31 5 0.11 good
614 131 0.35 good
23 1 0.33 bad
795 168 0.34 good
1100 206 0.36 good
2366 365 0.24 good
153 42 0.24 bad
364 103 0.18 bad
61 28 0.33 bad
208 26 0.09 good
1080 54 0.06 bad
674 178 0.26 good
45 12 0.14 good