BookWordCount ThreeStarRate Kurtosis Class
99
0 1 2 3 4 5 7 12 14 15 17 19 21 22 25 27 28 30 31 32 33 34 35 36 37 38 40 42 43 45 48 49 51 53 54 55 56 58 60 62 63 65 67 68 69 70 71 72 73 75 76 78 80 81 82 83 85 90 91 93 94 95 98 99 101 102 104 106 108 110 111 112 116 120 121 122 123 124 126 127 128 129 130 135 136 137 139 140 141 143 145 146 147 148 149 150 151 152 153
177.20 0.28 200.91 good
289.90 0.23 406.22 good
48.30 0.40 267.71 bad
52.30 0.27 155.27 bad
139.00 0.33 113.07 bad
158.50 0.26 93.52 good
38.90 0.48 181.37 bad
21.80 0.44 114.51 bad
123.80 0.21 68.44 good
257.20 0.27 188.48 bad
33.60 0.20 80.31 bad
122.40 0.22 181.41 bad
74.10 0.16 66.70 bad
77.70 0.40 468.11 bad
35.90 0.20 28.01 bad
147.20 0.21 40.03 good
53.00 0.25 418.19 bad
150.70 0.32 80.73 bad
78.00 0.33 211.54 good
51.10 0.31 404.81 bad
178.90 0.29 163.05 good
154.60 0.39 192.82 bad
713.10 0.18 41.11 good
87.00 0.23 203.97 bad
51.30 0.20 948.64 bad
80.20 0.27 172.89 bad
153.10 0.24 227.23 good
300.10 0.26 74.29 bad
74.40 0.24 44.83 good
380.50 0.30 135.14 bad
281.40 0.33 362.40 bad
44.50 0.39 155.38 bad
84.60 0.37 339.26 bad
53.70 0.14 31.11 bad
13.00 0.33 245.77 good
106.40 0.33 182.02 bad
40.40 0.32 74.03 good
63.50 0.14 256.16 good
45.10 0.18 95.85 bad
49.60 0.08 199.64 bad
108.60 0.12 55.29 good
72.20 0.31 77.07 bad
16.80 0.16 278.88 good
79.60 0.25 223.96 bad
7.30 0.26 758.93 bad
55.40 0.04 49.13 bad
98.90 0.25 106.33 bad
390.00 0.26 259.41 good
68.60 0.22 278.58 bad
39.60 0.40 344.01 good
46.20 0.15 159.36 good
70.00 0.33 147.32 bad
144.70 0.13 599.56 bad
87.70 0.54 173.53 bad
183.00 0.20 87.78 bad
40.80 0.28 188.48 bad
87.20 0.15 51.21 good
50.40 0.20 25.57 bad
126.20 0.16 191.97 good
90.50 0.26 288.02 bad
63.70 0.23 299.63 good
99.00 0.46 128.84 bad
170.60 0.22 391.57 good
181.90 0.34 243.27 bad
219.60 0.26 286.97 bad
78.10 0.26 65.28 good
150.50 0.34 92.39 bad
64.40 0.27 114.14 good
446.50 0.10 1238.93 good
133.50 0.28 131.59 bad
148.90 0.26 113.09 good
107.80 0.30 84.03 bad
118.30 0.42 138.45 good
85.80 0.20 75.21 good
145.90 0.32 102.63 bad
79.20 0.28 313.76 bad
153.40 0.37 502.72 good
223.00 0.29 101.09 good
89.70 0.16 76.64 good
34.20 0.22 319.05 good
296.70 0.13 82.37 good
322.80 0.16 209.65 good
46.30 0.28 73.99 bad
335.20 0.24 234.30 bad
72.70 0.32 63.17 bad
448.70 0.15 478.73 good
130.30 0.24 304.97 good
43.40 0.07 361.68 bad
25.10 0.19 311.51 bad
177.70 0.22 86.23 bad
62.30 0.45 909.70 bad
477.20 0.27 402.15 good
154.00 0.19 40.59 good
209.90 0.04 9.99 bad
382.10 0.23 113.50 good
44.60 0.35 158.29 bad
93.00 0.16 105.22 bad
163.50 0.28 62.68 good
73.20 0.25 105.28 good