BookScoreCount AddListCount FiveStarRate Class
98
0 1 2 3 4 6 8 9 11 12 13 14 17 19 20 21 22 25 26 27 28 30 31 32 34 35 36 37 38 39 41 42 45 46 47 48 49 52 53 59 61 62 64 69 70 71 72 73 75 76 77 78 81 82 83 86 87 88 90 91 92 95 96 97 98 100 101 103 104 105 106 107 108 109 110 112 115 116 117 122 125 127 128 130 132 133 134 135 137 139 142 143 144 147 148 149 152 153
568 214 0.15 good
967 492 0.25 good
47 12 0.15 bad
129 38 0.18 bad
78 22 0.10 bad
187 42 0.23 good
177 53 0.21 bad
51 14 0.02 bad
51 15 0.16 bad
25 12 0.20 bad
48 9 0.09 bad
454 136 0.20 good
36 10 0.12 bad
250 70 0.28 bad
112 17 0.13 good
44 12 0.04 bad
159 61 0.11 bad
11 2 0.20 bad
100 32 0.19 bad
150 31 0.05 good
263 73 0.27 bad
29 9 0.11 bad
44 6 0.09 good
292 111 0.13 bad
97 24 0.03 bad
1909 254 0.21 good
223 63 0.19 bad
216 106 0.28 bad
63 19 0.13 bad
20 1 0.00 bad
670 289 0.17 good
686 215 0.11 bad
299 93 0.10 bad
108 28 0.27 good
79 20 0.08 bad
1248 371 0.17 bad
72 13 0.10 bad
1780 446 0.42 bad
22 1 0.10 bad
484 138 0.25 good
86 33 0.21 good
13 3 0.00 bad
45 10 0.02 bad
20 5 0.21 bad
51 2 0.20 bad
248 119 0.17 bad
956 180 0.35 good
19 8 0.17 bad
21 8 0.10 good
429 110 0.24 good
745 183 0.37 bad
217 57 0.16 bad
25 4 0.13 bad
31 3 0.22 bad
104 22 0.22 bad
222 53 0.26 bad
182 65 0.27 bad
1636 321 0.30 good
16 4 0.07 bad
654 218 0.34 good
527 141 0.42 good
13 4 0.15 bad
188 100 0.17 good
39 7 0.13 good
2113 558 0.29 good
42 8 0.25 bad
219 65 0.27 bad
29 6 0.11 bad
25 5 0.09 bad
339 98 0.31 good
349 102 0.16 good
1184 188 0.31 bad
5393 1586 0.63 good
88 34 0.10 bad
112 31 0.10 bad
201 63 0.11 bad
282 76 0.07 bad
19 7 0.17 good
34 5 0.09 bad
385 126 0.25 bad
768 149 0.67 good
387 146 0.36 good
607 108 0.31 good
82 11 0.17 bad
614 131 0.13 good
23 1 0.04 bad
795 168 0.18 good
1310 293 0.26 bad
1641 303 0.38 good
1100 206 0.22 good
2366 365 0.46 good
153 42 0.10 bad
364 103 0.09 bad
208 26 0.02 good
1080 54 0.08 bad
674 178 0.15 good
45 12 0.09 good
209 50 0.12 good