BookScoreCount ThreeStarRate FiveStarRate Class
97
6 8 9 10 12 13 14 18 19 20 21 22 24 26 29 30 31 33 34 35 37 38 40 41 42 43 44 47 53 54 55 58 59 60 62 64 65 66 67 68 70 71 72 73 74 75 76 78 79 80 82 84 87 88 89 90 91 92 93 95 96 97 100 102 103 104 105 106 107 108 109 110 111 113 114 118 120 123 125 127 128 130 131 132 133 135 136 137 139 142 144 145 146 147 149 150 153
187 0.21 0.23 good
177 0.30 0.21 bad
51 0.26 0.02 bad
78 0.23 0.09 bad
25 0.44 0.20 bad
48 0.39 0.09 bad
454 0.21 0.20 good
23 0.28 0.28 bad
250 0.22 0.28 bad
112 0.15 0.13 good
44 0.16 0.04 bad
159 0.40 0.11 bad
70 0.36 0.11 bad
100 0.43 0.19 bad
290 0.22 0.36 good
29 0.32 0.11 bad
44 0.33 0.09 good
192 0.29 0.15 good
97 0.39 0.03 bad
1909 0.18 0.21 good
216 0.20 0.28 bad
63 0.27 0.13 bad
495 0.24 0.19 good
670 0.34 0.17 good
686 0.26 0.11 bad
81 0.24 0.14 good
1885 0.11 0.23 good
79 0.20 0.08 bad
22 0.14 0.10 bad
43 0.33 0.29 good
55 0.33 0.06 bad
461 0.14 0.37 good
484 0.21 0.25 good
108 0.18 0.23 bad
13 0.08 0.00 bad
45 0.21 0.02 bad
82 0.31 0.07 bad
21 0.43 0.10 bad
90 0.16 0.42 good
153 0.25 0.22 bad
51 0.04 0.20 bad
248 0.25 0.17 bad
956 0.26 0.35 good
19 0.22 0.17 bad
46 0.36 0.04 bad
21 0.40 0.10 good
429 0.15 0.24 good
217 0.33 0.16 bad
531 0.26 0.10 bad
714 0.13 0.58 bad
31 0.20 0.22 bad
21 0.33 0.14 bad
182 0.23 0.27 bad
1636 0.18 0.30 good
145 0.27 0.17 bad
16 0.20 0.07 bad
654 0.16 0.34 good
527 0.16 0.42 good
396 0.26 0.21 bad
13 0.46 0.15 bad
188 0.28 0.17 good
39 0.26 0.13 good
42 0.34 0.25 bad
225 0.26 0.08 good
29 0.50 0.11 bad
25 0.34 0.09 bad
339 0.19 0.31 good
349 0.27 0.16 good
1184 0.15 0.31 bad
5393 0.10 0.63 good
88 0.36 0.10 bad
112 0.28 0.10 bad
182 0.26 0.12 good
136 0.36 0.14 bad
1114 0.09 0.60 bad
274 0.39 0.11 bad
45 0.20 0.11 good
93 0.37 0.20 good
768 0.08 0.67 good
387 0.22 0.36 good
607 0.13 0.31 good
82 0.28 0.17 bad
31 0.13 0.06 good
614 0.25 0.13 good
23 0.33 0.04 bad
1310 0.24 0.26 bad
68 0.32 0.09 bad
1641 0.15 0.38 good
1100 0.24 0.22 good
2366 0.15 0.46 good
364 0.27 0.09 bad
61 0.45 0.08 bad
2356 0.27 0.19 good
208 0.19 0.02 good
674 0.23 0.15 good
21 0.35 0.15 bad
209 0.25 0.12 good