BookWordCount Mode Median Class
95
0 2 3 4 5 6 8 9 11 12 13 14 15 16 17 18 19 21 23 25 27 28 29 33 34 35 36 37 39 41 42 43 44 49 53 59 60 63 64 65 67 68 70 71 72 73 74 75 77 79 82 84 87 88 89 91 93 95 96 97 98 99 100 101 102 105 106 107 108 109 110 111 114 118 119 120 121 122 123 125 127 129 131 132 133 134 136 137 138 141 142 146 147 149 150
177.20 8.00 6.00 good
48.30 6.00 6.00 bad
52.30 8.00 6.00 bad
139.00 6.00 6.00 bad
158.50 6.00 6.00 good
59.60 2.00 6.00 good
143.50 6.00 6.00 bad
21.30 8.00 6.00 bad
13.40 6.00 6.00 bad
21.80 6.00 6.00 bad
27.50 6.00 6.00 bad
123.80 2.00 6.00 good
257.20 6.00 6.00 bad
135.80 6.00 6.00 good
33.60 8.00 6.00 bad
24.10 10.00 6.00 bad
122.40 10.00 6.00 bad
74.10 4.00 4.00 bad
122.20 4.00 4.00 good
35.90 2.00 4.00 bad
147.20 2.00 4.00 good
53.00 8.00 8.00 bad
233.90 10.00 8.00 good
178.90 6.00 6.00 good
154.60 6.00 6.00 bad
713.10 2.00 6.00 good
87.00 8.00 8.00 bad
51.30 8.00 8.00 bad
22.80 2.00 2.00 bad
168.40 6.00 6.00 good
300.10 2.00 6.00 bad
74.40 2.00 6.00 good
296.80 2.00 4.00 good
44.50 6.00 6.00 bad
53.70 2.00 4.00 bad
133.40 10.00 6.00 good
45.10 10.00 6.00 bad
108.60 2.00 6.00 good
54.40 2.00 4.00 bad
72.20 6.00 4.00 bad
16.80 10.00 8.00 good
79.60 8.00 8.00 bad
55.40 2.00 8.00 bad
98.90 8.00 6.00 bad
390.00 10.00 8.00 good
68.60 8.00 8.00 bad
49.30 6.00 6.00 bad
39.60 6.00 6.00 good
1070.70 10.00 8.00 bad
131.20 2.00 6.00 bad
183.00 4.00 4.00 bad
30.00 6.00 6.00 bad
112.10 10.00 6.00 bad
315.30 10.00 8.00 good
153.20 8.00 6.00 bad
126.20 10.00 8.00 good
90.50 8.00 8.00 bad
99.00 6.00 6.00 bad
34.10 8.00 8.00 good
22.20 8.00 8.00 good
170.60 8.00 8.00 good
181.90 6.00 6.00 bad
59.90 6.00 8.00 bad
219.60 10.00 8.00 bad
78.10 2.00 6.00 good
198.70 8.00 8.00 good
64.40 6.00 6.00 good
310.00 10.00 6.00 bad
446.50 10.00 10.00 good
101.10 6.00 6.00 bad
133.50 6.00 6.00 bad
148.90 8.00 6.00 good
31.70 10.00 10.00 bad
92.20 6.00 6.00 bad
427.70 8.00 8.00 good
85.80 8.00 6.00 good
145.90 6.00 4.00 bad
79.20 8.00 8.00 bad
153.40 6.00 6.00 good
65.70 10.00 10.00 good
34.20 10.00 8.00 good
322.80 10.00 8.00 good
195.70 4.00 4.00 good
237.20 8.00 6.00 good
145.80 8.00 6.00 bad
179.50 8.00 8.00 good
72.70 6.00 4.00 bad
448.70 10.00 8.00 good
212.90 2.00 6.00 bad
25.10 8.00 8.00 bad
518.00 10.00 8.00 good
477.20 8.00 8.00 good
154.00 2.00 4.00 good
382.10 8.00 6.00 good
44.60 6.00 6.00 bad