BookWordCount Mode Kurtosis Class
99
0 1 3 5 6 7 8 9 11 12 13 16 17 18 21 23 24 25 27 28 29 30 31 33 35 36 38 39 42 43 44 45 48 49 50 54 56 57 58 59 60 63 65 66 67 68 70 71 73 76 77 78 79 80 81 82 84 85 89 90 91 92 94 96 97 98 99 105 107 108 109 112 114 116 118 119 120 121 123 124 125 126 127 130 131 133 135 137 138 141 142 143 144 145 146 147 151 152 153
177.20 8.00 200.91 good
289.90 8.00 406.22 good
52.30 8.00 155.27 bad
158.50 6.00 93.52 good
59.60 2.00 75.15 good
38.90 6.00 181.37 bad
143.50 6.00 196.73 bad
21.30 8.00 110.48 bad
13.40 6.00 491.68 bad
21.80 6.00 114.51 bad
27.50 6.00 156.17 bad
135.80 6.00 87.54 good
33.60 8.00 80.31 bad
24.10 10.00 137.29 bad
74.10 4.00 66.70 bad
122.20 4.00 78.49 good
74.80 6.00 114.10 bad
35.90 2.00 28.01 bad
147.20 2.00 40.03 good
53.00 8.00 418.19 bad
233.90 10.00 194.89 good
150.70 6.00 80.73 bad
78.00 6.00 211.54 good
178.90 6.00 163.05 good
713.10 2.00 41.11 good
87.00 8.00 203.97 bad
80.20 4.00 172.89 bad
22.80 2.00 53.89 bad
300.10 2.00 74.29 bad
74.40 2.00 44.83 good
296.80 2.00 29.34 good
380.50 6.00 135.14 bad
281.40 8.00 362.40 bad
44.50 6.00 155.38 bad
51.90 6.00 119.73 good
13.00 6.00 245.77 good
40.40 6.00 74.03 good
293.40 8.00 94.54 bad
63.50 10.00 256.16 good
133.40 10.00 148.52 good
45.10 10.00 95.85 bad
108.60 2.00 55.29 good
72.20 6.00 77.07 bad
34.80 6.00 204.65 bad
16.80 10.00 278.88 good
79.60 8.00 223.96 bad
55.40 2.00 49.13 bad
98.90 8.00 106.33 bad
68.60 8.00 278.58 bad
46.20 8.00 159.36 good
1070.70 10.00 440.27 bad
70.00 6.00 147.32 bad
131.20 2.00 65.93 bad
144.70 10.00 599.56 bad
87.70 6.00 173.53 bad
183.00 4.00 87.78 bad
30.00 6.00 116.65 bad
87.20 2.00 51.21 good
153.20 8.00 208.64 bad
50.40 2.00 25.57 bad
126.20 10.00 191.97 good
116.50 10.00 444.03 good
63.70 8.00 299.63 good
34.10 8.00 282.28 good
22.20 8.00 198.40 good
170.60 8.00 391.57 good
181.90 6.00 243.27 bad
198.70 8.00 385.10 good
310.00 10.00 72.91 bad
446.50 10.00 1238.93 good
101.10 6.00 170.95 bad
107.80 6.00 84.03 bad
31.70 10.00 875.52 bad
118.30 6.00 138.45 good
92.20 6.00 387.39 bad
427.70 8.00 297.36 good
85.80 8.00 75.21 good
145.90 6.00 102.63 bad
153.40 6.00 502.72 good
223.00 6.00 101.09 good
65.70 10.00 1797.82 good
89.70 10.00 76.64 good
34.20 10.00 319.05 good
46.30 6.00 73.99 bad
195.70 4.00 58.14 good
145.80 8.00 194.01 bad
335.20 8.00 234.30 bad
448.70 10.00 478.73 good
212.90 2.00 56.35 bad
25.10 8.00 311.51 bad
518.00 10.00 364.52 good
177.70 8.00 86.23 bad
319.70 6.00 97.95 bad
62.30 6.00 909.70 bad
477.20 8.00 402.15 good
154.00 2.00 40.59 good
93.00 10.00 105.22 bad
163.50 2.00 62.68 good
73.20 6.00 105.28 good