BookScoreCount FiveStarRate Kurtosis Class
94
0 1 2 6 9 13 14 15 16 19 21 24 26 27 28 29 30 33 35 36 37 39 40 41 45 47 48 49 50 51 52 53 54 55 58 59 62 63 65 67 70 75 76 77 78 79 80 81 82 83 84 85 88 89 91 92 93 94 96 97 99 100 102 104 105 106 107 109 110 112 113 114 116 117 118 121 122 123 127 129 131 132 134 137 138 139 140 141 143 144 145 147 149 151
568 0.15 200.91 good
967 0.25 406.22 good
47 0.15 267.71 bad
187 0.23 75.15 good
51 0.02 110.48 bad
48 0.09 156.17 bad
454 0.20 68.44 good
658 0.23 188.48 bad
119 0.14 87.54 good
250 0.28 181.41 bad
44 0.04 66.70 bad
70 0.11 114.10 bad
100 0.19 249.04 bad
150 0.05 40.03 good
263 0.27 418.19 bad
290 0.36 194.89 good
29 0.11 80.73 bad
192 0.15 163.05 good
1909 0.21 41.11 good
223 0.19 203.97 bad
216 0.28 948.64 bad
20 0.00 53.89 bad
495 0.19 227.23 good
670 0.17 389.04 good
299 0.10 135.14 bad
79 0.08 85.63 bad
1248 0.17 362.40 bad
72 0.10 155.38 bad
29 0.07 119.73 good
133 0.07 339.26 bad
1780 0.42 453.60 bad
22 0.10 31.11 bad
43 0.29 245.77 good
55 0.06 182.02 bad
461 0.37 256.16 good
484 0.25 148.52 good
13 0.00 199.64 bad
91 0.30 55.29 good
82 0.07 77.07 bad
90 0.42 278.88 good
51 0.20 49.13 bad
21 0.10 344.01 good
429 0.24 159.36 good
745 0.37 440.27 bad
217 0.16 147.32 bad
531 0.10 65.93 bad
714 0.58 599.56 bad
25 0.13 173.53 bad
31 0.22 87.78 bad
104 0.22 188.48 bad
21 0.14 116.65 bad
356 0.10 51.21 good
1636 0.30 118.81 good
145 0.17 208.64 bad
654 0.34 191.97 good
527 0.42 444.03 good
396 0.21 288.02 bad
218 0.23 299.63 good
188 0.17 282.28 good
39 0.13 198.40 good
942 0.17 243.27 bad
42 0.25 297.05 bad
225 0.08 65.28 good
25 0.09 92.39 bad
339 0.31 385.10 good
349 0.16 114.14 good
1184 0.31 72.91 bad
88 0.10 170.95 bad
112 0.10 131.59 bad
201 0.11 84.03 bad
136 0.14 164.81 bad
1114 0.60 875.52 bad
19 0.17 138.45 good
34 0.09 132.92 bad
274 0.11 387.39 bad
59 0.02 102.63 bad
385 0.25 313.76 bad
93 0.20 502.72 good
387 0.36 319.05 good
2063 0.37 209.65 good
31 0.06 58.14 good
614 0.13 212.10 good
795 0.18 176.74 good
1641 0.38 478.73 good
328 0.18 56.35 bad
1100 0.22 304.97 good
21 0.05 361.68 bad
83 0.15 311.51 bad
153 0.10 86.23 bad
364 0.09 97.95 bad
61 0.08 909.70 bad
208 0.02 40.59 good
674 0.15 113.50 good
638 0.37 105.22 bad