BookScoreCount AddListCount FourStarRate Class
98
0 1 2 6 7 9 10 12 15 16 17 18 19 20 21 22 23 24 25 31 32 33 34 35 36 38 40 41 42 43 44 45 47 49 50 52 56 57 60 62 63 64 65 66 67 68 69 70 71 72 75 78 79 80 81 83 84 85 86 87 89 91 93 95 97 98 101 103 104 106 107 108 110 111 116 119 120 121 122 123 125 127 128 130 131 132 134 135 136 137 139 141 142 143 146 150 151 153
568 214 0.30 good
967 492 0.36 good
47 12 0.24 bad
187 42 0.18 good
27 8 0.11 bad
51 14 0.30 bad
78 25 0.27 bad
25 12 0.08 bad
658 204 0.25 bad
119 25 0.20 good
36 10 0.23 bad
23 7 0.14 bad
250 70 0.22 bad
112 17 0.20 good
44 12 0.14 bad
159 61 0.28 bad
116 32 0.08 good
70 23 0.13 bad
11 2 0.00 bad
44 6 0.19 good
292 111 0.39 bad
192 49 0.23 good
97 24 0.13 bad
1909 254 0.14 good
223 63 0.34 bad
63 19 0.17 bad
495 172 0.33 good
670 289 0.29 good
686 215 0.20 bad
81 18 0.14 good
1885 242 0.16 good
299 93 0.23 bad
79 20 0.22 bad
72 13 0.23 bad
29 7 0.14 good
1780 446 0.30 bad
80 13 0.10 good
2109 551 0.29 bad
108 19 0.20 bad
13 3 0.34 bad
91 21 0.20 good
45 10 0.14 bad
82 22 0.07 bad
21 2 0.19 bad
90 17 0.25 good
153 45 0.30 bad
20 5 0.42 bad
51 2 0.32 bad
248 119 0.25 bad
956 180 0.20 good
21 8 0.30 good
217 57 0.24 bad
531 94 0.17 bad
714 193 0.19 bad
25 4 0.08 bad
104 22 0.22 bad
21 3 0.19 bad
356 55 0.24 good
222 53 0.27 bad
182 65 0.19 bad
145 49 0.28 bad
654 218 0.28 good
396 121 0.34 bad
13 4 0.00 bad
39 7 0.40 good
2113 558 0.33 good
219 65 0.27 bad
29 6 0.26 bad
25 5 0.04 bad
349 102 0.24 good
1184 188 0.17 bad
5393 1586 0.20 good
112 31 0.24 bad
182 53 0.26 good
19 7 0.12 good
1575 274 0.33 good
45 15 0.25 good
59 14 0.08 bad
385 126 0.29 bad
93 32 0.30 good
768 149 0.20 good
387 146 0.26 good
607 108 0.23 good
82 11 0.16 bad
31 5 0.11 good
614 131 0.35 good
795 168 0.34 good
1310 293 0.29 bad
68 9 0.05 bad
1641 303 0.33 good
1100 206 0.36 good
83 19 0.49 bad
2366 365 0.24 good
153 42 0.24 bad
2356 710 0.37 good
21 5 0.20 bad
638 125 0.19 bad
209 50 0.22 good