BookScoreCount TwoStarRate Kurtosis Class
90
1 5 6 7 8 9 10 11 12 15 18 20 21 23 24 25 27 30 31 34 39 40 41 42 43 45 46 48 51 53 54 55 57 58 60 61 63 69 72 73 74 76 77 78 79 81 82 85 86 87 88 89 90 93 94 97 98 100 102 104 108 109 110 111 113 115 116 118 119 121 123 124 125 126 127 128 129 130 132 133 134 137 138 143 144 145 148 150 152 153
967 0.08 406.22 good
439 0.20 93.52 good
187 0.14 75.15 good
27 0.15 181.37 bad
177 0.16 196.73 bad
51 0.18 110.48 bad
78 0.26 143.84 bad
51 0.04 491.68 bad
25 0.08 114.51 bad
658 0.13 188.48 bad
23 0.17 137.29 bad
112 0.20 48.29 good
44 0.37 66.70 bad
116 0.31 78.49 good
70 0.21 114.10 bad
11 0.20 28.01 bad
150 0.17 40.03 good
29 0.18 80.73 bad
44 0.30 211.54 good
97 0.30 192.82 bad
20 0.26 53.89 bad
495 0.12 227.23 good
670 0.14 389.04 good
686 0.17 74.29 bad
81 0.13 44.83 good
299 0.20 135.14 bad
108 0.07 218.67 good
1248 0.09 362.40 bad
133 0.30 339.26 bad
22 0.33 31.11 bad
43 0.05 245.77 good
55 0.28 182.02 bad
2109 0.07 94.54 bad
461 0.05 256.16 good
108 0.21 95.85 bad
86 0.08 1104.85 good
91 0.07 55.29 good
20 0.05 758.93 bad
956 0.08 259.41 good
19 0.11 278.58 bad
46 0.22 393.48 bad
429 0.07 159.36 good
745 0.07 440.27 bad
217 0.10 147.32 bad
531 0.19 65.93 bad
25 0.08 173.53 bad
31 0.41 87.78 bad
356 0.19 51.21 good
222 0.03 249.84 bad
182 0.09 95.46 bad
1636 0.10 118.81 good
145 0.17 208.64 bad
16 0.13 25.57 bad
396 0.08 288.02 bad
218 0.11 299.63 good
39 0.03 198.40 good
2113 0.08 391.57 good
42 0.02 297.05 bad
225 0.14 65.28 good
25 0.31 92.39 bad
5393 0.02 1238.93 good
88 0.14 170.95 bad
112 0.21 131.59 bad
182 0.16 113.09 good
136 0.13 164.81 bad
282 0.19 125.49 bad
19 0.12 138.45 good
274 0.11 387.39 bad
1575 0.06 297.36 good
59 0.30 102.63 bad
93 0.08 502.72 good
320 0.19 101.09 good
768 0.02 1797.82 good
353 0.06 76.64 good
387 0.06 319.05 good
607 0.08 82.37 good
2063 0.07 209.65 good
82 0.13 73.99 bad
614 0.14 212.10 good
23 0.13 194.01 bad
795 0.12 176.74 good
1641 0.05 478.73 good
328 0.10 56.35 bad
153 0.21 86.23 bad
364 0.25 97.95 bad
61 0.10 909.70 bad
1080 0.03 9.99 bad
21 0.15 158.29 bad
45 0.19 62.68 good
209 0.22 105.28 good