BookWordCount FourStarRate FiveStarRate Class
100
0 1 3 4 5 6 7 8 10 12 13 14 17 19 20 22 23 24 25 26 27 28 29 30 31 32 33 34 37 40 41 43 44 46 47 48 50 51 52 54 56 58 59 60 62 63 66 67 68 69 70 72 74 75 76 77 78 84 87 92 93 94 95 96 97 98 99 101 102 103 104 105 106 108 111 112 113 114 116 118 119 120 121 122 123 124 127 129 135 137 138 139 141 142 144 145 146 150 151 153
177.20 0.30 0.15 good
289.90 0.36 0.25 good
52.30 0.27 0.18 bad
139.00 0.25 0.10 bad
158.50 0.21 0.12 good
59.60 0.18 0.23 good
38.90 0.11 0.11 bad
143.50 0.22 0.21 bad
82.50 0.27 0.09 bad
21.80 0.08 0.20 bad
27.50 0.13 0.09 bad
123.80 0.19 0.20 good
33.60 0.23 0.12 bad
122.40 0.22 0.28 bad
82.30 0.20 0.13 good
77.70 0.28 0.11 bad
122.20 0.08 0.06 good
74.80 0.13 0.11 bad
35.90 0.00 0.20 bad
62.70 0.18 0.19 bad
147.20 0.15 0.05 good
53.00 0.31 0.27 bad
233.90 0.20 0.36 good
150.70 0.14 0.11 bad
78.00 0.19 0.09 good
51.10 0.39 0.13 bad
178.90 0.23 0.15 good
154.60 0.13 0.03 bad
51.30 0.44 0.28 bad
153.10 0.33 0.19 good
168.40 0.29 0.17 good
74.40 0.14 0.14 good
296.80 0.16 0.23 good
123.50 0.33 0.27 good
49.70 0.22 0.08 bad
281.40 0.33 0.17 bad
51.90 0.14 0.07 good
84.60 0.21 0.07 bad
76.10 0.30 0.42 bad
13.00 0.21 0.29 good
40.40 0.10 0.13 good
63.50 0.30 0.37 good
133.40 0.21 0.25 good
45.10 0.20 0.23 bad
49.60 0.34 0.00 bad
108.60 0.20 0.30 good
34.80 0.19 0.10 bad
16.80 0.25 0.42 good
79.60 0.30 0.22 bad
7.30 0.42 0.21 bad
55.40 0.32 0.20 bad
390.00 0.20 0.35 good
49.30 0.31 0.04 bad
39.60 0.30 0.10 good
46.20 0.36 0.24 good
1070.70 0.27 0.37 bad
70.00 0.24 0.16 bad
30.00 0.19 0.14 bad
112.10 0.19 0.27 bad
116.50 0.29 0.42 good
90.50 0.34 0.21 bad
63.70 0.33 0.23 good
99.00 0.00 0.15 bad
34.10 0.33 0.17 good
22.20 0.40 0.13 good
170.60 0.33 0.29 good
181.90 0.26 0.17 bad
219.60 0.27 0.27 bad
78.10 0.21 0.08 good
21.40 0.26 0.11 bad
150.50 0.04 0.09 bad
198.70 0.33 0.31 good
64.40 0.24 0.16 good
446.50 0.20 0.63 good
148.90 0.26 0.12 good
107.80 0.15 0.11 bad
247.80 0.21 0.14 bad
31.70 0.23 0.60 bad
118.30 0.12 0.17 good
92.20 0.30 0.11 bad
427.70 0.33 0.29 good
85.80 0.25 0.11 good
145.90 0.08 0.02 bad
79.20 0.29 0.25 bad
153.40 0.30 0.20 good
223.00 0.20 0.11 good
34.20 0.26 0.36 good
322.80 0.26 0.37 good
335.20 0.29 0.26 bad
448.70 0.33 0.38 good
212.90 0.19 0.18 bad
130.30 0.36 0.22 good
25.10 0.49 0.15 bad
518.00 0.24 0.46 good
319.70 0.18 0.09 bad
62.30 0.33 0.08 bad
477.20 0.37 0.19 good
44.60 0.20 0.15 bad
93.00 0.19 0.37 bad
73.20 0.22 0.12 good