AddListCount FourStarRate Median Class
96
1 2 3 5 6 7 9 10 11 15 19 21 22 23 24 27 29 30 31 32 36 37 38 40 41 43 45 47 48 49 52 53 54 60 61 63 64 65 68 69 70 71 72 73 75 77 78 79 80 81 82 83 85 86 87 88 89 90 91 92 93 96 98 100 101 102 104 106 109 111 112 113 114 115 116 117 119 121 122 124 125 127 128 129 131 137 139 141 142 144 145 147 150 151 152 153
492 0.36 8.00 good
12 0.24 6.00 bad
38 0.27 6.00 bad
122 0.21 6.00 good
42 0.18 6.00 good
8 0.11 6.00 bad
14 0.30 6.00 bad
25 0.27 6.00 bad
15 0.32 6.00 bad
204 0.25 6.00 bad
70 0.22 6.00 bad
12 0.14 4.00 bad
61 0.28 6.00 bad
32 0.08 4.00 good
23 0.13 6.00 bad
31 0.15 4.00 good
68 0.20 8.00 good
9 0.14 6.00 bad
6 0.19 6.00 good
111 0.39 8.00 bad
63 0.34 8.00 bad
106 0.44 8.00 bad
19 0.17 6.00 bad
172 0.33 8.00 good
289 0.29 6.00 good
18 0.14 6.00 good
93 0.23 6.00 bad
20 0.22 4.00 bad
371 0.33 6.00 bad
13 0.23 6.00 bad
446 0.30 8.00 bad
1 0.00 4.00 bad
9 0.21 6.00 good
19 0.20 6.00 bad
33 0.44 8.00 good
21 0.20 6.00 good
10 0.14 4.00 bad
22 0.07 4.00 bad
45 0.30 8.00 bad
5 0.42 8.00 bad
2 0.32 8.00 bad
119 0.25 6.00 bad
180 0.20 8.00 good
8 0.39 8.00 bad
8 0.30 6.00 good
183 0.27 8.00 bad
57 0.24 6.00 bad
94 0.17 6.00 bad
193 0.19 10.00 bad
4 0.08 6.00 bad
3 0.05 4.00 bad
22 0.22 6.00 bad
55 0.24 4.00 good
53 0.27 8.00 bad
65 0.19 6.00 bad
321 0.23 8.00 good
49 0.28 6.00 bad
4 0.07 2.00 bad
218 0.28 8.00 good
141 0.29 8.00 good
121 0.34 8.00 bad
100 0.33 8.00 good
558 0.33 8.00 good
8 0.27 8.00 bad
65 0.27 8.00 bad
39 0.21 6.00 good
5 0.04 4.00 bad
102 0.24 6.00 good
34 0.24 6.00 bad
53 0.26 6.00 good
63 0.15 6.00 bad
25 0.21 6.00 bad
218 0.23 10.00 bad
76 0.19 6.00 bad
7 0.12 6.00 good
5 0.14 6.00 bad
274 0.33 8.00 good
14 0.08 4.00 bad
126 0.29 8.00 bad
57 0.20 6.00 good
149 0.20 10.00 good
146 0.26 8.00 good
108 0.23 8.00 good
510 0.26 8.00 good
5 0.11 4.00 good
303 0.33 8.00 good
206 0.36 8.00 good
19 0.49 8.00 bad
365 0.24 8.00 good
103 0.18 6.00 bad
28 0.33 6.00 bad
26 0.09 4.00 good
5 0.20 6.00 bad
125 0.19 8.00 bad
12 0.14 6.00 good
50 0.22 6.00 good