BookScoreCount AddListCount FourStarRate Class
98
0 1 3 5 6 7 8 9 11 12 17 18 19 20 21 22 25 28 29 30 31 35 36 37 39 41 47 48 49 50 51 52 56 57 58 59 61 62 64 65 66 67 69 72 73 75 76 79 80 82 83 84 85 86 87 88 89 90 91 92 93 94 95 96 97 99 101 103 106 107 111 112 114 116 119 121 124 125 126 128 129 131 132 135 137 138 139 140 141 142 143 144 146 147 148 150 152 153
568 214 0.30 good
967 492 0.36 good
129 38 0.27 bad
439 122 0.21 good
187 42 0.18 good
27 8 0.11 bad
177 53 0.22 bad
51 14 0.30 bad
51 15 0.32 bad
25 12 0.08 bad
36 10 0.23 bad
23 7 0.14 bad
250 70 0.22 bad
112 17 0.20 good
44 12 0.14 bad
159 61 0.28 bad
11 2 0.00 bad
263 73 0.31 bad
290 68 0.20 good
29 9 0.14 bad
44 6 0.19 good
1909 254 0.14 good
223 63 0.34 bad
216 106 0.44 bad
20 1 0.05 bad
670 289 0.29 good
79 20 0.22 bad
1248 371 0.33 bad
72 13 0.23 bad
29 7 0.14 good
133 42 0.21 bad
1780 446 0.30 bad
80 13 0.10 good
2109 551 0.29 bad
461 70 0.30 good
484 138 0.21 good
86 33 0.44 good
13 3 0.34 bad
45 10 0.14 bad
82 22 0.07 bad
21 2 0.19 bad
90 17 0.25 good
20 5 0.42 bad
956 180 0.20 good
19 8 0.39 bad
21 8 0.30 good
429 110 0.36 good
531 94 0.17 bad
714 193 0.19 bad
31 3 0.05 bad
104 22 0.22 bad
21 3 0.19 bad
356 55 0.24 good
222 53 0.27 bad
182 65 0.19 bad
1636 321 0.23 good
145 49 0.28 bad
16 4 0.07 bad
654 218 0.28 good
527 141 0.29 good
396 121 0.34 bad
218 57 0.33 good
13 4 0.00 bad
188 100 0.33 good
39 7 0.40 good
942 253 0.26 bad
219 65 0.27 bad
29 6 0.26 bad
349 102 0.24 good
1184 188 0.17 bad
182 53 0.26 good
201 63 0.15 bad
1114 218 0.23 bad
19 7 0.12 good
1575 274 0.33 good
59 14 0.08 bad
320 57 0.20 good
768 149 0.20 good
353 48 0.21 good
607 108 0.23 good
2063 510 0.26 good
31 5 0.11 good
614 131 0.35 good
1310 293 0.29 bad
1641 303 0.33 good
328 53 0.19 bad
1100 206 0.36 good
21 7 0.54 bad
83 19 0.49 bad
2366 365 0.24 good
153 42 0.24 bad
364 103 0.18 bad
2356 710 0.37 good
208 26 0.09 good
1080 54 0.06 bad
21 5 0.20 bad
45 12 0.14 good
209 50 0.22 good