AddListCount TwoStarRate FourStarRate Class
96
3 5 7 8 9 10 11 14 15 16 17 19 22 23 25 26 28 30 31 32 35 36 37 39 40 41 43 45 46 47 49 50 51 52 54 56 59 60 61 65 66 67 68 70 71 72 74 75 77 78 79 80 81 82 83 84 85 87 94 95 97 98 99 102 103 104 108 109 110 111 114 115 116 117 119 120 121 122 123 124 127 129 132 133 136 138 139 140 141 142 143 144 145 149 150 152
38 0.12 0.27 bad
122 0.20 0.21 good
8 0.15 0.11 bad
53 0.16 0.22 bad
14 0.18 0.30 bad
25 0.26 0.27 bad
15 0.04 0.32 bad
136 0.14 0.19 good
204 0.13 0.25 bad
25 0.22 0.20 good
10 0.22 0.23 bad
70 0.18 0.22 bad
61 0.15 0.28 bad
32 0.31 0.08 good
2 0.20 0.00 bad
32 0.09 0.18 bad
73 0.11 0.31 bad
9 0.18 0.14 bad
6 0.30 0.19 good
111 0.09 0.39 bad
254 0.12 0.14 good
63 0.10 0.34 bad
106 0.03 0.44 bad
1 0.26 0.05 bad
172 0.12 0.33 good
289 0.14 0.29 good
18 0.13 0.14 good
93 0.20 0.23 bad
28 0.07 0.33 good
20 0.28 0.22 bad
13 0.10 0.23 bad
7 0.28 0.14 good
42 0.30 0.21 bad
446 0.04 0.30 bad
9 0.05 0.21 good
13 0.20 0.10 good
138 0.21 0.21 good
19 0.21 0.20 bad
33 0.08 0.44 good
22 0.28 0.07 bad
2 0.14 0.19 bad
17 0.06 0.25 good
45 0.11 0.30 bad
2 0.10 0.32 bad
119 0.12 0.25 bad
180 0.08 0.20 good
16 0.22 0.31 bad
8 0.10 0.30 good
183 0.07 0.27 bad
57 0.10 0.24 bad
94 0.19 0.17 bad
193 0.03 0.19 bad
4 0.08 0.08 bad
3 0.41 0.05 bad
22 0.17 0.22 bad
3 0.14 0.19 bad
55 0.19 0.24 good
65 0.09 0.19 bad
57 0.11 0.33 good
4 0.23 0.00 bad
7 0.03 0.40 good
558 0.08 0.33 good
253 0.12 0.26 bad
39 0.14 0.21 good
6 0.08 0.26 bad
5 0.31 0.04 bad
1586 0.02 0.20 good
34 0.14 0.24 bad
31 0.21 0.24 bad
53 0.16 0.26 good
218 0.02 0.23 bad
76 0.19 0.19 bad
7 0.12 0.12 good
5 0.11 0.14 bad
274 0.06 0.33 good
15 0.18 0.25 good
14 0.30 0.08 bad
126 0.10 0.29 bad
32 0.08 0.30 good
57 0.19 0.20 good
146 0.06 0.26 good
510 0.07 0.26 good
131 0.14 0.35 good
1 0.13 0.33 bad
9 0.24 0.05 bad
53 0.10 0.19 bad
206 0.07 0.36 good
7 0.30 0.54 bad
19 0.03 0.49 bad
365 0.05 0.24 good
42 0.21 0.24 bad
103 0.25 0.18 bad
28 0.10 0.33 bad
178 0.18 0.26 good
5 0.15 0.20 bad
12 0.19 0.14 good