ThreeStarRate Mode Kurtosis Class
104
1 2 3 4 5 6 7 8 11 12 14 15 16 17 18 19 21 22 24 27 28 30 31 32 35 39 40 42 43 44 46 49 51 53 54 57 58 59 60 63 64 65 66 67 68 71 73 75 76 77 78 79 80 82 84 85 87 88 89 91 94 95 97 99 101 102 103 104 105 106 108 109 110 111 112 114 116 117 118 119 120 121 122 124 125 126 127 128 129 130 132 133 134 135 137 142 143 145 147 148 149 150 152 153
0.23 8.00 406.22 good
0.40 6.00 267.71 bad
0.27 8.00 155.27 bad
0.33 6.00 113.07 bad
0.26 6.00 93.52 good
0.21 2.00 75.15 good
0.48 6.00 181.37 bad
0.30 6.00 196.73 bad
0.40 6.00 491.68 bad
0.44 6.00 114.51 bad
0.21 2.00 68.44 good
0.27 6.00 188.48 bad
0.23 6.00 87.54 good
0.20 8.00 80.31 bad
0.28 10.00 137.29 bad
0.22 10.00 181.41 bad
0.16 4.00 66.70 bad
0.40 6.00 468.11 bad
0.36 6.00 114.10 bad
0.21 2.00 40.03 good
0.25 8.00 418.19 bad
0.32 6.00 80.73 bad
0.33 6.00 211.54 good
0.31 8.00 404.81 bad
0.18 2.00 41.11 good
0.16 2.00 53.89 bad
0.24 8.00 227.23 good
0.26 2.00 74.29 bad
0.24 2.00 44.83 good
0.11 2.00 29.34 good
0.19 8.00 218.67 good
0.39 6.00 155.38 bad
0.37 6.00 339.26 bad
0.14 2.00 31.11 bad
0.33 6.00 245.77 good
0.21 8.00 94.54 bad
0.14 10.00 256.16 good
0.21 10.00 148.52 good
0.18 10.00 95.85 bad
0.12 2.00 55.29 good
0.21 2.00 59.06 bad
0.31 6.00 77.07 bad
0.43 6.00 204.65 bad
0.16 10.00 278.88 good
0.25 8.00 223.96 bad
0.25 8.00 106.33 bad
0.22 8.00 278.58 bad
0.40 6.00 344.01 good
0.15 8.00 159.36 good
0.22 10.00 440.27 bad
0.33 6.00 147.32 bad
0.26 2.00 65.93 bad
0.13 10.00 599.56 bad
0.20 4.00 87.78 bad
0.33 6.00 116.65 bad
0.15 2.00 51.21 good
0.23 10.00 95.46 bad
0.18 10.00 118.81 good
0.27 8.00 208.64 bad
0.16 10.00 191.97 good
0.23 8.00 299.63 good
0.46 6.00 128.84 bad
0.26 8.00 198.40 good
0.34 6.00 243.27 bad
0.26 10.00 286.97 bad
0.26 2.00 65.28 good
0.50 6.00 664.54 bad
0.34 6.00 92.39 bad
0.19 8.00 385.10 good
0.27 6.00 114.14 good
0.10 10.00 1238.93 good
0.36 6.00 170.95 bad
0.28 6.00 131.59 bad
0.26 8.00 113.09 good
0.30 6.00 84.03 bad
0.09 10.00 875.52 bad
0.42 6.00 138.45 good
0.45 6.00 132.92 bad
0.39 6.00 387.39 bad
0.20 8.00 297.36 good
0.20 8.00 75.21 good
0.32 6.00 102.63 bad
0.28 8.00 313.76 bad
0.29 6.00 101.09 good
0.08 10.00 1797.82 good
0.16 10.00 76.64 good
0.22 10.00 319.05 good
0.13 10.00 82.37 good
0.16 10.00 209.65 good
0.28 6.00 73.99 bad
0.25 8.00 212.10 good
0.33 8.00 194.01 bad
0.21 8.00 176.74 good
0.24 8.00 234.30 bad
0.15 10.00 478.73 good
0.15 10.00 364.52 good
0.22 8.00 86.23 bad
0.45 6.00 909.70 bad
0.19 2.00 40.59 good
0.04 2.00 9.99 bad
0.23 8.00 113.50 good
0.35 6.00 158.29 bad
0.28 2.00 62.68 good
0.25 6.00 105.28 good