TwoStarRate ThreeStarRate Kurtosis Class
97
0 2 3 4 5 6 7 8 15 18 19 20 23 24 25 27 28 29 30 31 32 33 34 37 38 39 41 42 46 47 49 52 53 55 56 57 58 59 62 63 65 67 68 69 70 72 73 76 77 79 81 82 83 87 88 89 90 91 92 93 94 95 96 98 99 103 104 107 108 109 110 111 112 113 115 117 118 119 120 122 124 126 127 128 130 132 133 136 139 141 142 143 146 147 150 151 152
0.15 0.28 200.91 good
0.10 0.40 267.71 bad
0.12 0.27 155.27 bad
0.09 0.33 113.07 bad
0.20 0.26 93.52 good
0.14 0.21 75.15 good
0.15 0.48 181.37 bad
0.16 0.30 196.73 bad
0.13 0.27 188.48 bad
0.17 0.28 137.29 bad
0.18 0.22 181.41 bad
0.20 0.15 48.29 good
0.31 0.28 78.49 good
0.21 0.36 114.10 bad
0.20 0.20 28.01 bad
0.17 0.21 40.03 good
0.11 0.25 418.19 bad
0.10 0.22 194.89 good
0.18 0.32 80.73 bad
0.30 0.33 211.54 good
0.09 0.31 404.81 bad
0.20 0.29 163.05 good
0.30 0.39 192.82 bad
0.03 0.20 948.64 bad
0.35 0.27 172.89 bad
0.26 0.16 53.89 bad
0.14 0.34 389.04 good
0.17 0.26 74.29 bad
0.07 0.19 218.67 good
0.28 0.20 85.63 bad
0.10 0.39 155.38 bad
0.04 0.15 453.60 bad
0.33 0.14 31.11 bad
0.28 0.33 182.02 bad
0.20 0.32 74.03 good
0.07 0.21 94.54 bad
0.05 0.14 256.16 good
0.21 0.21 148.52 good
0.50 0.08 199.64 bad
0.07 0.12 55.29 good
0.28 0.31 77.07 bad
0.06 0.16 278.88 good
0.11 0.25 223.96 bad
0.05 0.26 758.93 bad
0.10 0.04 49.13 bad
0.08 0.26 259.41 good
0.11 0.22 278.58 bad
0.07 0.15 159.36 good
0.07 0.22 440.27 bad
0.19 0.26 65.93 bad
0.08 0.54 173.53 bad
0.41 0.20 87.78 bad
0.17 0.28 188.48 bad
0.09 0.23 95.46 bad
0.10 0.18 118.81 good
0.17 0.27 208.64 bad
0.13 0.20 25.57 bad
0.08 0.16 191.97 good
0.04 0.16 444.03 good
0.08 0.26 288.02 bad
0.11 0.23 299.63 good
0.23 0.46 128.84 bad
0.11 0.28 282.28 good
0.08 0.22 391.57 good
0.12 0.34 243.27 bad
0.08 0.50 664.54 bad
0.31 0.34 92.39 bad
0.12 0.15 72.91 bad
0.02 0.10 1238.93 good
0.14 0.36 170.95 bad
0.21 0.28 131.59 bad
0.16 0.26 113.09 good
0.20 0.30 84.03 bad
0.13 0.36 164.81 bad
0.19 0.35 125.49 bad
0.11 0.45 132.92 bad
0.11 0.39 387.39 bad
0.06 0.20 297.36 good
0.18 0.20 75.21 good
0.10 0.28 313.76 bad
0.19 0.29 101.09 good
0.06 0.16 76.64 good
0.06 0.22 319.05 good
0.08 0.13 82.37 good
0.13 0.28 73.99 bad
0.14 0.25 212.10 good
0.13 0.33 194.01 bad
0.24 0.32 63.17 bad
0.07 0.24 304.97 good
0.03 0.19 311.51 bad
0.05 0.15 364.52 good
0.21 0.22 86.23 bad
0.09 0.27 402.15 good
0.22 0.19 40.59 good
0.15 0.35 158.29 bad
0.07 0.16 105.22 bad
0.19 0.28 62.68 good