ThreeStarRate Mode Median Class
101
1 2 3 4 5 6 7 9 10 11 12 14 15 16 17 19 22 23 24 25 26 27 28 30 31 32 33 34 37 40 41 42 43 46 47 49 52 53 55 56 57 58 62 64 65 66 67 68 69 70 71 72 73 74 76 77 78 80 81 82 88 90 92 93 94 97 99 101 102 103 104 106 107 108 112 113 119 120 122 124 126 127 128 129 130 131 132 134 135 136 137 138 139 140 143 144 145 147 150 152 153
0.23 8.00 8.00 good
0.40 6.00 6.00 bad
0.27 8.00 6.00 bad
0.33 6.00 6.00 bad
0.26 6.00 6.00 good
0.21 2.00 6.00 good
0.48 6.00 6.00 bad
0.26 8.00 6.00 bad
0.23 8.00 6.00 bad
0.40 6.00 6.00 bad
0.44 6.00 6.00 bad
0.21 2.00 6.00 good
0.27 6.00 6.00 bad
0.23 6.00 6.00 good
0.20 8.00 6.00 bad
0.22 10.00 6.00 bad
0.40 6.00 6.00 bad
0.28 4.00 4.00 good
0.36 6.00 6.00 bad
0.20 2.00 4.00 bad
0.43 6.00 6.00 bad
0.21 2.00 4.00 good
0.25 8.00 8.00 bad
0.32 6.00 6.00 bad
0.33 6.00 6.00 good
0.31 8.00 8.00 bad
0.29 6.00 6.00 good
0.39 6.00 6.00 bad
0.20 8.00 8.00 bad
0.24 8.00 8.00 good
0.34 6.00 6.00 good
0.26 2.00 6.00 bad
0.24 2.00 6.00 good
0.19 8.00 8.00 good
0.20 4.00 4.00 bad
0.39 6.00 6.00 bad
0.15 10.00 8.00 bad
0.14 2.00 4.00 bad
0.33 6.00 6.00 bad
0.32 6.00 6.00 good
0.21 8.00 6.00 bad
0.14 10.00 8.00 good
0.08 4.00 4.00 bad
0.21 2.00 4.00 bad
0.31 6.00 4.00 bad
0.43 6.00 6.00 bad
0.16 10.00 8.00 good
0.25 8.00 8.00 bad
0.26 8.00 8.00 bad
0.04 2.00 8.00 bad
0.25 8.00 6.00 bad
0.26 10.00 8.00 good
0.22 8.00 8.00 bad
0.36 6.00 6.00 bad
0.15 8.00 8.00 good
0.22 10.00 8.00 bad
0.33 6.00 6.00 bad
0.13 10.00 10.00 bad
0.54 6.00 6.00 bad
0.20 4.00 4.00 bad
0.18 10.00 8.00 good
0.20 2.00 2.00 bad
0.16 10.00 8.00 good
0.26 8.00 8.00 bad
0.23 8.00 8.00 good
0.26 8.00 8.00 good
0.34 6.00 6.00 bad
0.26 10.00 8.00 bad
0.26 2.00 6.00 good
0.50 6.00 6.00 bad
0.34 6.00 4.00 bad
0.27 6.00 6.00 good
0.15 10.00 6.00 bad
0.10 10.00 10.00 good
0.30 6.00 6.00 bad
0.36 6.00 6.00 bad
0.20 8.00 8.00 good
0.20 8.00 6.00 good
0.28 8.00 8.00 bad
0.29 6.00 6.00 good
0.16 10.00 8.00 good
0.22 10.00 8.00 good
0.13 10.00 8.00 good
0.16 10.00 8.00 good
0.28 6.00 6.00 bad
0.13 4.00 4.00 good
0.25 8.00 6.00 good
0.21 8.00 8.00 good
0.24 8.00 8.00 bad
0.32 6.00 4.00 bad
0.15 10.00 8.00 good
0.22 2.00 6.00 bad
0.24 8.00 8.00 good
0.07 8.00 8.00 bad
0.22 8.00 6.00 bad
0.27 6.00 6.00 bad
0.45 6.00 6.00 bad
0.19 2.00 4.00 good
0.35 6.00 6.00 bad
0.28 2.00 6.00 good
0.25 6.00 6.00 good