AddListCount FiveStarRate Kurtosis Class
99
0 1 5 6 10 11 15 16 17 18 19 20 21 22 23 24 25 26 27 28 29 31 32 37 39 41 43 45 46 48 49 51 54 57 59 60 62 65 68 69 71 72 73 74 76 77 79 80 81 82 83 84 85 86 87 88 89 91 92 94 95 96 97 98 99 100 101 102 103 104 106 109 111 112 113 114 115 116 121 122 123 126 128 131 132 133 135 138 139 140 141 142 143 144 146 149 150 151 153
214 0.15 200.91 good
492 0.25 406.22 good
122 0.12 93.52 good
42 0.23 75.15 good
25 0.09 143.84 bad
15 0.16 491.68 bad
204 0.23 188.48 bad
25 0.14 87.54 good
10 0.12 80.31 bad
7 0.28 137.29 bad
70 0.28 181.41 bad
17 0.13 48.29 good
12 0.04 66.70 bad
61 0.11 468.11 bad
32 0.06 78.49 good
23 0.11 114.10 bad
2 0.20 28.01 bad
32 0.19 249.04 bad
31 0.05 40.03 good
73 0.27 418.19 bad
68 0.36 194.89 good
6 0.09 211.54 good
111 0.13 404.81 bad
106 0.28 948.64 bad
1 0.00 53.89 bad
289 0.17 389.04 good
18 0.14 44.83 good
93 0.10 135.14 bad
28 0.27 218.67 good
371 0.17 362.40 bad
13 0.10 155.38 bad
42 0.07 339.26 bad
9 0.29 245.77 good
551 0.18 94.54 bad
138 0.25 148.52 good
19 0.23 95.85 bad
3 0.00 199.64 bad
22 0.07 77.07 bad
45 0.22 223.96 bad
5 0.21 758.93 bad
119 0.17 106.33 bad
180 0.35 259.41 good
8 0.17 278.58 bad
16 0.04 393.48 bad
110 0.24 159.36 good
183 0.37 440.27 bad
94 0.10 65.93 bad
193 0.58 599.56 bad
4 0.13 173.53 bad
3 0.22 87.78 bad
22 0.22 188.48 bad
3 0.14 116.65 bad
55 0.10 51.21 good
53 0.26 249.84 bad
65 0.27 95.46 bad
321 0.30 118.81 good
49 0.17 208.64 bad
218 0.34 191.97 good
141 0.42 444.03 good
57 0.23 299.63 good
4 0.15 128.84 bad
100 0.17 282.28 good
7 0.13 198.40 good
558 0.29 391.57 good
253 0.17 243.27 bad
8 0.25 297.05 bad
65 0.27 286.97 bad
39 0.08 65.28 good
6 0.11 664.54 bad
5 0.09 92.39 bad
102 0.16 114.14 good
34 0.10 170.95 bad
53 0.12 113.09 good
63 0.11 84.03 bad
25 0.14 164.81 bad
218 0.60 875.52 bad
76 0.07 125.49 bad
7 0.17 138.45 good
14 0.02 102.63 bad
126 0.25 313.76 bad
32 0.20 502.72 good
48 0.30 76.64 good
108 0.31 82.37 good
5 0.06 58.14 good
131 0.13 212.10 good
1 0.04 194.01 bad
293 0.26 234.30 bad
53 0.18 56.35 bad
206 0.22 304.97 good
7 0.05 361.68 bad
19 0.15 311.51 bad
365 0.46 364.52 good
42 0.10 86.23 bad
103 0.09 97.95 bad
710 0.19 402.15 good
178 0.15 113.50 good
5 0.15 158.29 bad
125 0.37 105.22 bad
50 0.12 105.28 good