BookWordCount Mode Kurtosis Class
96
1 2 4 6 8 9 10 11 14 15 18 19 21 22 24 25 26 27 29 30 31 32 33 35 36 37 38 39 43 45 47 49 50 52 53 57 59 60 64 65 67 68 69 70 74 76 78 79 80 81 82 83 85 87 88 90 91 92 94 95 96 98 100 101 102 104 106 107 109 111 112 113 114 117 118 120 122 125 126 129 130 131 132 133 134 136 139 140 141 142 143 145 146 147 148 151
289.90 8.00 406.22 good
48.30 6.00 267.71 bad
139.00 6.00 113.07 bad
59.60 2.00 75.15 good
143.50 6.00 196.73 bad
21.30 8.00 110.48 bad
82.50 8.00 143.84 bad
13.40 6.00 491.68 bad
123.80 2.00 68.44 good
257.20 6.00 188.48 bad
24.10 10.00 137.29 bad
122.40 10.00 181.41 bad
74.10 4.00 66.70 bad
77.70 6.00 468.11 bad
74.80 6.00 114.10 bad
35.90 2.00 28.01 bad
62.70 6.00 249.04 bad
147.20 2.00 40.03 good
233.90 10.00 194.89 good
150.70 6.00 80.73 bad
78.00 6.00 211.54 good
51.10 8.00 404.81 bad
178.90 6.00 163.05 good
713.10 2.00 41.11 good
87.00 8.00 203.97 bad
51.30 8.00 948.64 bad
80.20 4.00 172.89 bad
22.80 2.00 53.89 bad
74.40 2.00 44.83 good
380.50 6.00 135.14 bad
49.70 4.00 85.63 bad
44.50 6.00 155.38 bad
51.90 6.00 119.73 good
76.10 10.00 453.60 bad
53.70 2.00 31.11 bad
293.40 8.00 94.54 bad
133.40 10.00 148.52 good
45.10 10.00 95.85 bad
54.40 2.00 59.06 bad
72.20 6.00 77.07 bad
16.80 10.00 278.88 good
79.60 8.00 223.96 bad
7.30 8.00 758.93 bad
55.40 2.00 49.13 bad
49.30 6.00 393.48 bad
46.20 8.00 159.36 good
70.00 6.00 147.32 bad
131.20 2.00 65.93 bad
144.70 10.00 599.56 bad
87.70 6.00 173.53 bad
183.00 4.00 87.78 bad
40.80 6.00 188.48 bad
87.20 2.00 51.21 good
112.10 10.00 95.46 bad
315.30 10.00 118.81 good
50.40 2.00 25.57 bad
126.20 10.00 191.97 good
116.50 10.00 444.03 good
63.70 8.00 299.63 good
99.00 6.00 128.84 bad
34.10 8.00 282.28 good
170.60 8.00 391.57 good
59.90 6.00 297.05 bad
219.60 10.00 286.97 bad
78.10 2.00 65.28 good
150.50 6.00 92.39 bad
64.40 6.00 114.14 good
310.00 10.00 72.91 bad
101.10 6.00 170.95 bad
148.90 8.00 113.09 good
107.80 6.00 84.03 bad
247.80 6.00 164.81 bad
31.70 10.00 875.52 bad
59.10 6.00 132.92 bad
92.20 6.00 387.39 bad
85.80 8.00 75.21 good
79.20 8.00 313.76 bad
65.70 10.00 1797.82 good
89.70 10.00 76.64 good
322.80 10.00 209.65 good
46.30 6.00 73.99 bad
195.70 4.00 58.14 good
237.20 8.00 212.10 good
145.80 8.00 194.01 bad
179.50 8.00 176.74 good
72.70 6.00 63.17 bad
130.30 8.00 304.97 good
43.40 8.00 361.68 bad
25.10 8.00 311.51 bad
518.00 10.00 364.52 good
177.70 8.00 86.23 bad
62.30 6.00 909.70 bad
477.20 8.00 402.15 good
154.00 2.00 40.59 good
209.90 2.00 9.99 bad
93.00 10.00 105.22 bad