BookWordCount ThreeStarRate Median Class
94
0 1 2 3 5 6 7 9 10 11 13 17 18 21 22 23 27 29 30 33 34 36 37 38 39 42 43 45 46 49 50 51 52 53 54 55 56 57 58 59 61 64 66 67 68 69 70 71 72 75 78 86 87 91 93 94 95 96 97 98 99 100 102 103 104 105 108 111 112 114 115 117 119 120 121 122 124 126 129 130 133 135 136 138 139 141 142 143 147 148 149 150 151 152
177.20 0.28 6.00 good
289.90 0.23 8.00 good
48.30 0.40 6.00 bad
52.30 0.27 6.00 bad
158.50 0.26 6.00 good
59.60 0.21 6.00 good
38.90 0.48 6.00 bad
21.30 0.26 6.00 bad
82.50 0.23 6.00 bad
13.40 0.40 6.00 bad
27.50 0.39 6.00 bad
33.60 0.20 6.00 bad
24.10 0.28 6.00 bad
74.10 0.16 4.00 bad
77.70 0.40 6.00 bad
122.20 0.28 4.00 good
147.20 0.21 4.00 good
233.90 0.22 8.00 good
150.70 0.32 6.00 bad
178.90 0.29 6.00 good
154.60 0.39 6.00 bad
87.00 0.23 8.00 bad
51.30 0.20 8.00 bad
80.20 0.27 6.00 bad
22.80 0.16 2.00 bad
300.10 0.26 6.00 bad
74.40 0.24 6.00 good
380.50 0.30 6.00 bad
123.50 0.19 8.00 good
44.50 0.39 6.00 bad
51.90 0.32 6.00 good
84.60 0.37 6.00 bad
76.10 0.15 8.00 bad
53.70 0.14 4.00 bad
13.00 0.33 6.00 good
106.40 0.33 6.00 bad
40.40 0.32 6.00 good
293.40 0.21 6.00 bad
63.50 0.14 8.00 good
133.40 0.21 6.00 good
17.00 0.25 8.00 good
54.40 0.21 4.00 bad
34.80 0.43 6.00 bad
16.80 0.16 8.00 good
79.60 0.25 8.00 bad
7.30 0.26 8.00 bad
55.40 0.04 8.00 bad
98.90 0.25 6.00 bad
390.00 0.26 8.00 good
39.60 0.40 6.00 good
70.00 0.33 6.00 bad
129.90 0.30 8.00 bad
112.10 0.23 6.00 bad
126.20 0.16 8.00 good
90.50 0.26 8.00 bad
63.70 0.23 8.00 good
99.00 0.46 6.00 bad
34.10 0.28 8.00 good
22.20 0.26 8.00 good
170.60 0.22 8.00 good
181.90 0.34 6.00 bad
59.90 0.34 8.00 bad
78.10 0.26 6.00 good
21.40 0.50 6.00 bad
150.50 0.34 4.00 bad
198.70 0.19 8.00 good
446.50 0.10 10.00 good
148.90 0.26 6.00 good
107.80 0.30 6.00 bad
31.70 0.09 10.00 bad
119.20 0.35 6.00 bad
59.10 0.45 6.00 bad
427.70 0.20 8.00 good
85.80 0.20 6.00 good
145.90 0.32 4.00 bad
79.20 0.28 8.00 bad
223.00 0.29 6.00 good
89.70 0.16 8.00 good
322.80 0.16 8.00 good
46.30 0.28 6.00 bad
145.80 0.33 6.00 bad
335.20 0.24 8.00 bad
72.70 0.32 4.00 bad
212.90 0.22 6.00 bad
130.30 0.24 8.00 good
25.10 0.19 8.00 bad
518.00 0.15 8.00 good
177.70 0.22 6.00 bad
154.00 0.19 4.00 good
209.90 0.04 2.00 bad
382.10 0.23 6.00 good
44.60 0.35 6.00 bad
93.00 0.16 8.00 bad
163.50 0.28 6.00 good