AddListCount FourStarRate Median Class
96
0 1 3 5 6 7 8 9 10 13 14 15 16 19 20 21 22 23 24 25 26 27 28 29 34 36 38 39 40 41 42 44 45 46 48 49 50 51 52 53 54 56 57 60 61 65 66 67 68 69 74 76 77 79 82 83 84 87 88 89 91 92 93 95 97 98 103 105 107 108 109 112 113 114 115 117 121 122 124 125 127 131 133 137 138 140 141 142 143 144 145 146 149 150 152 153
214 0.30 6.00 good
492 0.36 8.00 good
38 0.27 6.00 bad
122 0.21 6.00 good
42 0.18 6.00 good
8 0.11 6.00 bad
53 0.22 6.00 bad
14 0.30 6.00 bad
25 0.27 6.00 bad
9 0.13 6.00 bad
136 0.19 6.00 good
204 0.25 6.00 bad
25 0.20 6.00 good
70 0.22 6.00 bad
17 0.20 4.00 good
12 0.14 4.00 bad
61 0.28 6.00 bad
32 0.08 4.00 good
23 0.13 6.00 bad
2 0.00 4.00 bad
32 0.18 6.00 bad
31 0.15 4.00 good
73 0.31 8.00 bad
68 0.20 8.00 good
24 0.13 6.00 bad
63 0.34 8.00 bad
19 0.17 6.00 bad
1 0.05 2.00 bad
172 0.33 8.00 good
289 0.29 6.00 good
215 0.20 6.00 bad
242 0.16 4.00 good
93 0.23 6.00 bad
28 0.33 8.00 good
371 0.33 6.00 bad
13 0.23 6.00 bad
7 0.14 6.00 good
42 0.21 6.00 bad
446 0.30 8.00 bad
1 0.00 4.00 bad
9 0.21 6.00 good
13 0.10 6.00 good
551 0.29 6.00 bad
19 0.20 6.00 bad
33 0.44 8.00 good
22 0.07 4.00 bad
2 0.19 6.00 bad
17 0.25 8.00 good
45 0.30 8.00 bad
5 0.42 8.00 bad
16 0.31 6.00 bad
110 0.36 8.00 good
183 0.27 8.00 bad
94 0.17 6.00 bad
3 0.05 4.00 bad
22 0.22 6.00 bad
3 0.19 6.00 bad
65 0.19 6.00 bad
321 0.23 8.00 good
49 0.28 6.00 bad
218 0.28 8.00 good
141 0.29 8.00 good
121 0.34 8.00 bad
4 0.00 6.00 bad
7 0.40 8.00 good
558 0.33 8.00 good
6 0.26 6.00 bad
98 0.33 8.00 good
188 0.17 6.00 bad
1586 0.20 10.00 good
34 0.24 6.00 bad
63 0.15 6.00 bad
25 0.21 6.00 bad
218 0.23 10.00 bad
76 0.19 6.00 bad
5 0.14 6.00 bad
14 0.08 4.00 bad
126 0.29 8.00 bad
57 0.20 6.00 good
149 0.20 10.00 good
146 0.26 8.00 good
5 0.11 4.00 good
1 0.33 6.00 bad
303 0.33 8.00 good
53 0.19 6.00 bad
7 0.54 8.00 bad
19 0.49 8.00 bad
365 0.24 8.00 good
42 0.24 6.00 bad
103 0.18 6.00 bad
28 0.33 6.00 bad
710 0.37 8.00 good
178 0.26 6.00 good
5 0.20 6.00 bad
12 0.14 6.00 good
50 0.22 6.00 good