BookWordCount AddListCount FiveStarRate Class
99
0 1 3 5 8 9 11 12 13 14 15 16 17 18 19 20 21 22 24 27 29 33 34 35 36 37 38 39 43 44 45 46 47 49 51 52 56 57 60 61 62 63 64 65 66 67 68 69 70 73 74 76 77 78 83 87 90 91 93 95 96 97 100 101 103 105 106 107 108 109 111 112 114 115 116 117 120 121 122 123 125 126 127 128 129 131 133 134 137 138 140 141 142 143 146 148 149 151 153
177.20 214 0.15 good
289.90 492 0.25 good
52.30 38 0.18 bad
158.50 122 0.12 good
143.50 53 0.21 bad
21.30 14 0.02 bad
13.40 15 0.16 bad
21.80 12 0.20 bad
27.50 9 0.09 bad
123.80 136 0.20 good
257.20 204 0.23 bad
135.80 25 0.14 good
33.60 10 0.12 bad
24.10 7 0.28 bad
122.40 70 0.28 bad
82.30 17 0.13 good
74.10 12 0.04 bad
77.70 61 0.11 bad
74.80 23 0.11 bad
147.20 31 0.05 good
233.90 68 0.36 good
178.90 49 0.15 good
154.60 24 0.03 bad
713.10 254 0.21 good
87.00 63 0.19 bad
51.30 106 0.28 bad
80.20 19 0.13 bad
22.80 1 0.00 bad
74.40 18 0.14 good
296.80 242 0.23 good
380.50 93 0.10 bad
123.50 28 0.27 good
49.70 20 0.08 bad
44.50 13 0.10 bad
84.60 42 0.07 bad
76.10 446 0.42 bad
40.40 13 0.13 good
293.40 551 0.18 bad
45.10 19 0.23 bad
17.00 33 0.21 good
49.60 3 0.00 bad
108.60 21 0.30 good
54.40 10 0.02 bad
72.20 22 0.07 bad
34.80 2 0.10 bad
16.80 17 0.42 good
79.60 45 0.22 bad
7.30 5 0.21 bad
55.40 2 0.20 bad
68.60 8 0.17 bad
49.30 16 0.04 bad
46.20 110 0.24 good
1070.70 183 0.37 bad
70.00 57 0.16 bad
40.80 22 0.22 bad
112.10 65 0.27 bad
50.40 4 0.07 bad
126.20 218 0.34 good
90.50 121 0.21 bad
99.00 4 0.15 bad
34.10 100 0.17 good
22.20 7 0.13 good
59.90 8 0.25 bad
219.60 65 0.27 bad
21.40 6 0.11 bad
198.70 98 0.31 good
64.40 102 0.16 good
310.00 188 0.31 bad
446.50 1586 0.63 good
101.10 34 0.10 bad
148.90 53 0.12 good
107.80 63 0.11 bad
31.70 218 0.60 bad
119.20 76 0.07 bad
118.30 7 0.17 good
59.10 5 0.09 bad
85.80 15 0.11 good
145.90 14 0.02 bad
79.20 126 0.25 bad
153.40 32 0.20 good
65.70 149 0.67 good
89.70 48 0.30 good
34.20 146 0.36 good
296.70 108 0.31 good
322.80 510 0.37 good
195.70 5 0.06 good
145.80 1 0.04 bad
179.50 168 0.18 good
448.70 303 0.38 good
212.90 53 0.18 bad
43.40 7 0.05 bad
25.10 19 0.15 bad
518.00 365 0.46 good
177.70 42 0.10 bad
477.20 710 0.19 good
209.90 54 0.08 bad
382.10 178 0.15 good
93.00 125 0.37 bad
73.20 50 0.12 good