BookWordCount AddListCount FiveStarRate Class
94
3 4 6 7 8 11 13 14 15 16 19 22 23 24 25 27 28 29 31 32 33 34 35 36 37 38 39 43 44 45 46 47 49 50 52 56 57 60 62 63 64 65 67 68 69 71 72 73 75 77 78 79 83 84 88 91 92 93 95 96 98 99 101 103 104 106 108 109 111 113 114 115 116 117 118 120 122 123 124 125 128 129 130 132 134 140 142 143 144 147 148 149 151 152
52.30 38 0.18 bad
139.00 22 0.10 bad
59.60 42 0.23 good
38.90 8 0.11 bad
143.50 53 0.21 bad
13.40 15 0.16 bad
27.50 9 0.09 bad
123.80 136 0.20 good
257.20 204 0.23 bad
135.80 25 0.14 good
122.40 70 0.28 bad
77.70 61 0.11 bad
122.20 32 0.06 good
74.80 23 0.11 bad
35.90 2 0.20 bad
147.20 31 0.05 good
53.00 73 0.27 bad
233.90 68 0.36 good
78.00 6 0.09 good
51.10 111 0.13 bad
178.90 49 0.15 good
154.60 24 0.03 bad
713.10 254 0.21 good
87.00 63 0.19 bad
51.30 106 0.28 bad
80.20 19 0.13 bad
22.80 1 0.00 bad
74.40 18 0.14 good
296.80 242 0.23 good
380.50 93 0.10 bad
123.50 28 0.27 good
49.70 20 0.08 bad
44.50 13 0.10 bad
51.90 7 0.07 good
76.10 446 0.42 bad
40.40 13 0.13 good
293.40 551 0.18 bad
45.10 19 0.23 bad
49.60 3 0.00 bad
108.60 21 0.30 good
54.40 10 0.02 bad
72.20 22 0.07 bad
16.80 17 0.42 good
79.60 45 0.22 bad
7.30 5 0.21 bad
98.90 119 0.17 bad
390.00 180 0.35 good
68.60 8 0.17 bad
39.60 8 0.10 good
1070.70 183 0.37 bad
70.00 57 0.16 bad
131.20 94 0.10 bad
40.80 22 0.22 bad
30.00 3 0.14 bad
315.30 321 0.30 good
126.20 218 0.34 good
116.50 141 0.42 good
90.50 121 0.21 bad
99.00 4 0.15 bad
34.10 100 0.17 good
170.60 558 0.29 good
181.90 253 0.17 bad
219.60 65 0.27 bad
21.40 6 0.11 bad
150.50 5 0.09 bad
64.40 102 0.16 good
446.50 1586 0.63 good
101.10 34 0.10 bad
148.90 53 0.12 good
247.80 25 0.14 bad
31.70 218 0.60 bad
119.20 76 0.07 bad
118.30 7 0.17 good
59.10 5 0.09 bad
92.20 112 0.11 bad
85.80 15 0.11 good
79.20 126 0.25 bad
153.40 32 0.20 good
223.00 57 0.11 good
65.70 149 0.67 good
296.70 108 0.31 good
322.80 510 0.37 good
46.30 11 0.17 bad
237.20 131 0.13 good
179.50 168 0.18 good
43.40 7 0.05 bad
518.00 365 0.46 good
177.70 42 0.10 bad
319.70 103 0.09 bad
154.00 26 0.02 good
209.90 54 0.08 bad
382.10 178 0.15 good
93.00 125 0.37 bad
163.50 12 0.09 good