FiveStarRate Mode Median Class
101
1 3 6 8 10 12 13 14 15 16 17 18 19 20 29 30 31 32 33 34 35 36 37 39 40 41 42 43 45 46 47 48 50 51 52 54 55 56 57 59 60 61 63 65 66 67 68 70 71 72 74 75 77 78 79 80 82 86 87 89 91 92 93 94 95 96 98 99 100 101 103 105 108 110 111 112 114 116 117 118 119 123 125 126 127 128 129 130 131 133 136 137 140 141 142 145 148 149 150 151 152
0.25 8.00 8.00 good
0.18 8.00 6.00 bad
0.23 2.00 6.00 good
0.21 6.00 6.00 bad
0.09 8.00 6.00 bad
0.20 6.00 6.00 bad
0.09 6.00 6.00 bad
0.20 2.00 6.00 good
0.23 6.00 6.00 bad
0.14 6.00 6.00 good
0.12 8.00 6.00 bad
0.28 10.00 6.00 bad
0.28 10.00 6.00 bad
0.13 2.00 4.00 good
0.36 10.00 8.00 good
0.11 6.00 6.00 bad
0.09 6.00 6.00 good
0.13 8.00 8.00 bad
0.15 6.00 6.00 good
0.03 6.00 6.00 bad
0.21 2.00 6.00 good
0.19 8.00 8.00 bad
0.28 8.00 8.00 bad
0.00 2.00 2.00 bad
0.19 8.00 8.00 good
0.17 6.00 6.00 good
0.11 2.00 6.00 bad
0.14 2.00 6.00 good
0.10 6.00 6.00 bad
0.27 8.00 8.00 good
0.08 4.00 4.00 bad
0.17 8.00 6.00 bad
0.07 6.00 6.00 good
0.07 6.00 6.00 bad
0.42 10.00 8.00 bad
0.29 6.00 6.00 good
0.06 6.00 6.00 bad
0.13 6.00 6.00 good
0.18 8.00 6.00 bad
0.25 10.00 6.00 good
0.23 10.00 6.00 bad
0.21 8.00 8.00 good
0.30 2.00 6.00 good
0.07 6.00 4.00 bad
0.10 6.00 6.00 bad
0.42 10.00 8.00 good
0.22 8.00 8.00 bad
0.20 2.00 8.00 bad
0.17 8.00 6.00 bad
0.35 10.00 8.00 good
0.04 6.00 6.00 bad
0.10 6.00 6.00 good
0.37 10.00 8.00 bad
0.16 6.00 6.00 bad
0.10 2.00 6.00 bad
0.58 10.00 10.00 bad
0.22 4.00 4.00 bad
0.26 6.00 8.00 bad
0.27 10.00 6.00 bad
0.17 8.00 6.00 bad
0.34 10.00 8.00 good
0.42 10.00 8.00 good
0.21 8.00 8.00 bad
0.23 8.00 8.00 good
0.15 6.00 6.00 bad
0.17 8.00 8.00 good
0.29 8.00 8.00 good
0.17 6.00 6.00 bad
0.25 6.00 8.00 bad
0.27 10.00 8.00 bad
0.11 6.00 6.00 bad
0.31 8.00 8.00 good
0.63 10.00 10.00 good
0.10 6.00 6.00 bad
0.12 8.00 6.00 good
0.11 6.00 6.00 bad
0.60 10.00 10.00 bad
0.17 6.00 6.00 good
0.09 6.00 6.00 bad
0.11 6.00 6.00 bad
0.29 8.00 8.00 good
0.20 6.00 6.00 good
0.67 10.00 10.00 good
0.30 10.00 8.00 good
0.36 10.00 8.00 good
0.31 10.00 8.00 good
0.37 10.00 8.00 good
0.17 6.00 6.00 bad
0.06 4.00 4.00 good
0.04 8.00 6.00 bad
0.09 6.00 4.00 bad
0.38 10.00 8.00 good
0.05 8.00 8.00 bad
0.15 8.00 8.00 bad
0.46 10.00 8.00 good
0.08 6.00 6.00 bad
0.08 2.00 2.00 bad
0.15 8.00 6.00 good
0.15 6.00 6.00 bad
0.37 10.00 8.00 bad
0.09 2.00 6.00 good