AddListCount ThreeStarRate Mode Class
97
1 3 4 7 8 9 12 13 14 16 18 19 20 21 22 23 25 26 28 30 31 36 37 38 39 42 43 44 48 49 50 51 55 61 62 63 66 67 68 69 70 71 74 75 76 77 78 79 80 82 84 85 90 91 92 93 94 95 96 99 100 102 103 106 108 109 111 113 114 115 116 117 120 121 122 123 124 125 126 128 129 130 131 133 135 138 139 140 141 143 144 145 148 149 150 151 152
492 0.23 8.00 good
38 0.27 8.00 bad
22 0.33 6.00 bad
8 0.48 6.00 bad
53 0.30 6.00 bad
14 0.26 8.00 bad
12 0.44 6.00 bad
9 0.39 6.00 bad
136 0.21 2.00 good
25 0.23 6.00 good
7 0.28 10.00 bad
70 0.22 10.00 bad
17 0.15 2.00 good
12 0.16 4.00 bad
61 0.40 6.00 bad
32 0.28 4.00 good
2 0.20 2.00 bad
32 0.43 6.00 bad
73 0.25 8.00 bad
9 0.32 6.00 bad
6 0.33 6.00 good
63 0.23 8.00 bad
106 0.20 8.00 bad
19 0.27 4.00 bad
1 0.16 2.00 bad
215 0.26 2.00 bad
18 0.24 2.00 good
242 0.11 2.00 good
371 0.33 8.00 bad
13 0.39 6.00 bad
7 0.32 6.00 good
42 0.37 6.00 bad
11 0.33 6.00 bad
33 0.25 8.00 good
3 0.08 4.00 bad
21 0.12 2.00 good
2 0.43 6.00 bad
17 0.16 10.00 good
45 0.25 8.00 bad
5 0.26 8.00 bad
2 0.04 2.00 bad
119 0.25 8.00 bad
16 0.36 6.00 bad
8 0.40 6.00 good
110 0.15 8.00 good
183 0.22 10.00 bad
57 0.33 6.00 bad
94 0.26 2.00 bad
193 0.13 10.00 bad
3 0.20 4.00 bad
3 0.33 6.00 bad
55 0.15 2.00 good
4 0.20 2.00 bad
218 0.16 10.00 good
141 0.16 10.00 good
121 0.26 8.00 bad
57 0.23 8.00 good
4 0.46 6.00 bad
100 0.28 8.00 good
253 0.34 6.00 bad
8 0.34 6.00 bad
39 0.26 2.00 good
6 0.50 6.00 bad
102 0.27 6.00 good
1586 0.10 10.00 good
34 0.36 6.00 bad
53 0.26 8.00 good
25 0.36 6.00 bad
218 0.09 10.00 bad
76 0.35 6.00 bad
7 0.42 6.00 good
5 0.45 6.00 bad
15 0.20 8.00 good
14 0.32 6.00 bad
126 0.28 8.00 bad
32 0.37 6.00 good
57 0.29 6.00 good
149 0.08 10.00 good
48 0.16 10.00 good
108 0.13 10.00 good
510 0.16 10.00 good
11 0.28 6.00 bad
5 0.13 4.00 good
1 0.33 8.00 bad
293 0.24 8.00 bad
53 0.22 2.00 bad
206 0.24 8.00 good
7 0.07 8.00 bad
19 0.19 8.00 bad
42 0.22 8.00 bad
103 0.27 6.00 bad
28 0.45 6.00 bad
54 0.04 2.00 bad
178 0.23 8.00 good
5 0.35 6.00 bad
125 0.16 10.00 bad
12 0.28 2.00 good