TwoStarRate ThreeStarRate Median Class
93
3 5 6 7 9 10 12 13 15 16 17 19 22 26 27 28 29 30 31 32 34 36 37 38 39 40 41 42 43 45 46 47 48 50 52 58 59 60 61 62 63 64 65 67 69 73 76 79 81 82 83 84 87 89 90 91 92 93 95 96 98 103 104 105 106 108 109 111 112 114 116 118 119 121 122 123 124 125 127 128 130 131 132 136 139 140 142 144 145 146 151 152 153
0.12 0.27 6.00 bad
0.20 0.26 6.00 good
0.14 0.21 6.00 good
0.15 0.48 6.00 bad
0.18 0.26 6.00 bad
0.26 0.23 6.00 bad
0.08 0.44 6.00 bad
0.24 0.39 6.00 bad
0.13 0.27 6.00 bad
0.22 0.23 6.00 good
0.22 0.20 6.00 bad
0.18 0.22 6.00 bad
0.15 0.40 6.00 bad
0.09 0.43 6.00 bad
0.17 0.21 4.00 good
0.11 0.25 8.00 bad
0.10 0.22 8.00 good
0.18 0.32 6.00 bad
0.30 0.33 6.00 good
0.09 0.31 8.00 bad
0.30 0.39 6.00 bad
0.10 0.23 8.00 bad
0.03 0.20 8.00 bad
0.35 0.27 6.00 bad
0.26 0.16 2.00 bad
0.12 0.24 8.00 good
0.14 0.34 6.00 good
0.17 0.26 6.00 bad
0.13 0.24 6.00 good
0.20 0.30 6.00 bad
0.07 0.19 8.00 good
0.28 0.20 4.00 bad
0.09 0.33 6.00 bad
0.28 0.32 6.00 good
0.04 0.15 8.00 bad
0.05 0.14 8.00 good
0.21 0.21 6.00 good
0.21 0.18 6.00 bad
0.08 0.25 8.00 good
0.50 0.08 4.00 bad
0.07 0.12 6.00 good
0.27 0.21 4.00 bad
0.28 0.31 4.00 bad
0.06 0.16 8.00 good
0.05 0.26 8.00 bad
0.11 0.22 8.00 bad
0.07 0.15 8.00 good
0.19 0.26 6.00 bad
0.08 0.54 6.00 bad
0.41 0.20 4.00 bad
0.17 0.28 6.00 bad
0.14 0.33 6.00 bad
0.09 0.23 6.00 bad
0.17 0.27 6.00 bad
0.13 0.20 2.00 bad
0.08 0.16 8.00 good
0.04 0.16 8.00 good
0.08 0.26 8.00 bad
0.23 0.46 6.00 bad
0.11 0.28 8.00 good
0.08 0.22 8.00 good
0.08 0.50 6.00 bad
0.31 0.34 4.00 bad
0.08 0.19 8.00 good
0.14 0.27 6.00 good
0.02 0.10 10.00 good
0.14 0.36 6.00 bad
0.16 0.26 6.00 good
0.20 0.30 6.00 bad
0.02 0.09 10.00 bad
0.12 0.42 6.00 good
0.11 0.39 6.00 bad
0.06 0.20 8.00 good
0.30 0.32 4.00 bad
0.10 0.28 8.00 bad
0.08 0.37 6.00 good
0.19 0.29 6.00 good
0.02 0.08 10.00 good
0.06 0.22 8.00 good
0.08 0.13 8.00 good
0.13 0.28 6.00 bad
0.41 0.13 4.00 good
0.14 0.25 6.00 good
0.24 0.32 4.00 bad
0.07 0.24 8.00 good
0.30 0.07 8.00 bad
0.05 0.15 8.00 good
0.25 0.27 6.00 bad
0.10 0.45 6.00 bad
0.09 0.27 8.00 good
0.07 0.16 8.00 bad
0.19 0.28 6.00 good
0.22 0.25 6.00 good