BookWordCount ThreeStarRate Mode Class
103
0 2 3 6 7 8 9 10 11 12 13 14 16 17 19 20 21 22 23 26 27 31 33 34 35 36 37 38 39 40 41 44 45 46 49 51 52 56 58 59 60 61 62 63 66 67 68 70 71 72 74 75 76 77 78 79 80 81 82 84 85 86 88 90 91 93 94 95 97 98 100 101 105 107 109 110 111 112 113 117 118 119 123 126 129 130 131 133 136 138 139 140 141 142 143 145 146 147 148 149 150 152 153
177.20 0.28 8.00 good
48.30 0.40 6.00 bad
52.30 0.27 8.00 bad
59.60 0.21 2.00 good
38.90 0.48 6.00 bad
143.50 0.30 6.00 bad
21.30 0.26 8.00 bad
82.50 0.23 8.00 bad
13.40 0.40 6.00 bad
21.80 0.44 6.00 bad
27.50 0.39 6.00 bad
123.80 0.21 2.00 good
135.80 0.23 6.00 good
33.60 0.20 8.00 bad
122.40 0.22 10.00 bad
82.30 0.15 2.00 good
74.10 0.16 4.00 bad
77.70 0.40 6.00 bad
122.20 0.28 4.00 good
62.70 0.43 6.00 bad
147.20 0.21 2.00 good
78.00 0.33 6.00 good
178.90 0.29 6.00 good
154.60 0.39 6.00 bad
713.10 0.18 2.00 good
87.00 0.23 8.00 bad
51.30 0.20 8.00 bad
80.20 0.27 4.00 bad
22.80 0.16 2.00 bad
153.10 0.24 8.00 good
168.40 0.34 6.00 good
296.80 0.11 2.00 good
380.50 0.30 6.00 bad
123.50 0.19 8.00 good
44.50 0.39 6.00 bad
84.60 0.37 6.00 bad
76.10 0.15 10.00 bad
40.40 0.32 6.00 good
63.50 0.14 10.00 good
133.40 0.21 10.00 good
45.10 0.18 10.00 bad
17.00 0.25 8.00 good
49.60 0.08 4.00 bad
108.60 0.12 2.00 good
34.80 0.43 6.00 bad
16.80 0.16 10.00 good
79.60 0.25 8.00 bad
55.40 0.04 2.00 bad
98.90 0.25 8.00 bad
390.00 0.26 10.00 good
49.30 0.36 6.00 bad
39.60 0.40 6.00 good
46.20 0.15 8.00 good
1070.70 0.22 10.00 bad
70.00 0.33 6.00 bad
131.20 0.26 2.00 bad
144.70 0.13 10.00 bad
87.70 0.54 6.00 bad
183.00 0.20 4.00 bad
30.00 0.33 6.00 bad
87.20 0.15 2.00 good
129.90 0.30 6.00 bad
315.30 0.18 10.00 good
50.40 0.20 2.00 bad
126.20 0.16 10.00 good
90.50 0.26 8.00 bad
63.70 0.23 8.00 good
99.00 0.46 6.00 bad
22.20 0.26 8.00 good
170.60 0.22 8.00 good
59.90 0.34 6.00 bad
219.60 0.26 10.00 bad
198.70 0.19 8.00 good
310.00 0.15 10.00 bad
101.10 0.36 6.00 bad
133.50 0.28 6.00 bad
148.90 0.26 8.00 good
107.80 0.30 6.00 bad
247.80 0.36 6.00 bad
59.10 0.45 6.00 bad
92.20 0.39 6.00 bad
427.70 0.20 8.00 good
153.40 0.37 6.00 good
89.70 0.16 10.00 good
322.80 0.16 10.00 good
46.30 0.28 6.00 bad
195.70 0.13 4.00 good
145.80 0.33 8.00 bad
72.70 0.32 6.00 bad
212.90 0.22 2.00 bad
130.30 0.24 8.00 good
43.40 0.07 8.00 bad
25.10 0.19 8.00 bad
518.00 0.15 10.00 good
177.70 0.22 8.00 bad
62.30 0.45 6.00 bad
477.20 0.27 8.00 good
154.00 0.19 2.00 good
209.90 0.04 2.00 bad
382.10 0.23 8.00 good
44.60 0.35 6.00 bad
163.50 0.28 2.00 good
73.20 0.25 6.00 good