BookWordCount FourStarRate FiveStarRate Class
101
3 4 5 8 10 15 16 17 19 20 21 23 24 25 26 30 31 32 33 34 35 36 37 38 43 44 45 46 48 49 51 52 53 54 57 58 59 60 61 62 64 65 66 67 72 73 74 75 78 79 80 81 83 84 86 87 88 90 91 92 93 94 96 97 98 99 103 104 106 107 108 109 111 112 113 115 116 117 118 120 121 122 123 125 126 128 130 131 132 134 136 137 139 140 141 142 144 146 148 150 153
52.30 0.27 0.18 bad
139.00 0.25 0.10 bad
158.50 0.21 0.12 good
143.50 0.22 0.21 bad
82.50 0.27 0.09 bad
257.20 0.25 0.23 bad
135.80 0.20 0.14 good
33.60 0.23 0.12 bad
122.40 0.22 0.28 bad
82.30 0.20 0.13 good
74.10 0.14 0.04 bad
122.20 0.08 0.06 good
74.80 0.13 0.11 bad
35.90 0.00 0.20 bad
62.70 0.18 0.19 bad
150.70 0.14 0.11 bad
78.00 0.19 0.09 good
51.10 0.39 0.13 bad
178.90 0.23 0.15 good
154.60 0.13 0.03 bad
713.10 0.14 0.21 good
87.00 0.34 0.19 bad
51.30 0.44 0.28 bad
80.20 0.17 0.13 bad
74.40 0.14 0.14 good
296.80 0.16 0.23 good
380.50 0.23 0.10 bad
123.50 0.33 0.27 good
281.40 0.33 0.17 bad
44.50 0.23 0.10 bad
84.60 0.21 0.07 bad
76.10 0.30 0.42 bad
53.70 0.00 0.10 bad
13.00 0.21 0.29 good
293.40 0.29 0.18 bad
63.50 0.30 0.37 good
133.40 0.21 0.25 good
45.10 0.20 0.23 bad
17.00 0.44 0.21 good
49.60 0.34 0.00 bad
54.40 0.14 0.02 bad
72.20 0.07 0.07 bad
34.80 0.19 0.10 bad
16.80 0.25 0.42 good
390.00 0.20 0.35 good
68.60 0.39 0.17 bad
49.30 0.31 0.04 bad
39.60 0.30 0.10 good
70.00 0.24 0.16 bad
131.20 0.17 0.10 bad
144.70 0.19 0.58 bad
87.70 0.08 0.13 bad
40.80 0.22 0.22 bad
30.00 0.19 0.14 bad
129.90 0.27 0.26 bad
112.10 0.19 0.27 bad
315.30 0.23 0.30 good
50.40 0.07 0.07 bad
126.20 0.28 0.34 good
116.50 0.29 0.42 good
90.50 0.34 0.21 bad
63.70 0.33 0.23 good
34.10 0.33 0.17 good
22.20 0.40 0.13 good
170.60 0.33 0.29 good
181.90 0.26 0.17 bad
21.40 0.26 0.11 bad
150.50 0.04 0.09 bad
64.40 0.24 0.16 good
310.00 0.17 0.31 bad
446.50 0.20 0.63 good
101.10 0.24 0.10 bad
148.90 0.26 0.12 good
107.80 0.15 0.11 bad
247.80 0.21 0.14 bad
119.20 0.19 0.07 bad
118.30 0.12 0.17 good
59.10 0.14 0.09 bad
92.20 0.30 0.11 bad
85.80 0.25 0.11 good
145.90 0.08 0.02 bad
79.20 0.29 0.25 bad
153.40 0.30 0.20 good
65.70 0.20 0.67 good
89.70 0.21 0.30 good
296.70 0.23 0.31 good
46.30 0.16 0.17 bad
195.70 0.11 0.06 good
237.20 0.35 0.13 good
179.50 0.34 0.18 good
72.70 0.05 0.09 bad
448.70 0.33 0.38 good
130.30 0.36 0.22 good
43.40 0.54 0.05 bad
25.10 0.49 0.15 bad
518.00 0.24 0.46 good
319.70 0.18 0.09 bad
477.20 0.37 0.19 good
209.90 0.06 0.08 bad
44.60 0.20 0.15 bad
73.20 0.22 0.12 good