AddListCount FourStarRate Median Class
96
1 2 3 4 6 9 11 13 15 19 22 24 25 26 27 29 32 33 34 35 36 39 40 42 45 46 47 48 50 51 53 54 55 56 58 59 60 61 63 64 65 66 67 70 71 77 78 80 81 82 83 84 85 86 89 90 91 92 93 95 96 98 100 102 103 104 105 106 107 108 110 114 115 116 117 119 121 123 125 127 129 131 132 133 135 136 138 142 143 144 145 146 147 151 152 153
492 0.36 8.00 good
12 0.24 6.00 bad
38 0.27 6.00 bad
22 0.25 6.00 bad
42 0.18 6.00 good
14 0.30 6.00 bad
15 0.32 6.00 bad
9 0.13 6.00 bad
204 0.25 6.00 bad
70 0.22 6.00 bad
61 0.28 6.00 bad
23 0.13 6.00 bad
2 0.00 4.00 bad
32 0.18 6.00 bad
31 0.15 4.00 good
68 0.20 8.00 good
111 0.39 8.00 bad
49 0.23 6.00 good
24 0.13 6.00 bad
254 0.14 6.00 good
63 0.34 8.00 bad
1 0.05 2.00 bad
172 0.33 8.00 good
215 0.20 6.00 bad
93 0.23 6.00 bad
28 0.33 8.00 good
20 0.22 4.00 bad
371 0.33 6.00 bad
7 0.14 6.00 good
42 0.21 6.00 bad
1 0.00 4.00 bad
9 0.21 6.00 good
11 0.20 6.00 bad
13 0.10 6.00 good
70 0.30 8.00 good
138 0.21 6.00 good
19 0.20 6.00 bad
33 0.44 8.00 good
21 0.20 6.00 good
10 0.14 4.00 bad
22 0.07 4.00 bad
2 0.19 6.00 bad
17 0.25 8.00 good
2 0.32 8.00 bad
119 0.25 6.00 bad
183 0.27 8.00 bad
57 0.24 6.00 bad
193 0.19 10.00 bad
4 0.08 6.00 bad
3 0.05 4.00 bad
22 0.22 6.00 bad
3 0.19 6.00 bad
55 0.24 4.00 good
53 0.27 8.00 bad
49 0.28 6.00 bad
4 0.07 2.00 bad
218 0.28 8.00 good
141 0.29 8.00 good
121 0.34 8.00 bad
4 0.00 6.00 bad
100 0.33 8.00 good
558 0.33 8.00 good
8 0.27 8.00 bad
39 0.21 6.00 good
6 0.26 6.00 bad
5 0.04 4.00 bad
98 0.33 8.00 good
102 0.24 6.00 good
188 0.17 6.00 bad
1586 0.20 10.00 good
31 0.24 6.00 bad
218 0.23 10.00 bad
76 0.19 6.00 bad
7 0.12 6.00 good
5 0.14 6.00 bad
274 0.33 8.00 good
14 0.08 4.00 bad
32 0.30 6.00 good
149 0.20 10.00 good
146 0.26 8.00 good
510 0.26 8.00 good
5 0.11 4.00 good
131 0.35 6.00 good
1 0.33 6.00 bad
293 0.29 8.00 bad
9 0.05 4.00 bad
53 0.19 6.00 bad
365 0.24 8.00 good
42 0.24 6.00 bad
103 0.18 6.00 bad
28 0.33 6.00 bad
710 0.37 8.00 good
26 0.09 4.00 good
125 0.19 8.00 bad
12 0.14 6.00 good
50 0.22 6.00 good