TwoStarRate FourStarRate Median Class
101
0 1 2 3 4 5 6 7 8 9 12 16 18 19 22 23 25 26 29 30 31 32 33 35 36 40 41 42 43 46 47 48 49 50 53 57 58 60 61 63 64 65 66 69 70 71 72 73 74 76 77 78 79 80 81 82 83 84 86 89 90 91 92 93 94 95 96 98 101 102 104 105 106 108 111 112 115 119 120 121 123 124 127 128 130 131 133 134 136 138 139 140 141 142 144 146 147 148 149 150 153
0.15 0.30 6.00 good
0.08 0.36 8.00 good
0.10 0.24 6.00 bad
0.12 0.27 6.00 bad
0.09 0.25 6.00 bad
0.20 0.21 6.00 good
0.14 0.18 6.00 good
0.15 0.11 6.00 bad
0.16 0.22 6.00 bad
0.18 0.30 6.00 bad
0.08 0.08 6.00 bad
0.22 0.20 6.00 good
0.17 0.14 6.00 bad
0.18 0.22 6.00 bad
0.15 0.28 6.00 bad
0.31 0.08 4.00 good
0.20 0.00 4.00 bad
0.09 0.18 6.00 bad
0.10 0.20 8.00 good
0.18 0.14 6.00 bad
0.30 0.19 6.00 good
0.09 0.39 8.00 bad
0.20 0.23 6.00 good
0.12 0.14 6.00 good
0.10 0.34 8.00 bad
0.12 0.33 8.00 good
0.14 0.29 6.00 good
0.17 0.20 6.00 bad
0.13 0.14 6.00 good
0.07 0.33 8.00 good
0.28 0.22 4.00 bad
0.09 0.33 6.00 bad
0.10 0.23 6.00 bad
0.28 0.14 6.00 good
0.33 0.00 4.00 bad
0.07 0.29 6.00 bad
0.05 0.30 8.00 good
0.21 0.20 6.00 bad
0.08 0.44 8.00 good
0.07 0.20 6.00 good
0.27 0.14 4.00 bad
0.28 0.07 4.00 bad
0.14 0.19 6.00 bad
0.05 0.42 8.00 bad
0.10 0.32 8.00 bad
0.12 0.25 6.00 bad
0.08 0.20 8.00 good
0.11 0.39 8.00 bad
0.22 0.31 6.00 bad
0.07 0.36 8.00 good
0.07 0.27 8.00 bad
0.10 0.24 6.00 bad
0.19 0.17 6.00 bad
0.03 0.19 10.00 bad
0.08 0.08 6.00 bad
0.41 0.05 4.00 bad
0.17 0.22 6.00 bad
0.14 0.19 6.00 bad
0.03 0.27 8.00 bad
0.17 0.28 6.00 bad
0.13 0.07 2.00 bad
0.08 0.28 8.00 good
0.04 0.29 8.00 good
0.08 0.34 8.00 bad
0.11 0.33 8.00 good
0.23 0.00 6.00 bad
0.11 0.33 8.00 good
0.08 0.33 8.00 good
0.10 0.27 8.00 bad
0.14 0.21 6.00 good
0.31 0.04 4.00 bad
0.08 0.33 8.00 good
0.14 0.24 6.00 good
0.02 0.20 10.00 good
0.16 0.26 6.00 good
0.20 0.15 6.00 bad
0.19 0.19 6.00 bad
0.06 0.33 8.00 good
0.18 0.25 6.00 good
0.30 0.08 4.00 bad
0.08 0.30 6.00 good
0.19 0.20 6.00 good
0.06 0.26 8.00 good
0.08 0.23 8.00 good
0.13 0.16 6.00 bad
0.41 0.11 4.00 good
0.13 0.33 6.00 bad
0.12 0.34 8.00 good
0.24 0.05 4.00 bad
0.10 0.19 6.00 bad
0.07 0.36 8.00 good
0.30 0.54 8.00 bad
0.03 0.49 8.00 bad
0.05 0.24 8.00 good
0.25 0.18 6.00 bad
0.09 0.37 8.00 good
0.22 0.09 4.00 good
0.03 0.06 2.00 bad
0.18 0.26 6.00 good
0.15 0.20 6.00 bad
0.22 0.22 6.00 good