BookScore ThreeStarRate FourStarRate Class
98
0 1 5 7 8 9 10 11 13 14 16 17 18 19 20 22 23 24 27 28 29 31 33 34 35 36 38 39 40 41 42 43 45 46 50 51 52 54 55 56 59 60 62 67 69 70 71 73 77 78 81 85 86 87 88 90 91 92 94 96 99 100 101 102 103 105 106 107 109 113 114 116 118 123 124 125 126 127 129 130 131 132 133 135 137 140 141 142 143 144 145 146 147 148 150 151 152 153
6.4 0.28 0.30 good
7.2 0.23 0.36 good
5.6 0.26 0.21 good
5.8 0.48 0.11 bad
6.5 0.30 0.22 bad
5.4 0.26 0.30 bad
5.8 0.23 0.27 bad
6.9 0.40 0.32 bad
5.5 0.39 0.13 bad
5.9 0.21 0.19 good
5.7 0.23 0.20 good
5.6 0.20 0.23 bad
6.5 0.28 0.14 bad
6.7 0.22 0.22 bad
5.3 0.15 0.20 good
6.5 0.40 0.28 bad
4.7 0.28 0.08 good
5.5 0.36 0.13 bad
4.5 0.21 0.15 good
7.2 0.25 0.31 bad
7.1 0.22 0.20 good
5.8 0.33 0.19 good
6.1 0.29 0.23 good
5.1 0.39 0.13 bad
5.5 0.18 0.14 good
6.7 0.23 0.34 bad
5.9 0.27 0.17 bad
3.5 0.16 0.05 bad
6.7 0.24 0.33 good
6.7 0.34 0.29 good
5.4 0.26 0.20 bad
5.1 0.24 0.14 good
5.8 0.30 0.23 bad
7.1 0.19 0.33 good
5.3 0.32 0.14 good
5.9 0.37 0.21 bad
7.9 0.15 0.30 bad
7.0 0.33 0.21 good
5.6 0.33 0.20 bad
5.3 0.32 0.10 good
6.5 0.21 0.21 good
6.2 0.18 0.20 bad
5.3 0.08 0.34 bad
7.6 0.16 0.25 good
7.4 0.26 0.42 bad
5.9 0.04 0.32 bad
6.1 0.25 0.25 bad
6.8 0.22 0.39 bad
7.6 0.22 0.27 bad
6.2 0.33 0.24 bad
5.8 0.54 0.08 bad
5.2 0.15 0.24 good
7.0 0.30 0.27 bad
6.4 0.23 0.19 bad
6.7 0.18 0.23 good
4.0 0.20 0.07 bad
7.2 0.16 0.28 good
7.8 0.16 0.29 good
7.0 0.23 0.33 good
6.7 0.28 0.33 good
6.5 0.34 0.26 bad
7.0 0.34 0.27 bad
7.1 0.26 0.27 bad
5.3 0.26 0.21 good
6.6 0.50 0.26 bad
7.4 0.19 0.33 good
6.0 0.27 0.24 good
6.4 0.15 0.17 bad
6.0 0.36 0.24 bad
6.1 0.36 0.21 bad
8.5 0.09 0.23 bad
6.0 0.42 0.12 good
6.5 0.39 0.30 bad
7.0 0.37 0.30 good
5.6 0.29 0.20 good
8.9 0.08 0.20 good
6.4 0.16 0.21 good
7.4 0.22 0.26 good
7.3 0.16 0.26 good
5.7 0.28 0.16 bad
4.4 0.13 0.11 good
6.4 0.25 0.35 good
5.9 0.33 0.33 bad
7.0 0.24 0.29 bad
7.8 0.15 0.33 good
6.4 0.07 0.54 bad
6.9 0.19 0.49 bad
7.8 0.15 0.24 good
5.5 0.22 0.24 bad
5.4 0.27 0.18 bad
6.7 0.45 0.33 bad
7.0 0.27 0.37 good
3.9 0.19 0.09 good
3.3 0.04 0.06 bad
6.1 0.35 0.20 bad
6.8 0.16 0.19 bad
5.1 0.28 0.14 good
5.7 0.25 0.22 good