ThreeStarRate FiveStarRate Mode Class
100
1 3 5 6 7 8 9 11 12 13 15 19 24 25 26 28 29 31 32 33 34 35 36 39 40 41 42 49 50 52 53 54 56 58 59 60 62 63 64 65 66 68 69 70 71 72 74 75 76 80 82 83 85 86 87 89 91 92 93 96 97 98 99 100 101 105 106 107 108 109 110 111 113 115 117 119 120 122 123 124 125 126 128 129 130 131 132 133 134 135 137 138 140 142 143 147 149 150 151 153
0.23 0.25 8.00 good
0.27 0.18 8.00 bad
0.26 0.12 6.00 good
0.21 0.23 2.00 good
0.48 0.11 6.00 bad
0.30 0.21 6.00 bad
0.26 0.02 8.00 bad
0.40 0.16 6.00 bad
0.44 0.20 6.00 bad
0.39 0.09 6.00 bad
0.27 0.23 6.00 bad
0.22 0.28 10.00 bad
0.36 0.11 6.00 bad
0.20 0.20 2.00 bad
0.43 0.19 6.00 bad
0.25 0.27 8.00 bad
0.22 0.36 10.00 good
0.33 0.09 6.00 good
0.31 0.13 8.00 bad
0.29 0.15 6.00 good
0.39 0.03 6.00 bad
0.18 0.21 2.00 good
0.23 0.19 8.00 bad
0.16 0.00 2.00 bad
0.24 0.19 8.00 good
0.34 0.17 6.00 good
0.26 0.11 2.00 bad
0.39 0.10 6.00 bad
0.32 0.07 6.00 good
0.15 0.42 10.00 bad
0.14 0.10 2.00 bad
0.33 0.29 6.00 good
0.32 0.13 6.00 good
0.14 0.37 10.00 good
0.21 0.25 10.00 good
0.18 0.23 10.00 bad
0.08 0.00 4.00 bad
0.12 0.30 2.00 good
0.21 0.02 2.00 bad
0.31 0.07 6.00 bad
0.43 0.10 6.00 bad
0.25 0.22 8.00 bad
0.26 0.21 8.00 bad
0.04 0.20 2.00 bad
0.25 0.17 8.00 bad
0.26 0.35 10.00 good
0.36 0.04 6.00 bad
0.40 0.10 6.00 good
0.15 0.24 8.00 good
0.13 0.58 10.00 bad
0.20 0.22 4.00 bad
0.28 0.22 6.00 bad
0.15 0.10 2.00 good
0.30 0.26 6.00 bad
0.23 0.27 10.00 bad
0.27 0.17 8.00 bad
0.16 0.34 10.00 good
0.16 0.42 10.00 good
0.26 0.21 8.00 bad
0.28 0.17 8.00 good
0.26 0.13 8.00 good
0.22 0.29 8.00 good
0.34 0.17 6.00 bad
0.34 0.25 6.00 bad
0.26 0.27 10.00 bad
0.19 0.31 8.00 good
0.27 0.16 6.00 good
0.15 0.31 10.00 bad
0.10 0.63 10.00 good
0.36 0.10 6.00 bad
0.28 0.10 6.00 bad
0.26 0.12 8.00 good
0.36 0.14 6.00 bad
0.35 0.07 6.00 bad
0.45 0.09 6.00 bad
0.20 0.29 8.00 good
0.20 0.11 8.00 good
0.28 0.25 8.00 bad
0.37 0.20 6.00 good
0.29 0.11 6.00 good
0.08 0.67 10.00 good
0.16 0.30 10.00 good
0.13 0.31 10.00 good
0.16 0.37 10.00 good
0.28 0.17 6.00 bad
0.13 0.06 4.00 good
0.25 0.13 8.00 good
0.33 0.04 8.00 bad
0.21 0.18 8.00 good
0.24 0.26 8.00 bad
0.15 0.38 10.00 good
0.22 0.18 2.00 bad
0.07 0.05 8.00 bad
0.15 0.46 10.00 good
0.22 0.10 8.00 bad
0.19 0.02 2.00 good
0.23 0.15 8.00 good
0.35 0.15 6.00 bad
0.16 0.37 10.00 bad
0.25 0.12 6.00 good