BookScore ThreeStarRate FiveStarRate Class
104
1 2 5 7 8 11 12 15 16 18 19 21 22 24 26 28 29 31 33 35 36 38 39 40 41 42 43 44 45 47 49 51 52 54 55 57 59 62 64 65 66 67 69 70 71 72 73 75 79 80 81 82 83 84 85 86 87 89 92 94 95 96 97 98 100 102 103 104 106 107 109 112 113 114 115 116 118 120 123 124 125 126 128 129 130 131 132 133 134 135 136 137 138 140 141 143 144 145 146 148 149 150 151 153
7.2 0.23 0.25 good
6.4 0.40 0.15 bad
5.6 0.26 0.12 good
5.8 0.48 0.11 bad
6.5 0.30 0.21 bad
6.9 0.40 0.16 bad
6.0 0.44 0.20 bad
6.6 0.27 0.23 bad
5.7 0.23 0.14 good
6.5 0.28 0.28 bad
6.7 0.22 0.28 bad
4.6 0.16 0.04 bad
6.5 0.40 0.11 bad
5.5 0.36 0.11 bad
6.5 0.43 0.19 bad
7.2 0.25 0.27 bad
7.1 0.22 0.36 good
5.8 0.33 0.09 good
6.1 0.29 0.15 good
5.5 0.18 0.21 good
6.7 0.23 0.19 bad
5.9 0.27 0.13 bad
3.5 0.16 0.00 bad
6.7 0.24 0.19 good
6.7 0.34 0.17 good
5.4 0.26 0.11 bad
5.1 0.24 0.14 good
5.4 0.11 0.23 good
5.8 0.30 0.10 bad
5.3 0.20 0.08 bad
5.9 0.39 0.10 bad
5.9 0.37 0.07 bad
7.9 0.15 0.42 bad
7.0 0.33 0.29 good
5.6 0.33 0.06 bad
6.2 0.21 0.18 bad
6.5 0.21 0.25 good
5.3 0.08 0.00 bad
4.4 0.21 0.02 bad
4.8 0.31 0.07 bad
5.9 0.43 0.10 bad
7.6 0.16 0.42 good
7.4 0.26 0.21 bad
5.9 0.04 0.20 bad
6.1 0.25 0.17 bad
7.3 0.26 0.35 good
6.8 0.22 0.17 bad
6.4 0.40 0.10 good
5.2 0.26 0.10 bad
8.3 0.13 0.58 bad
5.8 0.54 0.13 bad
5.6 0.20 0.22 bad
6.6 0.28 0.22 bad
5.9 0.33 0.14 bad
5.2 0.15 0.10 good
7.0 0.30 0.26 bad
6.4 0.23 0.27 bad
6.4 0.27 0.17 bad
7.8 0.16 0.42 good
7.0 0.23 0.23 good
5.5 0.46 0.15 bad
6.7 0.28 0.17 good
6.5 0.26 0.13 good
7.3 0.22 0.29 good
7.0 0.34 0.25 bad
5.3 0.26 0.08 good
6.6 0.50 0.11 bad
4.9 0.34 0.09 bad
6.0 0.27 0.16 good
6.4 0.15 0.31 bad
6.0 0.36 0.10 bad
5.4 0.30 0.11 bad
6.1 0.36 0.14 bad
8.5 0.09 0.60 bad
5.5 0.35 0.07 bad
6.0 0.42 0.17 good
6.5 0.39 0.11 bad
5.6 0.20 0.11 good
7.0 0.37 0.20 good
5.6 0.29 0.11 good
8.9 0.08 0.67 good
6.4 0.16 0.30 good
6.5 0.13 0.31 good
7.3 0.16 0.37 good
5.7 0.28 0.17 bad
4.4 0.13 0.06 good
6.4 0.25 0.13 good
5.9 0.33 0.04 bad
6.5 0.21 0.18 good
7.0 0.24 0.26 bad
4.8 0.32 0.09 bad
7.8 0.15 0.38 good
5.7 0.22 0.18 bad
6.4 0.07 0.05 bad
6.9 0.19 0.15 bad
5.5 0.22 0.10 bad
5.4 0.27 0.09 bad
6.7 0.45 0.08 bad
7.0 0.27 0.19 good
3.3 0.04 0.08 bad
6.0 0.23 0.15 good
6.1 0.35 0.15 bad
6.8 0.16 0.37 bad
5.7 0.25 0.12 good