BookWordCount BookScoreCount FourStarRate Class
99
2 3 5 6 7 11 13 15 17 19 20 21 22 23 25 26 27 29 30 31 32 33 34 35 37 39 40 41 42 43 45 48 49 50 52 54 57 59 60 61 62 66 68 69 70 71 73 74 76 77 80 83 84 85 86 88 89 93 95 96 97 100 102 103 104 105 106 107 108 109 110 114 117 118 119 120 121 123 125 126 127 129 130 131 134 135 136 137 139 140 141 142 143 145 147 148 149 152 153
48.30 47 0.24 bad
52.30 129 0.27 bad
158.50 439 0.21 good
59.60 187 0.18 good
38.90 27 0.11 bad
13.40 51 0.32 bad
27.50 48 0.13 bad
257.20 658 0.25 bad
33.60 36 0.23 bad
122.40 250 0.22 bad
82.30 112 0.20 good
74.10 44 0.14 bad
77.70 159 0.28 bad
122.20 116 0.08 good
35.90 11 0.00 bad
62.70 100 0.18 bad
147.20 150 0.15 good
233.90 290 0.20 good
150.70 29 0.14 bad
78.00 44 0.19 good
51.10 292 0.39 bad
178.90 192 0.23 good
154.60 97 0.13 bad
713.10 1909 0.14 good
51.30 216 0.44 bad
22.80 20 0.05 bad
153.10 495 0.33 good
168.40 670 0.29 good
300.10 686 0.20 bad
74.40 81 0.14 good
380.50 299 0.23 bad
281.40 1248 0.33 bad
44.50 72 0.23 bad
51.90 29 0.14 good
76.10 1780 0.30 bad
13.00 43 0.21 good
293.40 2109 0.29 bad
133.40 484 0.21 good
45.10 108 0.20 bad
17.00 86 0.44 good
49.60 13 0.34 bad
34.80 21 0.19 bad
79.60 153 0.30 bad
7.30 20 0.42 bad
55.40 51 0.32 bad
98.90 248 0.25 bad
68.60 19 0.39 bad
49.30 46 0.31 bad
46.20 429 0.36 good
1070.70 745 0.27 bad
144.70 714 0.19 bad
40.80 104 0.22 bad
30.00 21 0.19 bad
87.20 356 0.24 good
129.90 222 0.27 bad
315.30 1636 0.23 good
153.20 145 0.28 bad
90.50 396 0.34 bad
99.00 13 0.00 bad
34.10 188 0.33 good
22.20 39 0.40 good
59.90 42 0.27 bad
78.10 225 0.21 good
21.40 29 0.26 bad
150.50 25 0.04 bad
198.70 339 0.33 good
64.40 349 0.24 good
310.00 1184 0.17 bad
446.50 5393 0.20 good
101.10 88 0.24 bad
133.50 112 0.24 bad
31.70 1114 0.23 bad
59.10 34 0.14 bad
92.20 274 0.30 bad
427.70 1575 0.33 good
85.80 45 0.25 good
145.90 59 0.08 bad
153.40 93 0.30 good
65.70 768 0.20 good
89.70 353 0.21 good
34.20 387 0.26 good
322.80 2063 0.26 good
46.30 82 0.16 bad
195.70 31 0.11 good
179.50 795 0.34 good
335.20 1310 0.29 bad
72.70 68 0.05 bad
448.70 1641 0.33 good
130.30 1100 0.36 good
43.40 21 0.54 bad
25.10 83 0.49 bad
518.00 2366 0.24 good
177.70 153 0.24 bad
62.30 61 0.33 bad
154.00 208 0.09 good
209.90 1080 0.06 bad
382.10 674 0.26 good
163.50 45 0.14 good
73.20 209 0.22 good