AddListCount Mode Median Class
95
0 1 2 5 7 8 9 10 11 12 13 16 18 19 20 21 22 26 27 28 30 31 32 37 38 40 41 43 44 46 48 50 51 53 55 57 59 60 62 63 64 68 70 71 73 74 75 77 80 82 83 86 87 88 91 92 93 94 95 97 99 101 103 104 106 108 111 112 113 114 115 116 117 118 120 123 124 125 126 130 132 133 136 138 139 140 141 143 145 146 147 148 151 152 153
214 8.00 6.00 good
492 8.00 8.00 good
12 6.00 6.00 bad
122 6.00 6.00 good
8 6.00 6.00 bad
53 6.00 6.00 bad
14 8.00 6.00 bad
25 8.00 6.00 bad
15 6.00 6.00 bad
12 6.00 6.00 bad
9 6.00 6.00 bad
25 6.00 6.00 good
7 10.00 6.00 bad
70 10.00 6.00 bad
17 2.00 4.00 good
12 4.00 4.00 bad
61 6.00 6.00 bad
32 6.00 6.00 bad
31 2.00 4.00 good
73 8.00 8.00 bad
9 6.00 6.00 bad
6 6.00 6.00 good
111 8.00 8.00 bad
106 8.00 8.00 bad
19 4.00 6.00 bad
172 8.00 8.00 good
289 6.00 6.00 good
18 2.00 6.00 good
242 2.00 4.00 good
28 8.00 8.00 good
371 8.00 6.00 bad
7 6.00 6.00 good
42 6.00 6.00 bad
1 2.00 4.00 bad
11 6.00 6.00 bad
551 8.00 6.00 bad
138 10.00 6.00 good
19 10.00 6.00 bad
3 4.00 4.00 bad
21 2.00 6.00 good
10 2.00 4.00 bad
45 8.00 8.00 bad
2 2.00 8.00 bad
119 8.00 6.00 bad
8 8.00 8.00 bad
16 6.00 6.00 bad
8 6.00 6.00 good
183 10.00 8.00 bad
193 10.00 10.00 bad
3 4.00 4.00 bad
22 6.00 6.00 bad
53 6.00 8.00 bad
65 10.00 6.00 bad
321 10.00 8.00 good
218 10.00 8.00 good
141 10.00 8.00 good
121 8.00 8.00 bad
57 8.00 8.00 good
4 6.00 6.00 bad
7 8.00 8.00 good
253 6.00 6.00 bad
65 10.00 8.00 bad
6 6.00 6.00 bad
5 6.00 4.00 bad
102 6.00 6.00 good
1586 10.00 10.00 good
53 8.00 6.00 good
63 6.00 6.00 bad
25 6.00 6.00 bad
218 10.00 10.00 bad
76 6.00 6.00 bad
7 6.00 6.00 good
5 6.00 6.00 bad
112 6.00 6.00 bad
15 8.00 6.00 good
32 6.00 6.00 good
57 6.00 6.00 good
149 10.00 10.00 good
48 10.00 8.00 good
11 6.00 6.00 bad
131 8.00 6.00 good
1 8.00 6.00 bad
9 6.00 4.00 bad
53 2.00 6.00 bad
206 8.00 8.00 good
7 8.00 8.00 bad
19 8.00 8.00 bad
42 8.00 6.00 bad
28 6.00 6.00 bad
710 8.00 8.00 good
26 2.00 4.00 good
54 2.00 2.00 bad
125 10.00 8.00 bad
12 2.00 6.00 good
50 6.00 6.00 good