BookWordCount BookScoreCount FiveStarRate Class
95
0 1 3 4 5 6 7 9 10 11 12 13 14 15 16 18 20 22 23 24 25 28 29 30 31 33 35 37 40 41 42 43 45 46 47 53 54 56 64 65 67 71 72 74 75 76 77 78 83 86 88 89 90 91 93 94 95 96 98 99 100 101 102 106 108 109 110 112 114 115 117 118 119 121 123 124 126 127 128 130 131 132 133 135 137 138 139 141 142 144 145 146 148 149 150
177.20 568 0.15 good
289.90 967 0.25 good
52.30 129 0.18 bad
139.00 78 0.10 bad
158.50 439 0.12 good
59.60 187 0.23 good
38.90 27 0.11 bad
21.30 51 0.02 bad
82.50 78 0.09 bad
13.40 51 0.16 bad
21.80 25 0.20 bad
27.50 48 0.09 bad
123.80 454 0.20 good
257.20 658 0.23 bad
135.80 119 0.14 good
24.10 23 0.28 bad
82.30 112 0.13 good
77.70 159 0.11 bad
122.20 116 0.06 good
74.80 70 0.11 bad
35.90 11 0.20 bad
53.00 263 0.27 bad
233.90 290 0.36 good
150.70 29 0.11 bad
78.00 44 0.09 good
178.90 192 0.15 good
713.10 1909 0.21 good
51.30 216 0.28 bad
153.10 495 0.19 good
168.40 670 0.17 good
300.10 686 0.11 bad
74.40 81 0.14 good
380.50 299 0.10 bad
123.50 108 0.27 good
49.70 79 0.08 bad
53.70 22 0.10 bad
13.00 43 0.29 good
40.40 80 0.13 good
54.40 45 0.02 bad
72.20 82 0.07 bad
16.80 90 0.42 good
98.90 248 0.17 bad
390.00 956 0.35 good
49.30 46 0.04 bad
39.60 21 0.10 good
46.20 429 0.24 good
1070.70 745 0.37 bad
70.00 217 0.16 bad
40.80 104 0.22 bad
129.90 222 0.26 bad
315.30 1636 0.30 good
153.20 145 0.17 bad
50.40 16 0.07 bad
126.20 654 0.34 good
90.50 396 0.21 bad
63.70 218 0.23 good
99.00 13 0.15 bad
34.10 188 0.17 good
170.60 2113 0.29 good
181.90 942 0.17 bad
59.90 42 0.25 bad
219.60 219 0.27 bad
78.10 225 0.08 good
64.40 349 0.16 good
446.50 5393 0.63 good
101.10 88 0.10 bad
133.50 112 0.10 bad
107.80 201 0.11 bad
31.70 1114 0.60 bad
119.20 282 0.07 bad
59.10 34 0.09 bad
92.20 274 0.11 bad
427.70 1575 0.29 good
145.90 59 0.02 bad
153.40 93 0.20 good
223.00 320 0.11 good
89.70 353 0.30 good
34.20 387 0.36 good
296.70 607 0.31 good
46.30 82 0.17 bad
195.70 31 0.06 good
237.20 614 0.13 good
145.80 23 0.04 bad
335.20 1310 0.26 bad
448.70 1641 0.38 good
212.90 328 0.18 bad
130.30 1100 0.22 good
25.10 83 0.15 bad
518.00 2366 0.46 good
319.70 364 0.09 bad
62.30 61 0.08 bad
477.20 2356 0.19 good
209.90 1080 0.08 bad
382.10 674 0.15 good
44.60 21 0.15 bad