BookWordCount BookScore TwoStarRate Class
100
4 6 9 10 11 12 13 15 18 19 21 23 24 25 28 29 30 31 33 34 35 36 37 38 39 42 43 44 45 46 47 49 50 52 53 55 56 57 58 59 60 61 62 66 67 68 69 71 72 73 74 75 78 79 80 81 86 87 89 92 93 95 97 98 99 100 102 104 106 109 110 111 112 113 114 118 122 124 125 127 128 129 130 132 133 134 135 136 137 139 141 142 143 144 145 147 148 149 150 153
139.00 5.8 0.09 bad
59.60 6.0 0.14 good
21.30 5.4 0.18 bad
82.50 5.8 0.26 bad
13.40 6.9 0.04 bad
21.80 6.0 0.08 bad
27.50 5.5 0.24 bad
257.20 6.6 0.13 bad
24.10 6.5 0.17 bad
122.40 6.7 0.18 bad
74.10 4.6 0.37 bad
122.20 4.7 0.31 good
74.80 5.5 0.21 bad
35.90 4.8 0.20 bad
53.00 7.2 0.11 bad
233.90 7.1 0.10 good
150.70 5.4 0.18 bad
78.00 5.8 0.30 good
178.90 6.1 0.20 good
154.60 5.1 0.30 bad
713.10 5.5 0.12 good
87.00 6.7 0.10 bad
51.30 7.8 0.03 bad
80.20 5.9 0.35 bad
22.80 3.5 0.26 bad
300.10 5.4 0.17 bad
74.40 5.1 0.13 good
296.80 5.4 0.07 good
380.50 5.8 0.20 bad
123.50 7.1 0.07 good
49.70 5.3 0.28 bad
44.50 5.9 0.10 bad
51.90 5.3 0.28 good
76.10 7.9 0.04 bad
53.70 4.0 0.33 bad
106.40 5.6 0.28 bad
40.40 5.3 0.20 good
293.40 6.2 0.07 bad
63.50 7.5 0.05 good
133.40 6.5 0.21 good
45.10 6.2 0.21 bad
17.00 7.5 0.08 good
49.60 5.3 0.50 bad
34.80 5.9 0.14 bad
16.80 7.6 0.06 good
79.60 6.8 0.11 bad
7.30 7.4 0.05 bad
98.90 6.1 0.12 bad
390.00 7.3 0.08 good
68.60 6.8 0.11 bad
49.30 6.1 0.22 bad
39.60 6.4 0.10 good
70.00 6.2 0.10 bad
131.20 5.2 0.19 bad
144.70 8.3 0.03 bad
87.70 5.8 0.08 bad
129.90 7.0 0.03 bad
112.10 6.4 0.09 bad
153.20 6.4 0.17 bad
116.50 7.8 0.04 good
90.50 6.9 0.08 bad
99.00 5.5 0.23 bad
22.20 6.5 0.03 good
170.60 7.3 0.08 good
181.90 6.5 0.12 bad
59.90 7.0 0.02 bad
78.10 5.3 0.14 good
150.50 4.9 0.31 bad
64.40 6.0 0.14 good
101.10 6.0 0.14 bad
133.50 5.8 0.21 bad
148.90 5.8 0.16 good
107.80 5.4 0.20 bad
247.80 6.1 0.13 bad
31.70 8.5 0.02 bad
92.20 6.5 0.11 bad
79.20 7.0 0.10 bad
223.00 5.6 0.19 good
65.70 8.9 0.02 good
34.20 7.4 0.06 good
296.70 6.5 0.08 good
322.80 7.3 0.07 good
46.30 5.7 0.13 bad
237.20 6.4 0.14 good
145.80 5.9 0.13 bad
179.50 6.5 0.12 good
335.20 7.0 0.09 bad
72.70 4.8 0.24 bad
448.70 7.8 0.05 good
130.30 7.0 0.07 good
25.10 6.9 0.03 bad
518.00 7.8 0.05 good
177.70 5.5 0.21 bad
319.70 5.4 0.25 bad
62.30 6.7 0.10 bad
154.00 3.9 0.22 good
209.90 3.3 0.03 bad
382.10 6.0 0.18 good
44.60 6.1 0.15 bad
73.20 5.7 0.22 good