ThreeStarRate Mode Kurtosis Class
104
0 1 7 8 11 12 16 17 18 20 23 24 25 27 28 29 30 31 32 33 34 37 38 39 40 42 43 46 47 48 49 50 51 52 53 55 56 57 60 63 64 66 67 68 69 70 74 75 76 77 78 79 81 84 85 87 88 91 92 94 95 96 98 100 102 103 105 106 107 108 109 110 111 113 115 117 118 119 120 121 122 124 126 127 128 129 130 131 132 133 134 135 136 139 140 142 143 145 146 147 148 149 150 153
0.28 8.00 200.91 good
0.23 8.00 406.22 good
0.48 6.00 181.37 bad
0.30 6.00 196.73 bad
0.40 6.00 491.68 bad
0.44 6.00 114.51 bad
0.23 6.00 87.54 good
0.20 8.00 80.31 bad
0.28 10.00 137.29 bad
0.15 2.00 48.29 good
0.28 4.00 78.49 good
0.36 6.00 114.10 bad
0.20 2.00 28.01 bad
0.21 2.00 40.03 good
0.25 8.00 418.19 bad
0.22 10.00 194.89 good
0.32 6.00 80.73 bad
0.33 6.00 211.54 good
0.31 8.00 404.81 bad
0.29 6.00 163.05 good
0.39 6.00 192.82 bad
0.20 8.00 948.64 bad
0.27 4.00 172.89 bad
0.16 2.00 53.89 bad
0.24 8.00 227.23 good
0.26 2.00 74.29 bad
0.24 2.00 44.83 good
0.19 8.00 218.67 good
0.20 4.00 85.63 bad
0.33 8.00 362.40 bad
0.39 6.00 155.38 bad
0.32 6.00 119.73 good
0.37 6.00 339.26 bad
0.15 10.00 453.60 bad
0.14 2.00 31.11 bad
0.33 6.00 182.02 bad
0.32 6.00 74.03 good
0.21 8.00 94.54 bad
0.18 10.00 95.85 bad
0.12 2.00 55.29 good
0.21 2.00 59.06 bad
0.43 6.00 204.65 bad
0.16 10.00 278.88 good
0.25 8.00 223.96 bad
0.26 8.00 758.93 bad
0.04 2.00 49.13 bad
0.36 6.00 393.48 bad
0.40 6.00 344.01 good
0.15 8.00 159.36 good
0.22 10.00 440.27 bad
0.33 6.00 147.32 bad
0.26 2.00 65.93 bad
0.54 6.00 173.53 bad
0.33 6.00 116.65 bad
0.15 2.00 51.21 good
0.23 10.00 95.46 bad
0.18 10.00 118.81 good
0.16 10.00 191.97 good
0.16 10.00 444.03 good
0.23 8.00 299.63 good
0.46 6.00 128.84 bad
0.28 8.00 282.28 good
0.22 8.00 391.57 good
0.34 6.00 297.05 bad
0.26 2.00 65.28 good
0.50 6.00 664.54 bad
0.19 8.00 385.10 good
0.27 6.00 114.14 good
0.15 10.00 72.91 bad
0.10 10.00 1238.93 good
0.36 6.00 170.95 bad
0.28 6.00 131.59 bad
0.26 8.00 113.09 good
0.36 6.00 164.81 bad
0.35 6.00 125.49 bad
0.45 6.00 132.92 bad
0.39 6.00 387.39 bad
0.20 8.00 297.36 good
0.20 8.00 75.21 good
0.32 6.00 102.63 bad
0.28 8.00 313.76 bad
0.29 6.00 101.09 good
0.16 10.00 76.64 good
0.22 10.00 319.05 good
0.13 10.00 82.37 good
0.16 10.00 209.65 good
0.28 6.00 73.99 bad
0.13 4.00 58.14 good
0.25 8.00 212.10 good
0.33 8.00 194.01 bad
0.21 8.00 176.74 good
0.24 8.00 234.30 bad
0.32 6.00 63.17 bad
0.24 8.00 304.97 good
0.07 8.00 361.68 bad
0.15 10.00 364.52 good
0.22 8.00 86.23 bad
0.45 6.00 909.70 bad
0.27 8.00 402.15 good
0.19 2.00 40.59 good
0.04 2.00 9.99 bad
0.23 8.00 113.50 good
0.35 6.00 158.29 bad
0.25 6.00 105.28 good