BookScoreCount TwoStarRate FiveStarRate Class
99
4 5 6 7 8 10 11 13 14 20 21 22 24 25 27 29 31 32 35 37 39 40 41 42 43 45 48 49 50 52 53 54 55 58 60 61 62 63 65 67 73 74 75 76 77 78 79 80 81 82 83 84 86 87 89 91 93 94 96 97 99 100 101 103 104 106 107 108 109 110 111 113 114 115 117 118 120 122 123 124 126 128 129 133 134 135 136 138 141 142 143 145 146 147 149 150 151 152 153
78 0.09 0.10 bad
439 0.20 0.12 good
187 0.14 0.23 good
27 0.15 0.11 bad
177 0.16 0.21 bad
78 0.26 0.09 bad
51 0.04 0.16 bad
48 0.24 0.09 bad
454 0.14 0.20 good
112 0.20 0.13 good
44 0.37 0.04 bad
159 0.15 0.11 bad
70 0.21 0.11 bad
11 0.20 0.20 bad
150 0.17 0.05 good
290 0.10 0.36 good
44 0.30 0.09 good
292 0.09 0.13 bad
1909 0.12 0.21 good
216 0.03 0.28 bad
20 0.26 0.00 bad
495 0.12 0.19 good
670 0.14 0.17 good
686 0.17 0.11 bad
81 0.13 0.14 good
299 0.20 0.10 bad
1248 0.09 0.17 bad
72 0.10 0.10 bad
29 0.28 0.07 good
1780 0.04 0.42 bad
22 0.33 0.10 bad
43 0.05 0.29 good
55 0.28 0.06 bad
461 0.05 0.37 good
108 0.21 0.23 bad
86 0.08 0.21 good
13 0.50 0.00 bad
91 0.07 0.30 good
82 0.28 0.07 bad
90 0.06 0.42 good
19 0.11 0.17 bad
46 0.22 0.04 bad
21 0.10 0.10 good
429 0.07 0.24 good
745 0.07 0.37 bad
217 0.10 0.16 bad
531 0.19 0.10 bad
714 0.03 0.58 bad
25 0.08 0.13 bad
31 0.41 0.22 bad
104 0.17 0.22 bad
21 0.14 0.14 bad
222 0.03 0.26 bad
182 0.09 0.27 bad
145 0.17 0.17 bad
654 0.08 0.34 good
396 0.08 0.21 bad
218 0.11 0.23 good
188 0.11 0.17 good
39 0.03 0.13 good
942 0.12 0.17 bad
42 0.02 0.25 bad
219 0.10 0.27 bad
29 0.08 0.11 bad
25 0.31 0.09 bad
349 0.14 0.16 good
1184 0.12 0.31 bad
5393 0.02 0.63 good
88 0.14 0.10 bad
112 0.21 0.10 bad
182 0.16 0.12 good
136 0.13 0.14 bad
1114 0.02 0.60 bad
282 0.19 0.07 bad
34 0.11 0.09 bad
274 0.11 0.11 bad
45 0.18 0.11 good
385 0.10 0.25 bad
93 0.08 0.20 good
320 0.19 0.11 good
353 0.06 0.30 good
607 0.08 0.31 good
2063 0.07 0.37 good
23 0.13 0.04 bad
795 0.12 0.18 good
1310 0.09 0.26 bad
68 0.24 0.09 bad
328 0.10 0.18 bad
83 0.03 0.15 bad
2366 0.05 0.46 good
153 0.21 0.10 bad
61 0.10 0.08 bad
2356 0.09 0.19 good
208 0.22 0.02 good
674 0.18 0.15 good
21 0.15 0.15 bad
638 0.07 0.37 bad
45 0.19 0.09 good
209 0.22 0.12 good