BookWordCount BookScore TwoStarRate Class
97
0 1 2 3 4 5 6 7 8 9 10 11 13 14 15 16 18 20 21 25 28 29 30 31 33 36 38 43 44 45 46 47 48 49 52 53 55 57 59 60 62 64 65 66 67 68 69 70 71 72 73 75 76 77 79 80 87 88 89 91 92 93 94 95 96 97 98 99 100 101 104 105 106 107 110 111 112 114 116 117 122 123 127 130 131 132 134 138 139 143 144 145 146 148 151 152 153
177.20 6.4 0.15 good
289.90 7.2 0.08 good
48.30 6.4 0.10 bad
52.30 6.4 0.12 bad
139.00 5.8 0.09 bad
158.50 5.6 0.20 good
59.60 6.0 0.14 good
38.90 5.8 0.15 bad
143.50 6.5 0.16 bad
21.30 5.4 0.18 bad
82.50 5.8 0.26 bad
13.40 6.9 0.04 bad
27.50 5.5 0.24 bad
123.80 5.9 0.14 good
257.20 6.6 0.13 bad
135.80 5.7 0.22 good
24.10 6.5 0.17 bad
82.30 5.3 0.20 good
74.10 4.6 0.37 bad
35.90 4.8 0.20 bad
53.00 7.2 0.11 bad
233.90 7.1 0.10 good
150.70 5.4 0.18 bad
78.00 5.8 0.30 good
178.90 6.1 0.20 good
87.00 6.7 0.10 bad
80.20 5.9 0.35 bad
74.40 5.1 0.13 good
296.80 5.4 0.07 good
380.50 5.8 0.20 bad
123.50 7.1 0.07 good
49.70 5.3 0.28 bad
281.40 6.8 0.09 bad
44.50 5.9 0.10 bad
76.10 7.9 0.04 bad
53.70 4.0 0.33 bad
106.40 5.6 0.28 bad
293.40 6.2 0.07 bad
133.40 6.5 0.21 good
45.10 6.2 0.21 bad
49.60 5.3 0.50 bad
54.40 4.4 0.27 bad
72.20 4.8 0.28 bad
34.80 5.9 0.14 bad
16.80 7.6 0.06 good
79.60 6.8 0.11 bad
7.30 7.4 0.05 bad
55.40 5.9 0.10 bad
98.90 6.1 0.12 bad
390.00 7.3 0.08 good
68.60 6.8 0.11 bad
39.60 6.4 0.10 good
46.20 6.8 0.07 good
1070.70 7.6 0.07 bad
131.20 5.2 0.19 bad
144.70 8.3 0.03 bad
112.10 6.4 0.09 bad
315.30 6.7 0.10 good
153.20 6.4 0.17 bad
126.20 7.2 0.08 good
116.50 7.8 0.04 good
90.50 6.9 0.08 bad
63.70 7.0 0.11 good
99.00 5.5 0.23 bad
34.10 6.7 0.11 good
22.20 6.5 0.03 good
170.60 7.3 0.08 good
181.90 6.5 0.12 bad
59.90 7.0 0.02 bad
219.60 7.1 0.10 bad
150.50 4.9 0.31 bad
198.70 7.4 0.08 good
64.40 6.0 0.14 good
310.00 6.4 0.12 bad
133.50 5.8 0.21 bad
148.90 5.8 0.16 good
107.80 5.4 0.20 bad
31.70 8.5 0.02 bad
118.30 6.0 0.12 good
59.10 5.5 0.11 bad
79.20 7.0 0.10 bad
153.40 7.0 0.08 good
34.20 7.4 0.06 good
46.30 5.7 0.13 bad
195.70 4.4 0.41 good
237.20 6.4 0.14 good
179.50 6.5 0.12 good
212.90 5.7 0.10 bad
130.30 7.0 0.07 good
177.70 5.5 0.21 bad
319.70 5.4 0.25 bad
62.30 6.7 0.10 bad
477.20 7.0 0.09 good
209.90 3.3 0.03 bad
93.00 6.8 0.07 bad
163.50 5.1 0.19 good
73.20 5.7 0.22 good