BookScoreCount ThreeStarRate FourStarRate Class
104
2 4 5 8 9 10 15 17 18 19 20 21 22 23 24 27 28 29 30 31 33 34 35 38 40 41 43 44 45 46 47 48 49 50 51 53 54 57 58 59 60 61 62 63 64 66 68 69 70 71 72 74 77 78 79 81 82 83 84 87 89 92 93 94 95 97 99 100 101 102 105 106 108 110 112 113 114 115 116 118 119 120 122 125 126 127 128 129 130 132 134 135 136 137 138 142 145 146 147 148 149 150 152 153
47 0.40 0.24 bad
78 0.33 0.25 bad
439 0.26 0.21 good
177 0.30 0.22 bad
51 0.26 0.30 bad
78 0.23 0.27 bad
658 0.27 0.25 bad
36 0.20 0.23 bad
23 0.28 0.14 bad
250 0.22 0.22 bad
112 0.15 0.20 good
44 0.16 0.14 bad
159 0.40 0.28 bad
116 0.28 0.08 good
70 0.36 0.13 bad
150 0.21 0.15 good
263 0.25 0.31 bad
290 0.22 0.20 good
29 0.32 0.14 bad
44 0.33 0.19 good
192 0.29 0.23 good
97 0.39 0.13 bad
1909 0.18 0.14 good
63 0.27 0.17 bad
495 0.24 0.33 good
670 0.34 0.29 good
81 0.24 0.14 good
1885 0.11 0.16 good
299 0.30 0.23 bad
108 0.19 0.33 good
79 0.20 0.22 bad
1248 0.33 0.33 bad
72 0.39 0.23 bad
29 0.32 0.14 good
133 0.37 0.21 bad
22 0.14 0.00 bad
43 0.33 0.21 good
2109 0.21 0.29 bad
461 0.14 0.30 good
484 0.21 0.21 good
108 0.18 0.20 bad
86 0.25 0.44 good
13 0.08 0.34 bad
91 0.12 0.20 good
45 0.21 0.14 bad
21 0.43 0.19 bad
153 0.25 0.30 bad
20 0.26 0.42 bad
51 0.04 0.32 bad
248 0.25 0.25 bad
956 0.26 0.20 good
46 0.36 0.31 bad
745 0.22 0.27 bad
217 0.33 0.24 bad
531 0.26 0.17 bad
25 0.54 0.08 bad
31 0.20 0.05 bad
104 0.28 0.22 bad
21 0.33 0.19 bad
182 0.23 0.19 bad
145 0.27 0.28 bad
527 0.16 0.29 good
396 0.26 0.34 bad
218 0.23 0.33 good
13 0.46 0.00 bad
39 0.26 0.40 good
942 0.34 0.26 bad
42 0.34 0.27 bad
219 0.26 0.27 bad
225 0.26 0.21 good
339 0.19 0.33 good
349 0.27 0.24 good
5393 0.10 0.20 good
112 0.28 0.24 bad
201 0.30 0.15 bad
136 0.36 0.21 bad
1114 0.09 0.23 bad
282 0.35 0.19 bad
19 0.42 0.12 good
274 0.39 0.30 bad
1575 0.20 0.33 good
45 0.20 0.25 good
385 0.28 0.29 bad
768 0.08 0.20 good
353 0.16 0.21 good
387 0.22 0.26 good
607 0.13 0.23 good
2063 0.16 0.26 good
82 0.28 0.16 bad
614 0.25 0.35 good
795 0.21 0.34 good
1310 0.24 0.29 bad
68 0.32 0.05 bad
1641 0.15 0.33 good
328 0.22 0.19 bad
2366 0.15 0.24 good
61 0.45 0.33 bad
2356 0.27 0.37 good
208 0.19 0.09 good
1080 0.04 0.06 bad
674 0.23 0.26 good
21 0.35 0.20 bad
45 0.28 0.14 good
209 0.25 0.22 good