ThreeStarRate FourStarRate FiveStarRate Class
97
0 1 3 4 5 7 8 9 10 12 13 16 19 21 22 23 25 26 28 29 30 31 32 33 34 35 36 38 39 40 41 42 47 50 51 52 53 55 57 61 62 63 64 65 66 67 68 69 70 72 73 74 75 76 77 79 80 82 83 84 88 90 91 93 94 95 96 97 100 102 104 106 107 108 110 111 112 113 114 116 117 119 121 124 125 126 128 131 133 135 136 137 139 143 145 146 147
0.28 0.30 0.15 good
0.23 0.36 0.25 good
0.27 0.27 0.18 bad
0.33 0.25 0.10 bad
0.26 0.21 0.12 good
0.48 0.11 0.11 bad
0.30 0.22 0.21 bad
0.26 0.30 0.02 bad
0.23 0.27 0.09 bad
0.44 0.08 0.20 bad
0.39 0.13 0.09 bad
0.23 0.20 0.14 good
0.22 0.22 0.28 bad
0.16 0.14 0.04 bad
0.40 0.28 0.11 bad
0.28 0.08 0.06 good
0.20 0.00 0.20 bad
0.43 0.18 0.19 bad
0.25 0.31 0.27 bad
0.22 0.20 0.36 good
0.32 0.14 0.11 bad
0.33 0.19 0.09 good
0.31 0.39 0.13 bad
0.29 0.23 0.15 good
0.39 0.13 0.03 bad
0.18 0.14 0.21 good
0.23 0.34 0.19 bad
0.27 0.17 0.13 bad
0.16 0.05 0.00 bad
0.24 0.33 0.19 good
0.34 0.29 0.17 good
0.26 0.20 0.11 bad
0.20 0.22 0.08 bad
0.32 0.14 0.07 good
0.37 0.21 0.07 bad
0.15 0.30 0.42 bad
0.14 0.00 0.10 bad
0.33 0.20 0.06 bad
0.21 0.29 0.18 bad
0.25 0.44 0.21 good
0.08 0.34 0.00 bad
0.12 0.20 0.30 good
0.21 0.14 0.02 bad
0.31 0.07 0.07 bad
0.43 0.19 0.10 bad
0.16 0.25 0.42 good
0.25 0.30 0.22 bad
0.26 0.42 0.21 bad
0.04 0.32 0.20 bad
0.26 0.20 0.35 good
0.22 0.39 0.17 bad
0.36 0.31 0.04 bad
0.40 0.30 0.10 good
0.15 0.36 0.24 good
0.22 0.27 0.37 bad
0.26 0.17 0.10 bad
0.13 0.19 0.58 bad
0.20 0.05 0.22 bad
0.28 0.22 0.22 bad
0.33 0.19 0.14 bad
0.18 0.23 0.30 good
0.20 0.07 0.07 bad
0.16 0.28 0.34 good
0.26 0.34 0.21 bad
0.23 0.33 0.23 good
0.46 0.00 0.15 bad
0.28 0.33 0.17 good
0.26 0.40 0.13 good
0.34 0.27 0.25 bad
0.26 0.21 0.08 good
0.34 0.04 0.09 bad
0.27 0.24 0.16 good
0.15 0.17 0.31 bad
0.10 0.20 0.63 good
0.28 0.24 0.10 bad
0.26 0.26 0.12 good
0.30 0.15 0.11 bad
0.36 0.21 0.14 bad
0.09 0.23 0.60 bad
0.42 0.12 0.17 good
0.45 0.14 0.09 bad
0.20 0.33 0.29 good
0.32 0.08 0.02 bad
0.29 0.20 0.11 good
0.08 0.20 0.67 good
0.16 0.21 0.30 good
0.13 0.23 0.31 good
0.13 0.11 0.06 good
0.33 0.33 0.04 bad
0.24 0.29 0.26 bad
0.32 0.05 0.09 bad
0.15 0.33 0.38 good
0.24 0.36 0.22 good
0.22 0.24 0.10 bad
0.45 0.33 0.08 bad
0.27 0.37 0.19 good
0.19 0.09 0.02 good