BookScore AddListCount Median Class
95
1 3 5 6 7 8 10 11 12 16 17 18 20 22 23 25 26 29 32 34 38 39 40 41 42 43 44 45 46 47 48 52 54 56 57 59 60 61 63 66 67 68 69 70 73 74 75 76 79 80 81 82 83 84 85 86 88 90 91 92 93 94 95 96 97 98 101 103 104 105 106 107 108 112 113 115 117 118 120 123 125 126 134 136 137 138 139 141 142 145 146 147 148 151 152
7.2 492 8.00 good
6.4 38 6.00 bad
5.6 122 6.00 good
6.0 42 6.00 good
5.8 8 6.00 bad
6.5 53 6.00 bad
5.8 25 6.00 bad
6.9 15 6.00 bad
6.0 12 6.00 bad
5.7 25 6.00 good
5.6 10 6.00 bad
6.5 7 6.00 bad
5.3 17 4.00 good
6.5 61 6.00 bad
4.7 32 4.00 good
4.8 2 4.00 bad
6.5 32 6.00 bad
7.1 68 8.00 good
6.8 111 8.00 bad
5.1 24 6.00 bad
5.9 19 6.00 bad
3.5 1 2.00 bad
6.7 172 8.00 good
6.7 289 6.00 good
5.4 215 6.00 bad
5.1 18 6.00 good
5.4 242 4.00 good
5.8 93 6.00 bad
7.1 28 8.00 good
5.3 20 4.00 bad
6.8 371 6.00 bad
7.9 446 8.00 bad
7.0 9 6.00 good
5.3 13 6.00 good
6.2 551 6.00 bad
6.5 138 6.00 good
6.2 19 6.00 bad
7.5 33 8.00 good
6.2 21 6.00 good
5.9 2 6.00 bad
7.6 17 8.00 good
6.8 45 8.00 bad
7.4 5 8.00 bad
5.9 2 8.00 bad
6.8 8 8.00 bad
6.1 16 6.00 bad
6.4 8 6.00 good
6.8 110 8.00 good
5.2 94 6.00 bad
8.3 193 10.00 bad
5.8 4 6.00 bad
5.6 3 4.00 bad
6.6 22 6.00 bad
5.9 3 6.00 bad
5.2 55 4.00 good
7.0 53 8.00 bad
6.7 321 8.00 good
4.0 4 2.00 bad
7.2 218 8.00 good
7.8 141 8.00 good
6.9 121 8.00 bad
7.0 57 8.00 good
5.5 4 6.00 bad
6.7 100 8.00 good
6.5 7 8.00 good
7.3 558 8.00 good
7.1 65 8.00 bad
6.6 6 6.00 bad
4.9 5 4.00 bad
7.4 98 8.00 good
6.0 102 6.00 good
6.4 188 6.00 bad
8.7 1586 10.00 good
5.4 63 6.00 bad
6.1 25 6.00 bad
5.5 76 6.00 bad
5.5 5 6.00 bad
6.5 112 6.00 bad
5.6 15 6.00 good
7.0 32 6.00 good
8.9 149 10.00 good
6.4 48 8.00 good
6.5 168 8.00 good
4.8 9 4.00 bad
7.8 303 8.00 good
5.7 53 6.00 bad
7.0 206 8.00 good
6.9 19 8.00 bad
7.8 365 8.00 good
6.7 28 6.00 bad
7.0 710 8.00 good
3.9 26 4.00 good
3.3 54 2.00 bad
6.8 125 8.00 bad
5.1 12 6.00 good