BookWordCount TwoStarRate Mode Class
98
1 2 3 4 5 7 8 10 12 13 14 16 19 21 22 24 25 26 28 31 32 34 35 38 39 40 42 45 47 48 49 50 51 53 54 55 56 57 58 61 63 64 66 69 70 71 72 76 77 78 79 80 81 83 84 87 89 93 95 98 99 102 103 104 105 107 108 109 110 111 112 113 114 116 117 118 119 120 121 123 124 125 126 128 130 132 135 136 137 138 139 140 141 142 146 148 149 151
289.90 0.08 8.00 good
48.30 0.10 6.00 bad
52.30 0.12 8.00 bad
139.00 0.09 6.00 bad
158.50 0.20 6.00 good
38.90 0.15 6.00 bad
143.50 0.16 6.00 bad
82.50 0.26 8.00 bad
21.80 0.08 6.00 bad
27.50 0.24 6.00 bad
123.80 0.14 2.00 good
135.80 0.22 6.00 good
122.40 0.18 10.00 bad
74.10 0.37 4.00 bad
77.70 0.15 6.00 bad
74.80 0.21 6.00 bad
35.90 0.20 2.00 bad
62.70 0.09 6.00 bad
53.00 0.11 8.00 bad
78.00 0.30 6.00 good
51.10 0.09 8.00 bad
154.60 0.30 6.00 bad
713.10 0.12 2.00 good
80.20 0.35 4.00 bad
22.80 0.26 2.00 bad
153.10 0.12 8.00 good
300.10 0.17 2.00 bad
380.50 0.20 6.00 bad
49.70 0.28 4.00 bad
281.40 0.09 8.00 bad
44.50 0.10 6.00 bad
51.90 0.28 6.00 good
84.60 0.30 6.00 bad
53.70 0.33 2.00 bad
13.00 0.05 6.00 good
106.40 0.28 6.00 bad
40.40 0.20 6.00 good
293.40 0.07 8.00 bad
63.50 0.05 10.00 good
17.00 0.08 8.00 good
108.60 0.07 2.00 good
54.40 0.27 2.00 bad
34.80 0.14 6.00 bad
7.30 0.05 8.00 bad
55.40 0.10 2.00 bad
98.90 0.12 8.00 bad
390.00 0.08 10.00 good
46.20 0.07 8.00 good
1070.70 0.07 10.00 bad
70.00 0.10 6.00 bad
131.20 0.19 2.00 bad
144.70 0.03 10.00 bad
87.70 0.08 6.00 bad
40.80 0.17 6.00 bad
30.00 0.14 6.00 bad
112.10 0.09 10.00 bad
153.20 0.17 8.00 bad
90.50 0.08 8.00 bad
99.00 0.23 6.00 bad
170.60 0.08 8.00 good
181.90 0.12 6.00 bad
78.10 0.14 2.00 good
21.40 0.08 6.00 bad
150.50 0.31 6.00 bad
198.70 0.08 8.00 good
310.00 0.12 10.00 bad
446.50 0.02 10.00 good
101.10 0.14 6.00 bad
133.50 0.21 6.00 bad
148.90 0.16 8.00 good
107.80 0.20 6.00 bad
247.80 0.13 6.00 bad
31.70 0.02 10.00 bad
118.30 0.12 6.00 good
59.10 0.11 6.00 bad
92.20 0.11 6.00 bad
427.70 0.06 8.00 good
85.80 0.18 8.00 good
145.90 0.30 6.00 bad
153.40 0.08 6.00 good
223.00 0.19 6.00 good
65.70 0.02 10.00 good
89.70 0.06 10.00 good
296.70 0.08 10.00 good
46.30 0.13 6.00 bad
237.20 0.14 8.00 good
335.20 0.09 8.00 bad
72.70 0.24 6.00 bad
448.70 0.05 10.00 good
212.90 0.10 2.00 bad
130.30 0.07 8.00 good
43.40 0.30 8.00 bad
25.10 0.03 8.00 bad
518.00 0.05 10.00 good
477.20 0.09 8.00 good
209.90 0.03 2.00 bad
382.10 0.18 8.00 good
93.00 0.07 10.00 bad