TwoStarRate Mode Median Class
96
0 1 3 4 6 7 11 12 13 14 16 18 19 21 23 24 25 27 28 29 30 31 34 35 37 38 39 40 41 42 44 46 47 48 49 50 52 54 61 65 66 67 68 70 71 73 78 79 80 81 84 85 86 87 89 90 91 93 97 98 99 100 101 102 104 106 107 108 112 113 115 117 120 121 123 124 125 126 127 129 130 132 137 139 140 141 142 143 145 146 148 149 150 151 152 153
0.15 8.00 6.00 good
0.08 8.00 8.00 good
0.12 8.00 6.00 bad
0.09 6.00 6.00 bad
0.14 2.00 6.00 good
0.15 6.00 6.00 bad
0.04 6.00 6.00 bad
0.08 6.00 6.00 bad
0.24 6.00 6.00 bad
0.14 2.00 6.00 good
0.22 6.00 6.00 good
0.17 10.00 6.00 bad
0.18 10.00 6.00 bad
0.37 4.00 4.00 bad
0.31 4.00 4.00 good
0.21 6.00 6.00 bad
0.20 2.00 4.00 bad
0.17 2.00 4.00 good
0.11 8.00 8.00 bad
0.10 10.00 8.00 good
0.18 6.00 6.00 bad
0.30 6.00 6.00 good
0.30 6.00 6.00 bad
0.12 2.00 6.00 good
0.03 8.00 8.00 bad
0.35 4.00 6.00 bad
0.26 2.00 2.00 bad
0.12 8.00 8.00 good
0.14 6.00 6.00 good
0.17 2.00 6.00 bad
0.07 2.00 4.00 good
0.07 8.00 8.00 good
0.28 4.00 4.00 bad
0.09 8.00 6.00 bad
0.10 6.00 6.00 bad
0.28 6.00 6.00 good
0.04 10.00 8.00 bad
0.05 6.00 6.00 good
0.08 8.00 8.00 good
0.28 6.00 4.00 bad
0.14 6.00 6.00 bad
0.06 10.00 8.00 good
0.11 8.00 8.00 bad
0.10 2.00 8.00 bad
0.12 8.00 6.00 bad
0.11 8.00 8.00 bad
0.10 6.00 6.00 bad
0.19 2.00 6.00 bad
0.03 10.00 10.00 bad
0.08 6.00 6.00 bad
0.14 6.00 6.00 bad
0.19 2.00 4.00 good
0.03 6.00 8.00 bad
0.09 10.00 6.00 bad
0.17 8.00 6.00 bad
0.13 2.00 2.00 bad
0.08 10.00 8.00 good
0.08 8.00 8.00 bad
0.03 8.00 8.00 good
0.08 8.00 8.00 good
0.12 6.00 6.00 bad
0.02 6.00 8.00 bad
0.10 10.00 8.00 bad
0.14 2.00 6.00 good
0.31 6.00 4.00 bad
0.14 6.00 6.00 good
0.12 10.00 6.00 bad
0.02 10.00 10.00 good
0.20 6.00 6.00 bad
0.13 6.00 6.00 bad
0.19 6.00 6.00 bad
0.11 6.00 6.00 bad
0.18 8.00 6.00 good
0.30 6.00 4.00 bad
0.08 6.00 6.00 good
0.19 6.00 6.00 good
0.02 10.00 10.00 good
0.06 10.00 8.00 good
0.06 10.00 8.00 good
0.07 10.00 8.00 good
0.13 6.00 6.00 bad
0.14 8.00 6.00 good
0.05 10.00 8.00 good
0.07 8.00 8.00 good
0.30 8.00 8.00 bad
0.03 8.00 8.00 bad
0.05 10.00 8.00 good
0.21 8.00 6.00 bad
0.10 6.00 6.00 bad
0.09 8.00 8.00 good
0.03 2.00 2.00 bad
0.18 8.00 6.00 good
0.15 6.00 6.00 bad
0.07 10.00 8.00 bad
0.19 2.00 6.00 good
0.22 6.00 6.00 good