BookScore TwoStarRate FourStarRate Class
107
0 1 2 3 4 6 9 10 11 12 14 16 17 18 19 20 21 22 23 25 26 28 29 30 31 33 34 35 36 37 38 39 40 41 42 43 44 45 46 47 49 50 51 55 56 57 58 60 61 63 64 67 68 69 70 72 73 74 76 77 78 79 81 83 84 85 87 88 89 91 92 93 95 96 97 98 99 102 103 104 106 107 109 111 112 115 117 118 119 120 123 125 126 127 128 129 130 131 132 134 135 136 139 142 144 149 152
6.4 0.15 0.30 good
7.2 0.08 0.36 good
6.4 0.10 0.24 bad
6.4 0.12 0.27 bad
5.8 0.09 0.25 bad
6.0 0.14 0.18 good
5.4 0.18 0.30 bad
5.8 0.26 0.27 bad
6.9 0.04 0.32 bad
6.0 0.08 0.08 bad
5.9 0.14 0.19 good
5.7 0.22 0.20 good
5.6 0.22 0.23 bad
6.5 0.17 0.14 bad
6.7 0.18 0.22 bad
5.3 0.20 0.20 good
4.6 0.37 0.14 bad
6.5 0.15 0.28 bad
4.7 0.31 0.08 good
4.8 0.20 0.00 bad
6.5 0.09 0.18 bad
7.2 0.11 0.31 bad
7.1 0.10 0.20 good
5.4 0.18 0.14 bad
5.8 0.30 0.19 good
6.1 0.20 0.23 good
5.1 0.30 0.13 bad
5.5 0.12 0.14 good
6.7 0.10 0.34 bad
7.8 0.03 0.44 bad
5.9 0.35 0.17 bad
3.5 0.26 0.05 bad
6.7 0.12 0.33 good
6.7 0.14 0.29 good
5.4 0.17 0.20 bad
5.1 0.13 0.14 good
5.4 0.07 0.16 good
5.8 0.20 0.23 bad
7.1 0.07 0.33 good
5.3 0.28 0.22 bad
5.9 0.10 0.23 bad
5.3 0.28 0.14 good
5.9 0.30 0.21 bad
5.6 0.28 0.20 bad
5.3 0.20 0.10 good
6.2 0.07 0.29 bad
7.5 0.05 0.30 good
6.2 0.21 0.20 bad
7.5 0.08 0.44 good
6.2 0.07 0.20 good
4.4 0.27 0.14 bad
7.6 0.06 0.25 good
6.8 0.11 0.30 bad
7.4 0.05 0.42 bad
5.9 0.10 0.32 bad
7.3 0.08 0.20 good
6.8 0.11 0.39 bad
6.1 0.22 0.31 bad
6.8 0.07 0.36 good
7.6 0.07 0.27 bad
6.2 0.10 0.24 bad
5.2 0.19 0.17 bad
5.8 0.08 0.08 bad
6.6 0.17 0.22 bad
5.9 0.14 0.19 bad
5.2 0.19 0.24 good
6.4 0.09 0.19 bad
6.7 0.10 0.23 good
6.4 0.17 0.28 bad
7.2 0.08 0.28 good
7.8 0.04 0.29 good
6.9 0.08 0.34 bad
5.5 0.23 0.00 bad
6.7 0.11 0.33 good
6.5 0.03 0.40 good
7.3 0.08 0.33 good
6.5 0.12 0.26 bad
5.3 0.14 0.21 good
6.6 0.08 0.26 bad
4.9 0.31 0.04 bad
6.0 0.14 0.24 good
6.4 0.12 0.17 bad
6.0 0.14 0.24 bad
5.8 0.16 0.26 good
5.4 0.20 0.15 bad
5.5 0.19 0.19 bad
5.5 0.11 0.14 bad
6.5 0.11 0.30 bad
7.3 0.06 0.33 good
5.6 0.18 0.25 good
7.0 0.08 0.30 good
8.9 0.02 0.20 good
6.4 0.06 0.21 good
7.4 0.06 0.26 good
6.5 0.08 0.23 good
7.3 0.07 0.26 good
5.7 0.13 0.16 bad
4.4 0.41 0.11 good
6.4 0.14 0.35 good
6.5 0.12 0.34 good
7.0 0.09 0.29 bad
4.8 0.24 0.05 bad
7.0 0.07 0.36 good
7.8 0.05 0.24 good
5.4 0.25 0.18 bad
6.0 0.18 0.26 good
5.1 0.19 0.14 good