TwoStarRate FourStarRate Mode Class
98
0 1 2 3 4 5 9 11 14 16 17 18 19 20 22 24 27 28 29 30 31 32 34 37 40 41 42 45 49 51 53 54 55 56 57 58 59 60 61 62 63 65 66 67 68 70 71 72 73 75 76 78 79 80 81 82 83 84 86 87 88 90 91 93 95 96 97 99 106 107 109 111 112 113 114 115 116 117 118 121 123 124 125 126 130 131 132 133 136 141 143 144 147 148 149 150 152 153
0.15 0.30 8.00 good
0.08 0.36 8.00 good
0.10 0.24 6.00 bad
0.12 0.27 8.00 bad
0.09 0.25 6.00 bad
0.20 0.21 6.00 good
0.18 0.30 8.00 bad
0.04 0.32 6.00 bad
0.14 0.19 2.00 good
0.22 0.20 6.00 good
0.22 0.23 8.00 bad
0.17 0.14 10.00 bad
0.18 0.22 10.00 bad
0.20 0.20 2.00 good
0.15 0.28 6.00 bad
0.21 0.13 6.00 bad
0.17 0.15 2.00 good
0.11 0.31 8.00 bad
0.10 0.20 10.00 good
0.18 0.14 6.00 bad
0.30 0.19 6.00 good
0.09 0.39 8.00 bad
0.30 0.13 6.00 bad
0.03 0.44 8.00 bad
0.12 0.33 8.00 good
0.14 0.29 6.00 good
0.17 0.20 2.00 bad
0.20 0.23 6.00 bad
0.10 0.23 6.00 bad
0.30 0.21 6.00 bad
0.33 0.00 2.00 bad
0.05 0.21 6.00 good
0.28 0.20 6.00 bad
0.20 0.10 6.00 good
0.07 0.29 8.00 bad
0.05 0.30 10.00 good
0.21 0.21 10.00 good
0.21 0.20 10.00 bad
0.08 0.44 8.00 good
0.50 0.34 4.00 bad
0.07 0.20 2.00 good
0.28 0.07 6.00 bad
0.14 0.19 6.00 bad
0.06 0.25 10.00 good
0.11 0.30 8.00 bad
0.10 0.32 2.00 bad
0.12 0.25 8.00 bad
0.08 0.20 10.00 good
0.11 0.39 8.00 bad
0.10 0.30 6.00 good
0.07 0.36 8.00 good
0.10 0.24 6.00 bad
0.19 0.17 2.00 bad
0.03 0.19 10.00 bad
0.08 0.08 6.00 bad
0.41 0.05 4.00 bad
0.17 0.22 6.00 bad
0.14 0.19 6.00 bad
0.03 0.27 6.00 bad
0.09 0.19 10.00 bad
0.10 0.23 10.00 good
0.13 0.07 2.00 bad
0.08 0.28 10.00 good
0.08 0.34 8.00 bad
0.23 0.00 6.00 bad
0.11 0.33 8.00 good
0.03 0.40 8.00 good
0.12 0.26 6.00 bad
0.14 0.24 6.00 good
0.12 0.17 10.00 bad
0.14 0.24 6.00 bad
0.16 0.26 8.00 good
0.20 0.15 6.00 bad
0.13 0.21 6.00 bad
0.02 0.23 10.00 bad
0.19 0.19 6.00 bad
0.12 0.12 6.00 good
0.11 0.14 6.00 bad
0.11 0.30 6.00 bad
0.30 0.08 6.00 bad
0.08 0.30 6.00 good
0.19 0.20 6.00 good
0.02 0.20 10.00 good
0.06 0.21 10.00 good
0.13 0.16 6.00 bad
0.41 0.11 4.00 good
0.14 0.35 8.00 good
0.13 0.33 8.00 bad
0.24 0.05 6.00 bad
0.03 0.49 8.00 bad
0.21 0.24 8.00 bad
0.25 0.18 6.00 bad
0.22 0.09 2.00 good
0.03 0.06 2.00 bad
0.18 0.26 8.00 good
0.15 0.20 6.00 bad
0.19 0.14 2.00 good
0.22 0.22 6.00 good