BookScoreCount AddListCount Median Class
99
0 1 2 3 4 8 10 14 15 17 18 19 20 21 22 25 26 27 28 29 30 31 33 34 36 39 40 41 42 43 45 46 47 48 49 50 51 53 55 56 57 59 63 64 65 66 69 75 76 77 78 79 81 82 83 85 86 88 89 90 91 92 93 95 97 99 100 102 103 104 107 108 109 110 111 112 113 114 117 122 123 124 125 126 127 129 130 131 133 140 141 142 144 145 146 148 150 152 153
568 214 6.00 good
967 492 8.00 good
47 12 6.00 bad
129 38 6.00 bad
78 22 6.00 bad
177 53 6.00 bad
78 25 6.00 bad
454 136 6.00 good
658 204 6.00 bad
36 10 6.00 bad
23 7 6.00 bad
250 70 6.00 bad
112 17 4.00 good
44 12 4.00 bad
159 61 6.00 bad
11 2 4.00 bad
100 32 6.00 bad
150 31 4.00 good
263 73 8.00 bad
290 68 8.00 good
29 9 6.00 bad
44 6 6.00 good
192 49 6.00 good
97 24 6.00 bad
223 63 8.00 bad
20 1 2.00 bad
495 172 8.00 good
670 289 6.00 good
686 215 6.00 bad
81 18 6.00 good
299 93 6.00 bad
108 28 8.00 good
79 20 4.00 bad
1248 371 6.00 bad
72 13 6.00 bad
29 7 6.00 good
133 42 6.00 bad
22 1 4.00 bad
55 11 6.00 bad
80 13 6.00 good
2109 551 6.00 bad
484 138 6.00 good
91 21 6.00 good
45 10 4.00 bad
82 22 4.00 bad
21 2 6.00 bad
20 5 8.00 bad
21 8 6.00 good
429 110 8.00 good
745 183 8.00 bad
217 57 6.00 bad
531 94 6.00 bad
25 4 6.00 bad
31 3 4.00 bad
104 22 6.00 bad
356 55 4.00 good
222 53 8.00 bad
1636 321 8.00 good
145 49 6.00 bad
16 4 2.00 bad
654 218 8.00 good
527 141 8.00 good
396 121 8.00 bad
13 4 6.00 bad
39 7 8.00 good
942 253 6.00 bad
42 8 8.00 bad
225 39 6.00 good
29 6 6.00 bad
25 5 4.00 bad
1184 188 6.00 bad
5393 1586 10.00 good
88 34 6.00 bad
112 31 6.00 bad
182 53 6.00 good
201 63 6.00 bad
136 25 6.00 bad
1114 218 10.00 bad
34 5 6.00 bad
385 126 8.00 bad
93 32 6.00 good
320 57 6.00 good
768 149 10.00 good
353 48 8.00 good
387 146 8.00 good
2063 510 8.00 good
82 11 6.00 bad
31 5 4.00 good
23 1 6.00 bad
21 7 8.00 bad
83 19 8.00 bad
2366 365 8.00 good
364 103 6.00 bad
61 28 6.00 bad
2356 710 8.00 good
1080 54 2.00 bad
21 5 6.00 bad
45 12 6.00 good
209 50 6.00 good