ThreeStarRate FourStarRate Kurtosis Class
100
2 3 5 10 11 12 13 14 15 16 17 18 19 20 21 22 23 24 25 28 29 30 31 33 34 37 38 47 48 50 52 53 59 60 61 62 63 70 72 73 75 76 77 79 80 81 83 84 85 86 87 88 90 92 93 94 95 96 97 98 99 101 103 104 108 109 112 113 114 115 117 118 119 120 121 122 123 127 128 129 130 131 132 133 134 135 136 138 140 143 144 145 146 147 148 149 150 151 152 153
0.40 0.24 267.71 bad
0.27 0.27 155.27 bad
0.26 0.21 93.52 good
0.23 0.27 143.84 bad
0.40 0.32 491.68 bad
0.44 0.08 114.51 bad
0.39 0.13 156.17 bad
0.21 0.19 68.44 good
0.27 0.25 188.48 bad
0.23 0.20 87.54 good
0.20 0.23 80.31 bad
0.28 0.14 137.29 bad
0.22 0.22 181.41 bad
0.15 0.20 48.29 good
0.16 0.14 66.70 bad
0.40 0.28 468.11 bad
0.28 0.08 78.49 good
0.36 0.13 114.10 bad
0.20 0.00 28.01 bad
0.25 0.31 418.19 bad
0.22 0.20 194.89 good
0.32 0.14 80.73 bad
0.33 0.19 211.54 good
0.29 0.23 163.05 good
0.39 0.13 192.82 bad
0.20 0.44 948.64 bad
0.27 0.17 172.89 bad
0.20 0.22 85.63 bad
0.33 0.33 362.40 bad
0.32 0.14 119.73 good
0.15 0.30 453.60 bad
0.14 0.00 31.11 bad
0.21 0.21 148.52 good
0.18 0.20 95.85 bad
0.25 0.44 1104.85 good
0.08 0.34 199.64 bad
0.12 0.20 55.29 good
0.04 0.32 49.13 bad
0.26 0.20 259.41 good
0.22 0.39 278.58 bad
0.40 0.30 344.01 good
0.15 0.36 159.36 good
0.22 0.27 440.27 bad
0.26 0.17 65.93 bad
0.13 0.19 599.56 bad
0.54 0.08 173.53 bad
0.28 0.22 188.48 bad
0.33 0.19 116.65 bad
0.15 0.24 51.21 good
0.30 0.27 249.84 bad
0.23 0.19 95.46 bad
0.18 0.23 118.81 good
0.20 0.07 25.57 bad
0.16 0.29 444.03 good
0.26 0.34 288.02 bad
0.23 0.33 299.63 good
0.46 0.00 128.84 bad
0.28 0.33 282.28 good
0.26 0.40 198.40 good
0.22 0.33 391.57 good
0.34 0.26 243.27 bad
0.26 0.27 286.97 bad
0.50 0.26 664.54 bad
0.34 0.04 92.39 bad
0.10 0.20 1238.93 good
0.36 0.24 170.95 bad
0.30 0.15 84.03 bad
0.36 0.21 164.81 bad
0.09 0.23 875.52 bad
0.35 0.19 125.49 bad
0.45 0.14 132.92 bad
0.39 0.30 387.39 bad
0.20 0.33 297.36 good
0.20 0.25 75.21 good
0.32 0.08 102.63 bad
0.28 0.29 313.76 bad
0.37 0.30 502.72 good
0.22 0.26 319.05 good
0.13 0.23 82.37 good
0.16 0.26 209.65 good
0.28 0.16 73.99 bad
0.13 0.11 58.14 good
0.25 0.35 212.10 good
0.33 0.33 194.01 bad
0.21 0.34 176.74 good
0.24 0.29 234.30 bad
0.32 0.05 63.17 bad
0.22 0.19 56.35 bad
0.07 0.54 361.68 bad
0.22 0.24 86.23 bad
0.27 0.18 97.95 bad
0.45 0.33 909.70 bad
0.27 0.37 402.15 good
0.19 0.09 40.59 good
0.04 0.06 9.99 bad
0.23 0.26 113.50 good
0.35 0.20 158.29 bad
0.16 0.19 105.22 bad
0.28 0.14 62.68 good
0.25 0.22 105.28 good