ThreeStarRate Mode Median Class
98
0 2 4 5 6 7 8 9 10 12 13 16 17 19 20 21 24 25 26 27 28 31 33 35 37 38 39 43 50 52 54 58 59 60 61 62 63 64 67 68 69 70 71 72 74 79 81 82 83 84 86 87 89 90 91 93 94 95 98 99 101 102 103 104 106 107 108 109 114 115 116 118 119 120 121 123 124 125 128 129 130 131 132 133 134 135 136 137 138 141 142 143 144 146 147 148 151 153
0.28 8.00 6.00 good
0.40 6.00 6.00 bad
0.33 6.00 6.00 bad
0.26 6.00 6.00 good
0.21 2.00 6.00 good
0.48 6.00 6.00 bad
0.30 6.00 6.00 bad
0.26 8.00 6.00 bad
0.23 8.00 6.00 bad
0.44 6.00 6.00 bad
0.39 6.00 6.00 bad
0.23 6.00 6.00 good
0.20 8.00 6.00 bad
0.22 10.00 6.00 bad
0.15 2.00 4.00 good
0.16 4.00 4.00 bad
0.36 6.00 6.00 bad
0.20 2.00 4.00 bad
0.43 6.00 6.00 bad
0.21 2.00 4.00 good
0.25 8.00 8.00 bad
0.33 6.00 6.00 good
0.29 6.00 6.00 good
0.18 2.00 6.00 good
0.20 8.00 8.00 bad
0.27 4.00 6.00 bad
0.16 2.00 2.00 bad
0.24 2.00 6.00 good
0.32 6.00 6.00 good
0.15 10.00 8.00 bad
0.33 6.00 6.00 good
0.14 10.00 8.00 good
0.21 10.00 6.00 good
0.18 10.00 6.00 bad
0.25 8.00 8.00 good
0.08 4.00 4.00 bad
0.12 2.00 6.00 good
0.21 2.00 4.00 bad
0.16 10.00 8.00 good
0.25 8.00 8.00 bad
0.26 8.00 8.00 bad
0.04 2.00 8.00 bad
0.25 8.00 6.00 bad
0.26 10.00 8.00 good
0.36 6.00 6.00 bad
0.26 2.00 6.00 bad
0.54 6.00 6.00 bad
0.20 4.00 4.00 bad
0.28 6.00 6.00 bad
0.33 6.00 6.00 bad
0.30 6.00 8.00 bad
0.23 10.00 6.00 bad
0.27 8.00 6.00 bad
0.20 2.00 2.00 bad
0.16 10.00 8.00 good
0.26 8.00 8.00 bad
0.23 8.00 8.00 good
0.46 6.00 6.00 bad
0.22 8.00 8.00 good
0.34 6.00 6.00 bad
0.26 10.00 8.00 bad
0.26 2.00 6.00 good
0.50 6.00 6.00 bad
0.34 6.00 4.00 bad
0.27 6.00 6.00 good
0.15 10.00 6.00 bad
0.10 10.00 10.00 good
0.36 6.00 6.00 bad
0.09 10.00 10.00 bad
0.35 6.00 6.00 bad
0.42 6.00 6.00 good
0.39 6.00 6.00 bad
0.20 8.00 8.00 good
0.20 8.00 6.00 good
0.32 6.00 4.00 bad
0.37 6.00 6.00 good
0.29 6.00 6.00 good
0.08 10.00 10.00 good
0.13 10.00 8.00 good
0.16 10.00 8.00 good
0.28 6.00 6.00 bad
0.13 4.00 4.00 good
0.25 8.00 6.00 good
0.33 8.00 6.00 bad
0.21 8.00 8.00 good
0.24 8.00 8.00 bad
0.32 6.00 4.00 bad
0.15 10.00 8.00 good
0.22 2.00 6.00 bad
0.19 8.00 8.00 bad
0.15 10.00 8.00 good
0.22 8.00 6.00 bad
0.27 6.00 6.00 bad
0.27 8.00 8.00 good
0.19 2.00 4.00 good
0.04 2.00 2.00 bad
0.16 10.00 8.00 bad
0.25 6.00 6.00 good