AddListCount TwoStarRate ThreeStarRate Class
95
0 3 4 5 6 7 8 10 11 17 19 20 22 23 25 28 30 32 33 34 36 38 40 42 44 48 49 50 51 52 53 55 59 60 61 62 63 64 65 66 67 68 70 71 72 73 75 76 78 79 81 82 83 85 87 88 89 90 91 92 97 100 102 103 105 106 108 109 110 114 115 117 118 119 121 123 125 126 127 128 130 132 133 134 137 138 140 141 142 145 146 147 149 151 152
214 0.15 0.28 good
38 0.12 0.27 bad
22 0.09 0.33 bad
122 0.20 0.26 good
42 0.14 0.21 good
8 0.15 0.48 bad
53 0.16 0.30 bad
25 0.26 0.23 bad
15 0.04 0.40 bad
10 0.22 0.20 bad
70 0.18 0.22 bad
17 0.20 0.15 good
61 0.15 0.40 bad
32 0.31 0.28 good
2 0.20 0.20 bad
73 0.11 0.25 bad
9 0.18 0.32 bad
111 0.09 0.31 bad
49 0.20 0.29 good
24 0.30 0.39 bad
63 0.10 0.23 bad
19 0.35 0.27 bad
172 0.12 0.24 good
215 0.17 0.26 bad
242 0.07 0.11 good
371 0.09 0.33 bad
13 0.10 0.39 bad
7 0.28 0.32 good
42 0.30 0.37 bad
446 0.04 0.15 bad
1 0.33 0.14 bad
11 0.28 0.33 bad
138 0.21 0.21 good
19 0.21 0.18 bad
33 0.08 0.25 good
3 0.50 0.08 bad
21 0.07 0.12 good
10 0.27 0.21 bad
22 0.28 0.31 bad
2 0.14 0.43 bad
17 0.06 0.16 good
45 0.11 0.25 bad
2 0.10 0.04 bad
119 0.12 0.25 bad
180 0.08 0.26 good
8 0.11 0.22 bad
8 0.10 0.40 good
110 0.07 0.15 good
57 0.10 0.33 bad
94 0.19 0.26 bad
4 0.08 0.54 bad
3 0.41 0.20 bad
22 0.17 0.28 bad
55 0.19 0.15 good
65 0.09 0.23 bad
321 0.10 0.18 good
49 0.17 0.27 bad
4 0.13 0.20 bad
218 0.08 0.16 good
141 0.04 0.16 good
7 0.03 0.26 good
8 0.02 0.34 bad
39 0.14 0.26 good
6 0.08 0.50 bad
98 0.08 0.19 good
102 0.14 0.27 good
1586 0.02 0.10 good
34 0.14 0.36 bad
31 0.21 0.28 bad
218 0.02 0.09 bad
76 0.19 0.35 bad
5 0.11 0.45 bad
112 0.11 0.39 bad
274 0.06 0.20 good
14 0.30 0.32 bad
32 0.08 0.37 good
149 0.02 0.08 good
48 0.06 0.16 good
146 0.06 0.22 good
108 0.08 0.13 good
11 0.13 0.28 bad
131 0.14 0.25 good
1 0.13 0.33 bad
168 0.12 0.21 good
303 0.05 0.15 good
53 0.10 0.22 bad
7 0.30 0.07 bad
19 0.03 0.19 bad
365 0.05 0.15 good
28 0.10 0.45 bad
710 0.09 0.27 good
26 0.22 0.19 good
178 0.18 0.23 good
125 0.07 0.16 bad
12 0.19 0.28 good