BookScoreCount Mode Median Class
99
0 1 3 5 7 9 10 12 13 14 15 16 17 18 19 20 23 24 25 26 27 32 33 35 38 39 40 42 43 44 45 46 49 50 52 53 55 57 58 63 65 66 70 72 73 74 75 76 77 78 81 83 85 86 87 88 91 92 93 94 96 97 98 99 101 102 103 105 106 110 111 113 115 116 118 121 122 123 124 125 126 129 130 131 132 135 136 137 139 140 142 143 144 145 146 147 149 152 153
568 8.00 6.00 good
967 8.00 8.00 good
129 8.00 6.00 bad
439 6.00 6.00 good
27 6.00 6.00 bad
51 8.00 6.00 bad
78 8.00 6.00 bad
25 6.00 6.00 bad
48 6.00 6.00 bad
454 2.00 6.00 good
658 6.00 6.00 bad
119 6.00 6.00 good
36 8.00 6.00 bad
23 10.00 6.00 bad
250 10.00 6.00 bad
112 2.00 4.00 good
116 4.00 4.00 good
70 6.00 6.00 bad
11 2.00 4.00 bad
100 6.00 6.00 bad
150 2.00 4.00 good
292 8.00 8.00 bad
192 6.00 6.00 good
1909 2.00 6.00 good
63 4.00 6.00 bad
20 2.00 2.00 bad
495 8.00 8.00 good
686 2.00 6.00 bad
81 2.00 6.00 good
1885 2.00 4.00 good
299 6.00 6.00 bad
108 8.00 8.00 good
72 6.00 6.00 bad
29 6.00 6.00 good
1780 10.00 8.00 bad
22 2.00 4.00 bad
55 6.00 6.00 bad
2109 8.00 6.00 bad
461 10.00 8.00 good
91 2.00 6.00 good
82 6.00 4.00 bad
21 6.00 6.00 bad
51 2.00 8.00 bad
956 10.00 8.00 good
19 8.00 8.00 bad
46 6.00 6.00 bad
21 6.00 6.00 good
429 8.00 8.00 good
745 10.00 8.00 bad
217 6.00 6.00 bad
25 6.00 6.00 bad
104 6.00 6.00 bad
356 2.00 4.00 good
222 6.00 8.00 bad
182 10.00 6.00 bad
1636 10.00 8.00 good
654 10.00 8.00 good
527 10.00 8.00 good
396 8.00 8.00 bad
218 8.00 8.00 good
188 8.00 8.00 good
39 8.00 8.00 good
2113 8.00 8.00 good
942 6.00 6.00 bad
219 10.00 8.00 bad
225 2.00 6.00 good
29 6.00 6.00 bad
339 8.00 8.00 good
349 6.00 6.00 good
112 6.00 6.00 bad
182 8.00 6.00 good
136 6.00 6.00 bad
282 6.00 6.00 bad
19 6.00 6.00 good
274 6.00 6.00 bad
59 6.00 4.00 bad
385 8.00 8.00 bad
93 6.00 6.00 good
320 6.00 6.00 good
768 10.00 10.00 good
353 10.00 8.00 good
2063 10.00 8.00 good
82 6.00 6.00 bad
31 4.00 4.00 good
614 8.00 6.00 good
1310 8.00 8.00 bad
68 6.00 4.00 bad
1641 10.00 8.00 good
1100 8.00 8.00 good
21 8.00 8.00 bad
2366 10.00 8.00 good
153 8.00 6.00 bad
364 6.00 6.00 bad
61 6.00 6.00 bad
2356 8.00 8.00 good
208 2.00 4.00 good
674 8.00 6.00 good
45 2.00 6.00 good
209 6.00 6.00 good