ThreeStarRate FourStarRate Median Class
94
0 1 2 5 7 10 11 12 13 14 16 17 19 20 21 23 24 25 26 27 28 29 30 31 32 36 38 39 40 41 42 44 45 48 49 51 52 54 57 60 61 62 64 66 67 68 69 71 72 74 76 79 82 83 86 87 89 90 91 94 95 96 98 99 100 101 102 103 107 110 111 112 115 119 121 122 123 125 126 127 128 129 131 134 135 138 139 140 142 145 146 147 150 151
0.28 0.30 6.00 good
0.23 0.36 8.00 good
0.40 0.24 6.00 bad
0.26 0.21 6.00 good
0.48 0.11 6.00 bad
0.23 0.27 6.00 bad
0.40 0.32 6.00 bad
0.44 0.08 6.00 bad
0.39 0.13 6.00 bad
0.21 0.19 6.00 good
0.23 0.20 6.00 good
0.20 0.23 6.00 bad
0.22 0.22 6.00 bad
0.15 0.20 4.00 good
0.16 0.14 4.00 bad
0.28 0.08 4.00 good
0.36 0.13 6.00 bad
0.20 0.00 4.00 bad
0.43 0.18 6.00 bad
0.21 0.15 4.00 good
0.25 0.31 8.00 bad
0.22 0.20 8.00 good
0.32 0.14 6.00 bad
0.33 0.19 6.00 good
0.31 0.39 8.00 bad
0.23 0.34 8.00 bad
0.27 0.17 6.00 bad
0.16 0.05 2.00 bad
0.24 0.33 8.00 good
0.34 0.29 6.00 good
0.26 0.20 6.00 bad
0.11 0.16 4.00 good
0.30 0.23 6.00 bad
0.33 0.33 6.00 bad
0.39 0.23 6.00 bad
0.37 0.21 6.00 bad
0.15 0.30 8.00 bad
0.33 0.21 6.00 good
0.21 0.29 6.00 bad
0.18 0.20 6.00 bad
0.25 0.44 8.00 good
0.08 0.34 4.00 bad
0.21 0.14 4.00 bad
0.43 0.19 6.00 bad
0.16 0.25 8.00 good
0.25 0.30 8.00 bad
0.26 0.42 8.00 bad
0.25 0.25 6.00 bad
0.26 0.20 8.00 good
0.36 0.31 6.00 bad
0.15 0.36 8.00 good
0.26 0.17 6.00 bad
0.20 0.05 4.00 bad
0.28 0.22 6.00 bad
0.30 0.27 8.00 bad
0.23 0.19 6.00 bad
0.27 0.28 6.00 bad
0.20 0.07 2.00 bad
0.16 0.28 8.00 good
0.23 0.33 8.00 good
0.46 0.00 6.00 bad
0.28 0.33 8.00 good
0.22 0.33 8.00 good
0.34 0.26 6.00 bad
0.34 0.27 8.00 bad
0.26 0.27 8.00 bad
0.26 0.21 6.00 good
0.50 0.26 6.00 bad
0.15 0.17 6.00 bad
0.28 0.24 6.00 bad
0.26 0.26 6.00 good
0.30 0.15 6.00 bad
0.35 0.19 6.00 bad
0.20 0.33 8.00 good
0.32 0.08 4.00 bad
0.28 0.29 8.00 bad
0.37 0.30 6.00 good
0.08 0.20 10.00 good
0.16 0.21 8.00 good
0.22 0.26 8.00 good
0.13 0.23 8.00 good
0.16 0.26 8.00 good
0.13 0.11 4.00 good
0.21 0.34 8.00 good
0.24 0.29 8.00 bad
0.22 0.19 6.00 bad
0.24 0.36 8.00 good
0.07 0.54 8.00 bad
0.15 0.24 8.00 good
0.45 0.33 6.00 bad
0.27 0.37 8.00 good
0.19 0.09 4.00 good
0.35 0.20 6.00 bad
0.16 0.19 8.00 bad