BookScoreCount TwoStarRate Kurtosis Class
96
1 2 5 6 8 9 10 11 12 14 16 19 20 21 22 24 25 26 27 28 30 34 36 37 38 42 43 44 48 50 52 53 55 56 58 59 61 64 65 66 67 69 72 73 75 76 77 78 79 80 82 83 85 87 91 92 93 95 96 97 99 100 101 102 103 104 105 106 107 108 111 112 114 115 116 121 122 123 124 125 128 129 130 132 133 135 138 139 140 144 145 146 147 148 151 152
967 0.08 406.22 good
47 0.10 267.71 bad
439 0.20 93.52 good
187 0.14 75.15 good
177 0.16 196.73 bad
51 0.18 110.48 bad
78 0.26 143.84 bad
51 0.04 491.68 bad
25 0.08 114.51 bad
454 0.14 68.44 good
119 0.22 87.54 good
250 0.18 181.41 bad
112 0.20 48.29 good
44 0.37 66.70 bad
159 0.15 468.11 bad
70 0.21 114.10 bad
11 0.20 28.01 bad
100 0.09 249.04 bad
150 0.17 40.03 good
263 0.11 418.19 bad
29 0.18 80.73 bad
97 0.30 192.82 bad
223 0.10 203.97 bad
216 0.03 948.64 bad
63 0.35 172.89 bad
686 0.17 74.29 bad
81 0.13 44.83 good
1885 0.07 29.34 good
1248 0.09 362.40 bad
29 0.28 119.73 good
1780 0.04 453.60 bad
22 0.33 31.11 bad
55 0.28 182.02 bad
80 0.20 74.03 good
461 0.05 256.16 good
484 0.21 148.52 good
86 0.08 1104.85 good
45 0.27 59.06 bad
82 0.28 77.07 bad
21 0.14 204.65 bad
90 0.06 278.88 good
20 0.05 758.93 bad
956 0.08 259.41 good
19 0.11 278.58 bad
21 0.10 344.01 good
429 0.07 159.36 good
745 0.07 440.27 bad
217 0.10 147.32 bad
531 0.19 65.93 bad
714 0.03 599.56 bad
31 0.41 87.78 bad
104 0.17 188.48 bad
356 0.19 51.21 good
182 0.09 95.46 bad
654 0.08 191.97 good
527 0.04 444.03 good
396 0.08 288.02 bad
13 0.23 128.84 bad
188 0.11 282.28 good
39 0.03 198.40 good
942 0.12 243.27 bad
42 0.02 297.05 bad
219 0.10 286.97 bad
225 0.14 65.28 good
29 0.08 664.54 bad
25 0.31 92.39 bad
339 0.08 385.10 good
349 0.14 114.14 good
1184 0.12 72.91 bad
5393 0.02 1238.93 good
182 0.16 113.09 good
201 0.20 84.03 bad
1114 0.02 875.52 bad
282 0.19 125.49 bad
19 0.12 138.45 good
59 0.30 102.63 bad
385 0.10 313.76 bad
93 0.08 502.72 good
320 0.19 101.09 good
768 0.02 1797.82 good
607 0.08 82.37 good
2063 0.07 209.65 good
82 0.13 73.99 bad
614 0.14 212.10 good
23 0.13 194.01 bad
1310 0.09 234.30 bad
328 0.10 56.35 bad
1100 0.07 304.97 good
21 0.30 361.68 bad
364 0.25 97.95 bad
61 0.10 909.70 bad
2356 0.09 402.15 good
208 0.22 40.59 good
1080 0.03 9.99 bad
638 0.07 105.22 bad
45 0.19 62.68 good