FourStarRate Mode Median Class
94
0 3 4 5 8 9 11 12 14 16 17 18 19 20 23 24 25 27 29 30 31 34 36 38 39 40 41 43 44 46 47 48 49 50 52 53 55 56 57 59 60 64 65 66 67 68 72 73 74 75 77 78 79 81 82 85 86 87 88 89 93 94 95 96 97 98 100 101 102 104 105 107 110 111 113 116 120 123 124 125 126 131 134 136 139 140 141 145 147 149 150 151 152 153
0.30 8.00 6.00 good
0.27 8.00 6.00 bad
0.25 6.00 6.00 bad
0.21 6.00 6.00 good
0.22 6.00 6.00 bad
0.30 8.00 6.00 bad
0.32 6.00 6.00 bad
0.08 6.00 6.00 bad
0.19 2.00 6.00 good
0.20 6.00 6.00 good
0.23 8.00 6.00 bad
0.14 10.00 6.00 bad
0.22 10.00 6.00 bad
0.20 2.00 4.00 good
0.08 4.00 4.00 good
0.13 6.00 6.00 bad
0.00 2.00 4.00 bad
0.15 2.00 4.00 good
0.20 10.00 8.00 good
0.14 6.00 6.00 bad
0.19 6.00 6.00 good
0.13 6.00 6.00 bad
0.34 8.00 8.00 bad
0.17 4.00 6.00 bad
0.05 2.00 2.00 bad
0.33 8.00 8.00 good
0.29 6.00 6.00 good
0.14 2.00 6.00 good
0.16 2.00 4.00 good
0.33 8.00 8.00 good
0.22 4.00 4.00 bad
0.33 8.00 6.00 bad
0.23 6.00 6.00 bad
0.14 6.00 6.00 good
0.30 10.00 8.00 bad
0.00 2.00 4.00 bad
0.20 6.00 6.00 bad
0.10 6.00 6.00 good
0.29 8.00 6.00 bad
0.21 10.00 6.00 good
0.20 10.00 6.00 bad
0.14 2.00 4.00 bad
0.07 6.00 4.00 bad
0.19 6.00 6.00 bad
0.25 10.00 8.00 good
0.30 8.00 8.00 bad
0.20 10.00 8.00 good
0.39 8.00 8.00 bad
0.31 6.00 6.00 bad
0.30 6.00 6.00 good
0.27 10.00 8.00 bad
0.24 6.00 6.00 bad
0.17 2.00 6.00 bad
0.08 6.00 6.00 bad
0.05 4.00 4.00 bad
0.24 2.00 4.00 good
0.27 6.00 8.00 bad
0.19 10.00 6.00 bad
0.23 10.00 8.00 good
0.28 8.00 6.00 bad
0.34 8.00 8.00 bad
0.33 8.00 8.00 good
0.00 6.00 6.00 bad
0.33 8.00 8.00 good
0.40 8.00 8.00 good
0.33 8.00 8.00 good
0.27 6.00 8.00 bad
0.27 10.00 8.00 bad
0.21 2.00 6.00 good
0.04 6.00 4.00 bad
0.33 8.00 8.00 good
0.17 10.00 6.00 bad
0.24 6.00 6.00 bad
0.26 8.00 6.00 good
0.21 6.00 6.00 bad
0.12 6.00 6.00 good
0.25 8.00 6.00 good
0.30 6.00 6.00 good
0.20 6.00 6.00 good
0.20 10.00 10.00 good
0.21 10.00 8.00 good
0.11 4.00 4.00 good
0.34 8.00 8.00 good
0.05 6.00 4.00 bad
0.36 8.00 8.00 good
0.54 8.00 8.00 bad
0.49 8.00 8.00 bad
0.33 6.00 6.00 bad
0.09 2.00 4.00 good
0.26 8.00 6.00 good
0.20 6.00 6.00 bad
0.19 10.00 8.00 bad
0.14 2.00 6.00 good
0.22 6.00 6.00 good