BookWordCount FiveStarRate Kurtosis Class
93
2 3 5 6 7 8 9 10 11 12 13 14 16 18 19 21 23 25 27 29 31 34 35 36 37 39 43 44 45 46 47 48 52 53 54 56 58 60 61 63 64 65 68 69 72 73 75 77 78 79 80 82 83 84 87 95 98 100 103 104 105 106 107 108 111 112 113 114 116 117 118 119 120 124 125 128 130 132 133 135 136 137 138 140 141 143 144 145 146 147 151 152 153
48.30 0.15 267.71 bad
52.30 0.18 155.27 bad
158.50 0.12 93.52 good
59.60 0.23 75.15 good
38.90 0.11 181.37 bad
143.50 0.21 196.73 bad
21.30 0.02 110.48 bad
82.50 0.09 143.84 bad
13.40 0.16 491.68 bad
21.80 0.20 114.51 bad
27.50 0.09 156.17 bad
123.80 0.20 68.44 good
135.80 0.14 87.54 good
24.10 0.28 137.29 bad
122.40 0.28 181.41 bad
74.10 0.04 66.70 bad
122.20 0.06 78.49 good
35.90 0.20 28.01 bad
147.20 0.05 40.03 good
233.90 0.36 194.89 good
78.00 0.09 211.54 good
154.60 0.03 192.82 bad
713.10 0.21 41.11 good
87.00 0.19 203.97 bad
51.30 0.28 948.64 bad
22.80 0.00 53.89 bad
74.40 0.14 44.83 good
296.80 0.23 29.34 good
380.50 0.10 135.14 bad
123.50 0.27 218.67 good
49.70 0.08 85.63 bad
281.40 0.17 362.40 bad
76.10 0.42 453.60 bad
53.70 0.10 31.11 bad
13.00 0.29 245.77 good
40.40 0.13 74.03 good
63.50 0.37 256.16 good
45.10 0.23 95.85 bad
17.00 0.21 1104.85 good
108.60 0.30 55.29 good
54.40 0.02 59.06 bad
72.20 0.07 77.07 bad
79.60 0.22 223.96 bad
7.30 0.21 758.93 bad
390.00 0.35 259.41 good
68.60 0.17 278.58 bad
39.60 0.10 344.01 good
1070.70 0.37 440.27 bad
70.00 0.16 147.32 bad
131.20 0.10 65.93 bad
144.70 0.58 599.56 bad
183.00 0.22 87.78 bad
40.80 0.22 188.48 bad
30.00 0.14 116.65 bad
112.10 0.27 95.46 bad
99.00 0.15 128.84 bad
170.60 0.29 391.57 good
59.90 0.25 297.05 bad
21.40 0.11 664.54 bad
150.50 0.09 92.39 bad
198.70 0.31 385.10 good
64.40 0.16 114.14 good
310.00 0.31 72.91 bad
446.50 0.63 1238.93 good
148.90 0.12 113.09 good
107.80 0.11 84.03 bad
247.80 0.14 164.81 bad
31.70 0.60 875.52 bad
118.30 0.17 138.45 good
59.10 0.09 132.92 bad
92.20 0.11 387.39 bad
427.70 0.29 297.36 good
85.80 0.11 75.21 good
223.00 0.11 101.09 good
65.70 0.67 1797.82 good
296.70 0.31 82.37 good
46.30 0.17 73.99 bad
237.20 0.13 212.10 good
145.80 0.04 194.01 bad
335.20 0.26 234.30 bad
72.70 0.09 63.17 bad
448.70 0.38 478.73 good
212.90 0.18 56.35 bad
43.40 0.05 361.68 bad
25.10 0.15 311.51 bad
177.70 0.10 86.23 bad
319.70 0.09 97.95 bad
62.30 0.08 909.70 bad
477.20 0.19 402.15 good
154.00 0.02 40.59 good
93.00 0.37 105.22 bad
163.50 0.09 62.68 good
73.20 0.12 105.28 good