BookScore TwoStarRate Kurtosis Class
99
1 2 3 4 6 8 9 10 12 13 14 16 18 19 20 21 23 25 26 28 31 32 34 36 38 41 43 44 46 47 48 49 51 52 53 54 55 57 59 60 61 62 63 67 69 70 72 73 74 76 79 80 82 84 86 87 88 91 94 95 96 97 99 100 102 103 104 105 106 107 110 113 116 117 119 121 122 123 124 125 126 128 130 131 132 133 134 135 136 138 139 140 142 143 144 148 149 151 153
7.2 0.08 406.22 good
6.4 0.10 267.71 bad
6.4 0.12 155.27 bad
5.8 0.09 113.07 bad
6.0 0.14 75.15 good
6.5 0.16 196.73 bad
5.4 0.18 110.48 bad
5.8 0.26 143.84 bad
6.0 0.08 114.51 bad
5.5 0.24 156.17 bad
5.9 0.14 68.44 good
5.7 0.22 87.54 good
6.5 0.17 137.29 bad
6.7 0.18 181.41 bad
5.3 0.20 48.29 good
4.6 0.37 66.70 bad
4.7 0.31 78.49 good
4.8 0.20 28.01 bad
6.5 0.09 249.04 bad
7.2 0.11 418.19 bad
5.8 0.30 211.54 good
6.8 0.09 404.81 bad
5.1 0.30 192.82 bad
6.7 0.10 203.97 bad
5.9 0.35 172.89 bad
6.7 0.14 389.04 good
5.1 0.13 44.83 good
5.4 0.07 29.34 good
7.1 0.07 218.67 good
5.3 0.28 85.63 bad
6.8 0.09 362.40 bad
5.9 0.10 155.38 bad
5.9 0.30 339.26 bad
7.9 0.04 453.60 bad
4.0 0.33 31.11 bad
7.0 0.05 245.77 good
5.6 0.28 182.02 bad
6.2 0.07 94.54 bad
6.5 0.21 148.52 good
6.2 0.21 95.85 bad
7.5 0.08 1104.85 good
5.3 0.50 199.64 bad
6.2 0.07 55.29 good
7.6 0.06 278.88 good
7.4 0.05 758.93 bad
5.9 0.10 49.13 bad
7.3 0.08 259.41 good
6.8 0.11 278.58 bad
6.1 0.22 393.48 bad
6.8 0.07 159.36 good
5.2 0.19 65.93 bad
8.3 0.03 599.56 bad
5.6 0.41 87.78 bad
5.9 0.14 116.65 bad
7.0 0.03 249.84 bad
6.4 0.09 95.46 bad
6.7 0.10 118.81 good
7.2 0.08 191.97 good
7.0 0.11 299.63 good
5.5 0.23 128.84 bad
6.7 0.11 282.28 good
6.5 0.03 198.40 good
6.5 0.12 243.27 bad
7.0 0.02 297.05 bad
5.3 0.14 65.28 good
6.6 0.08 664.54 bad
4.9 0.31 92.39 bad
7.4 0.08 385.10 good
6.0 0.14 114.14 good
6.4 0.12 72.91 bad
5.8 0.21 131.59 bad
6.1 0.13 164.81 bad
6.0 0.12 138.45 good
5.5 0.11 132.92 bad
7.3 0.06 297.36 good
4.5 0.30 102.63 bad
7.0 0.10 313.76 bad
7.0 0.08 502.72 good
5.6 0.19 101.09 good
8.9 0.02 1797.82 good
6.4 0.06 76.64 good
6.5 0.08 82.37 good
5.7 0.13 73.99 bad
4.4 0.41 58.14 good
6.4 0.14 212.10 good
5.9 0.13 194.01 bad
6.5 0.12 176.74 good
7.0 0.09 234.30 bad
4.8 0.24 63.17 bad
5.7 0.10 56.35 bad
7.0 0.07 304.97 good
6.4 0.30 361.68 bad
7.8 0.05 364.52 good
5.5 0.21 86.23 bad
5.4 0.25 97.95 bad
3.3 0.03 9.99 bad
6.0 0.18 113.50 good
6.8 0.07 105.22 bad
5.7 0.22 105.28 good