FiveStarRate Median Kurtosis Class
102
0 2 4 5 8 9 11 12 13 14 16 17 19 20 21 23 24 25 27 28 34 35 36 37 38 39 41 42 44 45 46 48 49 51 52 53 54 55 59 62 64 66 67 69 71 72 74 75 76 77 78 79 80 83 85 87 88 90 92 93 94 96 97 99 100 101 102 103 105 108 109 111 112 114 116 117 118 119 120 121 122 123 124 125 126 127 129 130 132 133 134 135 141 142 144 145 146 147 148 150 151 153
0.15 6.00 200.91 good
0.15 6.00 267.71 bad
0.10 6.00 113.07 bad
0.12 6.00 93.52 good
0.21 6.00 196.73 bad
0.02 6.00 110.48 bad
0.16 6.00 491.68 bad
0.20 6.00 114.51 bad
0.09 6.00 156.17 bad
0.20 6.00 68.44 good
0.14 6.00 87.54 good
0.12 6.00 80.31 bad
0.28 6.00 181.41 bad
0.13 4.00 48.29 good
0.04 4.00 66.70 bad
0.06 4.00 78.49 good
0.11 6.00 114.10 bad
0.20 4.00 28.01 bad
0.05 4.00 40.03 good
0.27 8.00 418.19 bad
0.03 6.00 192.82 bad
0.21 6.00 41.11 good
0.19 8.00 203.97 bad
0.28 8.00 948.64 bad
0.13 6.00 172.89 bad
0.00 2.00 53.89 bad
0.17 6.00 389.04 good
0.11 6.00 74.29 bad
0.23 4.00 29.34 good
0.10 6.00 135.14 bad
0.27 8.00 218.67 good
0.17 6.00 362.40 bad
0.10 6.00 155.38 bad
0.07 6.00 339.26 bad
0.42 8.00 453.60 bad
0.10 4.00 31.11 bad
0.29 6.00 245.77 good
0.06 6.00 182.02 bad
0.25 6.00 148.52 good
0.00 4.00 199.64 bad
0.02 4.00 59.06 bad
0.10 6.00 204.65 bad
0.42 8.00 278.88 good
0.21 8.00 758.93 bad
0.17 6.00 106.33 bad
0.35 8.00 259.41 good
0.04 6.00 393.48 bad
0.10 6.00 344.01 good
0.24 8.00 159.36 good
0.37 8.00 440.27 bad
0.16 6.00 147.32 bad
0.10 6.00 65.93 bad
0.58 10.00 599.56 bad
0.22 6.00 188.48 bad
0.10 4.00 51.21 good
0.27 6.00 95.46 bad
0.30 8.00 118.81 good
0.07 2.00 25.57 bad
0.42 8.00 444.03 good
0.21 8.00 288.02 bad
0.23 8.00 299.63 good
0.17 8.00 282.28 good
0.13 8.00 198.40 good
0.17 6.00 243.27 bad
0.25 8.00 297.05 bad
0.27 8.00 286.97 bad
0.08 6.00 65.28 good
0.11 6.00 664.54 bad
0.31 8.00 385.10 good
0.63 10.00 1238.93 good
0.10 6.00 170.95 bad
0.12 6.00 113.09 good
0.11 6.00 84.03 bad
0.60 10.00 875.52 bad
0.17 6.00 138.45 good
0.09 6.00 132.92 bad
0.11 6.00 387.39 bad
0.29 8.00 297.36 good
0.11 6.00 75.21 good
0.02 4.00 102.63 bad
0.25 8.00 313.76 bad
0.20 6.00 502.72 good
0.11 6.00 101.09 good
0.67 10.00 1797.82 good
0.30 8.00 76.64 good
0.36 8.00 319.05 good
0.37 8.00 209.65 good
0.17 6.00 73.99 bad
0.13 6.00 212.10 good
0.04 6.00 194.01 bad
0.18 8.00 176.74 good
0.26 8.00 234.30 bad
0.15 8.00 311.51 bad
0.46 8.00 364.52 good
0.09 6.00 97.95 bad
0.08 6.00 909.70 bad
0.19 8.00 402.15 good
0.02 4.00 40.59 good
0.08 2.00 9.99 bad
0.15 6.00 158.29 bad
0.37 8.00 105.22 bad
0.12 6.00 105.28 good