BookWordCount BookScore FiveStarRate Class
100
0 2 3 9 10 11 12 14 15 16 17 19 20 25 26 27 28 29 30 31 32 33 34 35 37 38 39 42 43 44 45 47 48 50 51 52 55 56 57 58 59 60 62 64 66 67 68 71 75 76 78 79 80 82 83 84 85 87 88 89 90 93 94 95 96 98 99 101 103 104 106 108 109 110 111 112 113 114 116 119 120 123 125 126 127 128 129 130 131 132 134 136 141 145 146 147 148 149 151 153
177.20 6.4 0.15 good
48.30 6.4 0.15 bad
52.30 6.4 0.18 bad
21.30 5.4 0.02 bad
82.50 5.8 0.09 bad
13.40 6.9 0.16 bad
21.80 6.0 0.20 bad
123.80 5.9 0.20 good
257.20 6.6 0.23 bad
135.80 5.7 0.14 good
33.60 5.6 0.12 bad
122.40 6.7 0.28 bad
82.30 5.3 0.13 good
35.90 4.8 0.20 bad
62.70 6.5 0.19 bad
147.20 4.5 0.05 good
53.00 7.2 0.27 bad
233.90 7.1 0.36 good
150.70 5.4 0.11 bad
78.00 5.8 0.09 good
51.10 6.8 0.13 bad
178.90 6.1 0.15 good
154.60 5.1 0.03 bad
713.10 5.5 0.21 good
51.30 7.8 0.28 bad
80.20 5.9 0.13 bad
22.80 3.5 0.00 bad
300.10 5.4 0.11 bad
74.40 5.1 0.14 good
296.80 5.4 0.23 good
380.50 5.8 0.10 bad
49.70 5.3 0.08 bad
281.40 6.8 0.17 bad
51.90 5.3 0.07 good
84.60 5.9 0.07 bad
76.10 7.9 0.42 bad
106.40 5.6 0.06 bad
40.40 5.3 0.13 good
293.40 6.2 0.18 bad
63.50 7.5 0.37 good
133.40 6.5 0.25 good
45.10 6.2 0.23 bad
49.60 5.3 0.00 bad
54.40 4.4 0.02 bad
34.80 5.9 0.10 bad
16.80 7.6 0.42 good
79.60 6.8 0.22 bad
98.90 6.1 0.17 bad
39.60 6.4 0.10 good
46.20 6.8 0.24 good
70.00 6.2 0.16 bad
131.20 5.2 0.10 bad
144.70 8.3 0.58 bad
183.00 5.6 0.22 bad
40.80 6.6 0.22 bad
30.00 5.9 0.14 bad
87.20 5.2 0.10 good
112.10 6.4 0.27 bad
315.30 6.7 0.30 good
153.20 6.4 0.17 bad
50.40 4.0 0.07 bad
90.50 6.9 0.21 bad
63.70 7.0 0.23 good
99.00 5.5 0.15 bad
34.10 6.7 0.17 good
170.60 7.3 0.29 good
181.90 6.5 0.17 bad
219.60 7.1 0.27 bad
21.40 6.6 0.11 bad
150.50 4.9 0.09 bad
64.40 6.0 0.16 good
446.50 8.7 0.63 good
101.10 6.0 0.10 bad
133.50 5.8 0.10 bad
148.90 5.8 0.12 good
107.80 5.4 0.11 bad
247.80 6.1 0.14 bad
31.70 8.5 0.60 bad
118.30 6.0 0.17 good
427.70 7.3 0.29 good
85.80 5.6 0.11 good
153.40 7.0 0.20 good
65.70 8.9 0.67 good
89.70 6.4 0.30 good
34.20 7.4 0.36 good
296.70 6.5 0.31 good
322.80 7.3 0.37 good
46.30 5.7 0.17 bad
195.70 4.4 0.06 good
237.20 6.4 0.13 good
179.50 6.5 0.18 good
72.70 4.8 0.09 bad
25.10 6.9 0.15 bad
62.30 6.7 0.08 bad
477.20 7.0 0.19 good
154.00 3.9 0.02 good
209.90 3.3 0.08 bad
382.10 6.0 0.15 good
93.00 6.8 0.37 bad
73.20 5.7 0.12 good