ThreeStarRate FourStarRate Median Class
102
3 4 5 9 10 13 14 16 18 19 21 23 24 26 28 29 31 33 34 37 39 40 41 42 43 44 46 47 48 49 50 51 53 54 55 57 59 60 63 64 65 66 67 69 70 71 72 73 77 78 79 80 81 82 85 86 87 88 89 90 91 93 95 96 97 98 99 101 103 105 106 107 110 114 115 116 117 118 119 121 122 123 124 125 126 127 129 131 132 133 135 139 140 141 142 143 146 147 150 151 152 153
0.27 0.27 6.00 bad
0.33 0.25 6.00 bad
0.26 0.21 6.00 good
0.26 0.30 6.00 bad
0.23 0.27 6.00 bad
0.39 0.13 6.00 bad
0.21 0.19 6.00 good
0.23 0.20 6.00 good
0.28 0.14 6.00 bad
0.22 0.22 6.00 bad
0.16 0.14 4.00 bad
0.28 0.08 4.00 good
0.36 0.13 6.00 bad
0.43 0.18 6.00 bad
0.25 0.31 8.00 bad
0.22 0.20 8.00 good
0.33 0.19 6.00 good
0.29 0.23 6.00 good
0.39 0.13 6.00 bad
0.20 0.44 8.00 bad
0.16 0.05 2.00 bad
0.24 0.33 8.00 good
0.34 0.29 6.00 good
0.26 0.20 6.00 bad
0.24 0.14 6.00 good
0.11 0.16 4.00 good
0.19 0.33 8.00 good
0.20 0.22 4.00 bad
0.33 0.33 6.00 bad
0.39 0.23 6.00 bad
0.32 0.14 6.00 good
0.37 0.21 6.00 bad
0.14 0.00 4.00 bad
0.33 0.21 6.00 good
0.33 0.20 6.00 bad
0.21 0.29 6.00 bad
0.21 0.21 6.00 good
0.18 0.20 6.00 bad
0.12 0.20 6.00 good
0.21 0.14 4.00 bad
0.31 0.07 4.00 bad
0.43 0.19 6.00 bad
0.16 0.25 8.00 good
0.26 0.42 8.00 bad
0.04 0.32 8.00 bad
0.25 0.25 6.00 bad
0.26 0.20 8.00 good
0.22 0.39 8.00 bad
0.22 0.27 8.00 bad
0.33 0.24 6.00 bad
0.26 0.17 6.00 bad
0.13 0.19 10.00 bad
0.54 0.08 6.00 bad
0.20 0.05 4.00 bad
0.15 0.24 4.00 good
0.30 0.27 8.00 bad
0.23 0.19 6.00 bad
0.18 0.23 8.00 good
0.27 0.28 6.00 bad
0.20 0.07 2.00 bad
0.16 0.28 8.00 good
0.26 0.34 8.00 bad
0.46 0.00 6.00 bad
0.28 0.33 8.00 good
0.26 0.40 8.00 good
0.22 0.33 8.00 good
0.34 0.26 6.00 bad
0.26 0.27 8.00 bad
0.50 0.26 6.00 bad
0.19 0.33 8.00 good
0.27 0.24 6.00 good
0.15 0.17 6.00 bad
0.28 0.24 6.00 bad
0.09 0.23 10.00 bad
0.35 0.19 6.00 bad
0.42 0.12 6.00 good
0.45 0.14 6.00 bad
0.39 0.30 6.00 bad
0.20 0.33 8.00 good
0.32 0.08 4.00 bad
0.28 0.29 8.00 bad
0.37 0.30 6.00 good
0.29 0.20 6.00 good
0.08 0.20 10.00 good
0.16 0.21 8.00 good
0.22 0.26 8.00 good
0.16 0.26 8.00 good
0.13 0.11 4.00 good
0.25 0.35 6.00 good
0.33 0.33 6.00 bad
0.24 0.29 8.00 bad
0.24 0.36 8.00 good
0.07 0.54 8.00 bad
0.19 0.49 8.00 bad
0.15 0.24 8.00 good
0.22 0.24 6.00 bad
0.27 0.37 8.00 good
0.19 0.09 4.00 good
0.35 0.20 6.00 bad
0.16 0.19 8.00 bad
0.28 0.14 6.00 good
0.25 0.22 6.00 good