AddListCount Median Kurtosis Class
96
0 1 6 8 9 10 12 13 16 17 18 20 21 22 25 26 27 28 29 31 34 35 36 37 38 39 42 43 44 46 47 48 49 50 51 53 54 57 58 60 63 65 66 67 68 69 70 72 73 74 75 76 79 80 81 83 85 86 88 89 90 91 92 93 96 97 98 100 102 103 105 107 110 112 113 114 115 116 118 121 122 125 126 127 128 130 133 135 136 140 142 143 147 148 149 153
214 6.00 200.91 good
492 8.00 406.22 good
42 6.00 75.15 good
53 6.00 196.73 bad
14 6.00 110.48 bad
25 6.00 143.84 bad
12 6.00 114.51 bad
9 6.00 156.17 bad
25 6.00 87.54 good
10 6.00 80.31 bad
7 6.00 137.29 bad
17 4.00 48.29 good
12 4.00 66.70 bad
61 6.00 468.11 bad
2 4.00 28.01 bad
32 6.00 249.04 bad
31 4.00 40.03 good
73 8.00 418.19 bad
68 8.00 194.89 good
6 6.00 211.54 good
24 6.00 192.82 bad
254 6.00 41.11 good
63 8.00 203.97 bad
106 8.00 948.64 bad
19 6.00 172.89 bad
1 2.00 53.89 bad
215 6.00 74.29 bad
18 6.00 44.83 good
242 4.00 29.34 good
28 8.00 218.67 good
20 4.00 85.63 bad
371 6.00 362.40 bad
13 6.00 155.38 bad
7 6.00 119.73 good
42 6.00 339.26 bad
1 4.00 31.11 bad
9 6.00 245.77 good
551 6.00 94.54 bad
70 8.00 256.16 good
19 6.00 95.85 bad
21 6.00 55.29 good
22 4.00 77.07 bad
2 6.00 204.65 bad
17 8.00 278.88 good
45 8.00 223.96 bad
5 8.00 758.93 bad
2 8.00 49.13 bad
180 8.00 259.41 good
8 8.00 278.58 bad
16 6.00 393.48 bad
8 6.00 344.01 good
110 8.00 159.36 good
94 6.00 65.93 bad
193 10.00 599.56 bad
4 6.00 173.53 bad
22 6.00 188.48 bad
55 4.00 51.21 good
53 8.00 249.84 bad
321 8.00 118.81 good
49 6.00 208.64 bad
4 2.00 25.57 bad
218 8.00 191.97 good
141 8.00 444.03 good
121 8.00 288.02 bad
100 8.00 282.28 good
7 8.00 198.40 good
558 8.00 391.57 good
8 8.00 297.05 bad
39 6.00 65.28 good
6 6.00 664.54 bad
98 8.00 385.10 good
188 6.00 72.91 bad
31 6.00 131.59 bad
63 6.00 84.03 bad
25 6.00 164.81 bad
218 10.00 875.52 bad
76 6.00 125.49 bad
7 6.00 138.45 good
112 6.00 387.39 bad
14 4.00 102.63 bad
126 8.00 313.76 bad
149 10.00 1797.82 good
48 8.00 76.64 good
146 8.00 319.05 good
108 8.00 82.37 good
11 6.00 73.99 bad
1 6.00 194.01 bad
293 8.00 234.30 bad
9 4.00 63.17 bad
7 8.00 361.68 bad
365 8.00 364.52 good
42 6.00 86.23 bad
26 4.00 40.59 good
54 2.00 9.99 bad
178 6.00 113.50 good
50 6.00 105.28 good