BookWordCount ThreeStarRate Kurtosis Class
100
4 7 9 10 12 13 14 16 19 20 21 22 24 25 28 30 31 32 33 34 38 39 40 42 43 44 45 48 50 51 52 54 55 56 57 59 60 61 62 64 65 67 68 69 70 71 72 73 76 77 78 79 80 82 83 84 85 86 88 89 90 91 92 95 96 98 100 102 103 104 105 108 109 110 111 112 113 114 115 116 117 118 119 123 125 126 127 128 129 133 134 135 138 139 140 141 142 146 147 151
139.00 0.33 113.07 bad
38.90 0.48 181.37 bad
21.30 0.26 110.48 bad
82.50 0.23 143.84 bad
21.80 0.44 114.51 bad
27.50 0.39 156.17 bad
123.80 0.21 68.44 good
135.80 0.23 87.54 good
122.40 0.22 181.41 bad
82.30 0.15 48.29 good
74.10 0.16 66.70 bad
77.70 0.40 468.11 bad
74.80 0.36 114.10 bad
35.90 0.20 28.01 bad
53.00 0.25 418.19 bad
150.70 0.32 80.73 bad
78.00 0.33 211.54 good
51.10 0.31 404.81 bad
178.90 0.29 163.05 good
154.60 0.39 192.82 bad
80.20 0.27 172.89 bad
22.80 0.16 53.89 bad
153.10 0.24 227.23 good
300.10 0.26 74.29 bad
74.40 0.24 44.83 good
296.80 0.11 29.34 good
380.50 0.30 135.14 bad
281.40 0.33 362.40 bad
51.90 0.32 119.73 good
84.60 0.37 339.26 bad
76.10 0.15 453.60 bad
13.00 0.33 245.77 good
106.40 0.33 182.02 bad
40.40 0.32 74.03 good
293.40 0.21 94.54 bad
133.40 0.21 148.52 good
45.10 0.18 95.85 bad
17.00 0.25 1104.85 good
49.60 0.08 199.64 bad
54.40 0.21 59.06 bad
72.20 0.31 77.07 bad
16.80 0.16 278.88 good
79.60 0.25 223.96 bad
7.30 0.26 758.93 bad
55.40 0.04 49.13 bad
98.90 0.25 106.33 bad
390.00 0.26 259.41 good
68.60 0.22 278.58 bad
46.20 0.15 159.36 good
1070.70 0.22 440.27 bad
70.00 0.33 147.32 bad
131.20 0.26 65.93 bad
144.70 0.13 599.56 bad
183.00 0.20 87.78 bad
40.80 0.28 188.48 bad
30.00 0.33 116.65 bad
87.20 0.15 51.21 good
129.90 0.30 249.84 bad
315.30 0.18 118.81 good
153.20 0.27 208.64 bad
50.40 0.20 25.57 bad
126.20 0.16 191.97 good
116.50 0.16 444.03 good
99.00 0.46 128.84 bad
34.10 0.28 282.28 good
170.60 0.22 391.57 good
59.90 0.34 297.05 bad
78.10 0.26 65.28 good
21.40 0.50 664.54 bad
150.50 0.34 92.39 bad
198.70 0.19 385.10 good
446.50 0.10 1238.93 good
101.10 0.36 170.95 bad
133.50 0.28 131.59 bad
148.90 0.26 113.09 good
107.80 0.30 84.03 bad
247.80 0.36 164.81 bad
31.70 0.09 875.52 bad
119.20 0.35 125.49 bad
118.30 0.42 138.45 good
59.10 0.45 132.92 bad
92.20 0.39 387.39 bad
427.70 0.20 297.36 good
153.40 0.37 502.72 good
65.70 0.08 1797.82 good
89.70 0.16 76.64 good
34.20 0.22 319.05 good
296.70 0.13 82.37 good
322.80 0.16 209.65 good
145.80 0.33 194.01 bad
179.50 0.21 176.74 good
335.20 0.24 234.30 bad
212.90 0.22 56.35 bad
130.30 0.24 304.97 good
43.40 0.07 361.68 bad
25.10 0.19 311.51 bad
518.00 0.15 364.52 good
477.20 0.27 402.15 good
154.00 0.19 40.59 good
93.00 0.16 105.22 bad