FourStarRate FiveStarRate Kurtosis Class
95
0 1 2 3 5 8 10 11 14 16 17 19 20 22 23 24 25 26 27 28 30 32 33 35 37 38 39 40 42 43 44 45 47 48 49 50 51 52 54 55 56 67 69 70 72 73 74 78 79 82 83 84 85 89 90 91 92 94 96 97 98 99 100 101 106 107 108 109 110 111 112 113 114 117 118 119 121 122 123 129 131 132 135 136 137 138 139 140 141 142 143 146 149 150 153
0.30 0.15 200.91 good
0.36 0.25 406.22 good
0.24 0.15 267.71 bad
0.27 0.18 155.27 bad
0.21 0.12 93.52 good
0.22 0.21 196.73 bad
0.27 0.09 143.84 bad
0.32 0.16 491.68 bad
0.19 0.20 68.44 good
0.20 0.14 87.54 good
0.23 0.12 80.31 bad
0.22 0.28 181.41 bad
0.20 0.13 48.29 good
0.28 0.11 468.11 bad
0.08 0.06 78.49 good
0.13 0.11 114.10 bad
0.00 0.20 28.01 bad
0.18 0.19 249.04 bad
0.15 0.05 40.03 good
0.31 0.27 418.19 bad
0.14 0.11 80.73 bad
0.39 0.13 404.81 bad
0.23 0.15 163.05 good
0.14 0.21 41.11 good
0.44 0.28 948.64 bad
0.17 0.13 172.89 bad
0.05 0.00 53.89 bad
0.33 0.19 227.23 good
0.20 0.11 74.29 bad
0.14 0.14 44.83 good
0.16 0.23 29.34 good
0.23 0.10 135.14 bad
0.22 0.08 85.63 bad
0.33 0.17 362.40 bad
0.23 0.10 155.38 bad
0.14 0.07 119.73 good
0.21 0.07 339.26 bad
0.30 0.42 453.60 bad
0.21 0.29 245.77 good
0.20 0.06 182.02 bad
0.10 0.13 74.03 good
0.25 0.42 278.88 good
0.42 0.21 758.93 bad
0.32 0.20 49.13 bad
0.20 0.35 259.41 good
0.39 0.17 278.58 bad
0.31 0.04 393.48 bad
0.24 0.16 147.32 bad
0.17 0.10 65.93 bad
0.05 0.22 87.78 bad
0.22 0.22 188.48 bad
0.19 0.14 116.65 bad
0.24 0.10 51.21 good
0.28 0.17 208.64 bad
0.07 0.07 25.57 bad
0.28 0.34 191.97 good
0.29 0.42 444.03 good
0.33 0.23 299.63 good
0.33 0.17 282.28 good
0.40 0.13 198.40 good
0.33 0.29 391.57 good
0.26 0.17 243.27 bad
0.27 0.25 297.05 bad
0.27 0.27 286.97 bad
0.24 0.16 114.14 good
0.17 0.31 72.91 bad
0.20 0.63 1238.93 good
0.24 0.10 170.95 bad
0.24 0.10 131.59 bad
0.26 0.12 113.09 good
0.15 0.11 84.03 bad
0.21 0.14 164.81 bad
0.23 0.60 875.52 bad
0.14 0.09 132.92 bad
0.30 0.11 387.39 bad
0.33 0.29 297.36 good
0.08 0.02 102.63 bad
0.29 0.25 313.76 bad
0.30 0.20 502.72 good
0.26 0.37 209.65 good
0.11 0.06 58.14 good
0.35 0.13 212.10 good
0.29 0.26 234.30 bad
0.05 0.09 63.17 bad
0.33 0.38 478.73 good
0.19 0.18 56.35 bad
0.36 0.22 304.97 good
0.54 0.05 361.68 bad
0.49 0.15 311.51 bad
0.24 0.46 364.52 good
0.24 0.10 86.23 bad
0.37 0.19 402.15 good
0.26 0.15 113.50 good
0.20 0.15 158.29 bad
0.22 0.12 105.28 good