BookWordCount Median Kurtosis Class
97
0 1 2 4 5 9 12 15 18 19 20 22 25 26 27 28 30 31 32 34 36 37 38 40 42 43 44 45 46 47 48 49 52 53 54 55 56 60 61 62 64 66 67 69 71 72 73 75 76 77 78 79 82 83 84 87 89 90 91 93 94 96 99 100 102 103 105 107 108 110 111 114 115 116 117 119 120 122 124 125 126 127 129 132 133 137 138 139 143 144 145 146 148 149 150 152 153
177.20 6.00 200.91 good
289.90 8.00 406.22 good
48.30 6.00 267.71 bad
139.00 6.00 113.07 bad
158.50 6.00 93.52 good
21.30 6.00 110.48 bad
21.80 6.00 114.51 bad
257.20 6.00 188.48 bad
24.10 6.00 137.29 bad
122.40 6.00 181.41 bad
82.30 4.00 48.29 good
77.70 6.00 468.11 bad
35.90 4.00 28.01 bad
62.70 6.00 249.04 bad
147.20 4.00 40.03 good
53.00 8.00 418.19 bad
150.70 6.00 80.73 bad
78.00 6.00 211.54 good
51.10 8.00 404.81 bad
154.60 6.00 192.82 bad
87.00 8.00 203.97 bad
51.30 8.00 948.64 bad
80.20 6.00 172.89 bad
153.10 8.00 227.23 good
300.10 6.00 74.29 bad
74.40 6.00 44.83 good
296.80 4.00 29.34 good
380.50 6.00 135.14 bad
123.50 8.00 218.67 good
49.70 4.00 85.63 bad
281.40 6.00 362.40 bad
44.50 6.00 155.38 bad
76.10 8.00 453.60 bad
53.70 4.00 31.11 bad
13.00 6.00 245.77 good
106.40 6.00 182.02 bad
40.40 6.00 74.03 good
45.10 6.00 95.85 bad
17.00 8.00 1104.85 good
49.60 4.00 199.64 bad
54.40 4.00 59.06 bad
34.80 6.00 204.65 bad
16.80 8.00 278.88 good
7.30 8.00 758.93 bad
98.90 6.00 106.33 bad
390.00 8.00 259.41 good
68.60 8.00 278.58 bad
39.60 6.00 344.01 good
46.20 8.00 159.36 good
1070.70 8.00 440.27 bad
70.00 6.00 147.32 bad
131.20 6.00 65.93 bad
183.00 4.00 87.78 bad
40.80 6.00 188.48 bad
30.00 6.00 116.65 bad
112.10 6.00 95.46 bad
153.20 6.00 208.64 bad
50.40 2.00 25.57 bad
126.20 8.00 191.97 good
90.50 8.00 288.02 bad
63.70 8.00 299.63 good
34.10 8.00 282.28 good
181.90 6.00 243.27 bad
59.90 8.00 297.05 bad
78.10 6.00 65.28 good
21.40 6.00 664.54 bad
198.70 8.00 385.10 good
310.00 6.00 72.91 bad
446.50 10.00 1238.93 good
133.50 6.00 131.59 bad
148.90 6.00 113.09 good
31.70 10.00 875.52 bad
119.20 6.00 125.49 bad
118.30 6.00 138.45 good
59.10 6.00 132.92 bad
427.70 8.00 297.36 good
85.80 6.00 75.21 good
79.20 8.00 313.76 bad
223.00 6.00 101.09 good
65.70 10.00 1797.82 good
89.70 8.00 76.64 good
34.20 8.00 319.05 good
322.80 8.00 209.65 good
237.20 6.00 212.10 good
145.80 6.00 194.01 bad
448.70 8.00 478.73 good
212.90 6.00 56.35 bad
130.30 8.00 304.97 good
177.70 6.00 86.23 bad
319.70 6.00 97.95 bad
62.30 6.00 909.70 bad
477.20 8.00 402.15 good
209.90 2.00 9.99 bad
382.10 6.00 113.50 good
44.60 6.00 158.29 bad
163.50 6.00 62.68 good
73.20 6.00 105.28 good