Mode Median Kurtosis Class
98
0 2 3 6 9 11 12 13 18 19 22 23 27 28 29 30 31 32 33 36 37 38 39 40 41 42 43 45 46 49 51 53 55 57 58 59 60 61 62 63 64 69 71 73 75 76 78 80 81 82 83 84 85 86 87 89 90 91 94 96 97 99 100 102 103 104 106 108 109 111 113 114 116 117 118 120 121 123 125 126 127 128 132 135 136 138 140 141 142 143 144 145 148 149 150 151 152 153
8.00 6.00 200.91 good
6.00 6.00 267.71 bad
8.00 6.00 155.27 bad
2.00 6.00 75.15 good
8.00 6.00 110.48 bad
6.00 6.00 491.68 bad
6.00 6.00 114.51 bad
6.00 6.00 156.17 bad
10.00 6.00 137.29 bad
10.00 6.00 181.41 bad
6.00 6.00 468.11 bad
4.00 4.00 78.49 good
2.00 4.00 40.03 good
8.00 8.00 418.19 bad
10.00 8.00 194.89 good
6.00 6.00 80.73 bad
6.00 6.00 211.54 good
8.00 8.00 404.81 bad
6.00 6.00 163.05 good
8.00 8.00 203.97 bad
8.00 8.00 948.64 bad
4.00 6.00 172.89 bad
2.00 2.00 53.89 bad
8.00 8.00 227.23 good
6.00 6.00 389.04 good
2.00 6.00 74.29 bad
2.00 6.00 44.83 good
6.00 6.00 135.14 bad
8.00 8.00 218.67 good
6.00 6.00 155.38 bad
6.00 6.00 339.26 bad
2.00 4.00 31.11 bad
6.00 6.00 182.02 bad
8.00 6.00 94.54 bad
10.00 8.00 256.16 good
10.00 6.00 148.52 good
10.00 6.00 95.85 bad
8.00 8.00 1104.85 good
4.00 4.00 199.64 bad
2.00 6.00 55.29 good
2.00 4.00 59.06 bad
8.00 8.00 758.93 bad
8.00 6.00 106.33 bad
8.00 8.00 278.58 bad
6.00 6.00 344.01 good
8.00 8.00 159.36 good
6.00 6.00 147.32 bad
10.00 10.00 599.56 bad
6.00 6.00 173.53 bad
4.00 4.00 87.78 bad
6.00 6.00 188.48 bad
6.00 6.00 116.65 bad
2.00 4.00 51.21 good
6.00 8.00 249.84 bad
10.00 6.00 95.46 bad
8.00 6.00 208.64 bad
2.00 2.00 25.57 bad
10.00 8.00 191.97 good
8.00 8.00 299.63 good
8.00 8.00 282.28 good
8.00 8.00 198.40 good
6.00 6.00 243.27 bad
6.00 8.00 297.05 bad
2.00 6.00 65.28 good
6.00 6.00 664.54 bad
6.00 4.00 92.39 bad
6.00 6.00 114.14 good
10.00 10.00 1238.93 good
6.00 6.00 170.95 bad
8.00 6.00 113.09 good
6.00 6.00 164.81 bad
10.00 10.00 875.52 bad
6.00 6.00 138.45 good
6.00 6.00 132.92 bad
6.00 6.00 387.39 bad
8.00 6.00 75.21 good
6.00 4.00 102.63 bad
6.00 6.00 502.72 good
10.00 10.00 1797.82 good
10.00 8.00 76.64 good
10.00 8.00 319.05 good
10.00 8.00 82.37 good
8.00 6.00 212.10 good
8.00 8.00 234.30 bad
6.00 4.00 63.17 bad
2.00 6.00 56.35 bad
8.00 8.00 361.68 bad
8.00 8.00 311.51 bad
10.00 8.00 364.52 good
8.00 6.00 86.23 bad
6.00 6.00 97.95 bad
6.00 6.00 909.70 bad
2.00 2.00 9.99 bad
8.00 6.00 113.50 good
6.00 6.00 158.29 bad
10.00 8.00 105.22 bad
2.00 6.00 62.68 good
6.00 6.00 105.28 good