AddListCount FourStarRate Median Class
100
1 2 4 5 11 12 14 15 16 18 20 24 25 26 28 30 33 35 36 37 39 40 41 42 45 46 47 48 50 51 52 54 56 58 59 60 61 62 65 66 68 69 71 72 73 75 76 78 79 80 81 82 83 84 85 86 88 89 90 91 92 93 94 95 96 98 100 103 104 105 106 107 108 109 110 111 113 114 115 117 118 121 122 124 127 128 130 131 132 136 137 140 143 144 146 147 149 150 152 153
492 0.36 8.00 good
12 0.24 6.00 bad
22 0.25 6.00 bad
122 0.21 6.00 good
15 0.32 6.00 bad
12 0.08 6.00 bad
136 0.19 6.00 good
204 0.25 6.00 bad
25 0.20 6.00 good
7 0.14 6.00 bad
17 0.20 4.00 good
23 0.13 6.00 bad
2 0.00 4.00 bad
32 0.18 6.00 bad
73 0.31 8.00 bad
9 0.14 6.00 bad
49 0.23 6.00 good
254 0.14 6.00 good
63 0.34 8.00 bad
106 0.44 8.00 bad
1 0.05 2.00 bad
172 0.33 8.00 good
289 0.29 6.00 good
215 0.20 6.00 bad
93 0.23 6.00 bad
28 0.33 8.00 good
20 0.22 4.00 bad
371 0.33 6.00 bad
7 0.14 6.00 good
42 0.21 6.00 bad
446 0.30 8.00 bad
9 0.21 6.00 good
13 0.10 6.00 good
70 0.30 8.00 good
138 0.21 6.00 good
19 0.20 6.00 bad
33 0.44 8.00 good
3 0.34 4.00 bad
22 0.07 4.00 bad
2 0.19 6.00 bad
45 0.30 8.00 bad
5 0.42 8.00 bad
119 0.25 6.00 bad
180 0.20 8.00 good
8 0.39 8.00 bad
8 0.30 6.00 good
110 0.36 8.00 good
57 0.24 6.00 bad
94 0.17 6.00 bad
193 0.19 10.00 bad
4 0.08 6.00 bad
3 0.05 4.00 bad
22 0.22 6.00 bad
3 0.19 6.00 bad
55 0.24 4.00 good
53 0.27 8.00 bad
321 0.23 8.00 good
49 0.28 6.00 bad
4 0.07 2.00 bad
218 0.28 8.00 good
141 0.29 8.00 good
121 0.34 8.00 bad
57 0.33 8.00 good
4 0.00 6.00 bad
100 0.33 8.00 good
558 0.33 8.00 good
8 0.27 8.00 bad
6 0.26 6.00 bad
5 0.04 4.00 bad
98 0.33 8.00 good
102 0.24 6.00 good
188 0.17 6.00 bad
1586 0.20 10.00 good
34 0.24 6.00 bad
31 0.24 6.00 bad
53 0.26 6.00 good
25 0.21 6.00 bad
218 0.23 10.00 bad
76 0.19 6.00 bad
5 0.14 6.00 bad
112 0.30 6.00 bad
14 0.08 4.00 bad
126 0.29 8.00 bad
57 0.20 6.00 good
146 0.26 8.00 good
108 0.23 8.00 good
11 0.16 6.00 bad
5 0.11 4.00 good
131 0.35 6.00 good
9 0.05 4.00 bad
303 0.33 8.00 good
7 0.54 8.00 bad
42 0.24 6.00 bad
103 0.18 6.00 bad
710 0.37 8.00 good
26 0.09 4.00 good
178 0.26 6.00 good
5 0.20 6.00 bad
12 0.14 6.00 good
50 0.22 6.00 good