AddListCount FiveStarRate Mode Class
88
0 1 2 5 7 8 10 11 13 14 15 17 18 20 21 23 24 26 27 30 33 36 37 38 39 40 41 42 43 45 47 50 51 52 57 58 60 61 63 64 65 66 67 68 69 70 71 72 73 74 79 80 82 84 86 87 91 92 93 94 99 101 102 104 105 106 107 108 111 113 115 116 117 121 123 124 128 133 134 135 137 140 141 148 149 150 151 152
214 0.15 8.00 good
492 0.25 8.00 good
12 0.15 6.00 bad
122 0.12 6.00 good
8 0.11 6.00 bad
53 0.21 6.00 bad
25 0.09 8.00 bad
15 0.16 6.00 bad
9 0.09 6.00 bad
136 0.20 2.00 good
204 0.23 6.00 bad
10 0.12 8.00 bad
7 0.28 10.00 bad
17 0.13 2.00 good
12 0.04 4.00 bad
32 0.06 4.00 good
23 0.11 6.00 bad
32 0.19 6.00 bad
31 0.05 2.00 good
9 0.11 6.00 bad
49 0.15 6.00 good
63 0.19 8.00 bad
106 0.28 8.00 bad
19 0.13 4.00 bad
1 0.00 2.00 bad
172 0.19 8.00 good
289 0.17 6.00 good
215 0.11 2.00 bad
18 0.14 2.00 good
93 0.10 6.00 bad
20 0.08 4.00 bad
7 0.07 6.00 good
42 0.07 6.00 bad
446 0.42 10.00 bad
551 0.18 8.00 bad
70 0.37 10.00 good
19 0.23 10.00 bad
33 0.21 8.00 good
21 0.30 2.00 good
10 0.02 2.00 bad
22 0.07 6.00 bad
2 0.10 6.00 bad
17 0.42 10.00 good
45 0.22 8.00 bad
5 0.21 8.00 bad
2 0.20 2.00 bad
119 0.17 8.00 bad
180 0.35 10.00 good
8 0.17 8.00 bad
16 0.04 6.00 bad
94 0.10 2.00 bad
193 0.58 10.00 bad
3 0.22 4.00 bad
3 0.14 6.00 bad
53 0.26 6.00 bad
65 0.27 10.00 bad
218 0.34 10.00 good
141 0.42 10.00 good
121 0.21 8.00 bad
57 0.23 8.00 good
253 0.17 6.00 bad
65 0.27 10.00 bad
39 0.08 2.00 good
5 0.09 6.00 bad
98 0.31 8.00 good
102 0.16 6.00 good
188 0.31 10.00 bad
1586 0.63 10.00 good
53 0.12 8.00 good
25 0.14 6.00 bad
76 0.07 6.00 bad
7 0.17 6.00 good
5 0.09 6.00 bad
14 0.02 6.00 bad
32 0.20 6.00 good
57 0.11 6.00 good
108 0.31 10.00 good
1 0.04 8.00 bad
168 0.18 8.00 good
293 0.26 8.00 bad
303 0.38 10.00 good
7 0.05 8.00 bad
19 0.15 8.00 bad
54 0.08 2.00 bad
178 0.15 8.00 good
5 0.15 6.00 bad
125 0.37 10.00 bad
12 0.09 2.00 good