BookWordCount ThreeStarRate Median Class
102
0 1 6 7 8 10 13 14 15 16 17 18 19 23 24 26 27 31 32 34 36 37 38 40 42 44 45 48 49 50 52 54 55 57 58 59 63 65 66 67 68 69 70 72 73 74 75 76 77 78 79 80 81 82 83 84 85 86 87 89 91 94 95 96 99 100 102 104 105 106 107 108 109 110 111 113 114 115 117 118 119 120 121 125 127 128 132 134 136 138 139 140 141 142 143 145 147 149 150 151 152 153
177.20 0.28 6.00 good
289.90 0.23 8.00 good
59.60 0.21 6.00 good
38.90 0.48 6.00 bad
143.50 0.30 6.00 bad
82.50 0.23 6.00 bad
27.50 0.39 6.00 bad
123.80 0.21 6.00 good
257.20 0.27 6.00 bad
135.80 0.23 6.00 good
33.60 0.20 6.00 bad
24.10 0.28 6.00 bad
122.40 0.22 6.00 bad
122.20 0.28 4.00 good
74.80 0.36 6.00 bad
62.70 0.43 6.00 bad
147.20 0.21 4.00 good
78.00 0.33 6.00 good
51.10 0.31 8.00 bad
154.60 0.39 6.00 bad
87.00 0.23 8.00 bad
51.30 0.20 8.00 bad
80.20 0.27 6.00 bad
153.10 0.24 8.00 good
300.10 0.26 6.00 bad
296.80 0.11 4.00 good
380.50 0.30 6.00 bad
281.40 0.33 6.00 bad
44.50 0.39 6.00 bad
51.90 0.32 6.00 good
76.10 0.15 8.00 bad
13.00 0.33 6.00 good
106.40 0.33 6.00 bad
293.40 0.21 6.00 bad
63.50 0.14 8.00 good
133.40 0.21 6.00 good
108.60 0.12 6.00 good
72.20 0.31 4.00 bad
34.80 0.43 6.00 bad
16.80 0.16 8.00 good
79.60 0.25 8.00 bad
7.30 0.26 8.00 bad
55.40 0.04 8.00 bad
390.00 0.26 8.00 good
68.60 0.22 8.00 bad
49.30 0.36 6.00 bad
39.60 0.40 6.00 good
46.20 0.15 8.00 good
1070.70 0.22 8.00 bad
70.00 0.33 6.00 bad
131.20 0.26 6.00 bad
144.70 0.13 10.00 bad
87.70 0.54 6.00 bad
183.00 0.20 4.00 bad
40.80 0.28 6.00 bad
30.00 0.33 6.00 bad
87.20 0.15 4.00 good
129.90 0.30 8.00 bad
112.10 0.23 6.00 bad
153.20 0.27 6.00 bad
126.20 0.16 8.00 good
63.70 0.23 8.00 good
99.00 0.46 6.00 bad
34.10 0.28 8.00 good
181.90 0.34 6.00 bad
59.90 0.34 8.00 bad
78.10 0.26 6.00 good
150.50 0.34 4.00 bad
198.70 0.19 8.00 good
64.40 0.27 6.00 good
310.00 0.15 6.00 bad
446.50 0.10 10.00 good
101.10 0.36 6.00 bad
133.50 0.28 6.00 bad
148.90 0.26 6.00 good
247.80 0.36 6.00 bad
31.70 0.09 10.00 bad
119.20 0.35 6.00 bad
59.10 0.45 6.00 bad
92.20 0.39 6.00 bad
427.70 0.20 8.00 good
85.80 0.20 6.00 good
145.90 0.32 4.00 bad
65.70 0.08 10.00 good
34.20 0.22 8.00 good
296.70 0.13 8.00 good
237.20 0.25 6.00 good
179.50 0.21 8.00 good
72.70 0.32 4.00 bad
212.90 0.22 6.00 bad
130.30 0.24 8.00 good
43.40 0.07 8.00 bad
25.10 0.19 8.00 bad
518.00 0.15 8.00 good
177.70 0.22 6.00 bad
62.30 0.45 6.00 bad
154.00 0.19 4.00 good
382.10 0.23 6.00 good
44.60 0.35 6.00 bad
93.00 0.16 8.00 bad
163.50 0.28 6.00 good
73.20 0.25 6.00 good