AddListCount FourStarRate Kurtosis Class
103
1 2 3 4 5 7 9 10 11 14 15 17 18 20 24 25 26 27 28 29 30 31 32 33 34 38 39 42 43 44 47 48 49 50 52 53 54 55 56 57 58 59 61 62 64 68 70 71 73 74 80 81 82 83 86 87 88 89 90 91 92 93 94 95 96 99 100 101 104 105 107 109 110 111 112 113 114 115 118 120 121 122 125 127 128 129 131 133 135 138 139 140 141 142 144 145 146 148 149 150 151 152 153
492 0.36 406.22 good
12 0.24 267.71 bad
38 0.27 155.27 bad
22 0.25 113.07 bad
122 0.21 93.52 good
8 0.11 181.37 bad
14 0.30 110.48 bad
25 0.27 143.84 bad
15 0.32 491.68 bad
136 0.19 68.44 good
204 0.25 188.48 bad
10 0.23 80.31 bad
7 0.14 137.29 bad
17 0.20 48.29 good
23 0.13 114.10 bad
2 0.00 28.01 bad
32 0.18 249.04 bad
31 0.15 40.03 good
73 0.31 418.19 bad
68 0.20 194.89 good
9 0.14 80.73 bad
6 0.19 211.54 good
111 0.39 404.81 bad
49 0.23 163.05 good
24 0.13 192.82 bad
19 0.17 172.89 bad
1 0.05 53.89 bad
215 0.20 74.29 bad
18 0.14 44.83 good
242 0.16 29.34 good
20 0.22 85.63 bad
371 0.33 362.40 bad
13 0.23 155.38 bad
7 0.14 119.73 good
446 0.30 453.60 bad
1 0.00 31.11 bad
9 0.21 245.77 good
11 0.20 182.02 bad
13 0.10 74.03 good
551 0.29 94.54 bad
70 0.30 256.16 good
138 0.21 148.52 good
33 0.44 1104.85 good
3 0.34 199.64 bad
10 0.14 59.06 bad
45 0.30 223.96 bad
2 0.32 49.13 bad
119 0.25 106.33 bad
8 0.39 278.58 bad
16 0.31 393.48 bad
193 0.19 599.56 bad
4 0.08 173.53 bad
3 0.05 87.78 bad
22 0.22 188.48 bad
53 0.27 249.84 bad
65 0.19 95.46 bad
321 0.23 118.81 good
49 0.28 208.64 bad
4 0.07 25.57 bad
218 0.28 191.97 good
141 0.29 444.03 good
121 0.34 288.02 bad
57 0.33 299.63 good
4 0.00 128.84 bad
100 0.33 282.28 good
253 0.26 243.27 bad
8 0.27 297.05 bad
65 0.27 286.97 bad
5 0.04 92.39 bad
98 0.33 385.10 good
188 0.17 72.91 bad
34 0.24 170.95 bad
31 0.24 131.59 bad
53 0.26 113.09 good
63 0.15 84.03 bad
25 0.21 164.81 bad
218 0.23 875.52 bad
76 0.19 125.49 bad
112 0.30 387.39 bad
15 0.25 75.21 good
14 0.08 102.63 bad
126 0.29 313.76 bad
149 0.20 1797.82 good
146 0.26 319.05 good
108 0.23 82.37 good
510 0.26 209.65 good
5 0.11 58.14 good
1 0.33 194.01 bad
293 0.29 234.30 bad
53 0.19 56.35 bad
206 0.36 304.97 good
7 0.54 361.68 bad
19 0.49 311.51 bad
365 0.24 364.52 good
103 0.18 97.95 bad
28 0.33 909.70 bad
710 0.37 402.15 good
54 0.06 9.99 bad
178 0.26 113.50 good
5 0.20 158.29 bad
125 0.19 105.22 bad
12 0.14 62.68 good
50 0.22 105.28 good