BookScore TwoStarRate FiveStarRate Class
88
0 2 5 6 7 8 10 15 17 18 19 21 22 25 26 27 28 29 30 31 32 33 34 36 38 42 44 45 46 48 50 52 54 58 60 62 64 65 66 70 71 72 75 76 77 79 80 81 82 84 85 86 88 90 91 92 94 95 96 99 102 104 105 108 110 111 112 115 116 117 118 119 120 122 124 126 127 132 141 142 143 144 145 147 148 150 151 152
6.4 0.15 0.15 good
6.4 0.10 0.15 bad
5.6 0.20 0.12 good
6.0 0.14 0.23 good
5.8 0.15 0.11 bad
6.5 0.16 0.21 bad
5.8 0.26 0.09 bad
6.6 0.13 0.23 bad
5.6 0.22 0.12 bad
6.5 0.17 0.28 bad
6.7 0.18 0.28 bad
4.6 0.37 0.04 bad
6.5 0.15 0.11 bad
4.8 0.20 0.20 bad
6.5 0.09 0.19 bad
4.5 0.17 0.05 good
7.2 0.11 0.27 bad
7.1 0.10 0.36 good
5.4 0.18 0.11 bad
5.8 0.30 0.09 good
6.8 0.09 0.13 bad
6.1 0.20 0.15 good
5.1 0.30 0.03 bad
6.7 0.10 0.19 bad
5.9 0.35 0.13 bad
5.4 0.17 0.11 bad
5.4 0.07 0.23 good
5.8 0.20 0.10 bad
7.1 0.07 0.27 good
6.8 0.09 0.17 bad
5.3 0.28 0.07 good
7.9 0.04 0.42 bad
7.0 0.05 0.29 good
7.5 0.05 0.37 good
6.2 0.21 0.23 bad
5.3 0.50 0.00 bad
4.4 0.27 0.02 bad
4.8 0.28 0.07 bad
5.9 0.14 0.10 bad
5.9 0.10 0.20 bad
6.1 0.12 0.17 bad
7.3 0.08 0.35 good
6.4 0.10 0.10 good
6.8 0.07 0.24 good
7.6 0.07 0.37 bad
5.2 0.19 0.10 bad
8.3 0.03 0.58 bad
5.8 0.08 0.13 bad
5.6 0.41 0.22 bad
5.9 0.14 0.14 bad
5.2 0.19 0.10 good
7.0 0.03 0.26 bad
6.7 0.10 0.30 good
4.0 0.13 0.07 bad
7.2 0.08 0.34 good
7.8 0.04 0.42 good
7.0 0.11 0.23 good
5.5 0.23 0.15 bad
6.7 0.11 0.17 good
6.5 0.12 0.17 bad
5.3 0.14 0.08 good
4.9 0.31 0.09 bad
7.4 0.08 0.31 good
8.7 0.02 0.63 good
5.8 0.21 0.10 bad
5.8 0.16 0.12 good
5.4 0.20 0.11 bad
5.5 0.19 0.07 bad
6.0 0.12 0.17 good
5.5 0.11 0.09 bad
6.5 0.11 0.11 bad
7.3 0.06 0.29 good
5.6 0.18 0.11 good
7.0 0.10 0.25 bad
5.6 0.19 0.11 good
6.4 0.06 0.30 good
7.4 0.06 0.36 good
6.4 0.14 0.13 good
6.9 0.03 0.15 bad
7.8 0.05 0.46 good
5.5 0.21 0.10 bad
5.4 0.25 0.09 bad
6.7 0.10 0.08 bad
3.9 0.22 0.02 good
3.3 0.03 0.08 bad
6.1 0.15 0.15 bad
6.8 0.07 0.37 bad
5.1 0.19 0.09 good