BookWordCount BookScore Mode Class
93
0 2 4 5 6 8 11 12 13 14 18 19 21 24 26 30 31 32 33 34 35 37 39 42 43 44 47 48 50 55 57 58 59 60 61 62 63 64 65 68 70 72 75 77 78 80 82 83 86 90 91 92 93 94 96 98 99 100 101 102 103 104 105 107 108 111 114 116 117 118 119 123 124 125 128 129 131 132 133 134 136 137 138 140 142 143 144 146 147 148 149 152 153
177.20 6.4 8.00 good
48.30 6.4 6.00 bad
139.00 5.8 6.00 bad
158.50 5.6 6.00 good
59.60 6.0 2.00 good
143.50 6.5 6.00 bad
13.40 6.9 6.00 bad
21.80 6.0 6.00 bad
27.50 5.5 6.00 bad
123.80 5.9 2.00 good
24.10 6.5 10.00 bad
122.40 6.7 10.00 bad
74.10 4.6 4.00 bad
74.80 5.5 6.00 bad
62.70 6.5 6.00 bad
150.70 5.4 6.00 bad
78.00 5.8 6.00 good
51.10 6.8 8.00 bad
178.90 6.1 6.00 good
154.60 5.1 6.00 bad
713.10 5.5 2.00 good
51.30 7.8 8.00 bad
22.80 3.5 2.00 bad
300.10 5.4 2.00 bad
74.40 5.1 2.00 good
296.80 5.4 2.00 good
49.70 5.3 4.00 bad
281.40 6.8 8.00 bad
51.90 5.3 6.00 good
106.40 5.6 6.00 bad
293.40 6.2 8.00 bad
63.50 7.5 10.00 good
133.40 6.5 10.00 good
45.10 6.2 10.00 bad
17.00 7.5 8.00 good
49.60 5.3 4.00 bad
108.60 6.2 2.00 good
54.40 4.4 2.00 bad
72.20 4.8 6.00 bad
79.60 6.8 8.00 bad
55.40 5.9 2.00 bad
390.00 7.3 10.00 good
39.60 6.4 6.00 good
1070.70 7.6 10.00 bad
70.00 6.2 6.00 bad
144.70 8.3 10.00 bad
183.00 5.6 4.00 bad
40.80 6.6 6.00 bad
129.90 7.0 6.00 bad
50.40 4.0 2.00 bad
126.20 7.2 10.00 good
116.50 7.8 10.00 good
90.50 6.9 8.00 bad
63.70 7.0 8.00 good
34.10 6.7 8.00 good
170.60 7.3 8.00 good
181.90 6.5 6.00 bad
59.90 7.0 6.00 bad
219.60 7.1 10.00 bad
78.10 5.3 2.00 good
21.40 6.6 6.00 bad
150.50 4.9 6.00 bad
198.70 7.4 8.00 good
310.00 6.4 10.00 bad
446.50 8.7 10.00 good
148.90 5.8 8.00 good
31.70 8.5 10.00 bad
118.30 6.0 6.00 good
59.10 5.5 6.00 bad
92.20 6.5 6.00 bad
427.70 7.3 8.00 good
153.40 7.0 6.00 good
223.00 5.6 6.00 good
65.70 8.9 10.00 good
296.70 6.5 10.00 good
322.80 7.3 10.00 good
195.70 4.4 4.00 good
237.20 6.4 8.00 good
145.80 5.9 8.00 bad
179.50 6.5 8.00 good
72.70 4.8 6.00 bad
448.70 7.8 10.00 good
212.90 5.7 2.00 bad
43.40 6.4 8.00 bad
518.00 7.8 10.00 good
177.70 5.5 8.00 bad
319.70 5.4 6.00 bad
477.20 7.0 8.00 good
154.00 3.9 2.00 good
209.90 3.3 2.00 bad
382.10 6.0 8.00 good
163.50 5.1 2.00 good
73.20 5.7 6.00 good