AddListCount FourStarRate Mode Class
97
0 1 3 4 5 6 8 9 10 11 12 13 17 18 19 23 27 29 31 32 33 34 35 36 38 39 41 42 43 44 49 50 51 53 54 55 56 57 59 61 62 63 64 66 67 68 70 71 74 75 79 80 83 84 85 87 88 89 93 95 98 100 102 103 104 105 106 107 108 109 110 112 114 115 116 117 120 123 124 125 126 127 128 129 130 131 134 136 138 139 142 143 144 149 150 151 153
214 0.30 8.00 good
492 0.36 8.00 good
38 0.27 8.00 bad
22 0.25 6.00 bad
122 0.21 6.00 good
42 0.18 2.00 good
53 0.22 6.00 bad
14 0.30 8.00 bad
25 0.27 8.00 bad
15 0.32 6.00 bad
12 0.08 6.00 bad
9 0.13 6.00 bad
10 0.23 8.00 bad
7 0.14 10.00 bad
70 0.22 10.00 bad
32 0.08 4.00 good
31 0.15 2.00 good
68 0.20 10.00 good
6 0.19 6.00 good
111 0.39 8.00 bad
49 0.23 6.00 good
24 0.13 6.00 bad
254 0.14 2.00 good
63 0.34 8.00 bad
19 0.17 4.00 bad
1 0.05 2.00 bad
289 0.29 6.00 good
215 0.20 2.00 bad
18 0.14 2.00 good
242 0.16 2.00 good
13 0.23 6.00 bad
7 0.14 6.00 good
42 0.21 6.00 bad
1 0.00 2.00 bad
9 0.21 6.00 good
11 0.20 6.00 bad
13 0.10 6.00 good
551 0.29 8.00 bad
138 0.21 10.00 good
33 0.44 8.00 good
3 0.34 4.00 bad
21 0.20 2.00 good
10 0.14 2.00 bad
2 0.19 6.00 bad
17 0.25 10.00 good
45 0.30 8.00 bad
2 0.32 2.00 bad
119 0.25 8.00 bad
16 0.31 6.00 bad
8 0.30 6.00 good
94 0.17 2.00 bad
193 0.19 10.00 bad
22 0.22 6.00 bad
3 0.19 6.00 bad
55 0.24 2.00 good
65 0.19 10.00 bad
321 0.23 10.00 good
49 0.28 8.00 bad
121 0.34 8.00 bad
4 0.00 6.00 bad
558 0.33 8.00 good
8 0.27 6.00 bad
39 0.21 2.00 good
6 0.26 6.00 bad
5 0.04 6.00 bad
98 0.33 8.00 good
102 0.24 6.00 good
188 0.17 10.00 bad
1586 0.20 10.00 good
34 0.24 6.00 bad
31 0.24 6.00 bad
63 0.15 6.00 bad
218 0.23 10.00 bad
76 0.19 6.00 bad
7 0.12 6.00 good
5 0.14 6.00 bad
15 0.25 8.00 good
32 0.30 6.00 good
57 0.20 6.00 good
149 0.20 10.00 good
48 0.21 10.00 good
146 0.26 10.00 good
108 0.23 10.00 good
510 0.26 10.00 good
11 0.16 6.00 bad
5 0.11 4.00 good
168 0.34 8.00 good
9 0.05 6.00 bad
53 0.19 2.00 bad
206 0.36 8.00 good
365 0.24 10.00 good
42 0.24 8.00 bad
103 0.18 6.00 bad
178 0.26 8.00 good
5 0.20 6.00 bad
125 0.19 10.00 bad
50 0.22 6.00 good