BookWordCount ThreeStarRate Kurtosis Class
90
0 1 2 5 6 7 8 11 12 13 14 15 17 20 24 25 27 28 29 31 32 34 36 37 38 42 43 44 46 47 48 49 51 52 54 55 56 60 63 64 65 66 68 69 70 73 75 76 78 80 81 84 86 87 88 90 95 96 98 99 101 104 106 107 109 111 112 113 115 117 118 119 120 124 126 127 128 134 135 136 137 138 139 143 144 148 149 150 151 152
177.20 0.28 200.91 good
289.90 0.23 406.22 good
48.30 0.40 267.71 bad
158.50 0.26 93.52 good
59.60 0.21 75.15 good
38.90 0.48 181.37 bad
143.50 0.30 196.73 bad
13.40 0.40 491.68 bad
21.80 0.44 114.51 bad
27.50 0.39 156.17 bad
123.80 0.21 68.44 good
257.20 0.27 188.48 bad
33.60 0.20 80.31 bad
82.30 0.15 48.29 good
74.80 0.36 114.10 bad
35.90 0.20 28.01 bad
147.20 0.21 40.03 good
53.00 0.25 418.19 bad
233.90 0.22 194.89 good
78.00 0.33 211.54 good
51.10 0.31 404.81 bad
154.60 0.39 192.82 bad
87.00 0.23 203.97 bad
51.30 0.20 948.64 bad
80.20 0.27 172.89 bad
300.10 0.26 74.29 bad
74.40 0.24 44.83 good
296.80 0.11 29.34 good
123.50 0.19 218.67 good
49.70 0.20 85.63 bad
281.40 0.33 362.40 bad
44.50 0.39 155.38 bad
84.60 0.37 339.26 bad
76.10 0.15 453.60 bad
13.00 0.33 245.77 good
106.40 0.33 182.02 bad
40.40 0.32 74.03 good
45.10 0.18 95.85 bad
108.60 0.12 55.29 good
54.40 0.21 59.06 bad
72.20 0.31 77.07 bad
34.80 0.43 204.65 bad
79.60 0.25 223.96 bad
7.30 0.26 758.93 bad
55.40 0.04 49.13 bad
68.60 0.22 278.58 bad
39.60 0.40 344.01 good
46.20 0.15 159.36 good
70.00 0.33 147.32 bad
144.70 0.13 599.56 bad
87.70 0.54 173.53 bad
30.00 0.33 116.65 bad
129.90 0.30 249.84 bad
112.10 0.23 95.46 bad
315.30 0.18 118.81 good
50.40 0.20 25.57 bad
99.00 0.46 128.84 bad
34.10 0.28 282.28 good
170.60 0.22 391.57 good
181.90 0.34 243.27 bad
219.60 0.26 286.97 bad
150.50 0.34 92.39 bad
64.40 0.27 114.14 good
310.00 0.15 72.91 bad
101.10 0.36 170.95 bad
148.90 0.26 113.09 good
107.80 0.30 84.03 bad
247.80 0.36 164.81 bad
119.20 0.35 125.49 bad
59.10 0.45 132.92 bad
92.20 0.39 387.39 bad
427.70 0.20 297.36 good
85.80 0.20 75.21 good
223.00 0.29 101.09 good
89.70 0.16 76.64 good
34.20 0.22 319.05 good
296.70 0.13 82.37 good
179.50 0.21 176.74 good
335.20 0.24 234.30 bad
72.70 0.32 63.17 bad
448.70 0.15 478.73 good
212.90 0.22 56.35 bad
130.30 0.24 304.97 good
177.70 0.22 86.23 bad
319.70 0.27 97.95 bad
209.90 0.04 9.99 bad
382.10 0.23 113.50 good
44.60 0.35 158.29 bad
93.00 0.16 105.22 bad
163.50 0.28 62.68 good