BookScoreCount AddListCount Mode Class
106
0 1 2 3 4 5 6 8 9 12 13 15 16 18 20 21 23 27 28 29 31 32 33 37 38 39 40 41 43 44 45 48 49 55 56 57 59 60 61 62 63 64 65 67 68 69 70 71 72 73 75 78 80 81 82 83 84 87 88 89 90 91 92 93 94 95 96 100 101 102 104 105 110 111 112 113 114 115 116 117 118 119 120 121 125 127 128 129 131 132 133 135 136 137 138 141 142 143 144 145 146 147 148 151 152 153
568 214 8.00 good
967 492 8.00 good
47 12 6.00 bad
129 38 8.00 bad
78 22 6.00 bad
439 122 6.00 good
187 42 2.00 good
177 53 6.00 bad
51 14 8.00 bad
25 12 6.00 bad
48 9 6.00 bad
658 204 6.00 bad
119 25 6.00 good
23 7 10.00 bad
112 17 2.00 good
44 12 4.00 bad
116 32 4.00 good
150 31 2.00 good
263 73 8.00 bad
290 68 10.00 good
44 6 6.00 good
292 111 8.00 bad
192 49 6.00 good
216 106 8.00 bad
63 19 4.00 bad
20 1 2.00 bad
495 172 8.00 good
670 289 6.00 good
81 18 2.00 good
1885 242 2.00 good
299 93 6.00 bad
1248 371 8.00 bad
72 13 6.00 bad
55 11 6.00 bad
80 13 6.00 good
2109 551 8.00 bad
484 138 10.00 good
108 19 10.00 bad
86 33 8.00 good
13 3 4.00 bad
91 21 2.00 good
45 10 2.00 bad
82 22 6.00 bad
90 17 10.00 good
153 45 8.00 bad
20 5 8.00 bad
51 2 2.00 bad
248 119 8.00 bad
956 180 10.00 good
19 8 8.00 bad
21 8 6.00 good
217 57 6.00 bad
714 193 10.00 bad
25 4 6.00 bad
31 3 4.00 bad
104 22 6.00 bad
21 3 6.00 bad
182 65 10.00 bad
1636 321 10.00 good
145 49 8.00 bad
16 4 2.00 bad
654 218 10.00 good
527 141 10.00 good
396 121 8.00 bad
218 57 8.00 good
13 4 6.00 bad
188 100 8.00 good
42 8 6.00 bad
219 65 10.00 bad
225 39 2.00 good
25 5 6.00 bad
339 98 8.00 good
112 31 6.00 bad
182 53 8.00 good
201 63 6.00 bad
136 25 6.00 bad
1114 218 10.00 bad
282 76 6.00 bad
19 7 6.00 good
34 5 6.00 bad
274 112 6.00 bad
1575 274 8.00 good
45 15 8.00 good
59 14 6.00 bad
768 149 10.00 good
387 146 10.00 good
607 108 10.00 good
2063 510 10.00 good
31 5 4.00 good
614 131 8.00 good
23 1 8.00 bad
1310 293 8.00 bad
68 9 6.00 bad
1641 303 10.00 good
328 53 2.00 bad
83 19 8.00 bad
2366 365 10.00 good
153 42 8.00 bad
364 103 6.00 bad
61 28 6.00 bad
2356 710 8.00 good
208 26 2.00 good
1080 54 2.00 bad
638 125 10.00 bad
45 12 2.00 good
209 50 6.00 good