BookWordCount BookScore FourStarRate Class
90
0 1 3 4 5 6 7 13 14 15 16 18 19 22 23 25 26 27 28 30 33 37 39 40 45 47 48 49 50 52 55 58 60 61 62 64 65 66 67 69 71 73 77 78 79 83 86 87 88 89 91 92 93 94 95 97 99 100 101 102 103 104 107 109 110 111 112 116 120 121 122 125 127 128 130 132 134 136 137 139 141 142 143 145 146 148 150 151 152 153
177.20 6.4 0.30 good
289.90 7.2 0.36 good
52.30 6.4 0.27 bad
139.00 5.8 0.25 bad
158.50 5.6 0.21 good
59.60 6.0 0.18 good
38.90 5.8 0.11 bad
27.50 5.5 0.13 bad
123.80 5.9 0.19 good
257.20 6.6 0.25 bad
135.80 5.7 0.20 good
24.10 6.5 0.14 bad
122.40 6.7 0.22 bad
77.70 6.5 0.28 bad
122.20 4.7 0.08 good
35.90 4.8 0.00 bad
62.70 6.5 0.18 bad
147.20 4.5 0.15 good
53.00 7.2 0.31 bad
150.70 5.4 0.14 bad
178.90 6.1 0.23 good
51.30 7.8 0.44 bad
22.80 3.5 0.05 bad
153.10 6.7 0.33 good
380.50 5.8 0.23 bad
49.70 5.3 0.22 bad
281.40 6.8 0.33 bad
44.50 5.9 0.23 bad
51.90 5.3 0.14 good
76.10 7.9 0.30 bad
106.40 5.6 0.20 bad
63.50 7.5 0.30 good
45.10 6.2 0.20 bad
17.00 7.5 0.44 good
49.60 5.3 0.34 bad
54.40 4.4 0.14 bad
72.20 4.8 0.07 bad
34.80 5.9 0.19 bad
16.80 7.6 0.25 good
7.30 7.4 0.42 bad
98.90 6.1 0.25 bad
68.60 6.8 0.39 bad
1070.70 7.6 0.27 bad
70.00 6.2 0.24 bad
131.20 5.2 0.17 bad
40.80 6.6 0.22 bad
129.90 7.0 0.27 bad
112.10 6.4 0.19 bad
315.30 6.7 0.23 good
153.20 6.4 0.28 bad
126.20 7.2 0.28 good
116.50 7.8 0.29 good
90.50 6.9 0.34 bad
63.70 7.0 0.33 good
99.00 5.5 0.00 bad
22.20 6.5 0.40 good
181.90 6.5 0.26 bad
59.90 7.0 0.27 bad
219.60 7.1 0.27 bad
78.10 5.3 0.21 good
21.40 6.6 0.26 bad
150.50 4.9 0.04 bad
310.00 6.4 0.17 bad
101.10 6.0 0.24 bad
133.50 5.8 0.24 bad
148.90 5.8 0.26 good
107.80 5.4 0.15 bad
118.30 6.0 0.12 good
85.80 5.6 0.25 good
145.90 4.5 0.08 bad
79.20 7.0 0.29 bad
65.70 8.9 0.20 good
34.20 7.4 0.26 good
296.70 6.5 0.23 good
46.30 5.7 0.16 bad
237.20 6.4 0.35 good
179.50 6.5 0.34 good
72.70 4.8 0.05 bad
448.70 7.8 0.33 good
130.30 7.0 0.36 good
25.10 6.9 0.49 bad
518.00 7.8 0.24 good
177.70 5.5 0.24 bad
62.30 6.7 0.33 bad
477.20 7.0 0.37 good
209.90 3.3 0.06 bad
44.60 6.1 0.20 bad
93.00 6.8 0.19 bad
163.50 5.1 0.14 good
73.20 5.7 0.22 good