BookScore FiveStarRate Median Class
98
0 1 3 5 6 7 8 10 11 13 14 15 17 18 22 23 24 25 27 29 32 33 34 35 37 38 39 40 43 44 45 48 50 53 55 56 57 58 59 60 62 64 65 67 69 71 72 73 74 75 77 78 79 83 84 85 88 89 91 93 94 99 100 101 102 103 104 106 107 111 115 116 118 120 121 125 126 127 128 129 130 131 132 133 135 138 139 140 141 142 144 146 147 148 150 151 152 153
6.4 0.15 6.00 good
7.2 0.25 8.00 good
6.4 0.18 6.00 bad
5.6 0.12 6.00 good
6.0 0.23 6.00 good
5.8 0.11 6.00 bad
6.5 0.21 6.00 bad
5.8 0.09 6.00 bad
6.9 0.16 6.00 bad
5.5 0.09 6.00 bad
5.9 0.20 6.00 good
6.6 0.23 6.00 bad
5.6 0.12 6.00 bad
6.5 0.28 6.00 bad
6.5 0.11 6.00 bad
4.7 0.06 4.00 good
5.5 0.11 6.00 bad
4.8 0.20 4.00 bad
4.5 0.05 4.00 good
7.1 0.36 8.00 good
6.8 0.13 8.00 bad
6.1 0.15 6.00 good
5.1 0.03 6.00 bad
5.5 0.21 6.00 good
7.8 0.28 8.00 bad
5.9 0.13 6.00 bad
3.5 0.00 2.00 bad
6.7 0.19 8.00 good
5.1 0.14 6.00 good
5.4 0.23 4.00 good
5.8 0.10 6.00 bad
6.8 0.17 6.00 bad
5.3 0.07 6.00 good
4.0 0.10 4.00 bad
5.6 0.06 6.00 bad
5.3 0.13 6.00 good
6.2 0.18 6.00 bad
7.5 0.37 8.00 good
6.5 0.25 6.00 good
6.2 0.23 6.00 bad
5.3 0.00 4.00 bad
4.4 0.02 4.00 bad
4.8 0.07 4.00 bad
7.6 0.42 8.00 good
7.4 0.21 8.00 bad
6.1 0.17 6.00 bad
7.3 0.35 8.00 good
6.8 0.17 8.00 bad
6.1 0.04 6.00 bad
6.4 0.10 6.00 good
7.6 0.37 8.00 bad
6.2 0.16 6.00 bad
5.2 0.10 6.00 bad
6.6 0.22 6.00 bad
5.9 0.14 6.00 bad
5.2 0.10 4.00 good
6.7 0.30 8.00 good
6.4 0.17 6.00 bad
7.2 0.34 8.00 good
6.9 0.21 8.00 bad
7.0 0.23 8.00 good
6.5 0.17 6.00 bad
7.0 0.25 8.00 bad
7.1 0.27 8.00 bad
5.3 0.08 6.00 good
6.6 0.11 6.00 bad
4.9 0.09 4.00 bad
6.0 0.16 6.00 good
6.4 0.31 6.00 bad
5.8 0.12 6.00 good
5.5 0.07 6.00 bad
6.0 0.17 6.00 good
6.5 0.11 6.00 bad
5.6 0.11 6.00 good
4.5 0.02 4.00 bad
8.9 0.67 10.00 good
6.4 0.30 8.00 good
7.4 0.36 8.00 good
6.5 0.31 8.00 good
7.3 0.37 8.00 good
5.7 0.17 6.00 bad
4.4 0.06 4.00 good
6.4 0.13 6.00 good
5.9 0.04 6.00 bad
7.0 0.26 8.00 bad
5.7 0.18 6.00 bad
7.0 0.22 8.00 good
6.4 0.05 8.00 bad
6.9 0.15 8.00 bad
7.8 0.46 8.00 good
5.4 0.09 6.00 bad
7.0 0.19 8.00 good
3.9 0.02 4.00 good
3.3 0.08 2.00 bad
6.1 0.15 6.00 bad
6.8 0.37 8.00 bad
5.1 0.09 6.00 good
5.7 0.12 6.00 good