BookWordCount ThreeStarRate Median Class
96
0 2 3 4 6 7 9 12 15 17 19 21 23 24 25 28 30 32 40 41 43 44 45 46 48 49 50 51 52 59 64 65 66 67 68 69 71 72 74 75 79 81 82 84 85 86 87 88 89 91 92 93 94 95 96 97 98 101 103 105 107 108 109 110 111 112 113 114 115 116 117 118 119 120 122 123 125 126 127 128 129 134 135 136 137 138 140 141 142 143 144 145 146 148 150 153
177.20 0.28 6.00 good
48.30 0.40 6.00 bad
52.30 0.27 6.00 bad
139.00 0.33 6.00 bad
59.60 0.21 6.00 good
38.90 0.48 6.00 bad
21.30 0.26 6.00 bad
21.80 0.44 6.00 bad
257.20 0.27 6.00 bad
33.60 0.20 6.00 bad
122.40 0.22 6.00 bad
74.10 0.16 4.00 bad
122.20 0.28 4.00 good
74.80 0.36 6.00 bad
35.90 0.20 4.00 bad
53.00 0.25 8.00 bad
150.70 0.32 6.00 bad
51.10 0.31 8.00 bad
153.10 0.24 8.00 good
168.40 0.34 6.00 good
74.40 0.24 6.00 good
296.80 0.11 4.00 good
380.50 0.30 6.00 bad
123.50 0.19 8.00 good
281.40 0.33 6.00 bad
44.50 0.39 6.00 bad
51.90 0.32 6.00 good
84.60 0.37 6.00 bad
76.10 0.15 8.00 bad
133.40 0.21 6.00 good
54.40 0.21 4.00 bad
72.20 0.31 4.00 bad
34.80 0.43 6.00 bad
16.80 0.16 8.00 good
79.60 0.25 8.00 bad
7.30 0.26 8.00 bad
98.90 0.25 6.00 bad
390.00 0.26 8.00 good
49.30 0.36 6.00 bad
39.60 0.40 6.00 good
131.20 0.26 6.00 bad
87.70 0.54 6.00 bad
183.00 0.20 4.00 bad
30.00 0.33 6.00 bad
87.20 0.15 4.00 good
129.90 0.30 8.00 bad
112.10 0.23 6.00 bad
315.30 0.18 8.00 good
153.20 0.27 6.00 bad
126.20 0.16 8.00 good
116.50 0.16 8.00 good
90.50 0.26 8.00 bad
63.70 0.23 8.00 good
99.00 0.46 6.00 bad
34.10 0.28 8.00 good
22.20 0.26 8.00 good
170.60 0.22 8.00 good
219.60 0.26 8.00 bad
21.40 0.50 6.00 bad
198.70 0.19 8.00 good
310.00 0.15 6.00 bad
446.50 0.10 10.00 good
101.10 0.36 6.00 bad
133.50 0.28 6.00 bad
148.90 0.26 6.00 good
107.80 0.30 6.00 bad
247.80 0.36 6.00 bad
31.70 0.09 10.00 bad
119.20 0.35 6.00 bad
118.30 0.42 6.00 good
59.10 0.45 6.00 bad
92.20 0.39 6.00 bad
427.70 0.20 8.00 good
85.80 0.20 6.00 good
79.20 0.28 8.00 bad
153.40 0.37 6.00 good
65.70 0.08 10.00 good
89.70 0.16 8.00 good
34.20 0.22 8.00 good
296.70 0.13 8.00 good
322.80 0.16 8.00 good
179.50 0.21 8.00 good
335.20 0.24 8.00 bad
72.70 0.32 4.00 bad
448.70 0.15 8.00 good
212.90 0.22 6.00 bad
43.40 0.07 8.00 bad
25.10 0.19 8.00 bad
518.00 0.15 8.00 good
177.70 0.22 6.00 bad
319.70 0.27 6.00 bad
62.30 0.45 6.00 bad
477.20 0.27 8.00 good
209.90 0.04 2.00 bad
44.60 0.35 6.00 bad
73.20 0.25 6.00 good