BookScore Mode Kurtosis Class
99
0 6 8 9 10 12 14 15 16 17 19 21 22 23 24 25 26 27 28 29 31 32 33 34 35 36 37 38 39 40 41 42 43 44 46 48 49 50 51 55 57 61 63 64 65 67 69 71 72 73 74 76 77 78 79 82 84 85 87 88 89 90 93 94 95 97 99 100 101 103 105 107 108 110 112 113 114 115 117 118 120 121 123 127 128 130 132 133 134 135 136 140 141 142 143 145 147 149 153
6.4 8.00 200.91 good
6.0 2.00 75.15 good
6.5 6.00 196.73 bad
5.4 8.00 110.48 bad
5.8 8.00 143.84 bad
6.0 6.00 114.51 bad
5.9 2.00 68.44 good
6.6 6.00 188.48 bad
5.7 6.00 87.54 good
5.6 8.00 80.31 bad
6.7 10.00 181.41 bad
4.6 4.00 66.70 bad
6.5 6.00 468.11 bad
4.7 4.00 78.49 good
5.5 6.00 114.10 bad
4.8 2.00 28.01 bad
6.5 6.00 249.04 bad
4.5 2.00 40.03 good
7.2 8.00 418.19 bad
7.1 10.00 194.89 good
5.8 6.00 211.54 good
6.8 8.00 404.81 bad
6.1 6.00 163.05 good
5.1 6.00 192.82 bad
5.5 2.00 41.11 good
6.7 8.00 203.97 bad
7.8 8.00 948.64 bad
5.9 4.00 172.89 bad
3.5 2.00 53.89 bad
6.7 8.00 227.23 good
6.7 6.00 389.04 good
5.4 2.00 74.29 bad
5.1 2.00 44.83 good
5.4 2.00 29.34 good
7.1 8.00 218.67 good
6.8 8.00 362.40 bad
5.9 6.00 155.38 bad
5.3 6.00 119.73 good
5.9 6.00 339.26 bad
5.6 6.00 182.02 bad
6.2 8.00 94.54 bad
7.5 8.00 1104.85 good
6.2 2.00 55.29 good
4.4 2.00 59.06 bad
4.8 6.00 77.07 bad
7.6 10.00 278.88 good
7.4 8.00 758.93 bad
6.1 8.00 106.33 bad
7.3 10.00 259.41 good
6.8 8.00 278.58 bad
6.1 6.00 393.48 bad
6.8 8.00 159.36 good
7.6 10.00 440.27 bad
6.2 6.00 147.32 bad
5.2 2.00 65.93 bad
5.6 4.00 87.78 bad
5.9 6.00 116.65 bad
5.2 2.00 51.21 good
6.4 10.00 95.46 bad
6.7 10.00 118.81 good
6.4 8.00 208.64 bad
4.0 2.00 25.57 bad
6.9 8.00 288.02 bad
7.0 8.00 299.63 good
5.5 6.00 128.84 bad
6.5 8.00 198.40 good
6.5 6.00 243.27 bad
7.0 6.00 297.05 bad
7.1 10.00 286.97 bad
6.6 6.00 664.54 bad
7.4 8.00 385.10 good
6.4 10.00 72.91 bad
8.7 10.00 1238.93 good
5.8 6.00 131.59 bad
5.4 6.00 84.03 bad
6.1 6.00 164.81 bad
8.5 10.00 875.52 bad
5.5 6.00 125.49 bad
5.5 6.00 132.92 bad
6.5 6.00 387.39 bad
5.6 8.00 75.21 good
4.5 6.00 102.63 bad
7.0 6.00 502.72 good
7.4 10.00 319.05 good
6.5 10.00 82.37 good
5.7 6.00 73.99 bad
6.4 8.00 212.10 good
5.9 8.00 194.01 bad
6.5 8.00 176.74 good
7.0 8.00 234.30 bad
4.8 6.00 63.17 bad
6.4 8.00 361.68 bad
6.9 8.00 311.51 bad
7.8 10.00 364.52 good
5.5 8.00 86.23 bad
6.7 6.00 909.70 bad
3.9 2.00 40.59 good
6.0 8.00 113.50 good
5.7 6.00 105.28 good