BookScore TwoStarRate FourStarRate Class
99
0 1 2 3 6 7 8 9 10 11 12 14 15 19 21 22 23 25 26 27 28 29 33 36 37 38 40 41 42 46 47 48 49 51 52 53 54 55 59 60 62 63 64 65 66 67 70 71 73 75 77 78 80 84 85 87 88 89 90 92 93 95 97 98 99 103 104 106 107 110 111 112 113 114 116 118 119 120 123 124 126 128 130 131 133 134 135 136 137 140 141 143 146 147 149 150 151 152 153
6.4 0.15 0.30 good
7.2 0.08 0.36 good
6.4 0.10 0.24 bad
6.4 0.12 0.27 bad
6.0 0.14 0.18 good
5.8 0.15 0.11 bad
6.5 0.16 0.22 bad
5.4 0.18 0.30 bad
5.8 0.26 0.27 bad
6.9 0.04 0.32 bad
6.0 0.08 0.08 bad
5.9 0.14 0.19 good
6.6 0.13 0.25 bad
6.7 0.18 0.22 bad
4.6 0.37 0.14 bad
6.5 0.15 0.28 bad
4.7 0.31 0.08 good
4.8 0.20 0.00 bad
6.5 0.09 0.18 bad
4.5 0.17 0.15 good
7.2 0.11 0.31 bad
7.1 0.10 0.20 good
6.1 0.20 0.23 good
6.7 0.10 0.34 bad
7.8 0.03 0.44 bad
5.9 0.35 0.17 bad
6.7 0.12 0.33 good
6.7 0.14 0.29 good
5.4 0.17 0.20 bad
7.1 0.07 0.33 good
5.3 0.28 0.22 bad
6.8 0.09 0.33 bad
5.9 0.10 0.23 bad
5.9 0.30 0.21 bad
7.9 0.04 0.30 bad
4.0 0.33 0.00 bad
7.0 0.05 0.21 good
5.6 0.28 0.20 bad
6.5 0.21 0.21 good
6.2 0.21 0.20 bad
5.3 0.50 0.34 bad
6.2 0.07 0.20 good
4.4 0.27 0.14 bad
4.8 0.28 0.07 bad
5.9 0.14 0.19 bad
7.6 0.06 0.25 good
5.9 0.10 0.32 bad
6.1 0.12 0.25 bad
6.8 0.11 0.39 bad
6.4 0.10 0.30 good
7.6 0.07 0.27 bad
6.2 0.10 0.24 bad
8.3 0.03 0.19 bad
5.9 0.14 0.19 bad
5.2 0.19 0.24 good
6.4 0.09 0.19 bad
6.7 0.10 0.23 good
6.4 0.17 0.28 bad
4.0 0.13 0.07 bad
7.8 0.04 0.29 good
6.9 0.08 0.34 bad
5.5 0.23 0.00 bad
6.5 0.03 0.40 good
7.3 0.08 0.33 good
6.5 0.12 0.26 bad
6.6 0.08 0.26 bad
4.9 0.31 0.04 bad
6.0 0.14 0.24 good
6.4 0.12 0.17 bad
5.8 0.21 0.24 bad
5.8 0.16 0.26 good
5.4 0.20 0.15 bad
6.1 0.13 0.21 bad
8.5 0.02 0.23 bad
6.0 0.12 0.12 good
6.5 0.11 0.30 bad
7.3 0.06 0.33 good
5.6 0.18 0.25 good
7.0 0.08 0.30 good
5.6 0.19 0.20 good
6.4 0.06 0.21 good
6.5 0.08 0.23 good
5.7 0.13 0.16 bad
4.4 0.41 0.11 good
5.9 0.13 0.33 bad
6.5 0.12 0.34 good
7.0 0.09 0.29 bad
4.8 0.24 0.05 bad
7.8 0.05 0.33 good
6.4 0.30 0.54 bad
6.9 0.03 0.49 bad
5.5 0.21 0.24 bad
7.0 0.09 0.37 good
3.9 0.22 0.09 good
6.0 0.18 0.26 good
6.1 0.15 0.20 bad
6.8 0.07 0.19 bad
5.1 0.19 0.14 good
5.7 0.22 0.22 good