BookScoreCount TwoStarRate ThreeStarRate Class
101
0 1 2 7 8 9 11 13 14 15 17 18 19 20 22 23 26 27 28 29 31 33 35 36 37 39 41 45 46 47 48 49 50 51 53 54 55 56 57 59 60 61 62 63 64 65 67 68 70 71 72 73 74 75 76 78 79 80 81 82 83 85 87 88 89 92 94 95 99 101 108 110 111 112 113 114 116 118 120 121 122 123 124 125 128 129 130 131 132 133 134 135 137 138 140 142 143 144 146 147 148
568 0.15 0.28 good
967 0.08 0.23 good
47 0.10 0.40 bad
27 0.15 0.48 bad
177 0.16 0.30 bad
51 0.18 0.26 bad
51 0.04 0.40 bad
48 0.24 0.39 bad
454 0.14 0.21 good
658 0.13 0.27 bad
36 0.22 0.20 bad
23 0.17 0.28 bad
250 0.18 0.22 bad
112 0.20 0.15 good
159 0.15 0.40 bad
116 0.31 0.28 good
100 0.09 0.43 bad
150 0.17 0.21 good
263 0.11 0.25 bad
290 0.10 0.22 good
44 0.30 0.33 good
192 0.20 0.29 good
1909 0.12 0.18 good
223 0.10 0.23 bad
216 0.03 0.20 bad
20 0.26 0.16 bad
670 0.14 0.34 good
299 0.20 0.30 bad
108 0.07 0.19 good
79 0.28 0.20 bad
1248 0.09 0.33 bad
72 0.10 0.39 bad
29 0.28 0.32 good
133 0.30 0.37 bad
22 0.33 0.14 bad
43 0.05 0.33 good
55 0.28 0.33 bad
80 0.20 0.32 good
2109 0.07 0.21 bad
484 0.21 0.21 good
108 0.21 0.18 bad
86 0.08 0.25 good
13 0.50 0.08 bad
91 0.07 0.12 good
45 0.27 0.21 bad
82 0.28 0.31 bad
90 0.06 0.16 good
153 0.11 0.25 bad
51 0.10 0.04 bad
248 0.12 0.25 bad
956 0.08 0.26 good
19 0.11 0.22 bad
46 0.22 0.36 bad
21 0.10 0.40 good
429 0.07 0.15 good
217 0.10 0.33 bad
531 0.19 0.26 bad
714 0.03 0.13 bad
25 0.08 0.54 bad
31 0.41 0.20 bad
104 0.17 0.28 bad
356 0.19 0.15 good
182 0.09 0.23 bad
1636 0.10 0.18 good
145 0.17 0.27 bad
527 0.04 0.16 good
218 0.11 0.23 good
13 0.23 0.46 bad
942 0.12 0.34 bad
219 0.10 0.26 bad
5393 0.02 0.10 good
112 0.21 0.28 bad
182 0.16 0.26 good
201 0.20 0.30 bad
136 0.13 0.36 bad
1114 0.02 0.09 bad
19 0.12 0.42 good
274 0.11 0.39 bad
45 0.18 0.20 good
59 0.30 0.32 bad
385 0.10 0.28 bad
93 0.08 0.37 good
320 0.19 0.29 good
768 0.02 0.08 good
607 0.08 0.13 good
2063 0.07 0.16 good
82 0.13 0.28 bad
31 0.41 0.13 good
614 0.14 0.25 good
23 0.13 0.33 bad
795 0.12 0.21 good
1310 0.09 0.24 bad
1641 0.05 0.15 good
328 0.10 0.22 bad
21 0.30 0.07 bad
2366 0.05 0.15 good
153 0.21 0.22 bad
364 0.25 0.27 bad
2356 0.09 0.27 good
208 0.22 0.19 good
1080 0.03 0.04 bad