BookScoreCount FourStarRate Mode Class
97
2 3 5 7 8 10 11 14 15 16 17 18 20 21 23 30 31 32 33 34 35 36 39 41 42 43 44 47 48 50 51 52 54 55 57 58 60 61 62 63 64 66 67 68 69 70 75 76 79 80 81 83 85 87 88 89 90 91 94 95 97 98 99 102 104 108 109 111 113 114 117 118 119 120 122 123 124 126 128 129 133 134 135 136 137 138 140 142 144 145 146 147 148 149 150 151 152
47 0.24 6.00 bad
129 0.27 8.00 bad
439 0.21 6.00 good
27 0.11 6.00 bad
177 0.22 6.00 bad
78 0.27 8.00 bad
51 0.32 6.00 bad
454 0.19 2.00 good
658 0.25 6.00 bad
119 0.20 6.00 good
36 0.23 8.00 bad
23 0.14 10.00 bad
112 0.20 2.00 good
44 0.14 4.00 bad
116 0.08 4.00 good
29 0.14 6.00 bad
44 0.19 6.00 good
292 0.39 8.00 bad
192 0.23 6.00 good
97 0.13 6.00 bad
1909 0.14 2.00 good
223 0.34 8.00 bad
20 0.05 2.00 bad
670 0.29 6.00 good
686 0.20 2.00 bad
81 0.14 2.00 good
1885 0.16 2.00 good
79 0.22 4.00 bad
1248 0.33 8.00 bad
29 0.14 6.00 good
133 0.21 6.00 bad
1780 0.30 10.00 bad
43 0.21 6.00 good
55 0.20 6.00 bad
2109 0.29 8.00 bad
461 0.30 10.00 good
108 0.20 10.00 bad
86 0.44 8.00 good
13 0.34 4.00 bad
91 0.20 2.00 good
45 0.14 2.00 bad
21 0.19 6.00 bad
90 0.25 10.00 good
153 0.30 8.00 bad
20 0.42 8.00 bad
51 0.32 2.00 bad
21 0.30 6.00 good
429 0.36 8.00 good
531 0.17 2.00 bad
714 0.19 10.00 bad
25 0.08 6.00 bad
104 0.22 6.00 bad
356 0.24 2.00 good
182 0.19 10.00 bad
1636 0.23 10.00 good
145 0.28 8.00 bad
16 0.07 2.00 bad
654 0.28 10.00 good
218 0.33 8.00 good
13 0.00 6.00 bad
39 0.40 8.00 good
2113 0.33 8.00 good
942 0.26 6.00 bad
225 0.21 2.00 good
25 0.04 6.00 bad
5393 0.20 10.00 good
88 0.24 6.00 bad
182 0.26 8.00 good
136 0.21 6.00 bad
1114 0.23 10.00 bad
34 0.14 6.00 bad
274 0.30 6.00 bad
1575 0.33 8.00 good
45 0.25 8.00 good
385 0.29 8.00 bad
93 0.30 6.00 good
320 0.20 6.00 good
353 0.21 10.00 good
607 0.23 10.00 good
2063 0.26 10.00 good
23 0.33 8.00 bad
795 0.34 8.00 good
1310 0.29 8.00 bad
68 0.05 6.00 bad
1641 0.33 10.00 good
328 0.19 2.00 bad
21 0.54 8.00 bad
2366 0.24 10.00 good
364 0.18 6.00 bad
61 0.33 6.00 bad
2356 0.37 8.00 good
208 0.09 2.00 good
1080 0.06 2.00 bad
674 0.26 8.00 good
21 0.20 6.00 bad
638 0.19 10.00 bad
45 0.14 2.00 good