BookWordCount AddListCount FiveStarRate Class
101
2 3 4 5 6 7 10 13 14 16 17 19 20 22 23 25 26 28 29 30 31 33 34 35 38 41 42 43 45 47 48 50 51 52 56 57 58 59 61 62 64 67 68 70 71 72 74 75 77 78 79 80 81 82 84 87 89 90 91 92 93 95 96 97 98 99 101 102 104 106 107 109 110 112 114 115 117 118 119 120 121 122 123 124 128 129 133 134 136 137 139 141 142 143 144 146 147 149 151 152 153
48.30 12 0.15 bad
52.30 38 0.18 bad
139.00 22 0.10 bad
158.50 122 0.12 good
59.60 42 0.23 good
38.90 8 0.11 bad
82.50 25 0.09 bad
27.50 9 0.09 bad
123.80 136 0.20 good
135.80 25 0.14 good
33.60 10 0.12 bad
122.40 70 0.28 bad
82.30 17 0.13 good
77.70 61 0.11 bad
122.20 32 0.06 good
35.90 2 0.20 bad
62.70 32 0.19 bad
53.00 73 0.27 bad
233.90 68 0.36 good
150.70 9 0.11 bad
78.00 6 0.09 good
178.90 49 0.15 good
154.60 24 0.03 bad
713.10 254 0.21 good
80.20 19 0.13 bad
168.40 289 0.17 good
300.10 215 0.11 bad
74.40 18 0.14 good
380.50 93 0.10 bad
49.70 20 0.08 bad
281.40 371 0.17 bad
51.90 7 0.07 good
84.60 42 0.07 bad
76.10 446 0.42 bad
40.40 13 0.13 good
293.40 551 0.18 bad
63.50 70 0.37 good
133.40 138 0.25 good
17.00 33 0.21 good
49.60 3 0.00 bad
54.40 10 0.02 bad
16.80 17 0.42 good
79.60 45 0.22 bad
55.40 2 0.20 bad
98.90 119 0.17 bad
390.00 180 0.35 good
49.30 16 0.04 bad
39.60 8 0.10 good
1070.70 183 0.37 bad
70.00 57 0.16 bad
131.20 94 0.10 bad
144.70 193 0.58 bad
87.70 4 0.13 bad
183.00 3 0.22 bad
30.00 3 0.14 bad
112.10 65 0.27 bad
153.20 49 0.17 bad
50.40 4 0.07 bad
126.20 218 0.34 good
116.50 141 0.42 good
90.50 121 0.21 bad
99.00 4 0.15 bad
34.10 100 0.17 good
22.20 7 0.13 good
170.60 558 0.29 good
181.90 253 0.17 bad
219.60 65 0.27 bad
78.10 39 0.08 good
150.50 5 0.09 bad
64.40 102 0.16 good
310.00 188 0.31 bad
101.10 34 0.10 bad
133.50 31 0.10 bad
107.80 63 0.11 bad
31.70 218 0.60 bad
119.20 76 0.07 bad
59.10 5 0.09 bad
92.20 112 0.11 bad
427.70 274 0.29 good
85.80 15 0.11 good
145.90 14 0.02 bad
79.20 126 0.25 bad
153.40 32 0.20 good
223.00 57 0.11 good
296.70 108 0.31 good
322.80 510 0.37 good
145.80 1 0.04 bad
179.50 168 0.18 good
72.70 9 0.09 bad
448.70 303 0.38 good
130.30 206 0.22 good
25.10 19 0.15 bad
518.00 365 0.46 good
177.70 42 0.10 bad
319.70 103 0.09 bad
477.20 710 0.19 good
154.00 26 0.02 good
382.10 178 0.15 good
93.00 125 0.37 bad
163.50 12 0.09 good
73.20 50 0.12 good