BookScore BookScoreCount TwoStarRate Class
103
0 1 2 3 4 5 6 7 8 9 11 12 13 14 16 17 18 19 20 22 23 25 26 27 28 32 33 34 37 38 39 40 43 46 47 48 51 52 53 54 56 57 58 60 61 62 63 64 66 67 69 71 73 75 77 80 82 83 84 85 86 87 88 90 93 94 96 98 99 102 103 104 106 109 111 112 113 114 117 119 121 123 124 125 126 128 129 130 131 133 135 137 138 141 142 143 145 147 148 149 151 152 153
6.4 568 0.15 good
7.2 967 0.08 good
6.4 47 0.10 bad
6.4 129 0.12 bad
5.8 78 0.09 bad
5.6 439 0.20 good
6.0 187 0.14 good
5.8 27 0.15 bad
6.5 177 0.16 bad
5.4 51 0.18 bad
6.9 51 0.04 bad
6.0 25 0.08 bad
5.5 48 0.24 bad
5.9 454 0.14 good
5.7 119 0.22 good
5.6 36 0.22 bad
6.5 23 0.17 bad
6.7 250 0.18 bad
5.3 112 0.20 good
6.5 159 0.15 bad
4.7 116 0.31 good
4.8 11 0.20 bad
6.5 100 0.09 bad
4.5 150 0.17 good
7.2 263 0.11 bad
6.8 292 0.09 bad
6.1 192 0.20 good
5.1 97 0.30 bad
7.8 216 0.03 bad
5.9 63 0.35 bad
3.5 20 0.26 bad
6.7 495 0.12 good
5.1 81 0.13 good
7.1 108 0.07 good
5.3 79 0.28 bad
6.8 1248 0.09 bad
5.9 133 0.30 bad
7.9 1780 0.04 bad
4.0 22 0.33 bad
7.0 43 0.05 good
5.3 80 0.20 good
6.2 2109 0.07 bad
7.5 461 0.05 good
6.2 108 0.21 bad
7.5 86 0.08 good
5.3 13 0.50 bad
6.2 91 0.07 good
4.4 45 0.27 bad
5.9 21 0.14 bad
7.6 90 0.06 good
7.4 20 0.05 bad
6.1 248 0.12 bad
6.8 19 0.11 bad
6.4 21 0.10 good
7.6 745 0.07 bad
8.3 714 0.03 bad
5.6 31 0.41 bad
6.6 104 0.17 bad
5.9 21 0.14 bad
5.2 356 0.19 good
7.0 222 0.03 bad
6.4 182 0.09 bad
6.7 1636 0.10 good
4.0 16 0.13 bad
6.9 396 0.08 bad
7.0 218 0.11 good
6.7 188 0.11 good
7.3 2113 0.08 good
6.5 942 0.12 bad
5.3 225 0.14 good
6.6 29 0.08 bad
4.9 25 0.31 bad
6.0 349 0.14 good
6.0 88 0.14 bad
5.8 182 0.16 good
5.4 201 0.20 bad
6.1 136 0.13 bad
8.5 1114 0.02 bad
5.5 34 0.11 bad
7.3 1575 0.06 good
4.5 59 0.30 bad
7.0 93 0.08 good
5.6 320 0.19 good
8.9 768 0.02 good
6.4 353 0.06 good
6.5 607 0.08 good
7.3 2063 0.07 good
5.7 82 0.13 bad
4.4 31 0.41 good
5.9 23 0.13 bad
7.0 1310 0.09 bad
7.8 1641 0.05 good
5.7 328 0.10 bad
6.9 83 0.03 bad
7.8 2366 0.05 good
5.5 153 0.21 bad
6.7 61 0.10 bad
3.9 208 0.22 good
3.3 1080 0.03 bad
6.0 674 0.18 good
6.8 638 0.07 bad
5.1 45 0.19 good
5.7 209 0.22 good