BookScore BookScoreCount Median Class
100
1 3 4 5 7 8 9 11 13 16 19 20 21 22 24 26 27 28 29 31 35 37 38 40 41 42 44 45 46 47 49 52 53 55 56 57 58 59 60 61 63 65 67 69 70 71 73 75 77 78 80 81 82 83 84 86 87 88 89 91 93 95 98 99 101 102 103 104 105 107 110 111 112 113 114 115 116 117 120 124 125 128 129 130 131 132 133 135 136 138 139 140 141 142 144 145 148 149 151 153
7.2 967 8.00 good
6.4 129 6.00 bad
5.8 78 6.00 bad
5.6 439 6.00 good
5.8 27 6.00 bad
6.5 177 6.00 bad
5.4 51 6.00 bad
6.9 51 6.00 bad
5.5 48 6.00 bad
5.7 119 6.00 good
6.7 250 6.00 bad
5.3 112 4.00 good
4.6 44 4.00 bad
6.5 159 6.00 bad
5.5 70 6.00 bad
6.5 100 6.00 bad
4.5 150 4.00 good
7.2 263 8.00 bad
7.1 290 8.00 good
5.8 44 6.00 good
5.5 1909 6.00 good
7.8 216 8.00 bad
5.9 63 6.00 bad
6.7 495 8.00 good
6.7 670 6.00 good
5.4 686 6.00 bad
5.4 1885 4.00 good
5.8 299 6.00 bad
7.1 108 8.00 good
5.3 79 4.00 bad
5.9 72 6.00 bad
7.9 1780 8.00 bad
4.0 22 4.00 bad
5.6 55 6.00 bad
5.3 80 6.00 good
6.2 2109 6.00 bad
7.5 461 8.00 good
6.5 484 6.00 good
6.2 108 6.00 bad
7.5 86 8.00 good
6.2 91 6.00 good
4.8 82 4.00 bad
7.6 90 8.00 good
7.4 20 8.00 bad
5.9 51 8.00 bad
6.1 248 6.00 bad
6.8 19 8.00 bad
6.4 21 6.00 good
7.6 745 8.00 bad
6.2 217 6.00 bad
8.3 714 10.00 bad
5.8 25 6.00 bad
5.6 31 4.00 bad
6.6 104 6.00 bad
5.9 21 6.00 bad
7.0 222 8.00 bad
6.4 182 6.00 bad
6.7 1636 8.00 good
6.4 145 6.00 bad
7.2 654 8.00 good
6.9 396 8.00 bad
5.5 13 6.00 bad
7.3 2113 8.00 good
6.5 942 6.00 bad
7.1 219 8.00 bad
5.3 225 6.00 good
6.6 29 6.00 bad
4.9 25 4.00 bad
7.4 339 8.00 good
6.4 1184 6.00 bad
5.8 112 6.00 bad
5.8 182 6.00 good
5.4 201 6.00 bad
6.1 136 6.00 bad
8.5 1114 10.00 bad
5.5 282 6.00 bad
6.0 19 6.00 good
5.5 34 6.00 bad
5.6 45 6.00 good
5.6 320 6.00 good
8.9 768 10.00 good
6.5 607 8.00 good
7.3 2063 8.00 good
5.7 82 6.00 bad
4.4 31 4.00 good
6.4 614 6.00 good
5.9 23 6.00 bad
7.0 1310 8.00 bad
4.8 68 4.00 bad
5.7 328 6.00 bad
7.0 1100 8.00 good
6.4 21 8.00 bad
6.9 83 8.00 bad
7.8 2366 8.00 good
5.4 364 6.00 bad
6.7 61 6.00 bad
3.3 1080 2.00 bad
6.0 674 6.00 good
6.8 638 8.00 bad
5.7 209 6.00 good