BookWordCount TwoStarRate FourStarRate Class
105
2 3 5 7 8 10 11 12 15 16 17 18 20 23 24 25 26 27 28 29 31 32 34 36 38 39 41 43 44 45 46 48 50 51 52 55 56 59 60 62 63 64 65 67 68 69 70 71 72 73 74 75 76 78 80 81 82 84 86 88 89 90 91 92 93 96 98 99 100 101 102 105 106 107 109 110 111 112 113 117 118 119 120 121 124 125 127 128 129 130 131 132 133 136 137 138 139 140 142 143 146 147 148 150 151
48.30 0.10 0.24 bad
52.30 0.12 0.27 bad
158.50 0.20 0.21 good
38.90 0.15 0.11 bad
143.50 0.16 0.22 bad
82.50 0.26 0.27 bad
13.40 0.04 0.32 bad
21.80 0.08 0.08 bad
257.20 0.13 0.25 bad
135.80 0.22 0.20 good
33.60 0.22 0.23 bad
24.10 0.17 0.14 bad
82.30 0.20 0.20 good
122.20 0.31 0.08 good
74.80 0.21 0.13 bad
35.90 0.20 0.00 bad
62.70 0.09 0.18 bad
147.20 0.17 0.15 good
53.00 0.11 0.31 bad
233.90 0.10 0.20 good
78.00 0.30 0.19 good
51.10 0.09 0.39 bad
154.60 0.30 0.13 bad
87.00 0.10 0.34 bad
80.20 0.35 0.17 bad
22.80 0.26 0.05 bad
168.40 0.14 0.29 good
74.40 0.13 0.14 good
296.80 0.07 0.16 good
380.50 0.20 0.23 bad
123.50 0.07 0.33 good
281.40 0.09 0.33 bad
51.90 0.28 0.14 good
84.60 0.30 0.21 bad
76.10 0.04 0.30 bad
106.40 0.28 0.20 bad
40.40 0.20 0.10 good
133.40 0.21 0.21 good
45.10 0.21 0.20 bad
49.60 0.50 0.34 bad
108.60 0.07 0.20 good
54.40 0.27 0.14 bad
72.20 0.28 0.07 bad
16.80 0.06 0.25 good
79.60 0.11 0.30 bad
7.30 0.05 0.42 bad
55.40 0.10 0.32 bad
98.90 0.12 0.25 bad
390.00 0.08 0.20 good
68.60 0.11 0.39 bad
49.30 0.22 0.31 bad
39.60 0.10 0.30 good
46.20 0.07 0.36 good
70.00 0.10 0.24 bad
144.70 0.03 0.19 bad
87.70 0.08 0.08 bad
183.00 0.41 0.05 bad
30.00 0.14 0.19 bad
129.90 0.03 0.27 bad
315.30 0.10 0.23 good
153.20 0.17 0.28 bad
50.40 0.13 0.07 bad
126.20 0.08 0.28 good
116.50 0.04 0.29 good
90.50 0.08 0.34 bad
34.10 0.11 0.33 good
170.60 0.08 0.33 good
181.90 0.12 0.26 bad
59.90 0.02 0.27 bad
219.60 0.10 0.27 bad
78.10 0.14 0.21 good
198.70 0.08 0.33 good
64.40 0.14 0.24 good
310.00 0.12 0.17 bad
101.10 0.14 0.24 bad
133.50 0.21 0.24 bad
148.90 0.16 0.26 good
107.80 0.20 0.15 bad
247.80 0.13 0.21 bad
59.10 0.11 0.14 bad
92.20 0.11 0.30 bad
427.70 0.06 0.33 good
85.80 0.18 0.25 good
145.90 0.30 0.08 bad
223.00 0.19 0.20 good
65.70 0.02 0.20 good
34.20 0.06 0.26 good
296.70 0.08 0.23 good
322.80 0.07 0.26 good
46.30 0.13 0.16 bad
195.70 0.41 0.11 good
237.20 0.14 0.35 good
145.80 0.13 0.33 bad
72.70 0.24 0.05 bad
448.70 0.05 0.33 good
212.90 0.10 0.19 bad
130.30 0.07 0.36 good
43.40 0.30 0.54 bad
518.00 0.05 0.24 good
177.70 0.21 0.24 bad
477.20 0.09 0.37 good
154.00 0.22 0.09 good
209.90 0.03 0.06 bad
44.60 0.15 0.20 bad
93.00 0.07 0.19 bad