BookScore FiveStarRate Median Class
95
0 3 4 5 7 8 10 11 13 14 16 17 18 19 21 23 25 26 27 31 32 33 34 35 37 38 39 40 42 43 44 45 47 48 49 50 54 55 56 57 58 60 61 62 64 65 66 69 70 71 73 74 76 79 81 84 85 86 87 89 90 92 93 94 95 96 98 99 100 101 102 107 108 111 112 116 117 118 125 127 128 129 131 132 134 137 138 139 142 143 144 145 146 149 152
6.4 0.15 6.00 good
6.4 0.18 6.00 bad
5.8 0.10 6.00 bad
5.6 0.12 6.00 good
5.8 0.11 6.00 bad
6.5 0.21 6.00 bad
5.8 0.09 6.00 bad
6.9 0.16 6.00 bad
5.5 0.09 6.00 bad
5.9 0.20 6.00 good
5.7 0.14 6.00 good
5.6 0.12 6.00 bad
6.5 0.28 6.00 bad
6.7 0.28 6.00 bad
4.6 0.04 4.00 bad
4.7 0.06 4.00 good
4.8 0.20 4.00 bad
6.5 0.19 6.00 bad
4.5 0.05 4.00 good
5.8 0.09 6.00 good
6.8 0.13 8.00 bad
6.1 0.15 6.00 good
5.1 0.03 6.00 bad
5.5 0.21 6.00 good
7.8 0.28 8.00 bad
5.9 0.13 6.00 bad
3.5 0.00 2.00 bad
6.7 0.19 8.00 good
5.4 0.11 6.00 bad
5.1 0.14 6.00 good
5.4 0.23 4.00 good
5.8 0.10 6.00 bad
5.3 0.08 4.00 bad
6.8 0.17 6.00 bad
5.9 0.10 6.00 bad
5.3 0.07 6.00 good
7.0 0.29 6.00 good
5.6 0.06 6.00 bad
5.3 0.13 6.00 good
6.2 0.18 6.00 bad
7.5 0.37 8.00 good
6.2 0.23 6.00 bad
7.5 0.21 8.00 good
5.3 0.00 4.00 bad
4.4 0.02 4.00 bad
4.8 0.07 4.00 bad
5.9 0.10 6.00 bad
7.4 0.21 8.00 bad
5.9 0.20 8.00 bad
6.1 0.17 6.00 bad
6.8 0.17 8.00 bad
6.1 0.04 6.00 bad
6.8 0.24 8.00 good
5.2 0.10 6.00 bad
5.8 0.13 6.00 bad
5.9 0.14 6.00 bad
5.2 0.10 4.00 good
7.0 0.26 8.00 bad
6.4 0.27 6.00 bad
6.4 0.17 6.00 bad
4.0 0.07 2.00 bad
7.8 0.42 8.00 good
6.9 0.21 8.00 bad
7.0 0.23 8.00 good
5.5 0.15 6.00 bad
6.7 0.17 8.00 good
7.3 0.29 8.00 good
6.5 0.17 6.00 bad
7.0 0.25 8.00 bad
7.1 0.27 8.00 bad
5.3 0.08 6.00 good
6.4 0.31 6.00 bad
8.7 0.63 10.00 good
5.8 0.12 6.00 good
5.4 0.11 6.00 bad
6.0 0.17 6.00 good
5.5 0.09 6.00 bad
6.5 0.11 6.00 bad
8.9 0.67 10.00 good
7.4 0.36 8.00 good
6.5 0.31 8.00 good
7.3 0.37 8.00 good
4.4 0.06 4.00 good
6.4 0.13 6.00 good
6.5 0.18 8.00 good
7.8 0.38 8.00 good
5.7 0.18 6.00 bad
7.0 0.22 8.00 good
7.8 0.46 8.00 good
5.5 0.10 6.00 bad
5.4 0.09 6.00 bad
6.7 0.08 6.00 bad
7.0 0.19 8.00 good
6.0 0.15 6.00 good
5.1 0.09 6.00 good