BookWordCount BookScore Mode Class
99
2 3 4 7 8 9 10 12 13 14 18 19 20 21 23 24 26 27 28 29 30 32 33 34 35 38 40 41 43 45 46 48 49 51 52 53 54 56 57 58 59 60 61 64 65 67 68 69 70 72 73 75 76 77 83 84 85 86 87 89 91 92 93 94 97 102 103 105 107 108 110 111 112 113 114 116 118 119 120 121 123 124 125 127 129 131 132 133 134 135 137 139 144 146 147 148 149 150 151
48.30 6.4 6.00 bad
52.30 6.4 8.00 bad
139.00 5.8 6.00 bad
38.90 5.8 6.00 bad
143.50 6.5 6.00 bad
21.30 5.4 8.00 bad
82.50 5.8 8.00 bad
21.80 6.0 6.00 bad
27.50 5.5 6.00 bad
123.80 5.9 2.00 good
24.10 6.5 10.00 bad
122.40 6.7 10.00 bad
82.30 5.3 2.00 good
74.10 4.6 4.00 bad
122.20 4.7 4.00 good
74.80 5.5 6.00 bad
62.70 6.5 6.00 bad
147.20 4.5 2.00 good
53.00 7.2 8.00 bad
233.90 7.1 10.00 good
150.70 5.4 6.00 bad
51.10 6.8 8.00 bad
178.90 6.1 6.00 good
154.60 5.1 6.00 bad
713.10 5.5 2.00 good
80.20 5.9 4.00 bad
153.10 6.7 8.00 good
168.40 6.7 6.00 good
74.40 5.1 2.00 good
380.50 5.8 6.00 bad
123.50 7.1 8.00 good
281.40 6.8 8.00 bad
44.50 5.9 6.00 bad
84.60 5.9 6.00 bad
76.10 7.9 10.00 bad
53.70 4.0 2.00 bad
13.00 7.0 6.00 good
40.40 5.3 6.00 good
293.40 6.2 8.00 bad
63.50 7.5 10.00 good
133.40 6.5 10.00 good
45.10 6.2 10.00 bad
17.00 7.5 8.00 good
54.40 4.4 2.00 bad
72.20 4.8 6.00 bad
16.80 7.6 10.00 good
79.60 6.8 8.00 bad
7.30 7.4 8.00 bad
55.40 5.9 2.00 bad
390.00 7.3 10.00 good
68.60 6.8 8.00 bad
39.60 6.4 6.00 good
46.20 6.8 8.00 good
1070.70 7.6 10.00 bad
40.80 6.6 6.00 bad
30.00 5.9 6.00 bad
87.20 5.2 2.00 good
129.90 7.0 6.00 bad
112.10 6.4 10.00 bad
153.20 6.4 8.00 bad
126.20 7.2 10.00 good
116.50 7.8 10.00 good
90.50 6.9 8.00 bad
63.70 7.0 8.00 good
22.20 6.5 8.00 good
78.10 5.3 2.00 good
21.40 6.6 6.00 bad
198.70 7.4 8.00 good
310.00 6.4 10.00 bad
446.50 8.7 10.00 good
133.50 5.8 6.00 bad
148.90 5.8 8.00 good
107.80 5.4 6.00 bad
247.80 6.1 6.00 bad
31.70 8.5 10.00 bad
118.30 6.0 6.00 good
92.20 6.5 6.00 bad
427.70 7.3 8.00 good
85.80 5.6 8.00 good
145.90 4.5 6.00 bad
153.40 7.0 6.00 good
223.00 5.6 6.00 good
65.70 8.9 10.00 good
34.20 7.4 10.00 good
322.80 7.3 10.00 good
195.70 4.4 4.00 good
237.20 6.4 8.00 good
145.80 5.9 8.00 bad
179.50 6.5 8.00 good
335.20 7.0 8.00 bad
448.70 7.8 10.00 good
130.30 7.0 8.00 good
319.70 5.4 6.00 bad
477.20 7.0 8.00 good
154.00 3.9 2.00 good
209.90 3.3 2.00 bad
382.10 6.0 8.00 good
44.60 6.1 6.00 bad
93.00 6.8 10.00 bad