BookWordCount BookScoreCount FiveStarRate Class
96
0 1 2 3 6 8 9 10 11 12 15 16 20 21 22 26 27 28 29 31 32 34 35 36 37 38 39 40 41 44 45 46 47 49 52 53 54 57 58 61 62 64 67 69 70 71 73 74 76 78 80 82 83 84 86 87 88 89 90 92 93 95 96 99 100 102 104 107 108 109 110 111 112 113 117 119 120 121 122 124 126 128 131 133 135 136 138 139 140 141 142 144 145 146 148 150
177.20 568 0.15 good
289.90 967 0.25 good
48.30 47 0.15 bad
52.30 129 0.18 bad
59.60 187 0.23 good
143.50 177 0.21 bad
21.30 51 0.02 bad
82.50 78 0.09 bad
13.40 51 0.16 bad
21.80 25 0.20 bad
257.20 658 0.23 bad
135.80 119 0.14 good
82.30 112 0.13 good
74.10 44 0.04 bad
77.70 159 0.11 bad
62.70 100 0.19 bad
147.20 150 0.05 good
53.00 263 0.27 bad
233.90 290 0.36 good
78.00 44 0.09 good
51.10 292 0.13 bad
154.60 97 0.03 bad
713.10 1909 0.21 good
87.00 223 0.19 bad
51.30 216 0.28 bad
80.20 63 0.13 bad
22.80 20 0.00 bad
153.10 495 0.19 good
168.40 670 0.17 good
296.80 1885 0.23 good
380.50 299 0.10 bad
123.50 108 0.27 good
49.70 79 0.08 bad
44.50 72 0.10 bad
76.10 1780 0.42 bad
53.70 22 0.10 bad
13.00 43 0.29 good
293.40 2109 0.18 bad
63.50 461 0.37 good
17.00 86 0.21 good
49.60 13 0.00 bad
54.40 45 0.02 bad
16.80 90 0.42 good
7.30 20 0.21 bad
55.40 51 0.20 bad
98.90 248 0.17 bad
68.60 19 0.17 bad
49.30 46 0.04 bad
46.20 429 0.24 good
70.00 217 0.16 bad
144.70 714 0.58 bad
183.00 31 0.22 bad
40.80 104 0.22 bad
30.00 21 0.14 bad
129.90 222 0.26 bad
112.10 182 0.27 bad
315.30 1636 0.30 good
153.20 145 0.17 bad
50.40 16 0.07 bad
116.50 527 0.42 good
90.50 396 0.21 bad
99.00 13 0.15 bad
34.10 188 0.17 good
181.90 942 0.17 bad
59.90 42 0.25 bad
78.10 225 0.08 good
150.50 25 0.09 bad
310.00 1184 0.31 bad
446.50 5393 0.63 good
101.10 88 0.10 bad
133.50 112 0.10 bad
148.90 182 0.12 good
107.80 201 0.11 bad
247.80 136 0.14 bad
59.10 34 0.09 bad
427.70 1575 0.29 good
85.80 45 0.11 good
145.90 59 0.02 bad
79.20 385 0.25 bad
223.00 320 0.11 good
89.70 353 0.30 good
296.70 607 0.31 good
195.70 31 0.06 good
145.80 23 0.04 bad
335.20 1310 0.26 bad
72.70 68 0.09 bad
212.90 328 0.18 bad
130.30 1100 0.22 good
43.40 21 0.05 bad
25.10 83 0.15 bad
518.00 2366 0.46 good
319.70 364 0.09 bad
62.30 61 0.08 bad
477.20 2356 0.19 good
209.90 1080 0.08 bad
44.60 21 0.15 bad