TwoStarRate ThreeStarRate FiveStarRate Class
98
0 1 2 3 5 6 7 9 10 11 14 15 16 17 18 20 21 22 23 24 25 26 27 29 30 32 35 36 38 40 41 42 44 45 47 48 49 50 51 55 56 58 59 60 61 62 64 66 67 68 69 70 71 73 74 76 77 78 81 82 84 87 88 91 92 95 96 98 99 103 105 106 107 109 112 113 114 115 116 118 119 125 126 128 129 132 134 135 139 140 141 144 145 147 148 149 151 153
0.15 0.28 0.15 good
0.08 0.23 0.25 good
0.10 0.40 0.15 bad
0.12 0.27 0.18 bad
0.20 0.26 0.12 good
0.14 0.21 0.23 good
0.15 0.48 0.11 bad
0.18 0.26 0.02 bad
0.26 0.23 0.09 bad
0.04 0.40 0.16 bad
0.14 0.21 0.20 good
0.13 0.27 0.23 bad
0.22 0.23 0.14 good
0.22 0.20 0.12 bad
0.17 0.28 0.28 bad
0.20 0.15 0.13 good
0.37 0.16 0.04 bad
0.15 0.40 0.11 bad
0.31 0.28 0.06 good
0.21 0.36 0.11 bad
0.20 0.20 0.20 bad
0.09 0.43 0.19 bad
0.17 0.21 0.05 good
0.10 0.22 0.36 good
0.18 0.32 0.11 bad
0.09 0.31 0.13 bad
0.12 0.18 0.21 good
0.10 0.23 0.19 bad
0.35 0.27 0.13 bad
0.12 0.24 0.19 good
0.14 0.34 0.17 good
0.17 0.26 0.11 bad
0.07 0.11 0.23 good
0.20 0.30 0.10 bad
0.28 0.20 0.08 bad
0.09 0.33 0.17 bad
0.10 0.39 0.10 bad
0.28 0.32 0.07 good
0.30 0.37 0.07 bad
0.28 0.33 0.06 bad
0.20 0.32 0.13 good
0.05 0.14 0.37 good
0.21 0.21 0.25 good
0.21 0.18 0.23 bad
0.08 0.25 0.21 good
0.50 0.08 0.00 bad
0.27 0.21 0.02 bad
0.14 0.43 0.10 bad
0.06 0.16 0.42 good
0.11 0.25 0.22 bad
0.05 0.26 0.21 bad
0.10 0.04 0.20 bad
0.12 0.25 0.17 bad
0.11 0.22 0.17 bad
0.22 0.36 0.04 bad
0.07 0.15 0.24 good
0.07 0.22 0.37 bad
0.10 0.33 0.16 bad
0.08 0.54 0.13 bad
0.41 0.20 0.22 bad
0.14 0.33 0.14 bad
0.09 0.23 0.27 bad
0.10 0.18 0.30 good
0.08 0.16 0.34 good
0.04 0.16 0.42 good
0.23 0.46 0.15 bad
0.11 0.28 0.17 good
0.08 0.22 0.29 good
0.12 0.34 0.17 bad
0.08 0.50 0.11 bad
0.08 0.19 0.31 good
0.14 0.27 0.16 good
0.12 0.15 0.31 bad
0.14 0.36 0.10 bad
0.20 0.30 0.11 bad
0.13 0.36 0.14 bad
0.02 0.09 0.60 bad
0.19 0.35 0.07 bad
0.12 0.42 0.17 good
0.11 0.39 0.11 bad
0.06 0.20 0.29 good
0.02 0.08 0.67 good
0.06 0.16 0.30 good
0.08 0.13 0.31 good
0.07 0.16 0.37 good
0.14 0.25 0.13 good
0.12 0.21 0.18 good
0.09 0.24 0.26 bad
0.07 0.24 0.22 good
0.30 0.07 0.05 bad
0.03 0.19 0.15 bad
0.25 0.27 0.09 bad
0.10 0.45 0.08 bad
0.22 0.19 0.02 good
0.03 0.04 0.08 bad
0.18 0.23 0.15 good
0.07 0.16 0.37 bad
0.22 0.25 0.12 good