TwoStarRate ThreeStarRate Median Class
95
4 5 7 9 10 11 12 15 18 19 22 23 25 28 31 32 33 34 35 36 37 38 42 43 44 45 46 47 48 49 50 51 52 53 55 56 57 58 60 61 62 63 66 67 68 69 72 73 74 75 79 80 82 83 85 86 88 89 90 91 93 96 97 98 100 103 105 106 107 111 112 115 116 117 119 120 122 126 128 130 132 134 135 137 140 141 142 143 144 145 146 147 148 151 153
0.09 0.33 6.00 bad
0.20 0.26 6.00 good
0.15 0.48 6.00 bad
0.18 0.26 6.00 bad
0.26 0.23 6.00 bad
0.04 0.40 6.00 bad
0.08 0.44 6.00 bad
0.13 0.27 6.00 bad
0.17 0.28 6.00 bad
0.18 0.22 6.00 bad
0.15 0.40 6.00 bad
0.31 0.28 4.00 good
0.20 0.20 4.00 bad
0.11 0.25 8.00 bad
0.30 0.33 6.00 good
0.09 0.31 8.00 bad
0.20 0.29 6.00 good
0.30 0.39 6.00 bad
0.12 0.18 6.00 good
0.10 0.23 8.00 bad
0.03 0.20 8.00 bad
0.35 0.27 6.00 bad
0.17 0.26 6.00 bad
0.13 0.24 6.00 good
0.07 0.11 4.00 good
0.20 0.30 6.00 bad
0.07 0.19 8.00 good
0.28 0.20 4.00 bad
0.09 0.33 6.00 bad
0.10 0.39 6.00 bad
0.28 0.32 6.00 good
0.30 0.37 6.00 bad
0.04 0.15 8.00 bad
0.33 0.14 4.00 bad
0.28 0.33 6.00 bad
0.20 0.32 6.00 good
0.07 0.21 6.00 bad
0.05 0.14 8.00 good
0.21 0.18 6.00 bad
0.08 0.25 8.00 good
0.50 0.08 4.00 bad
0.07 0.12 6.00 good
0.14 0.43 6.00 bad
0.06 0.16 8.00 good
0.11 0.25 8.00 bad
0.05 0.26 8.00 bad
0.08 0.26 8.00 good
0.11 0.22 8.00 bad
0.22 0.36 6.00 bad
0.10 0.40 6.00 good
0.19 0.26 6.00 bad
0.03 0.13 10.00 bad
0.41 0.20 4.00 bad
0.17 0.28 6.00 bad
0.19 0.15 4.00 good
0.03 0.30 8.00 bad
0.10 0.18 8.00 good
0.17 0.27 6.00 bad
0.13 0.20 2.00 bad
0.08 0.16 8.00 good
0.08 0.26 8.00 bad
0.11 0.28 8.00 good
0.03 0.26 8.00 good
0.08 0.22 8.00 good
0.02 0.34 8.00 bad
0.08 0.50 6.00 bad
0.08 0.19 8.00 good
0.14 0.27 6.00 good
0.12 0.15 6.00 bad
0.16 0.26 6.00 good
0.20 0.30 6.00 bad
0.19 0.35 6.00 bad
0.12 0.42 6.00 good
0.11 0.45 6.00 bad
0.06 0.20 8.00 good
0.18 0.20 6.00 good
0.10 0.28 8.00 bad
0.06 0.16 8.00 good
0.08 0.13 8.00 good
0.13 0.28 6.00 bad
0.14 0.25 6.00 good
0.12 0.21 8.00 good
0.09 0.24 8.00 bad
0.05 0.15 8.00 good
0.30 0.07 8.00 bad
0.03 0.19 8.00 bad
0.05 0.15 8.00 good
0.21 0.22 6.00 bad
0.25 0.27 6.00 bad
0.10 0.45 6.00 bad
0.09 0.27 8.00 good
0.22 0.19 4.00 good
0.03 0.04 2.00 bad
0.07 0.16 8.00 bad
0.22 0.25 6.00 good