ThreeStarRate Median Kurtosis Class
96
0 1 6 7 8 9 10 11 12 14 15 17 18 19 20 24 26 27 28 29 30 31 33 35 37 38 40 41 42 43 44 45 47 48 49 50 52 54 55 56 57 61 62 63 65 66 68 69 71 72 73 77 78 79 80 81 82 83 84 87 88 89 92 95 96 97 98 99 102 103 104 105 106 108 110 112 114 115 116 117 118 122 123 124 128 130 133 134 135 139 142 145 147 148 152 153
0.28 6.00 200.91 good
0.23 8.00 406.22 good
0.21 6.00 75.15 good
0.48 6.00 181.37 bad
0.30 6.00 196.73 bad
0.26 6.00 110.48 bad
0.23 6.00 143.84 bad
0.40 6.00 491.68 bad
0.44 6.00 114.51 bad
0.21 6.00 68.44 good
0.27 6.00 188.48 bad
0.20 6.00 80.31 bad
0.28 6.00 137.29 bad
0.22 6.00 181.41 bad
0.15 4.00 48.29 good
0.36 6.00 114.10 bad
0.43 6.00 249.04 bad
0.21 4.00 40.03 good
0.25 8.00 418.19 bad
0.22 8.00 194.89 good
0.32 6.00 80.73 bad
0.33 6.00 211.54 good
0.29 6.00 163.05 good
0.18 6.00 41.11 good
0.20 8.00 948.64 bad
0.27 6.00 172.89 bad
0.24 8.00 227.23 good
0.34 6.00 389.04 good
0.26 6.00 74.29 bad
0.24 6.00 44.83 good
0.11 4.00 29.34 good
0.30 6.00 135.14 bad
0.20 4.00 85.63 bad
0.33 6.00 362.40 bad
0.39 6.00 155.38 bad
0.32 6.00 119.73 good
0.15 8.00 453.60 bad
0.33 6.00 245.77 good
0.33 6.00 182.02 bad
0.32 6.00 74.03 good
0.21 6.00 94.54 bad
0.25 8.00 1104.85 good
0.08 4.00 199.64 bad
0.12 6.00 55.29 good
0.31 4.00 77.07 bad
0.43 6.00 204.65 bad
0.25 8.00 223.96 bad
0.26 8.00 758.93 bad
0.25 6.00 106.33 bad
0.26 8.00 259.41 good
0.22 8.00 278.58 bad
0.22 8.00 440.27 bad
0.33 6.00 147.32 bad
0.26 6.00 65.93 bad
0.13 10.00 599.56 bad
0.54 6.00 173.53 bad
0.20 4.00 87.78 bad
0.28 6.00 188.48 bad
0.33 6.00 116.65 bad
0.23 6.00 95.46 bad
0.18 8.00 118.81 good
0.27 6.00 208.64 bad
0.16 8.00 444.03 good
0.46 6.00 128.84 bad
0.28 8.00 282.28 good
0.26 8.00 198.40 good
0.22 8.00 391.57 good
0.34 6.00 243.27 bad
0.26 6.00 65.28 good
0.50 6.00 664.54 bad
0.34 4.00 92.39 bad
0.19 8.00 385.10 good
0.27 6.00 114.14 good
0.10 10.00 1238.93 good
0.28 6.00 131.59 bad
0.30 6.00 84.03 bad
0.09 10.00 875.52 bad
0.35 6.00 125.49 bad
0.42 6.00 138.45 good
0.45 6.00 132.92 bad
0.39 6.00 387.39 bad
0.28 8.00 313.76 bad
0.37 6.00 502.72 good
0.29 6.00 101.09 good
0.13 8.00 82.37 good
0.28 6.00 73.99 bad
0.33 6.00 194.01 bad
0.21 8.00 176.74 good
0.24 8.00 234.30 bad
0.24 8.00 304.97 good
0.15 8.00 364.52 good
0.45 6.00 909.70 bad
0.19 4.00 40.59 good
0.04 2.00 9.99 bad
0.28 6.00 62.68 good
0.25 6.00 105.28 good