BookScoreCount ThreeStarRate Mode Class
99
0 2 4 7 8 9 10 11 13 15 17 18 19 20 21 25 26 28 29 32 34 35 36 37 38 42 43 46 52 54 55 56 62 63 64 65 66 67 68 69 71 72 73 74 75 76 78 81 84 85 86 88 89 90 91 92 93 95 96 98 99 101 102 104 105 106 108 110 111 112 114 115 116 117 118 119 120 121 122 123 124 125 126 127 129 130 131 133 136 137 143 144 145 146 147 149 150 151 152
568 0.28 8.00 good
47 0.40 6.00 bad
78 0.33 6.00 bad
27 0.48 6.00 bad
177 0.30 6.00 bad
51 0.26 8.00 bad
78 0.23 8.00 bad
51 0.40 6.00 bad
48 0.39 6.00 bad
658 0.27 6.00 bad
36 0.20 8.00 bad
23 0.28 10.00 bad
250 0.22 10.00 bad
112 0.15 2.00 good
44 0.16 4.00 bad
11 0.20 2.00 bad
100 0.43 6.00 bad
263 0.25 8.00 bad
290 0.22 10.00 good
292 0.31 8.00 bad
97 0.39 6.00 bad
1909 0.18 2.00 good
223 0.23 8.00 bad
216 0.20 8.00 bad
63 0.27 4.00 bad
686 0.26 2.00 bad
81 0.24 2.00 good
108 0.19 8.00 good
1780 0.15 10.00 bad
43 0.33 6.00 good
55 0.33 6.00 bad
80 0.32 6.00 good
13 0.08 4.00 bad
91 0.12 2.00 good
45 0.21 2.00 bad
82 0.31 6.00 bad
21 0.43 6.00 bad
90 0.16 10.00 good
153 0.25 8.00 bad
20 0.26 8.00 bad
248 0.25 8.00 bad
956 0.26 10.00 good
19 0.22 8.00 bad
46 0.36 6.00 bad
21 0.40 6.00 good
429 0.15 8.00 good
217 0.33 6.00 bad
25 0.54 6.00 bad
21 0.33 6.00 bad
356 0.15 2.00 good
222 0.30 6.00 bad
1636 0.18 10.00 good
145 0.27 8.00 bad
16 0.20 2.00 bad
654 0.16 10.00 good
527 0.16 10.00 good
396 0.26 8.00 bad
13 0.46 6.00 bad
188 0.28 8.00 good
2113 0.22 8.00 good
942 0.34 6.00 bad
219 0.26 10.00 bad
225 0.26 2.00 good
25 0.34 6.00 bad
339 0.19 8.00 good
349 0.27 6.00 good
5393 0.10 10.00 good
112 0.28 6.00 bad
182 0.26 8.00 good
201 0.30 6.00 bad
1114 0.09 10.00 bad
282 0.35 6.00 bad
19 0.42 6.00 good
34 0.45 6.00 bad
274 0.39 6.00 bad
1575 0.20 8.00 good
45 0.20 8.00 good
59 0.32 6.00 bad
385 0.28 8.00 bad
93 0.37 6.00 good
320 0.29 6.00 good
768 0.08 10.00 good
353 0.16 10.00 good
387 0.22 10.00 good
2063 0.16 10.00 good
82 0.28 6.00 bad
31 0.13 4.00 good
23 0.33 8.00 bad
68 0.32 6.00 bad
1641 0.15 10.00 good
153 0.22 8.00 bad
364 0.27 6.00 bad
61 0.45 6.00 bad
2356 0.27 8.00 good
208 0.19 2.00 good
674 0.23 8.00 good
21 0.35 6.00 bad
638 0.16 10.00 bad
45 0.28 2.00 good