BookWordCount ThreeStarRate Median Class
100
0 2 3 4 5 6 7 10 12 13 15 16 17 20 21 23 25 26 27 31 33 34 35 36 38 41 42 45 46 48 49 50 51 53 54 55 57 59 62 63 64 65 66 67 68 69 70 72 74 75 77 78 80 81 82 88 91 93 94 95 96 97 99 100 101 102 105 107 108 111 112 113 114 115 116 117 121 124 125 128 130 132 133 134 136 137 138 140 141 142 143 144 145 147 148 149 150 151 152 153
177.20 0.28 6.00 good
48.30 0.40 6.00 bad
52.30 0.27 6.00 bad
139.00 0.33 6.00 bad
158.50 0.26 6.00 good
59.60 0.21 6.00 good
38.90 0.48 6.00 bad
82.50 0.23 6.00 bad
21.80 0.44 6.00 bad
27.50 0.39 6.00 bad
257.20 0.27 6.00 bad
135.80 0.23 6.00 good
33.60 0.20 6.00 bad
82.30 0.15 4.00 good
74.10 0.16 4.00 bad
122.20 0.28 4.00 good
35.90 0.20 4.00 bad
62.70 0.43 6.00 bad
147.20 0.21 4.00 good
78.00 0.33 6.00 good
178.90 0.29 6.00 good
154.60 0.39 6.00 bad
713.10 0.18 6.00 good
87.00 0.23 8.00 bad
80.20 0.27 6.00 bad
168.40 0.34 6.00 good
300.10 0.26 6.00 bad
380.50 0.30 6.00 bad
123.50 0.19 8.00 good
281.40 0.33 6.00 bad
44.50 0.39 6.00 bad
51.90 0.32 6.00 good
84.60 0.37 6.00 bad
53.70 0.14 4.00 bad
13.00 0.33 6.00 good
106.40 0.33 6.00 bad
293.40 0.21 6.00 bad
133.40 0.21 6.00 good
49.60 0.08 4.00 bad
108.60 0.12 6.00 good
54.40 0.21 4.00 bad
72.20 0.31 4.00 bad
34.80 0.43 6.00 bad
16.80 0.16 8.00 good
79.60 0.25 8.00 bad
7.30 0.26 8.00 bad
55.40 0.04 8.00 bad
390.00 0.26 8.00 good
49.30 0.36 6.00 bad
39.60 0.40 6.00 good
1070.70 0.22 8.00 bad
70.00 0.33 6.00 bad
144.70 0.13 10.00 bad
87.70 0.54 6.00 bad
183.00 0.20 4.00 bad
315.30 0.18 8.00 good
126.20 0.16 8.00 good
90.50 0.26 8.00 bad
63.70 0.23 8.00 good
99.00 0.46 6.00 bad
34.10 0.28 8.00 good
22.20 0.26 8.00 good
181.90 0.34 6.00 bad
59.90 0.34 8.00 bad
219.60 0.26 8.00 bad
78.10 0.26 6.00 good
198.70 0.19 8.00 good
310.00 0.15 6.00 bad
446.50 0.10 10.00 good
148.90 0.26 6.00 good
107.80 0.30 6.00 bad
247.80 0.36 6.00 bad
31.70 0.09 10.00 bad
119.20 0.35 6.00 bad
118.30 0.42 6.00 good
59.10 0.45 6.00 bad
145.90 0.32 4.00 bad
223.00 0.29 6.00 good
65.70 0.08 10.00 good
296.70 0.13 8.00 good
46.30 0.28 6.00 bad
237.20 0.25 6.00 good
145.80 0.33 6.00 bad
179.50 0.21 8.00 good
72.70 0.32 4.00 bad
448.70 0.15 8.00 good
212.90 0.22 6.00 bad
43.40 0.07 8.00 bad
25.10 0.19 8.00 bad
518.00 0.15 8.00 good
177.70 0.22 6.00 bad
319.70 0.27 6.00 bad
62.30 0.45 6.00 bad
154.00 0.19 4.00 good
209.90 0.04 2.00 bad
382.10 0.23 6.00 good
44.60 0.35 6.00 bad
93.00 0.16 8.00 bad
163.50 0.28 6.00 good
73.20 0.25 6.00 good