ThreeStarRate FiveStarRate Kurtosis Class
100
1 2 3 4 5 6 8 10 11 12 14 15 17 20 21 22 24 26 28 29 30 31 33 34 35 37 39 41 43 46 47 48 52 53 54 57 62 63 64 67 69 70 71 72 74 77 79 80 81 82 83 84 86 87 88 89 90 91 96 97 99 100 101 104 106 108 109 111 112 114 115 117 119 120 121 123 124 125 126 127 128 129 130 132 133 134 135 136 137 138 140 141 144 145 146 147 148 149 151 152
0.23 0.25 406.22 good
0.40 0.15 267.71 bad
0.27 0.18 155.27 bad
0.33 0.10 113.07 bad
0.26 0.12 93.52 good
0.21 0.23 75.15 good
0.30 0.21 196.73 bad
0.23 0.09 143.84 bad
0.40 0.16 491.68 bad
0.44 0.20 114.51 bad
0.21 0.20 68.44 good
0.27 0.23 188.48 bad
0.20 0.12 80.31 bad
0.15 0.13 48.29 good
0.16 0.04 66.70 bad
0.40 0.11 468.11 bad
0.36 0.11 114.10 bad
0.43 0.19 249.04 bad
0.25 0.27 418.19 bad
0.22 0.36 194.89 good
0.32 0.11 80.73 bad
0.33 0.09 211.54 good
0.29 0.15 163.05 good
0.39 0.03 192.82 bad
0.18 0.21 41.11 good
0.20 0.28 948.64 bad
0.16 0.00 53.89 bad
0.34 0.17 389.04 good
0.24 0.14 44.83 good
0.19 0.27 218.67 good
0.20 0.08 85.63 bad
0.33 0.17 362.40 bad
0.15 0.42 453.60 bad
0.14 0.10 31.11 bad
0.33 0.29 245.77 good
0.21 0.18 94.54 bad
0.08 0.00 199.64 bad
0.12 0.30 55.29 good
0.21 0.02 59.06 bad
0.16 0.42 278.88 good
0.26 0.21 758.93 bad
0.04 0.20 49.13 bad
0.25 0.17 106.33 bad
0.26 0.35 259.41 good
0.36 0.04 393.48 bad
0.22 0.37 440.27 bad
0.26 0.10 65.93 bad
0.13 0.58 599.56 bad
0.54 0.13 173.53 bad
0.20 0.22 87.78 bad
0.28 0.22 188.48 bad
0.33 0.14 116.65 bad
0.30 0.26 249.84 bad
0.23 0.27 95.46 bad
0.18 0.30 118.81 good
0.27 0.17 208.64 bad
0.20 0.07 25.57 bad
0.16 0.34 191.97 good
0.28 0.17 282.28 good
0.26 0.13 198.40 good
0.34 0.17 243.27 bad
0.34 0.25 297.05 bad
0.26 0.27 286.97 bad
0.34 0.09 92.39 bad
0.27 0.16 114.14 good
0.10 0.63 1238.93 good
0.36 0.10 170.95 bad
0.26 0.12 113.09 good
0.30 0.11 84.03 bad
0.09 0.60 875.52 bad
0.35 0.07 125.49 bad
0.45 0.09 132.92 bad
0.20 0.29 297.36 good
0.20 0.11 75.21 good
0.32 0.02 102.63 bad
0.37 0.20 502.72 good
0.29 0.11 101.09 good
0.08 0.67 1797.82 good
0.16 0.30 76.64 good
0.22 0.36 319.05 good
0.13 0.31 82.37 good
0.16 0.37 209.65 good
0.28 0.17 73.99 bad
0.25 0.13 212.10 good
0.33 0.04 194.01 bad
0.21 0.18 176.74 good
0.24 0.26 234.30 bad
0.32 0.09 63.17 bad
0.15 0.38 478.73 good
0.22 0.18 56.35 bad
0.07 0.05 361.68 bad
0.19 0.15 311.51 bad
0.27 0.09 97.95 bad
0.45 0.08 909.70 bad
0.27 0.19 402.15 good
0.19 0.02 40.59 good
0.04 0.08 9.99 bad
0.23 0.15 113.50 good
0.16 0.37 105.22 bad
0.28 0.09 62.68 good