AddListCount Mode Kurtosis Class
98
1 2 3 6 10 11 14 15 16 18 19 21 22 25 26 28 30 31 32 33 36 37 38 40 43 44 48 49 50 52 53 55 57 59 60 61 63 64 65 68 70 71 72 73 74 75 79 81 82 84 85 88 89 91 93 95 96 97 99 100 101 102 103 104 105 106 107 108 110 112 113 115 116 117 118 120 121 122 123 124 125 126 127 130 134 136 137 138 139 140 141 143 144 146 148 149 150 153
492 8.00 406.22 good
12 6.00 267.71 bad
38 8.00 155.27 bad
42 2.00 75.15 good
25 8.00 143.84 bad
15 6.00 491.68 bad
136 2.00 68.44 good
204 6.00 188.48 bad
25 6.00 87.54 good
7 10.00 137.29 bad
70 10.00 181.41 bad
12 4.00 66.70 bad
61 6.00 468.11 bad
2 2.00 28.01 bad
32 6.00 249.04 bad
73 8.00 418.19 bad
9 6.00 80.73 bad
6 6.00 211.54 good
111 8.00 404.81 bad
49 6.00 163.05 good
63 8.00 203.97 bad
106 8.00 948.64 bad
19 4.00 172.89 bad
172 8.00 227.23 good
18 2.00 44.83 good
242 2.00 29.34 good
371 8.00 362.40 bad
13 6.00 155.38 bad
7 6.00 119.73 good
446 10.00 453.60 bad
1 2.00 31.11 bad
11 6.00 182.02 bad
551 8.00 94.54 bad
138 10.00 148.52 good
19 10.00 95.85 bad
33 8.00 1104.85 good
21 2.00 55.29 good
10 2.00 59.06 bad
22 6.00 77.07 bad
45 8.00 223.96 bad
2 2.00 49.13 bad
119 8.00 106.33 bad
180 10.00 259.41 good
8 8.00 278.58 bad
16 6.00 393.48 bad
8 6.00 344.01 good
94 2.00 65.93 bad
4 6.00 173.53 bad
3 4.00 87.78 bad
3 6.00 116.65 bad
55 2.00 51.21 good
321 10.00 118.81 good
49 8.00 208.64 bad
218 10.00 191.97 good
121 8.00 288.02 bad
4 6.00 128.84 bad
100 8.00 282.28 good
7 8.00 198.40 good
253 6.00 243.27 bad
8 6.00 297.05 bad
65 10.00 286.97 bad
39 2.00 65.28 good
6 6.00 664.54 bad
5 6.00 92.39 bad
98 8.00 385.10 good
102 6.00 114.14 good
188 10.00 72.91 bad
1586 10.00 1238.93 good
31 6.00 131.59 bad
63 6.00 84.03 bad
25 6.00 164.81 bad
76 6.00 125.49 bad
7 6.00 138.45 good
5 6.00 132.92 bad
112 6.00 387.39 bad
15 8.00 75.21 good
14 6.00 102.63 bad
126 8.00 313.76 bad
32 6.00 502.72 good
57 6.00 101.09 good
149 10.00 1797.82 good
48 10.00 76.64 good
146 10.00 319.05 good
11 6.00 73.99 bad
168 8.00 176.74 good
9 6.00 63.17 bad
303 10.00 478.73 good
53 2.00 56.35 bad
206 8.00 304.97 good
7 8.00 361.68 bad
19 8.00 311.51 bad
42 8.00 86.23 bad
103 6.00 97.95 bad
710 8.00 402.15 good
54 2.00 9.99 bad
178 8.00 113.50 good
5 6.00 158.29 bad
50 6.00 105.28 good