BookScoreCount FiveStarRate Median Class
99
1 2 3 4 5 10 11 12 15 16 17 22 24 25 26 28 29 30 33 35 37 38 40 41 44 45 46 47 49 53 54 55 56 57 58 59 60 61 62 63 64 65 68 70 71 72 74 75 76 78 79 80 82 84 86 87 89 91 92 93 95 96 97 98 102 103 104 105 106 107 108 110 112 113 114 115 117 118 119 120 121 122 124 125 126 130 131 134 135 136 137 139 141 142 145 149 150 151 153
967 0.25 8.00 good
47 0.15 6.00 bad
129 0.18 6.00 bad
78 0.10 6.00 bad
439 0.12 6.00 good
78 0.09 6.00 bad
51 0.16 6.00 bad
25 0.20 6.00 bad
658 0.23 6.00 bad
119 0.14 6.00 good
36 0.12 6.00 bad
159 0.11 6.00 bad
70 0.11 6.00 bad
11 0.20 4.00 bad
100 0.19 6.00 bad
263 0.27 8.00 bad
290 0.36 8.00 good
29 0.11 6.00 bad
192 0.15 6.00 good
1909 0.21 6.00 good
216 0.28 8.00 bad
63 0.13 6.00 bad
495 0.19 8.00 good
670 0.17 6.00 good
1885 0.23 4.00 good
299 0.10 6.00 bad
108 0.27 8.00 good
79 0.08 4.00 bad
72 0.10 6.00 bad
22 0.10 4.00 bad
43 0.29 6.00 good
55 0.06 6.00 bad
80 0.13 6.00 good
2109 0.18 6.00 bad
461 0.37 8.00 good
484 0.25 6.00 good
108 0.23 6.00 bad
86 0.21 8.00 good
13 0.00 4.00 bad
91 0.30 6.00 good
45 0.02 4.00 bad
82 0.07 4.00 bad
153 0.22 8.00 bad
51 0.20 8.00 bad
248 0.17 6.00 bad
956 0.35 8.00 good
46 0.04 6.00 bad
21 0.10 6.00 good
429 0.24 8.00 good
217 0.16 6.00 bad
531 0.10 6.00 bad
714 0.58 10.00 bad
31 0.22 4.00 bad
21 0.14 6.00 bad
222 0.26 8.00 bad
182 0.27 6.00 bad
145 0.17 6.00 bad
654 0.34 8.00 good
527 0.42 8.00 good
396 0.21 8.00 bad
13 0.15 6.00 bad
188 0.17 8.00 good
39 0.13 8.00 good
2113 0.29 8.00 good
225 0.08 6.00 good
29 0.11 6.00 bad
25 0.09 4.00 bad
339 0.31 8.00 good
349 0.16 6.00 good
1184 0.31 6.00 bad
5393 0.63 10.00 good
112 0.10 6.00 bad
201 0.11 6.00 bad
136 0.14 6.00 bad
1114 0.60 10.00 bad
282 0.07 6.00 bad
34 0.09 6.00 bad
274 0.11 6.00 bad
1575 0.29 8.00 good
45 0.11 6.00 good
59 0.02 4.00 bad
385 0.25 8.00 bad
320 0.11 6.00 good
768 0.67 10.00 good
353 0.30 8.00 good
82 0.17 6.00 bad
31 0.06 4.00 good
795 0.18 8.00 good
1310 0.26 8.00 bad
68 0.09 4.00 bad
1641 0.38 8.00 good
1100 0.22 8.00 good
83 0.15 8.00 bad
2366 0.46 8.00 good
61 0.08 6.00 bad
674 0.15 6.00 good
21 0.15 6.00 bad
638 0.37 8.00 bad
209 0.12 6.00 good