TwoStarRate Mode Median Class
104
1 2 3 4 5 7 8 9 10 11 13 14 16 17 18 22 23 25 26 27 28 31 32 33 34 36 37 38 39 40 41 42 43 44 45 46 47 48 50 52 55 56 57 58 59 60 61 62 63 65 67 68 69 71 72 73 74 75 76 78 82 83 84 86 87 88 89 90 92 94 95 96 97 98 99 101 102 106 109 110 112 114 115 116 119 120 122 123 125 127 128 129 130 132 133 137 140 142 143 144 145 146 148 152
0.08 8.00 8.00 good
0.10 6.00 6.00 bad
0.12 8.00 6.00 bad
0.09 6.00 6.00 bad
0.20 6.00 6.00 good
0.15 6.00 6.00 bad
0.16 6.00 6.00 bad
0.18 8.00 6.00 bad
0.26 8.00 6.00 bad
0.04 6.00 6.00 bad
0.24 6.00 6.00 bad
0.14 2.00 6.00 good
0.22 6.00 6.00 good
0.22 8.00 6.00 bad
0.17 10.00 6.00 bad
0.15 6.00 6.00 bad
0.31 4.00 4.00 good
0.20 2.00 4.00 bad
0.09 6.00 6.00 bad
0.17 2.00 4.00 good
0.11 8.00 8.00 bad
0.30 6.00 6.00 good
0.09 8.00 8.00 bad
0.20 6.00 6.00 good
0.30 6.00 6.00 bad
0.10 8.00 8.00 bad
0.03 8.00 8.00 bad
0.35 4.00 6.00 bad
0.26 2.00 2.00 bad
0.12 8.00 8.00 good
0.14 6.00 6.00 good
0.17 2.00 6.00 bad
0.13 2.00 6.00 good
0.07 2.00 4.00 good
0.20 6.00 6.00 bad
0.07 8.00 8.00 good
0.28 4.00 4.00 bad
0.09 8.00 6.00 bad
0.28 6.00 6.00 good
0.04 10.00 8.00 bad
0.28 6.00 6.00 bad
0.20 6.00 6.00 good
0.07 8.00 6.00 bad
0.05 10.00 8.00 good
0.21 10.00 6.00 good
0.21 10.00 6.00 bad
0.08 8.00 8.00 good
0.50 4.00 4.00 bad
0.07 2.00 6.00 good
0.28 6.00 4.00 bad
0.06 10.00 8.00 good
0.11 8.00 8.00 bad
0.05 8.00 8.00 bad
0.12 8.00 6.00 bad
0.08 10.00 8.00 good
0.11 8.00 8.00 bad
0.22 6.00 6.00 bad
0.10 6.00 6.00 good
0.07 8.00 8.00 good
0.10 6.00 6.00 bad
0.41 4.00 4.00 bad
0.17 6.00 6.00 bad
0.14 6.00 6.00 bad
0.03 6.00 8.00 bad
0.09 10.00 6.00 bad
0.10 10.00 8.00 good
0.17 8.00 6.00 bad
0.13 2.00 2.00 bad
0.04 10.00 8.00 good
0.11 8.00 8.00 good
0.23 6.00 6.00 bad
0.11 8.00 8.00 good
0.03 8.00 8.00 good
0.08 8.00 8.00 good
0.12 6.00 6.00 bad
0.10 10.00 8.00 bad
0.14 2.00 6.00 good
0.14 6.00 6.00 good
0.14 6.00 6.00 bad
0.21 6.00 6.00 bad
0.20 6.00 6.00 bad
0.02 10.00 10.00 bad
0.19 6.00 6.00 bad
0.12 6.00 6.00 good
0.06 8.00 8.00 good
0.18 8.00 6.00 good
0.10 8.00 8.00 bad
0.08 6.00 6.00 good
0.02 10.00 10.00 good
0.06 10.00 8.00 good
0.08 10.00 8.00 good
0.07 10.00 8.00 good
0.13 6.00 6.00 bad
0.14 8.00 6.00 good
0.13 8.00 6.00 bad
0.05 10.00 8.00 good
0.30 8.00 8.00 bad
0.05 10.00 8.00 good
0.21 8.00 6.00 bad
0.25 6.00 6.00 bad
0.10 6.00 6.00 bad
0.09 8.00 8.00 good
0.03 2.00 2.00 bad
0.19 2.00 6.00 good