FiveStarRate Mode Median Class
98
2 7 8 9 11 15 16 17 21 23 26 27 29 30 32 33 34 35 36 37 38 39 40 41 43 45 46 48 51 53 54 55 56 57 60 61 62 63 64 65 67 68 69 72 74 75 76 79 80 82 85 87 88 89 90 93 94 95 97 98 99 100 101 102 103 104 105 106 108 109 110 111 112 113 114 116 117 118 119 120 124 125 126 130 132 134 138 139 141 142 145 146 147 149 150 151 152 153
0.15 6.00 6.00 bad
0.11 6.00 6.00 bad
0.21 6.00 6.00 bad
0.02 8.00 6.00 bad
0.16 6.00 6.00 bad
0.23 6.00 6.00 bad
0.14 6.00 6.00 good
0.12 8.00 6.00 bad
0.04 4.00 4.00 bad
0.06 4.00 4.00 good
0.19 6.00 6.00 bad
0.05 2.00 4.00 good
0.36 10.00 8.00 good
0.11 6.00 6.00 bad
0.13 8.00 8.00 bad
0.15 6.00 6.00 good
0.03 6.00 6.00 bad
0.21 2.00 6.00 good
0.19 8.00 8.00 bad
0.28 8.00 8.00 bad
0.13 4.00 6.00 bad
0.00 2.00 2.00 bad
0.19 8.00 8.00 good
0.17 6.00 6.00 good
0.14 2.00 6.00 good
0.10 6.00 6.00 bad
0.27 8.00 8.00 good
0.17 8.00 6.00 bad
0.07 6.00 6.00 bad
0.10 2.00 4.00 bad
0.29 6.00 6.00 good
0.06 6.00 6.00 bad
0.13 6.00 6.00 good
0.18 8.00 6.00 bad
0.23 10.00 6.00 bad
0.21 8.00 8.00 good
0.00 4.00 4.00 bad
0.30 2.00 6.00 good
0.02 2.00 4.00 bad
0.07 6.00 4.00 bad
0.42 10.00 8.00 good
0.22 8.00 8.00 bad
0.21 8.00 8.00 bad
0.35 10.00 8.00 good
0.04 6.00 6.00 bad
0.10 6.00 6.00 good
0.24 8.00 8.00 good
0.10 2.00 6.00 bad
0.58 10.00 10.00 bad
0.22 4.00 4.00 bad
0.10 2.00 4.00 good
0.27 10.00 6.00 bad
0.30 10.00 8.00 good
0.17 8.00 6.00 bad
0.07 2.00 2.00 bad
0.21 8.00 8.00 bad
0.23 8.00 8.00 good
0.15 6.00 6.00 bad
0.13 8.00 8.00 good
0.29 8.00 8.00 good
0.17 6.00 6.00 bad
0.25 6.00 8.00 bad
0.27 10.00 8.00 bad
0.08 2.00 6.00 good
0.11 6.00 6.00 bad
0.09 6.00 4.00 bad
0.31 8.00 8.00 good
0.16 6.00 6.00 good
0.63 10.00 10.00 good
0.10 6.00 6.00 bad
0.10 6.00 6.00 bad
0.12 8.00 6.00 good
0.11 6.00 6.00 bad
0.14 6.00 6.00 bad
0.60 10.00 10.00 bad
0.17 6.00 6.00 good
0.09 6.00 6.00 bad
0.11 6.00 6.00 bad
0.29 8.00 8.00 good
0.11 8.00 6.00 good
0.11 6.00 6.00 good
0.67 10.00 10.00 good
0.30 10.00 8.00 good
0.17 6.00 6.00 bad
0.13 8.00 6.00 good
0.18 8.00 8.00 good
0.18 2.00 6.00 bad
0.22 8.00 8.00 good
0.15 8.00 8.00 bad
0.46 10.00 8.00 good
0.08 6.00 6.00 bad
0.19 8.00 8.00 good
0.02 2.00 4.00 good
0.15 8.00 6.00 good
0.15 6.00 6.00 bad
0.37 10.00 8.00 bad
0.09 2.00 6.00 good
0.12 6.00 6.00 good