BookScore Median Kurtosis Class
98
0 1 2 3 4 5 7 9 10 11 12 14 17 18 19 20 21 23 26 28 30 32 36 38 42 43 44 47 49 51 53 54 57 61 62 63 64 66 68 69 70 72 75 76 77 78 79 80 82 83 84 86 87 88 89 90 91 92 94 95 101 102 103 104 105 107 110 113 114 115 117 118 119 120 121 122 125 126 127 128 129 130 131 132 133 134 135 138 140 141 142 143 146 147 149 150 152 153
6.4 6.00 200.91 good
7.2 8.00 406.22 good
6.4 6.00 267.71 bad
6.4 6.00 155.27 bad
5.8 6.00 113.07 bad
5.6 6.00 93.52 good
5.8 6.00 181.37 bad
5.4 6.00 110.48 bad
5.8 6.00 143.84 bad
6.9 6.00 491.68 bad
6.0 6.00 114.51 bad
5.9 6.00 68.44 good
5.6 6.00 80.31 bad
6.5 6.00 137.29 bad
6.7 6.00 181.41 bad
5.3 4.00 48.29 good
4.6 4.00 66.70 bad
4.7 4.00 78.49 good
6.5 6.00 249.04 bad
7.2 8.00 418.19 bad
5.4 6.00 80.73 bad
6.8 8.00 404.81 bad
6.7 8.00 203.97 bad
5.9 6.00 172.89 bad
5.4 6.00 74.29 bad
5.1 6.00 44.83 good
5.4 4.00 29.34 good
5.3 4.00 85.63 bad
5.9 6.00 155.38 bad
5.9 6.00 339.26 bad
4.0 4.00 31.11 bad
7.0 6.00 245.77 good
6.2 6.00 94.54 bad
7.5 8.00 1104.85 good
5.3 4.00 199.64 bad
6.2 6.00 55.29 good
4.4 4.00 59.06 bad
5.9 6.00 204.65 bad
6.8 8.00 223.96 bad
7.4 8.00 758.93 bad
5.9 8.00 49.13 bad
7.3 8.00 259.41 good
6.4 6.00 344.01 good
6.8 8.00 159.36 good
7.6 8.00 440.27 bad
6.2 6.00 147.32 bad
5.2 6.00 65.93 bad
8.3 10.00 599.56 bad
5.6 4.00 87.78 bad
6.6 6.00 188.48 bad
5.9 6.00 116.65 bad
7.0 8.00 249.84 bad
6.4 6.00 95.46 bad
6.7 8.00 118.81 good
6.4 6.00 208.64 bad
4.0 2.00 25.57 bad
7.2 8.00 191.97 good
7.8 8.00 444.03 good
7.0 8.00 299.63 good
5.5 6.00 128.84 bad
7.1 8.00 286.97 bad
5.3 6.00 65.28 good
6.6 6.00 664.54 bad
4.9 4.00 92.39 bad
7.4 8.00 385.10 good
6.4 6.00 72.91 bad
5.8 6.00 131.59 bad
6.1 6.00 164.81 bad
8.5 10.00 875.52 bad
5.5 6.00 125.49 bad
5.5 6.00 132.92 bad
6.5 6.00 387.39 bad
7.3 8.00 297.36 good
5.6 6.00 75.21 good
4.5 4.00 102.63 bad
7.0 8.00 313.76 bad
8.9 10.00 1797.82 good
6.4 8.00 76.64 good
7.4 8.00 319.05 good
6.5 8.00 82.37 good
7.3 8.00 209.65 good
5.7 6.00 73.99 bad
4.4 4.00 58.14 good
6.4 6.00 212.10 good
5.9 6.00 194.01 bad
6.5 8.00 176.74 good
7.0 8.00 234.30 bad
5.7 6.00 56.35 bad
6.4 8.00 361.68 bad
6.9 8.00 311.51 bad
7.8 8.00 364.52 good
5.5 6.00 86.23 bad
7.0 8.00 402.15 good
3.9 4.00 40.59 good
6.0 6.00 113.50 good
6.1 6.00 158.29 bad
5.1 6.00 62.68 good
5.7 6.00 105.28 good