AddListCount ThreeStarRate Mode Class
99
2 3 4 5 6 7 10 12 13 14 16 17 19 21 22 25 26 27 28 29 30 35 39 41 42 43 44 45 46 48 50 51 52 54 56 60 61 62 63 64 65 66 67 71 72 73 75 78 80 82 83 88 89 91 93 94 95 96 97 98 100 101 102 103 104 106 107 109 111 114 115 116 117 119 120 121 122 123 124 126 127 129 130 131 132 133 135 136 137 138 139 140 142 143 144 149 150 152 153
12 0.40 6.00 bad
38 0.27 8.00 bad
22 0.33 6.00 bad
122 0.26 6.00 good
42 0.21 2.00 good
8 0.48 6.00 bad
25 0.23 8.00 bad
12 0.44 6.00 bad
9 0.39 6.00 bad
136 0.21 2.00 good
25 0.23 6.00 good
10 0.20 8.00 bad
70 0.22 10.00 bad
12 0.16 4.00 bad
61 0.40 6.00 bad
2 0.20 2.00 bad
32 0.43 6.00 bad
31 0.21 2.00 good
73 0.25 8.00 bad
68 0.22 10.00 good
9 0.32 6.00 bad
254 0.18 2.00 good
1 0.16 2.00 bad
289 0.34 6.00 good
215 0.26 2.00 bad
18 0.24 2.00 good
242 0.11 2.00 good
93 0.30 6.00 bad
28 0.19 8.00 good
371 0.33 8.00 bad
7 0.32 6.00 good
42 0.37 6.00 bad
446 0.15 10.00 bad
9 0.33 6.00 good
13 0.32 6.00 good
19 0.18 10.00 bad
33 0.25 8.00 good
3 0.08 4.00 bad
21 0.12 2.00 good
10 0.21 2.00 bad
22 0.31 6.00 bad
2 0.43 6.00 bad
17 0.16 10.00 good
119 0.25 8.00 bad
180 0.26 10.00 good
8 0.22 8.00 bad
8 0.40 6.00 good
57 0.33 6.00 bad
193 0.13 10.00 bad
3 0.20 4.00 bad
22 0.28 6.00 bad
321 0.18 10.00 good
49 0.27 8.00 bad
218 0.16 10.00 good
121 0.26 8.00 bad
57 0.23 8.00 good
4 0.46 6.00 bad
100 0.28 8.00 good
7 0.26 8.00 good
558 0.22 8.00 good
8 0.34 6.00 bad
65 0.26 10.00 bad
39 0.26 2.00 good
6 0.50 6.00 bad
5 0.34 6.00 bad
102 0.27 6.00 good
188 0.15 10.00 bad
34 0.36 6.00 bad
53 0.26 8.00 good
218 0.09 10.00 bad
76 0.35 6.00 bad
7 0.42 6.00 good
5 0.45 6.00 bad
274 0.20 8.00 good
15 0.20 8.00 good
14 0.32 6.00 bad
126 0.28 8.00 bad
32 0.37 6.00 good
57 0.29 6.00 good
48 0.16 10.00 good
146 0.22 10.00 good
510 0.16 10.00 good
11 0.28 6.00 bad
5 0.13 4.00 good
131 0.25 8.00 good
1 0.33 8.00 bad
293 0.24 8.00 bad
9 0.32 6.00 bad
303 0.15 10.00 good
53 0.22 2.00 bad
206 0.24 8.00 good
7 0.07 8.00 bad
365 0.15 10.00 good
42 0.22 8.00 bad
103 0.27 6.00 bad
178 0.23 8.00 good
5 0.35 6.00 bad
12 0.28 2.00 good
50 0.25 6.00 good