BookScoreCount AddListCount Mode Class
104
0 2 3 5 6 8 9 11 12 13 15 16 17 18 19 21 23 24 25 26 27 28 31 32 33 34 36 40 41 42 44 45 47 48 49 50 51 52 53 54 55 56 57 58 61 64 68 70 72 74 75 76 77 78 79 82 84 85 86 90 91 92 93 94 96 97 98 99 100 102 103 107 108 111 113 114 115 116 117 118 120 121 122 123 124 125 126 127 128 130 131 134 137 138 139 140 141 142 144 145 147 148 149 152
568 214 8.00 good
47 12 6.00 bad
129 38 8.00 bad
439 122 6.00 good
187 42 2.00 good
177 53 6.00 bad
51 14 8.00 bad
51 15 6.00 bad
25 12 6.00 bad
48 9 6.00 bad
658 204 6.00 bad
119 25 6.00 good
36 10 8.00 bad
23 7 10.00 bad
250 70 10.00 bad
44 12 4.00 bad
116 32 4.00 good
70 23 6.00 bad
11 2 2.00 bad
100 32 6.00 bad
150 31 2.00 good
263 73 8.00 bad
44 6 6.00 good
292 111 8.00 bad
192 49 6.00 good
97 24 6.00 bad
223 63 8.00 bad
495 172 8.00 good
670 289 6.00 good
686 215 2.00 bad
1885 242 2.00 good
299 93 6.00 bad
79 20 4.00 bad
1248 371 8.00 bad
72 13 6.00 bad
29 7 6.00 good
133 42 6.00 bad
1780 446 10.00 bad
22 1 2.00 bad
43 9 6.00 good
55 11 6.00 bad
80 13 6.00 good
2109 551 8.00 bad
461 70 10.00 good
86 33 8.00 good
45 10 2.00 bad
153 45 8.00 bad
51 2 2.00 bad
956 180 10.00 good
46 16 6.00 bad
21 8 6.00 good
429 110 8.00 good
745 183 10.00 bad
217 57 6.00 bad
531 94 2.00 bad
31 3 4.00 bad
21 3 6.00 bad
356 55 2.00 good
222 53 6.00 bad
16 4 2.00 bad
654 218 10.00 good
527 141 10.00 good
396 121 8.00 bad
218 57 8.00 good
188 100 8.00 good
39 7 8.00 good
2113 558 8.00 good
942 253 6.00 bad
42 8 6.00 bad
225 39 2.00 good
29 6 6.00 bad
1184 188 10.00 bad
5393 1586 10.00 good
182 53 8.00 good
136 25 6.00 bad
1114 218 10.00 bad
282 76 6.00 bad
19 7 6.00 good
34 5 6.00 bad
274 112 6.00 bad
45 15 8.00 good
59 14 6.00 bad
385 126 8.00 bad
93 32 6.00 good
320 57 6.00 good
768 149 10.00 good
353 48 10.00 good
387 146 10.00 good
607 108 10.00 good
82 11 6.00 bad
31 5 4.00 good
795 168 8.00 good
1641 303 10.00 good
328 53 2.00 bad
1100 206 8.00 good
21 7 8.00 bad
83 19 8.00 bad
2366 365 10.00 good
364 103 6.00 bad
61 28 6.00 bad
208 26 2.00 good
1080 54 2.00 bad
674 178 8.00 good
45 12 2.00 good