BookScore AddListCount Mode Class
101
0 1 2 3 5 6 7 9 11 12 13 14 15 16 17 18 20 21 22 26 27 28 29 30 31 33 34 35 36 37 38 39 40 43 44 45 46 47 49 50 51 52 53 57 58 60 61 62 63 65 66 68 70 71 74 75 76 78 79 81 83 84 86 87 88 89 92 95 98 101 102 103 105 106 108 110 112 113 114 115 116 118 121 123 126 127 128 129 130 131 132 137 139 140 143 146 147 148 151 152 153
6.4 214 8.00 good
7.2 492 8.00 good
6.4 12 6.00 bad
6.4 38 8.00 bad
5.6 122 6.00 good
6.0 42 2.00 good
5.8 8 6.00 bad
5.4 14 8.00 bad
6.9 15 6.00 bad
6.0 12 6.00 bad
5.5 9 6.00 bad
5.9 136 2.00 good
6.6 204 6.00 bad
5.7 25 6.00 good
5.6 10 8.00 bad
6.5 7 10.00 bad
5.3 17 2.00 good
4.6 12 4.00 bad
6.5 61 6.00 bad
6.5 32 6.00 bad
4.5 31 2.00 good
7.2 73 8.00 bad
7.1 68 10.00 good
5.4 9 6.00 bad
5.8 6 6.00 good
6.1 49 6.00 good
5.1 24 6.00 bad
5.5 254 2.00 good
6.7 63 8.00 bad
7.8 106 8.00 bad
5.9 19 4.00 bad
3.5 1 2.00 bad
6.7 172 8.00 good
5.1 18 2.00 good
5.4 242 2.00 good
5.8 93 6.00 bad
7.1 28 8.00 good
5.3 20 4.00 bad
5.9 13 6.00 bad
5.3 7 6.00 good
5.9 42 6.00 bad
7.9 446 10.00 bad
4.0 1 2.00 bad
6.2 551 8.00 bad
7.5 70 10.00 good
6.2 19 10.00 bad
7.5 33 8.00 good
5.3 3 4.00 bad
6.2 21 2.00 good
4.8 22 6.00 bad
5.9 2 6.00 bad
6.8 45 8.00 bad
5.9 2 2.00 bad
6.1 119 8.00 bad
6.1 16 6.00 bad
6.4 8 6.00 good
6.8 110 8.00 good
6.2 57 6.00 bad
5.2 94 2.00 bad
5.8 4 6.00 bad
6.6 22 6.00 bad
5.9 3 6.00 bad
7.0 53 6.00 bad
6.4 65 10.00 bad
6.7 321 10.00 good
6.4 49 8.00 bad
7.8 141 10.00 good
5.5 4 6.00 bad
7.3 558 8.00 good
7.1 65 10.00 bad
5.3 39 2.00 good
6.6 6 6.00 bad
7.4 98 8.00 good
6.0 102 6.00 good
8.7 1586 10.00 good
5.8 31 6.00 bad
5.4 63 6.00 bad
6.1 25 6.00 bad
8.5 218 10.00 bad
5.5 76 6.00 bad
6.0 7 6.00 good
6.5 112 6.00 bad
4.5 14 6.00 bad
7.0 32 6.00 good
6.4 48 10.00 good
7.4 146 10.00 good
6.5 108 10.00 good
7.3 510 10.00 good
5.7 11 6.00 bad
4.4 5 4.00 good
6.4 131 8.00 good
7.8 303 10.00 good
7.0 206 8.00 good
6.4 7 8.00 bad
5.5 42 8.00 bad
7.0 710 8.00 good
3.9 26 2.00 good
3.3 54 2.00 bad
6.8 125 10.00 bad
5.1 12 2.00 good
5.7 50 6.00 good