BookScoreCount ThreeStarRate FiveStarRate Class
96
1 2 6 7 8 9 11 12 13 15 16 17 18 20 22 23 26 27 28 31 33 34 35 36 38 40 41 42 47 48 49 50 52 55 56 57 59 60 62 63 64 65 67 68 71 72 73 74 77 78 79 80 82 84 85 86 87 90 91 94 96 97 99 101 103 104 105 108 109 111 112 113 114 118 120 122 124 126 128 129 130 131 132 134 135 136 137 139 140 141 142 144 146 148 150 151
967 0.23 0.25 good
47 0.40 0.15 bad
187 0.21 0.23 good
27 0.48 0.11 bad
177 0.30 0.21 bad
51 0.26 0.02 bad
51 0.40 0.16 bad
25 0.44 0.20 bad
48 0.39 0.09 bad
658 0.27 0.23 bad
119 0.23 0.14 good
36 0.20 0.12 bad
23 0.28 0.28 bad
112 0.15 0.13 good
159 0.40 0.11 bad
116 0.28 0.06 good
100 0.43 0.19 bad
150 0.21 0.05 good
263 0.25 0.27 bad
44 0.33 0.09 good
192 0.29 0.15 good
97 0.39 0.03 bad
1909 0.18 0.21 good
223 0.23 0.19 bad
63 0.27 0.13 bad
495 0.24 0.19 good
670 0.34 0.17 good
686 0.26 0.11 bad
79 0.20 0.08 bad
1248 0.33 0.17 bad
72 0.39 0.10 bad
29 0.32 0.07 good
1780 0.15 0.42 bad
55 0.33 0.06 bad
80 0.32 0.13 good
2109 0.21 0.18 bad
484 0.21 0.25 good
108 0.18 0.23 bad
13 0.08 0.00 bad
91 0.12 0.30 good
45 0.21 0.02 bad
82 0.31 0.07 bad
90 0.16 0.42 good
153 0.25 0.22 bad
248 0.25 0.17 bad
956 0.26 0.35 good
19 0.22 0.17 bad
46 0.36 0.04 bad
745 0.22 0.37 bad
217 0.33 0.16 bad
531 0.26 0.10 bad
714 0.13 0.58 bad
31 0.20 0.22 bad
21 0.33 0.14 bad
356 0.15 0.10 good
222 0.30 0.26 bad
182 0.23 0.27 bad
16 0.20 0.07 bad
654 0.16 0.34 good
218 0.23 0.23 good
188 0.28 0.17 good
39 0.26 0.13 good
942 0.34 0.17 bad
219 0.26 0.27 bad
29 0.50 0.11 bad
25 0.34 0.09 bad
339 0.19 0.31 good
5393 0.10 0.63 good
88 0.36 0.10 bad
182 0.26 0.12 good
201 0.30 0.11 bad
136 0.36 0.14 bad
1114 0.09 0.60 bad
274 0.39 0.11 bad
45 0.20 0.11 good
385 0.28 0.25 bad
320 0.29 0.11 good
353 0.16 0.30 good
607 0.13 0.31 good
2063 0.16 0.37 good
82 0.28 0.17 bad
31 0.13 0.06 good
614 0.25 0.13 good
795 0.21 0.18 good
1310 0.24 0.26 bad
68 0.32 0.09 bad
1641 0.15 0.38 good
1100 0.24 0.22 good
21 0.07 0.05 bad
83 0.19 0.15 bad
2366 0.15 0.46 good
364 0.27 0.09 bad
2356 0.27 0.19 good
1080 0.04 0.08 bad
21 0.35 0.15 bad
638 0.16 0.37 bad