BookScore AddListCount TwoStarRate Class
95
0 3 4 7 11 12 13 17 18 19 20 22 23 24 25 27 30 31 38 41 42 43 44 45 46 47 48 49 51 52 53 54 55 56 57 58 60 62 63 65 69 70 73 74 75 76 78 79 81 83 86 87 88 90 91 92 94 95 99 100 102 103 104 106 107 110 111 112 114 115 119 120 122 124 126 127 129 130 131 132 133 134 135 136 138 139 142 143 144 145 146 147 148 149 152
6.4 214 0.15 good
6.4 38 0.12 bad
5.8 22 0.09 bad
5.8 8 0.15 bad
6.9 15 0.04 bad
6.0 12 0.08 bad
5.5 9 0.24 bad
5.6 10 0.22 bad
6.5 7 0.17 bad
6.7 70 0.18 bad
5.3 17 0.20 good
6.5 61 0.15 bad
4.7 32 0.31 good
5.5 23 0.21 bad
4.8 2 0.20 bad
4.5 31 0.17 good
5.4 9 0.18 bad
5.8 6 0.30 good
5.9 19 0.35 bad
6.7 289 0.14 good
5.4 215 0.17 bad
5.1 18 0.13 good
5.4 242 0.07 good
5.8 93 0.20 bad
7.1 28 0.07 good
5.3 20 0.28 bad
6.8 371 0.09 bad
5.9 13 0.10 bad
5.9 42 0.30 bad
7.9 446 0.04 bad
4.0 1 0.33 bad
7.0 9 0.05 good
5.6 11 0.28 bad
5.3 13 0.20 good
6.2 551 0.07 bad
7.5 70 0.05 good
6.2 19 0.21 bad
5.3 3 0.50 bad
6.2 21 0.07 good
4.8 22 0.28 bad
7.4 5 0.05 bad
5.9 2 0.10 bad
6.8 8 0.11 bad
6.1 16 0.22 bad
6.4 8 0.10 good
6.8 110 0.07 good
6.2 57 0.10 bad
5.2 94 0.19 bad
5.8 4 0.08 bad
6.6 22 0.17 bad
7.0 53 0.03 bad
6.4 65 0.09 bad
6.7 321 0.10 good
4.0 4 0.13 bad
7.2 218 0.08 good
7.8 141 0.04 good
7.0 57 0.11 good
5.5 4 0.23 bad
6.5 253 0.12 bad
7.0 8 0.02 bad
5.3 39 0.14 good
6.6 6 0.08 bad
4.9 5 0.31 bad
6.0 102 0.14 good
6.4 188 0.12 bad
5.8 31 0.21 bad
5.8 53 0.16 good
5.4 63 0.20 bad
8.5 218 0.02 bad
5.5 76 0.19 bad
7.3 274 0.06 good
5.6 15 0.18 good
7.0 126 0.10 bad
5.6 57 0.19 good
6.4 48 0.06 good
7.4 146 0.06 good
7.3 510 0.07 good
5.7 11 0.13 bad
4.4 5 0.41 good
6.4 131 0.14 good
5.9 1 0.13 bad
6.5 168 0.12 good
7.0 293 0.09 bad
4.8 9 0.24 bad
5.7 53 0.10 bad
7.0 206 0.07 good
7.8 365 0.05 good
5.5 42 0.21 bad
5.4 103 0.25 bad
6.7 28 0.10 bad
7.0 710 0.09 good
3.9 26 0.22 good
3.3 54 0.03 bad
6.0 178 0.18 good
5.1 12 0.19 good