TwoStarRate FiveStarRate Kurtosis Class
96
4 5 6 7 9 11 13 14 15 16 18 20 21 22 23 24 25 26 28 29 31 32 33 34 36 37 39 41 42 43 45 47 48 49 51 53 55 56 57 58 60 62 63 66 67 68 69 70 74 75 79 80 81 82 84 87 90 91 92 93 95 96 97 98 103 107 109 110 111 112 113 114 118 119 120 121 122 123 125 127 128 129 130 131 132 137 138 139 142 143 144 145 147 149 150 152
0.09 0.10 113.07 bad
0.20 0.12 93.52 good
0.14 0.23 75.15 good
0.15 0.11 181.37 bad
0.18 0.02 110.48 bad
0.04 0.16 491.68 bad
0.24 0.09 156.17 bad
0.14 0.20 68.44 good
0.13 0.23 188.48 bad
0.22 0.14 87.54 good
0.17 0.28 137.29 bad
0.20 0.13 48.29 good
0.37 0.04 66.70 bad
0.15 0.11 468.11 bad
0.31 0.06 78.49 good
0.21 0.11 114.10 bad
0.20 0.20 28.01 bad
0.09 0.19 249.04 bad
0.11 0.27 418.19 bad
0.10 0.36 194.89 good
0.30 0.09 211.54 good
0.09 0.13 404.81 bad
0.20 0.15 163.05 good
0.30 0.03 192.82 bad
0.10 0.19 203.97 bad
0.03 0.28 948.64 bad
0.26 0.00 53.89 bad
0.14 0.17 389.04 good
0.17 0.11 74.29 bad
0.13 0.14 44.83 good
0.20 0.10 135.14 bad
0.28 0.08 85.63 bad
0.09 0.17 362.40 bad
0.10 0.10 155.38 bad
0.30 0.07 339.26 bad
0.33 0.10 31.11 bad
0.28 0.06 182.02 bad
0.20 0.13 74.03 good
0.07 0.18 94.54 bad
0.05 0.37 256.16 good
0.21 0.23 95.85 bad
0.50 0.00 199.64 bad
0.07 0.30 55.29 good
0.14 0.10 204.65 bad
0.06 0.42 278.88 good
0.11 0.22 223.96 bad
0.05 0.21 758.93 bad
0.10 0.20 49.13 bad
0.22 0.04 393.48 bad
0.10 0.10 344.01 good
0.19 0.10 65.93 bad
0.03 0.58 599.56 bad
0.08 0.13 173.53 bad
0.41 0.22 87.78 bad
0.14 0.14 116.65 bad
0.09 0.27 95.46 bad
0.13 0.07 25.57 bad
0.08 0.34 191.97 good
0.04 0.42 444.03 good
0.08 0.21 288.02 bad
0.23 0.15 128.84 bad
0.11 0.17 282.28 good
0.03 0.13 198.40 good
0.08 0.29 391.57 good
0.08 0.11 664.54 bad
0.12 0.31 72.91 bad
0.14 0.10 170.95 bad
0.21 0.10 131.59 bad
0.16 0.12 113.09 good
0.20 0.11 84.03 bad
0.13 0.14 164.81 bad
0.02 0.60 875.52 bad
0.11 0.11 387.39 bad
0.06 0.29 297.36 good
0.18 0.11 75.21 good
0.30 0.02 102.63 bad
0.10 0.25 313.76 bad
0.08 0.20 502.72 good
0.02 0.67 1797.82 good
0.06 0.36 319.05 good
0.08 0.31 82.37 good
0.07 0.37 209.65 good
0.13 0.17 73.99 bad
0.41 0.06 58.14 good
0.14 0.13 212.10 good
0.05 0.38 478.73 good
0.10 0.18 56.35 bad
0.07 0.22 304.97 good
0.05 0.46 364.52 good
0.21 0.10 86.23 bad
0.25 0.09 97.95 bad
0.10 0.08 909.70 bad
0.22 0.02 40.59 good
0.18 0.15 113.50 good
0.15 0.15 158.29 bad
0.19 0.09 62.68 good