BookWordCount BookScore FourStarRate Class
105
0 1 3 4 7 8 9 10 14 15 16 17 18 19 21 22 23 24 25 26 27 28 29 30 31 32 33 35 36 38 39 40 42 44 48 49 50 53 54 55 56 57 58 59 60 61 62 63 65 67 68 69 70 71 72 73 74 77 80 82 83 84 91 92 93 94 96 97 98 99 100 101 102 103 105 106 107 109 111 112 113 114 116 117 118 122 124 128 129 130 131 133 134 136 137 138 140 141 142 143 144 147 148 152 153
177.20 6.4 0.30 good
289.90 7.2 0.36 good
52.30 6.4 0.27 bad
139.00 5.8 0.25 bad
38.90 5.8 0.11 bad
143.50 6.5 0.22 bad
21.30 5.4 0.30 bad
82.50 5.8 0.27 bad
123.80 5.9 0.19 good
257.20 6.6 0.25 bad
135.80 5.7 0.20 good
33.60 5.6 0.23 bad
24.10 6.5 0.14 bad
122.40 6.7 0.22 bad
74.10 4.6 0.14 bad
77.70 6.5 0.28 bad
122.20 4.7 0.08 good
74.80 5.5 0.13 bad
35.90 4.8 0.00 bad
62.70 6.5 0.18 bad
147.20 4.5 0.15 good
53.00 7.2 0.31 bad
233.90 7.1 0.20 good
150.70 5.4 0.14 bad
78.00 5.8 0.19 good
51.10 6.8 0.39 bad
178.90 6.1 0.23 good
713.10 5.5 0.14 good
87.00 6.7 0.34 bad
80.20 5.9 0.17 bad
22.80 3.5 0.05 bad
153.10 6.7 0.33 good
300.10 5.4 0.20 bad
296.80 5.4 0.16 good
281.40 6.8 0.33 bad
44.50 5.9 0.23 bad
51.90 5.3 0.14 good
53.70 4.0 0.00 bad
13.00 7.0 0.21 good
106.40 5.6 0.20 bad
40.40 5.3 0.10 good
293.40 6.2 0.29 bad
63.50 7.5 0.30 good
133.40 6.5 0.21 good
45.10 6.2 0.20 bad
17.00 7.5 0.44 good
49.60 5.3 0.34 bad
108.60 6.2 0.20 good
72.20 4.8 0.07 bad
16.80 7.6 0.25 good
79.60 6.8 0.30 bad
7.30 7.4 0.42 bad
55.40 5.9 0.32 bad
98.90 6.1 0.25 bad
390.00 7.3 0.20 good
68.60 6.8 0.39 bad
49.30 6.1 0.31 bad
1070.70 7.6 0.27 bad
144.70 8.3 0.19 bad
183.00 5.6 0.05 bad
40.80 6.6 0.22 bad
30.00 5.9 0.19 bad
126.20 7.2 0.28 good
116.50 7.8 0.29 good
90.50 6.9 0.34 bad
63.70 7.0 0.33 good
34.10 6.7 0.33 good
22.20 6.5 0.40 good
170.60 7.3 0.33 good
181.90 6.5 0.26 bad
59.90 7.0 0.27 bad
219.60 7.1 0.27 bad
78.10 5.3 0.21 good
21.40 6.6 0.26 bad
198.70 7.4 0.33 good
64.40 6.0 0.24 good
310.00 6.4 0.17 bad
101.10 6.0 0.24 bad
148.90 5.8 0.26 good
107.80 5.4 0.15 bad
247.80 6.1 0.21 bad
31.70 8.5 0.23 bad
118.30 6.0 0.12 good
59.10 5.5 0.14 bad
92.20 6.5 0.30 bad
79.20 7.0 0.29 bad
223.00 5.6 0.20 good
296.70 6.5 0.23 good
322.80 7.3 0.26 good
46.30 5.7 0.16 bad
195.70 4.4 0.11 good
145.80 5.9 0.33 bad
179.50 6.5 0.34 good
72.70 4.8 0.05 bad
448.70 7.8 0.33 good
212.90 5.7 0.19 bad
43.40 6.4 0.54 bad
25.10 6.9 0.49 bad
518.00 7.8 0.24 good
177.70 5.5 0.24 bad
319.70 5.4 0.18 bad
154.00 3.9 0.09 good
209.90 3.3 0.06 bad
163.50 5.1 0.14 good
73.20 5.7 0.22 good