ThreeStarRate FiveStarRate Kurtosis Class
99
1 2 3 5 8 9 10 11 12 13 14 16 17 18 21 22 25 27 28 29 31 34 35 36 37 38 40 42 43 44 45 47 48 49 50 51 52 57 59 62 64 65 67 68 69 70 71 72 73 74 75 79 80 82 83 84 86 90 91 93 94 95 96 98 100 103 104 108 109 111 112 114 115 117 119 120 121 122 123 124 125 126 128 129 131 132 134 135 136 138 139 140 142 143 145 147 148 150 152
0.23 0.25 406.22 good
0.40 0.15 267.71 bad
0.27 0.18 155.27 bad
0.26 0.12 93.52 good
0.30 0.21 196.73 bad
0.26 0.02 110.48 bad
0.23 0.09 143.84 bad
0.40 0.16 491.68 bad
0.44 0.20 114.51 bad
0.39 0.09 156.17 bad
0.21 0.20 68.44 good
0.23 0.14 87.54 good
0.20 0.12 80.31 bad
0.28 0.28 137.29 bad
0.16 0.04 66.70 bad
0.40 0.11 468.11 bad
0.20 0.20 28.01 bad
0.21 0.05 40.03 good
0.25 0.27 418.19 bad
0.22 0.36 194.89 good
0.33 0.09 211.54 good
0.39 0.03 192.82 bad
0.18 0.21 41.11 good
0.23 0.19 203.97 bad
0.20 0.28 948.64 bad
0.27 0.13 172.89 bad
0.24 0.19 227.23 good
0.26 0.11 74.29 bad
0.24 0.14 44.83 good
0.11 0.23 29.34 good
0.30 0.10 135.14 bad
0.20 0.08 85.63 bad
0.33 0.17 362.40 bad
0.39 0.10 155.38 bad
0.32 0.07 119.73 good
0.37 0.07 339.26 bad
0.15 0.42 453.60 bad
0.21 0.18 94.54 bad
0.21 0.25 148.52 good
0.08 0.00 199.64 bad
0.21 0.02 59.06 bad
0.31 0.07 77.07 bad
0.16 0.42 278.88 good
0.25 0.22 223.96 bad
0.26 0.21 758.93 bad
0.04 0.20 49.13 bad
0.25 0.17 106.33 bad
0.26 0.35 259.41 good
0.22 0.17 278.58 bad
0.36 0.04 393.48 bad
0.40 0.10 344.01 good
0.26 0.10 65.93 bad
0.13 0.58 599.56 bad
0.20 0.22 87.78 bad
0.28 0.22 188.48 bad
0.33 0.14 116.65 bad
0.30 0.26 249.84 bad
0.20 0.07 25.57 bad
0.16 0.34 191.97 good
0.26 0.21 288.02 bad
0.23 0.23 299.63 good
0.46 0.15 128.84 bad
0.28 0.17 282.28 good
0.22 0.29 391.57 good
0.34 0.25 297.05 bad
0.50 0.11 664.54 bad
0.34 0.09 92.39 bad
0.10 0.63 1238.93 good
0.36 0.10 170.95 bad
0.26 0.12 113.09 good
0.30 0.11 84.03 bad
0.09 0.60 875.52 bad
0.35 0.07 125.49 bad
0.45 0.09 132.92 bad
0.20 0.29 297.36 good
0.20 0.11 75.21 good
0.32 0.02 102.63 bad
0.28 0.25 313.76 bad
0.37 0.20 502.72 good
0.29 0.11 101.09 good
0.08 0.67 1797.82 good
0.16 0.30 76.64 good
0.13 0.31 82.37 good
0.16 0.37 209.65 good
0.13 0.06 58.14 good
0.25 0.13 212.10 good
0.21 0.18 176.74 good
0.24 0.26 234.30 bad
0.32 0.09 63.17 bad
0.22 0.18 56.35 bad
0.24 0.22 304.97 good
0.07 0.05 361.68 bad
0.15 0.46 364.52 good
0.22 0.10 86.23 bad
0.45 0.08 909.70 bad
0.19 0.02 40.59 good
0.04 0.08 9.99 bad
0.35 0.15 158.29 bad
0.28 0.09 62.68 good