FourStarRate Mode Median Class
98
1 2 5 7 8 10 12 13 15 18 19 20 22 25 26 29 30 32 33 35 38 39 41 42 44 45 46 48 49 50 51 52 54 55 56 57 64 65 66 67 69 71 74 75 76 77 79 80 81 83 85 86 87 89 91 92 93 94 95 96 98 100 102 103 104 105 106 108 109 111 114 116 118 119 120 121 122 123 124 125 126 127 129 131 132 133 134 137 141 143 145 146 148 149 150 151 152 153
0.36 8.00 8.00 good
0.24 6.00 6.00 bad
0.21 6.00 6.00 good
0.11 6.00 6.00 bad
0.22 6.00 6.00 bad
0.27 8.00 6.00 bad
0.08 6.00 6.00 bad
0.13 6.00 6.00 bad
0.25 6.00 6.00 bad
0.14 10.00 6.00 bad
0.22 10.00 6.00 bad
0.20 2.00 4.00 good
0.28 6.00 6.00 bad
0.00 2.00 4.00 bad
0.18 6.00 6.00 bad
0.20 10.00 8.00 good
0.14 6.00 6.00 bad
0.39 8.00 8.00 bad
0.23 6.00 6.00 good
0.14 2.00 6.00 good
0.17 4.00 6.00 bad
0.05 2.00 2.00 bad
0.29 6.00 6.00 good
0.20 2.00 6.00 bad
0.16 2.00 4.00 good
0.23 6.00 6.00 bad
0.33 8.00 8.00 good
0.33 8.00 6.00 bad
0.23 6.00 6.00 bad
0.14 6.00 6.00 good
0.21 6.00 6.00 bad
0.30 10.00 8.00 bad
0.21 6.00 6.00 good
0.20 6.00 6.00 bad
0.10 6.00 6.00 good
0.29 8.00 6.00 bad
0.14 2.00 4.00 bad
0.07 6.00 4.00 bad
0.19 6.00 6.00 bad
0.25 10.00 8.00 good
0.42 8.00 8.00 bad
0.25 8.00 6.00 bad
0.31 6.00 6.00 bad
0.30 6.00 6.00 good
0.36 8.00 8.00 good
0.27 10.00 8.00 bad
0.17 2.00 6.00 bad
0.19 10.00 10.00 bad
0.08 6.00 6.00 bad
0.22 6.00 6.00 bad
0.24 2.00 4.00 good
0.27 6.00 8.00 bad
0.19 10.00 6.00 bad
0.28 8.00 6.00 bad
0.28 10.00 8.00 good
0.29 10.00 8.00 good
0.34 8.00 8.00 bad
0.33 8.00 8.00 good
0.00 6.00 6.00 bad
0.33 8.00 8.00 good
0.33 8.00 8.00 good
0.27 6.00 8.00 bad
0.21 2.00 6.00 good
0.26 6.00 6.00 bad
0.04 6.00 4.00 bad
0.33 8.00 8.00 good
0.24 6.00 6.00 good
0.20 10.00 10.00 good
0.24 6.00 6.00 bad
0.26 8.00 6.00 good
0.23 10.00 10.00 bad
0.12 6.00 6.00 good
0.30 6.00 6.00 bad
0.33 8.00 8.00 good
0.25 8.00 6.00 good
0.08 6.00 4.00 bad
0.29 8.00 8.00 bad
0.30 6.00 6.00 good
0.20 6.00 6.00 good
0.20 10.00 10.00 good
0.21 10.00 8.00 good
0.26 10.00 8.00 good
0.26 10.00 8.00 good
0.11 4.00 4.00 good
0.35 8.00 6.00 good
0.33 8.00 6.00 bad
0.34 8.00 8.00 good
0.33 10.00 8.00 good
0.49 8.00 8.00 bad
0.24 8.00 6.00 bad
0.33 6.00 6.00 bad
0.37 8.00 8.00 good
0.06 2.00 2.00 bad
0.26 8.00 6.00 good
0.20 6.00 6.00 bad
0.19 10.00 8.00 bad
0.14 2.00 6.00 good
0.22 6.00 6.00 good