BookScoreCount Mode Kurtosis Class
99
1 2 3 4 7 8 9 12 13 14 15 16 18 20 21 23 25 26 27 28 32 34 35 36 39 40 41 42 43 45 46 47 48 49 50 52 53 54 55 56 57 58 61 63 64 66 67 68 69 72 73 75 77 79 80 83 85 87 88 89 90 91 92 93 94 95 96 98 99 100 101 102 103 104 106 107 110 111 118 120 122 123 125 126 129 131 134 138 139 140 141 142 144 145 146 148 150 152 153
967 8.00 406.22 good
47 6.00 267.71 bad
129 8.00 155.27 bad
78 6.00 113.07 bad
27 6.00 181.37 bad
177 6.00 196.73 bad
51 8.00 110.48 bad
25 6.00 114.51 bad
48 6.00 156.17 bad
454 2.00 68.44 good
658 6.00 188.48 bad
119 6.00 87.54 good
23 10.00 137.29 bad
112 2.00 48.29 good
44 4.00 66.70 bad
116 4.00 78.49 good
11 2.00 28.01 bad
100 6.00 249.04 bad
150 2.00 40.03 good
263 8.00 418.19 bad
292 8.00 404.81 bad
97 6.00 192.82 bad
1909 2.00 41.11 good
223 8.00 203.97 bad
20 2.00 53.89 bad
495 8.00 227.23 good
670 6.00 389.04 good
686 2.00 74.29 bad
81 2.00 44.83 good
299 6.00 135.14 bad
108 8.00 218.67 good
79 4.00 85.63 bad
1248 8.00 362.40 bad
72 6.00 155.38 bad
29 6.00 119.73 good
1780 10.00 453.60 bad
22 2.00 31.11 bad
43 6.00 245.77 good
55 6.00 182.02 bad
80 6.00 74.03 good
2109 8.00 94.54 bad
461 10.00 256.16 good
86 8.00 1104.85 good
91 2.00 55.29 good
45 2.00 59.06 bad
21 6.00 204.65 bad
90 10.00 278.88 good
153 8.00 223.96 bad
20 8.00 758.93 bad
956 10.00 259.41 good
19 8.00 278.58 bad
21 6.00 344.01 good
745 10.00 440.27 bad
531 2.00 65.93 bad
714 10.00 599.56 bad
104 6.00 188.48 bad
356 2.00 51.21 good
182 10.00 95.46 bad
1636 10.00 118.81 good
145 8.00 208.64 bad
16 2.00 25.57 bad
654 10.00 191.97 good
527 10.00 444.03 good
396 8.00 288.02 bad
218 8.00 299.63 good
13 6.00 128.84 bad
188 8.00 282.28 good
2113 8.00 391.57 good
942 6.00 243.27 bad
42 6.00 297.05 bad
219 10.00 286.97 bad
225 2.00 65.28 good
29 6.00 664.54 bad
25 6.00 92.39 bad
349 6.00 114.14 good
1184 10.00 72.91 bad
112 6.00 131.59 bad
182 8.00 113.09 good
274 6.00 387.39 bad
45 8.00 75.21 good
385 8.00 313.76 bad
93 6.00 502.72 good
768 10.00 1797.82 good
353 10.00 76.64 good
2063 10.00 209.65 good
31 4.00 58.14 good
795 8.00 176.74 good
328 2.00 56.35 bad
1100 8.00 304.97 good
21 8.00 361.68 bad
83 8.00 311.51 bad
2366 10.00 364.52 good
364 6.00 97.95 bad
61 6.00 909.70 bad
2356 8.00 402.15 good
1080 2.00 9.99 bad
21 6.00 158.29 bad
45 2.00 62.68 good
209 6.00 105.28 good