ThreeStarRate FiveStarRate Mode Class
103
0 1 2 4 9 10 11 12 13 15 16 17 20 21 22 24 25 31 32 33 36 37 39 40 41 42 43 47 48 52 53 54 55 57 59 60 61 62 63 64 69 71 72 73 74 75 76 77 78 79 80 83 84 85 86 87 88 89 90 91 92 93 94 97 98 99 101 102 103 105 108 111 112 113 114 115 117 119 120 121 122 123 125 126 127 128 131 133 134 135 136 137 138 139 142 143 144 146 148 149 150 151 153
0.28 0.15 8.00 good
0.23 0.25 8.00 good
0.40 0.15 6.00 bad
0.33 0.10 6.00 bad
0.26 0.02 8.00 bad
0.23 0.09 8.00 bad
0.40 0.16 6.00 bad
0.44 0.20 6.00 bad
0.39 0.09 6.00 bad
0.27 0.23 6.00 bad
0.23 0.14 6.00 good
0.20 0.12 8.00 bad
0.15 0.13 2.00 good
0.16 0.04 4.00 bad
0.40 0.11 6.00 bad
0.36 0.11 6.00 bad
0.20 0.20 2.00 bad
0.33 0.09 6.00 good
0.31 0.13 8.00 bad
0.29 0.15 6.00 good
0.23 0.19 8.00 bad
0.20 0.28 8.00 bad
0.16 0.00 2.00 bad
0.24 0.19 8.00 good
0.34 0.17 6.00 good
0.26 0.11 2.00 bad
0.24 0.14 2.00 good
0.20 0.08 4.00 bad
0.33 0.17 8.00 bad
0.15 0.42 10.00 bad
0.14 0.10 2.00 bad
0.33 0.29 6.00 good
0.33 0.06 6.00 bad
0.21 0.18 8.00 bad
0.21 0.25 10.00 good
0.18 0.23 10.00 bad
0.25 0.21 8.00 good
0.08 0.00 4.00 bad
0.12 0.30 2.00 good
0.21 0.02 2.00 bad
0.26 0.21 8.00 bad
0.25 0.17 8.00 bad
0.26 0.35 10.00 good
0.22 0.17 8.00 bad
0.36 0.04 6.00 bad
0.40 0.10 6.00 good
0.15 0.24 8.00 good
0.22 0.37 10.00 bad
0.33 0.16 6.00 bad
0.26 0.10 2.00 bad
0.13 0.58 10.00 bad
0.28 0.22 6.00 bad
0.33 0.14 6.00 bad
0.15 0.10 2.00 good
0.30 0.26 6.00 bad
0.23 0.27 10.00 bad
0.18 0.30 10.00 good
0.27 0.17 8.00 bad
0.20 0.07 2.00 bad
0.16 0.34 10.00 good
0.16 0.42 10.00 good
0.26 0.21 8.00 bad
0.23 0.23 8.00 good
0.26 0.13 8.00 good
0.22 0.29 8.00 good
0.34 0.17 6.00 bad
0.26 0.27 10.00 bad
0.26 0.08 2.00 good
0.50 0.11 6.00 bad
0.19 0.31 8.00 good
0.10 0.63 10.00 good
0.26 0.12 8.00 good
0.30 0.11 6.00 bad
0.36 0.14 6.00 bad
0.09 0.60 10.00 bad
0.35 0.07 6.00 bad
0.45 0.09 6.00 bad
0.20 0.29 8.00 good
0.20 0.11 8.00 good
0.32 0.02 6.00 bad
0.28 0.25 8.00 bad
0.37 0.20 6.00 good
0.08 0.67 10.00 good
0.16 0.30 10.00 good
0.22 0.36 10.00 good
0.13 0.31 10.00 good
0.13 0.06 4.00 good
0.33 0.04 8.00 bad
0.21 0.18 8.00 good
0.24 0.26 8.00 bad
0.32 0.09 6.00 bad
0.15 0.38 10.00 good
0.22 0.18 2.00 bad
0.24 0.22 8.00 good
0.15 0.46 10.00 good
0.22 0.10 8.00 bad
0.27 0.09 6.00 bad
0.27 0.19 8.00 good
0.04 0.08 2.00 bad
0.23 0.15 8.00 good
0.35 0.15 6.00 bad
0.16 0.37 10.00 bad
0.25 0.12 6.00 good