BookWordCount BookScore BookScoreCount Class
102
0 1 3 4 5 6 11 12 13 14 15 16 17 19 24 25 26 27 28 29 30 31 33 34 38 39 40 41 42 45 46 47 52 53 54 55 56 59 60 61 62 63 64 67 68 70 72 73 74 75 76 77 78 82 83 84 85 86 87 88 89 90 91 93 94 95 96 97 98 100 103 104 105 106 107 108 111 112 114 115 116 120 121 122 125 126 130 131 134 136 138 139 141 144 145 146 147 148 149 150 151 153
177.20 6.4 568 good
289.90 7.2 967 good
52.30 6.4 129 bad
139.00 5.8 78 bad
158.50 5.6 439 good
59.60 6.0 187 good
13.40 6.9 51 bad
21.80 6.0 25 bad
27.50 5.5 48 bad
123.80 5.9 454 good
257.20 6.6 658 bad
135.80 5.7 119 good
33.60 5.6 36 bad
122.40 6.7 250 bad
74.80 5.5 70 bad
35.90 4.8 11 bad
62.70 6.5 100 bad
147.20 4.5 150 good
53.00 7.2 263 bad
233.90 7.1 290 good
150.70 5.4 29 bad
78.00 5.8 44 good
178.90 6.1 192 good
154.60 5.1 97 bad
80.20 5.9 63 bad
22.80 3.5 20 bad
153.10 6.7 495 good
168.40 6.7 670 good
300.10 5.4 686 bad
380.50 5.8 299 bad
123.50 7.1 108 good
49.70 5.3 79 bad
76.10 7.9 1780 bad
53.70 4.0 22 bad
13.00 7.0 43 good
106.40 5.6 55 bad
40.40 5.3 80 good
133.40 6.5 484 good
45.10 6.2 108 bad
17.00 7.5 86 good
49.60 5.3 13 bad
108.60 6.2 91 good
54.40 4.4 45 bad
16.80 7.6 90 good
79.60 6.8 153 bad
55.40 5.9 51 bad
390.00 7.3 956 good
68.60 6.8 19 bad
49.30 6.1 46 bad
39.60 6.4 21 good
46.20 6.8 429 good
1070.70 7.6 745 bad
70.00 6.2 217 bad
183.00 5.6 31 bad
40.80 6.6 104 bad
30.00 5.9 21 bad
87.20 5.2 356 good
129.90 7.0 222 bad
112.10 6.4 182 bad
315.30 6.7 1636 good
153.20 6.4 145 bad
50.40 4.0 16 bad
126.20 7.2 654 good
90.50 6.9 396 bad
63.70 7.0 218 good
99.00 5.5 13 bad
34.10 6.7 188 good
22.20 6.5 39 good
170.60 7.3 2113 good
59.90 7.0 42 bad
21.40 6.6 29 bad
150.50 4.9 25 bad
198.70 7.4 339 good
64.40 6.0 349 good
310.00 6.4 1184 bad
446.50 8.7 5393 good
148.90 5.8 182 good
107.80 5.4 201 bad
31.70 8.5 1114 bad
119.20 5.5 282 bad
118.30 6.0 19 good
85.80 5.6 45 good
145.90 4.5 59 bad
79.20 7.0 385 bad
65.70 8.9 768 good
89.70 6.4 353 good
46.30 5.7 82 bad
195.70 4.4 31 good
179.50 6.5 795 good
72.70 4.8 68 bad
212.90 5.7 328 bad
130.30 7.0 1100 good
25.10 6.9 83 bad
319.70 5.4 364 bad
62.30 6.7 61 bad
477.20 7.0 2356 good
154.00 3.9 208 good
209.90 3.3 1080 bad
382.10 6.0 674 good
44.60 6.1 21 bad
93.00 6.8 638 bad
73.20 5.7 209 good