BookWordCount BookScoreCount Median Class
92
1 6 7 8 10 11 13 14 16 19 20 22 23 24 25 28 30 31 32 35 36 40 42 43 44 45 46 47 49 50 51 52 56 58 60 61 62 63 64 65 66 67 68 69 73 75 77 79 80 81 83 84 85 87 88 89 91 92 94 95 101 103 104 110 113 114 117 118 119 120 121 123 124 125 126 127 128 129 131 133 134 135 136 139 140 141 142 143 144 147 148 152
289.90 967 8.00 good
59.60 187 6.00 good
38.90 27 6.00 bad
143.50 177 6.00 bad
82.50 78 6.00 bad
13.40 51 6.00 bad
27.50 48 6.00 bad
123.80 454 6.00 good
135.80 119 6.00 good
122.40 250 6.00 bad
82.30 112 4.00 good
77.70 159 6.00 bad
122.20 116 4.00 good
74.80 70 6.00 bad
35.90 11 4.00 bad
53.00 263 8.00 bad
150.70 29 6.00 bad
78.00 44 6.00 good
51.10 292 8.00 bad
713.10 1909 6.00 good
87.00 223 8.00 bad
153.10 495 8.00 good
300.10 686 6.00 bad
74.40 81 6.00 good
296.80 1885 4.00 good
380.50 299 6.00 bad
123.50 108 8.00 good
49.70 79 4.00 bad
44.50 72 6.00 bad
51.90 29 6.00 good
84.60 133 6.00 bad
76.10 1780 8.00 bad
40.40 80 6.00 good
63.50 461 8.00 good
45.10 108 6.00 bad
17.00 86 8.00 good
49.60 13 4.00 bad
108.60 91 6.00 good
54.40 45 4.00 bad
72.20 82 4.00 bad
34.80 21 6.00 bad
16.80 90 8.00 good
79.60 153 8.00 bad
7.30 20 8.00 bad
68.60 19 8.00 bad
39.60 21 6.00 good
1070.70 745 8.00 bad
131.20 531 6.00 bad
144.70 714 10.00 bad
87.70 25 6.00 bad
40.80 104 6.00 bad
30.00 21 6.00 bad
87.20 356 4.00 good
112.10 182 6.00 bad
315.30 1636 8.00 good
153.20 145 6.00 bad
126.20 654 8.00 good
116.50 527 8.00 good
63.70 218 8.00 good
99.00 13 6.00 bad
219.60 219 8.00 bad
21.40 29 6.00 bad
150.50 25 4.00 bad
133.50 112 6.00 bad
247.80 136 6.00 bad
31.70 1114 10.00 bad
59.10 34 6.00 bad
92.20 274 6.00 bad
427.70 1575 8.00 good
85.80 45 6.00 good
145.90 59 4.00 bad
153.40 93 6.00 good
223.00 320 6.00 good
65.70 768 10.00 good
89.70 353 8.00 good
34.20 387 8.00 good
296.70 607 8.00 good
322.80 2063 8.00 good
195.70 31 4.00 good
145.80 23 6.00 bad
179.50 795 8.00 good
335.20 1310 8.00 bad
72.70 68 4.00 bad
130.30 1100 8.00 good
43.40 21 8.00 bad
25.10 83 8.00 bad
518.00 2366 8.00 good
177.70 153 6.00 bad
319.70 364 6.00 bad
154.00 208 4.00 good
209.90 1080 2.00 bad
163.50 45 6.00 good