AddListCount ThreeStarRate FiveStarRate Class
95
0 1 2 4 5 7 10 11 12 13 15 20 21 22 23 27 32 33 35 36 37 39 40 41 42 43 44 45 46 48 49 52 53 55 56 60 62 64 65 66 67 69 70 71 72 73 75 78 79 81 82 83 85 86 90 92 93 94 95 97 102 103 104 107 108 109 110 111 115 116 117 118 119 120 121 122 123 124 126 127 128 129 130 131 132 133 135 136 139 140 141 145 148 150 153
214 0.28 0.15 good
492 0.23 0.25 good
12 0.40 0.15 bad
22 0.33 0.10 bad
122 0.26 0.12 good
8 0.48 0.11 bad
25 0.23 0.09 bad
15 0.40 0.16 bad
12 0.44 0.20 bad
9 0.39 0.09 bad
204 0.27 0.23 bad
17 0.15 0.13 good
12 0.16 0.04 bad
61 0.40 0.11 bad
32 0.28 0.06 good
31 0.21 0.05 good
111 0.31 0.13 bad
49 0.29 0.15 good
254 0.18 0.21 good
63 0.23 0.19 bad
106 0.20 0.28 bad
1 0.16 0.00 bad
172 0.24 0.19 good
289 0.34 0.17 good
215 0.26 0.11 bad
18 0.24 0.14 good
242 0.11 0.23 good
93 0.30 0.10 bad
28 0.19 0.27 good
371 0.33 0.17 bad
13 0.39 0.10 bad
446 0.15 0.42 bad
1 0.14 0.10 bad
11 0.33 0.06 bad
13 0.32 0.13 good
19 0.18 0.23 bad
3 0.08 0.00 bad
10 0.21 0.02 bad
22 0.31 0.07 bad
2 0.43 0.10 bad
17 0.16 0.42 good
5 0.26 0.21 bad
2 0.04 0.20 bad
119 0.25 0.17 bad
180 0.26 0.35 good
8 0.22 0.17 bad
8 0.40 0.10 good
57 0.33 0.16 bad
94 0.26 0.10 bad
4 0.54 0.13 bad
3 0.20 0.22 bad
22 0.28 0.22 bad
55 0.15 0.10 good
53 0.30 0.26 bad
4 0.20 0.07 bad
141 0.16 0.42 good
121 0.26 0.21 bad
57 0.23 0.23 good
4 0.46 0.15 bad
7 0.26 0.13 good
39 0.26 0.08 good
6 0.50 0.11 bad
5 0.34 0.09 bad
188 0.15 0.31 bad
1586 0.10 0.63 good
34 0.36 0.10 bad
31 0.28 0.10 bad
53 0.26 0.12 good
76 0.35 0.07 bad
7 0.42 0.17 good
5 0.45 0.09 bad
112 0.39 0.11 bad
274 0.20 0.29 good
15 0.20 0.11 good
14 0.32 0.02 bad
126 0.28 0.25 bad
32 0.37 0.20 good
57 0.29 0.11 good
48 0.16 0.30 good
146 0.22 0.36 good
108 0.13 0.31 good
510 0.16 0.37 good
11 0.28 0.17 bad
5 0.13 0.06 good
131 0.25 0.13 good
1 0.33 0.04 bad
293 0.24 0.26 bad
9 0.32 0.09 bad
206 0.24 0.22 good
7 0.07 0.05 bad
19 0.19 0.15 bad
28 0.45 0.08 bad
54 0.04 0.08 bad
5 0.35 0.15 bad
50 0.25 0.12 good