ThreeStarRate FourStarRate Kurtosis Class
94
1 4 5 7 9 11 14 15 16 17 18 21 22 24 25 28 29 30 31 34 35 36 37 38 39 40 43 44 45 46 47 48 49 50 51 55 58 60 61 63 65 68 69 70 71 74 75 76 78 79 80 81 84 85 89 90 91 94 98 99 100 102 105 106 107 108 109 110 113 114 115 116 117 118 119 121 122 123 124 125 126 128 129 133 134 137 138 141 142 146 147 149 151 152
0.23 0.36 406.22 good
0.33 0.25 113.07 bad
0.26 0.21 93.52 good
0.48 0.11 181.37 bad
0.26 0.30 110.48 bad
0.40 0.32 491.68 bad
0.21 0.19 68.44 good
0.27 0.25 188.48 bad
0.23 0.20 87.54 good
0.20 0.23 80.31 bad
0.28 0.14 137.29 bad
0.16 0.14 66.70 bad
0.40 0.28 468.11 bad
0.36 0.13 114.10 bad
0.20 0.00 28.01 bad
0.25 0.31 418.19 bad
0.22 0.20 194.89 good
0.32 0.14 80.73 bad
0.33 0.19 211.54 good
0.39 0.13 192.82 bad
0.18 0.14 41.11 good
0.23 0.34 203.97 bad
0.20 0.44 948.64 bad
0.27 0.17 172.89 bad
0.16 0.05 53.89 bad
0.24 0.33 227.23 good
0.24 0.14 44.83 good
0.11 0.16 29.34 good
0.30 0.23 135.14 bad
0.19 0.33 218.67 good
0.20 0.22 85.63 bad
0.33 0.33 362.40 bad
0.39 0.23 155.38 bad
0.32 0.14 119.73 good
0.37 0.21 339.26 bad
0.33 0.20 182.02 bad
0.14 0.30 256.16 good
0.18 0.20 95.85 bad
0.25 0.44 1104.85 good
0.12 0.20 55.29 good
0.31 0.07 77.07 bad
0.25 0.30 223.96 bad
0.26 0.42 758.93 bad
0.04 0.32 49.13 bad
0.25 0.25 106.33 bad
0.36 0.31 393.48 bad
0.40 0.30 344.01 good
0.15 0.36 159.36 good
0.33 0.24 147.32 bad
0.26 0.17 65.93 bad
0.13 0.19 599.56 bad
0.54 0.08 173.53 bad
0.33 0.19 116.65 bad
0.15 0.24 51.21 good
0.27 0.28 208.64 bad
0.20 0.07 25.57 bad
0.16 0.28 191.97 good
0.23 0.33 299.63 good
0.22 0.33 391.57 good
0.34 0.26 243.27 bad
0.34 0.27 297.05 bad
0.26 0.21 65.28 good
0.19 0.33 385.10 good
0.27 0.24 114.14 good
0.15 0.17 72.91 bad
0.10 0.20 1238.93 good
0.36 0.24 170.95 bad
0.28 0.24 131.59 bad
0.36 0.21 164.81 bad
0.09 0.23 875.52 bad
0.35 0.19 125.49 bad
0.42 0.12 138.45 good
0.45 0.14 132.92 bad
0.39 0.30 387.39 bad
0.20 0.33 297.36 good
0.32 0.08 102.63 bad
0.28 0.29 313.76 bad
0.37 0.30 502.72 good
0.29 0.20 101.09 good
0.08 0.20 1797.82 good
0.16 0.21 76.64 good
0.13 0.23 82.37 good
0.16 0.26 209.65 good
0.33 0.33 194.01 bad
0.21 0.34 176.74 good
0.15 0.33 478.73 good
0.22 0.19 56.35 bad
0.19 0.49 311.51 bad
0.15 0.24 364.52 good
0.27 0.37 402.15 good
0.19 0.09 40.59 good
0.23 0.26 113.50 good
0.16 0.19 105.22 bad
0.28 0.14 62.68 good