BookWordCount ThreeStarRate Mode Class
96
0 2 4 6 7 8 9 10 11 13 14 15 16 17 20 21 22 23 24 25 26 27 29 31 33 34 37 41 43 44 48 49 50 51 55 56 59 60 61 62 64 66 67 68 69 70 71 72 73 74 75 77 79 80 82 83 84 86 87 91 96 97 98 99 100 102 105 106 107 108 109 111 112 113 114 116 117 120 121 123 124 125 126 128 129 131 135 137 138 139 145 147 148 150 151 153
177.20 0.28 8.00 good
48.30 0.40 6.00 bad
139.00 0.33 6.00 bad
59.60 0.21 2.00 good
38.90 0.48 6.00 bad
143.50 0.30 6.00 bad
21.30 0.26 8.00 bad
82.50 0.23 8.00 bad
13.40 0.40 6.00 bad
27.50 0.39 6.00 bad
123.80 0.21 2.00 good
257.20 0.27 6.00 bad
135.80 0.23 6.00 good
33.60 0.20 8.00 bad
82.30 0.15 2.00 good
74.10 0.16 4.00 bad
77.70 0.40 6.00 bad
122.20 0.28 4.00 good
74.80 0.36 6.00 bad
35.90 0.20 2.00 bad
62.70 0.43 6.00 bad
147.20 0.21 2.00 good
233.90 0.22 10.00 good
78.00 0.33 6.00 good
178.90 0.29 6.00 good
154.60 0.39 6.00 bad
51.30 0.20 8.00 bad
168.40 0.34 6.00 good
74.40 0.24 2.00 good
296.80 0.11 2.00 good
281.40 0.33 8.00 bad
44.50 0.39 6.00 bad
51.90 0.32 6.00 good
84.60 0.37 6.00 bad
106.40 0.33 6.00 bad
40.40 0.32 6.00 good
133.40 0.21 10.00 good
45.10 0.18 10.00 bad
17.00 0.25 8.00 good
49.60 0.08 4.00 bad
54.40 0.21 2.00 bad
34.80 0.43 6.00 bad
16.80 0.16 10.00 good
79.60 0.25 8.00 bad
7.30 0.26 8.00 bad
55.40 0.04 2.00 bad
98.90 0.25 8.00 bad
390.00 0.26 10.00 good
68.60 0.22 8.00 bad
49.30 0.36 6.00 bad
39.60 0.40 6.00 good
1070.70 0.22 10.00 bad
131.20 0.26 2.00 bad
144.70 0.13 10.00 bad
183.00 0.20 4.00 bad
40.80 0.28 6.00 bad
30.00 0.33 6.00 bad
129.90 0.30 6.00 bad
112.10 0.23 10.00 bad
126.20 0.16 10.00 good
34.10 0.28 8.00 good
22.20 0.26 8.00 good
170.60 0.22 8.00 good
181.90 0.34 6.00 bad
59.90 0.34 6.00 bad
78.10 0.26 2.00 good
198.70 0.19 8.00 good
64.40 0.27 6.00 good
310.00 0.15 10.00 bad
446.50 0.10 10.00 good
101.10 0.36 6.00 bad
148.90 0.26 8.00 good
107.80 0.30 6.00 bad
247.80 0.36 6.00 bad
31.70 0.09 10.00 bad
118.30 0.42 6.00 good
59.10 0.45 6.00 bad
85.80 0.20 8.00 good
145.90 0.32 6.00 bad
153.40 0.37 6.00 good
223.00 0.29 6.00 good
65.70 0.08 10.00 good
89.70 0.16 10.00 good
296.70 0.13 10.00 good
322.80 0.16 10.00 good
195.70 0.13 4.00 good
335.20 0.24 8.00 bad
448.70 0.15 10.00 good
212.90 0.22 2.00 bad
130.30 0.24 8.00 good
62.30 0.45 6.00 bad
154.00 0.19 2.00 good
209.90 0.04 2.00 bad
44.60 0.35 6.00 bad
93.00 0.16 10.00 bad
73.20 0.25 6.00 good