AddListCount FourStarRate FiveStarRate Class
103
0 4 5 6 7 8 10 11 12 16 18 21 22 23 24 25 28 29 30 32 34 35 36 37 38 40 45 46 47 48 49 50 51 52 53 54 56 57 58 59 63 65 66 69 70 72 74 76 77 79 80 81 83 86 87 88 89 90 92 94 96 97 98 101 103 104 105 106 107 109 110 111 112 113 114 115 116 117 118 119 120 121 122 123 125 126 127 129 130 135 137 138 139 140 142 145 146 147 148 149 150 151 152
214 0.30 0.15 good
22 0.25 0.10 bad
122 0.21 0.12 good
42 0.18 0.23 good
8 0.11 0.11 bad
53 0.22 0.21 bad
25 0.27 0.09 bad
15 0.32 0.16 bad
12 0.08 0.20 bad
25 0.20 0.14 good
7 0.14 0.28 bad
12 0.14 0.04 bad
61 0.28 0.11 bad
32 0.08 0.06 good
23 0.13 0.11 bad
2 0.00 0.20 bad
73 0.31 0.27 bad
68 0.20 0.36 good
9 0.14 0.11 bad
111 0.39 0.13 bad
24 0.13 0.03 bad
254 0.14 0.21 good
63 0.34 0.19 bad
106 0.44 0.28 bad
19 0.17 0.13 bad
172 0.33 0.19 good
93 0.23 0.10 bad
28 0.33 0.27 good
20 0.22 0.08 bad
371 0.33 0.17 bad
13 0.23 0.10 bad
7 0.14 0.07 good
42 0.21 0.07 bad
446 0.30 0.42 bad
1 0.00 0.10 bad
9 0.21 0.29 good
13 0.10 0.13 good
551 0.29 0.18 bad
70 0.30 0.37 good
138 0.21 0.25 good
21 0.20 0.30 good
22 0.07 0.07 bad
2 0.19 0.10 bad
5 0.42 0.21 bad
2 0.32 0.20 bad
180 0.20 0.35 good
16 0.31 0.04 bad
110 0.36 0.24 good
183 0.27 0.37 bad
94 0.17 0.10 bad
193 0.19 0.58 bad
4 0.08 0.13 bad
22 0.22 0.22 bad
53 0.27 0.26 bad
65 0.19 0.27 bad
321 0.23 0.30 good
49 0.28 0.17 bad
4 0.07 0.07 bad
141 0.29 0.42 good
57 0.33 0.23 good
100 0.33 0.17 good
7 0.40 0.13 good
558 0.33 0.29 good
65 0.27 0.27 bad
6 0.26 0.11 bad
5 0.04 0.09 bad
98 0.33 0.31 good
102 0.24 0.16 good
188 0.17 0.31 bad
34 0.24 0.10 bad
31 0.24 0.10 bad
53 0.26 0.12 good
63 0.15 0.11 bad
25 0.21 0.14 bad
218 0.23 0.60 bad
76 0.19 0.07 bad
7 0.12 0.17 good
5 0.14 0.09 bad
112 0.30 0.11 bad
274 0.33 0.29 good
15 0.25 0.11 good
14 0.08 0.02 bad
126 0.29 0.25 bad
32 0.30 0.20 good
149 0.20 0.67 good
48 0.21 0.30 good
146 0.26 0.36 good
510 0.26 0.37 good
11 0.16 0.17 bad
293 0.29 0.26 bad
303 0.33 0.38 good
53 0.19 0.18 bad
206 0.36 0.22 good
7 0.54 0.05 bad
365 0.24 0.46 good
28 0.33 0.08 bad
710 0.37 0.19 good
26 0.09 0.02 good
54 0.06 0.08 bad
178 0.26 0.15 good
5 0.20 0.15 bad
125 0.19 0.37 bad
12 0.14 0.09 good