BookWordCount BookScore AddListCount Class
95
0 1 3 4 13 14 17 19 20 21 22 23 24 25 26 27 30 32 34 35 36 38 39 40 44 45 46 47 48 50 51 53 54 57 58 59 60 61 64 65 66 67 68 71 72 73 74 75 77 79 80 81 82 83 89 90 91 92 93 94 96 97 98 99 101 102 104 105 106 107 109 110 112 115 118 121 123 126 128 129 130 132 135 136 138 139 140 142 143 146 147 149 151 152 153
177.20 6.4 214 good
289.90 7.2 492 good
52.30 6.4 38 bad
139.00 5.8 22 bad
27.50 5.5 9 bad
123.80 5.9 136 good
33.60 5.6 10 bad
122.40 6.7 70 bad
82.30 5.3 17 good
74.10 4.6 12 bad
77.70 6.5 61 bad
122.20 4.7 32 good
74.80 5.5 23 bad
35.90 4.8 2 bad
62.70 6.5 32 bad
147.20 4.5 31 good
150.70 5.4 9 bad
51.10 6.8 111 bad
154.60 5.1 24 bad
713.10 5.5 254 good
87.00 6.7 63 bad
80.20 5.9 19 bad
22.80 3.5 1 bad
153.10 6.7 172 good
296.80 5.4 242 good
380.50 5.8 93 bad
123.50 7.1 28 good
49.70 5.3 20 bad
281.40 6.8 371 bad
51.90 5.3 7 good
84.60 5.9 42 bad
53.70 4.0 1 bad
13.00 7.0 9 good
293.40 6.2 551 bad
63.50 7.5 70 good
133.40 6.5 138 good
45.10 6.2 19 bad
17.00 7.5 33 good
54.40 4.4 10 bad
72.20 4.8 22 bad
34.80 5.9 2 bad
16.80 7.6 17 good
79.60 6.8 45 bad
98.90 6.1 119 bad
390.00 7.3 180 good
68.60 6.8 8 bad
49.30 6.1 16 bad
39.60 6.4 8 good
1070.70 7.6 183 bad
131.20 5.2 94 bad
144.70 8.3 193 bad
87.70 5.8 4 bad
183.00 5.6 3 bad
40.80 6.6 22 bad
153.20 6.4 49 bad
50.40 4.0 4 bad
126.20 7.2 218 good
116.50 7.8 141 good
90.50 6.9 121 bad
63.70 7.0 57 good
34.10 6.7 100 good
22.20 6.5 7 good
170.60 7.3 558 good
181.90 6.5 253 bad
219.60 7.1 65 bad
78.10 5.3 39 good
150.50 4.9 5 bad
198.70 7.4 98 good
64.40 6.0 102 good
310.00 6.4 188 bad
101.10 6.0 34 bad
133.50 5.8 31 bad
107.80 5.4 63 bad
119.20 5.5 76 bad
92.20 6.5 112 bad
145.90 4.5 14 bad
153.40 7.0 32 good
89.70 6.4 48 good
296.70 6.5 108 good
322.80 7.3 510 good
46.30 5.7 11 bad
237.20 6.4 131 good
335.20 7.0 293 bad
72.70 4.8 9 bad
212.90 5.7 53 bad
130.30 7.0 206 good
43.40 6.4 7 bad
518.00 7.8 365 good
177.70 5.5 42 bad
477.20 7.0 710 good
154.00 3.9 26 good
382.10 6.0 178 good
93.00 6.8 125 bad
163.50 5.1 12 good
73.20 5.7 50 good