BookWordCount TwoStarRate FiveStarRate Class
96
0 2 3 4 5 6 7 8 9 10 12 13 14 15 16 17 19 21 22 23 24 25 26 27 28 32 33 34 35 36 38 42 44 46 48 50 51 52 53 54 57 58 59 60 63 65 66 67 68 70 72 75 76 78 80 84 88 89 90 91 94 95 96 100 105 106 107 108 109 110 111 115 117 118 119 122 124 126 127 128 129 130 132 135 137 139 142 143 144 145 147 149 150 151 152 153
177.20 0.15 0.15 good
48.30 0.10 0.15 bad
52.30 0.12 0.18 bad
139.00 0.09 0.10 bad
158.50 0.20 0.12 good
59.60 0.14 0.23 good
38.90 0.15 0.11 bad
143.50 0.16 0.21 bad
21.30 0.18 0.02 bad
82.50 0.26 0.09 bad
21.80 0.08 0.20 bad
27.50 0.24 0.09 bad
123.80 0.14 0.20 good
257.20 0.13 0.23 bad
135.80 0.22 0.14 good
33.60 0.22 0.12 bad
122.40 0.18 0.28 bad
74.10 0.37 0.04 bad
77.70 0.15 0.11 bad
122.20 0.31 0.06 good
74.80 0.21 0.11 bad
35.90 0.20 0.20 bad
62.70 0.09 0.19 bad
147.20 0.17 0.05 good
53.00 0.11 0.27 bad
51.10 0.09 0.13 bad
178.90 0.20 0.15 good
154.60 0.30 0.03 bad
713.10 0.12 0.21 good
87.00 0.10 0.19 bad
80.20 0.35 0.13 bad
300.10 0.17 0.11 bad
296.80 0.07 0.23 good
123.50 0.07 0.27 good
281.40 0.09 0.17 bad
51.90 0.28 0.07 good
84.60 0.30 0.07 bad
76.10 0.04 0.42 bad
53.70 0.33 0.10 bad
13.00 0.05 0.29 good
293.40 0.07 0.18 bad
63.50 0.05 0.37 good
133.40 0.21 0.25 good
45.10 0.21 0.23 bad
108.60 0.07 0.30 good
72.20 0.28 0.07 bad
34.80 0.14 0.10 bad
16.80 0.06 0.42 good
79.60 0.11 0.22 bad
55.40 0.10 0.20 bad
390.00 0.08 0.35 good
39.60 0.10 0.10 good
46.20 0.07 0.24 good
70.00 0.10 0.16 bad
144.70 0.03 0.58 bad
30.00 0.14 0.14 bad
315.30 0.10 0.30 good
153.20 0.17 0.17 bad
50.40 0.13 0.07 bad
126.20 0.08 0.34 good
63.70 0.11 0.23 good
99.00 0.23 0.15 bad
34.10 0.11 0.17 good
59.90 0.02 0.25 bad
198.70 0.08 0.31 good
64.40 0.14 0.16 good
310.00 0.12 0.31 bad
446.50 0.02 0.63 good
101.10 0.14 0.10 bad
133.50 0.21 0.10 bad
148.90 0.16 0.12 good
119.20 0.19 0.07 bad
59.10 0.11 0.09 bad
92.20 0.11 0.11 bad
427.70 0.06 0.29 good
79.20 0.10 0.25 bad
223.00 0.19 0.11 good
89.70 0.06 0.30 good
34.20 0.06 0.36 good
296.70 0.08 0.31 good
322.80 0.07 0.37 good
46.30 0.13 0.17 bad
237.20 0.14 0.13 good
335.20 0.09 0.26 bad
448.70 0.05 0.38 good
130.30 0.07 0.22 good
518.00 0.05 0.46 good
177.70 0.21 0.10 bad
319.70 0.25 0.09 bad
62.30 0.10 0.08 bad
154.00 0.22 0.02 good
382.10 0.18 0.15 good
44.60 0.15 0.15 bad
93.00 0.07 0.37 bad
163.50 0.19 0.09 good
73.20 0.22 0.12 good