BookScore FiveStarRate Mode Class
102
1 3 6 7 9 10 12 13 15 16 17 18 20 21 23 24 26 27 29 30 31 32 34 35 36 38 40 41 43 44 45 49 50 51 52 53 55 64 65 68 69 70 72 73 74 75 76 78 79 80 82 83 86 88 89 90 91 92 94 95 96 100 101 103 104 105 106 107 108 109 111 112 113 114 115 116 117 118 120 122 125 126 128 129 130 131 132 133 134 135 136 137 139 140 141 145 146 147 148 149 150 153
7.2 0.25 8.00 good
6.4 0.18 8.00 bad
6.0 0.23 2.00 good
5.8 0.11 6.00 bad
5.4 0.02 8.00 bad
5.8 0.09 8.00 bad
6.0 0.20 6.00 bad
5.5 0.09 6.00 bad
6.6 0.23 6.00 bad
5.7 0.14 6.00 good
5.6 0.12 8.00 bad
6.5 0.28 10.00 bad
5.3 0.13 2.00 good
4.6 0.04 4.00 bad
4.7 0.06 4.00 good
5.5 0.11 6.00 bad
6.5 0.19 6.00 bad
4.5 0.05 2.00 good
7.1 0.36 10.00 good
5.4 0.11 6.00 bad
5.8 0.09 6.00 good
6.8 0.13 8.00 bad
5.1 0.03 6.00 bad
5.5 0.21 2.00 good
6.7 0.19 8.00 bad
5.9 0.13 4.00 bad
6.7 0.19 8.00 good
6.7 0.17 6.00 good
5.1 0.14 2.00 good
5.4 0.23 2.00 good
5.8 0.10 6.00 bad
5.9 0.10 6.00 bad
5.3 0.07 6.00 good
5.9 0.07 6.00 bad
7.9 0.42 10.00 bad
4.0 0.10 2.00 bad
5.6 0.06 6.00 bad
4.4 0.02 2.00 bad
4.8 0.07 6.00 bad
6.8 0.22 8.00 bad
7.4 0.21 8.00 bad
5.9 0.20 2.00 bad
7.3 0.35 10.00 good
6.8 0.17 8.00 bad
6.1 0.04 6.00 bad
6.4 0.10 6.00 good
6.8 0.24 8.00 good
6.2 0.16 6.00 bad
5.2 0.10 2.00 bad
8.3 0.58 10.00 bad
5.6 0.22 4.00 bad
6.6 0.22 6.00 bad
7.0 0.26 6.00 bad
6.7 0.30 10.00 good
6.4 0.17 8.00 bad
4.0 0.07 2.00 bad
7.2 0.34 10.00 good
7.8 0.42 10.00 good
7.0 0.23 8.00 good
5.5 0.15 6.00 bad
6.7 0.17 8.00 good
7.0 0.25 6.00 bad
7.1 0.27 10.00 bad
6.6 0.11 6.00 bad
4.9 0.09 6.00 bad
7.4 0.31 8.00 good
6.0 0.16 6.00 good
6.4 0.31 10.00 bad
8.7 0.63 10.00 good
6.0 0.10 6.00 bad
5.8 0.12 8.00 good
5.4 0.11 6.00 bad
6.1 0.14 6.00 bad
8.5 0.60 10.00 bad
5.5 0.07 6.00 bad
6.0 0.17 6.00 good
5.5 0.09 6.00 bad
6.5 0.11 6.00 bad
5.6 0.11 8.00 good
7.0 0.25 8.00 bad
8.9 0.67 10.00 good
6.4 0.30 10.00 good
6.5 0.31 10.00 good
7.3 0.37 10.00 good
5.7 0.17 6.00 bad
4.4 0.06 4.00 good
6.4 0.13 8.00 good
5.9 0.04 8.00 bad
6.5 0.18 8.00 good
7.0 0.26 8.00 bad
4.8 0.09 6.00 bad
7.8 0.38 10.00 good
7.0 0.22 8.00 good
6.4 0.05 8.00 bad
6.9 0.15 8.00 bad
6.7 0.08 6.00 bad
7.0 0.19 8.00 good
3.9 0.02 2.00 good
3.3 0.08 2.00 bad
6.0 0.15 8.00 good
6.1 0.15 6.00 bad
5.7 0.12 6.00 good