BookWordCount FourStarRate FiveStarRate Class
94
1 3 4 6 7 8 9 10 11 12 13 15 16 17 20 22 23 28 30 32 34 35 38 39 40 42 44 48 50 51 52 55 57 59 61 62 63 64 65 66 67 68 69 70 71 72 74 76 79 83 85 87 88 89 90 91 93 95 98 100 101 102 104 105 106 107 108 109 111 112 113 115 119 120 121 122 123 124 125 127 128 129 130 131 133 136 137 138 140 141 142 143 145 153
289.90 0.36 0.25 good
52.30 0.27 0.18 bad
139.00 0.25 0.10 bad
59.60 0.18 0.23 good
38.90 0.11 0.11 bad
143.50 0.22 0.21 bad
21.30 0.30 0.02 bad
82.50 0.27 0.09 bad
13.40 0.32 0.16 bad
21.80 0.08 0.20 bad
27.50 0.13 0.09 bad
257.20 0.25 0.23 bad
135.80 0.20 0.14 good
33.60 0.23 0.12 bad
82.30 0.20 0.13 good
77.70 0.28 0.11 bad
122.20 0.08 0.06 good
53.00 0.31 0.27 bad
150.70 0.14 0.11 bad
51.10 0.39 0.13 bad
154.60 0.13 0.03 bad
713.10 0.14 0.21 good
80.20 0.17 0.13 bad
22.80 0.05 0.00 bad
153.10 0.33 0.19 good
300.10 0.20 0.11 bad
296.80 0.16 0.23 good
281.40 0.33 0.17 bad
51.90 0.14 0.07 good
84.60 0.21 0.07 bad
76.10 0.30 0.42 bad
106.40 0.20 0.06 bad
293.40 0.29 0.18 bad
133.40 0.21 0.25 good
17.00 0.44 0.21 good
49.60 0.34 0.00 bad
108.60 0.20 0.30 good
54.40 0.14 0.02 bad
72.20 0.07 0.07 bad
34.80 0.19 0.10 bad
16.80 0.25 0.42 good
79.60 0.30 0.22 bad
7.30 0.42 0.21 bad
55.40 0.32 0.20 bad
98.90 0.25 0.17 bad
390.00 0.20 0.35 good
49.30 0.31 0.04 bad
46.20 0.36 0.24 good
131.20 0.17 0.10 bad
40.80 0.22 0.22 bad
87.20 0.24 0.10 good
112.10 0.19 0.27 bad
315.30 0.23 0.30 good
153.20 0.28 0.17 bad
50.40 0.07 0.07 bad
126.20 0.28 0.34 good
90.50 0.34 0.21 bad
99.00 0.00 0.15 bad
170.60 0.33 0.29 good
59.90 0.27 0.25 bad
219.60 0.27 0.27 bad
78.10 0.21 0.08 good
150.50 0.04 0.09 bad
198.70 0.33 0.31 good
64.40 0.24 0.16 good
310.00 0.17 0.31 bad
446.50 0.20 0.63 good
101.10 0.24 0.10 bad
148.90 0.26 0.12 good
107.80 0.15 0.11 bad
247.80 0.21 0.14 bad
119.20 0.19 0.07 bad
427.70 0.33 0.29 good
85.80 0.25 0.11 good
145.90 0.08 0.02 bad
79.20 0.29 0.25 bad
153.40 0.30 0.20 good
223.00 0.20 0.11 good
65.70 0.20 0.67 good
34.20 0.26 0.36 good
296.70 0.23 0.31 good
322.80 0.26 0.37 good
46.30 0.16 0.17 bad
195.70 0.11 0.06 good
145.80 0.33 0.04 bad
72.70 0.05 0.09 bad
448.70 0.33 0.38 good
212.90 0.19 0.18 bad
43.40 0.54 0.05 bad
25.10 0.49 0.15 bad
518.00 0.24 0.46 good
177.70 0.24 0.10 bad
62.30 0.33 0.08 bad
73.20 0.22 0.12 good