AddListCount TwoStarRate FiveStarRate Class
96
0 1 3 4 5 10 12 13 14 15 16 17 19 23 26 27 28 29 30 31 33 35 37 40 41 43 44 45 47 48 49 50 51 52 54 57 59 60 61 62 65 66 68 69 71 72 73 74 76 77 79 81 82 83 84 85 87 88 89 91 93 94 97 98 102 103 105 111 112 113 114 117 118 119 120 122 125 126 127 128 132 133 134 135 136 137 139 140 142 143 144 145 146 147 152 153
214 0.15 0.15 good
492 0.08 0.25 good
38 0.12 0.18 bad
22 0.09 0.10 bad
122 0.20 0.12 good
25 0.26 0.09 bad
12 0.08 0.20 bad
9 0.24 0.09 bad
136 0.14 0.20 good
204 0.13 0.23 bad
25 0.22 0.14 good
10 0.22 0.12 bad
70 0.18 0.28 bad
32 0.31 0.06 good
32 0.09 0.19 bad
31 0.17 0.05 good
73 0.11 0.27 bad
68 0.10 0.36 good
9 0.18 0.11 bad
6 0.30 0.09 good
49 0.20 0.15 good
254 0.12 0.21 good
106 0.03 0.28 bad
172 0.12 0.19 good
289 0.14 0.17 good
18 0.13 0.14 good
242 0.07 0.23 good
93 0.20 0.10 bad
20 0.28 0.08 bad
371 0.09 0.17 bad
13 0.10 0.10 bad
7 0.28 0.07 good
42 0.30 0.07 bad
446 0.04 0.42 bad
9 0.05 0.29 good
551 0.07 0.18 bad
138 0.21 0.25 good
19 0.21 0.23 bad
33 0.08 0.21 good
3 0.50 0.00 bad
22 0.28 0.07 bad
2 0.14 0.10 bad
45 0.11 0.22 bad
5 0.05 0.21 bad
119 0.12 0.17 bad
180 0.08 0.35 good
8 0.11 0.17 bad
16 0.22 0.04 bad
110 0.07 0.24 good
183 0.07 0.37 bad
94 0.19 0.10 bad
4 0.08 0.13 bad
3 0.41 0.22 bad
22 0.17 0.22 bad
3 0.14 0.14 bad
55 0.19 0.10 good
65 0.09 0.27 bad
321 0.10 0.30 good
49 0.17 0.17 bad
218 0.08 0.34 good
121 0.08 0.21 bad
57 0.11 0.23 good
7 0.03 0.13 good
558 0.08 0.29 good
39 0.14 0.08 good
6 0.08 0.11 bad
98 0.08 0.31 good
53 0.16 0.12 good
63 0.20 0.11 bad
25 0.13 0.14 bad
218 0.02 0.60 bad
5 0.11 0.09 bad
112 0.11 0.11 bad
274 0.06 0.29 good
15 0.18 0.11 good
126 0.10 0.25 bad
149 0.02 0.67 good
48 0.06 0.30 good
146 0.06 0.36 good
108 0.08 0.31 good
131 0.14 0.13 good
1 0.13 0.04 bad
168 0.12 0.18 good
293 0.09 0.26 bad
9 0.24 0.09 bad
303 0.05 0.38 good
206 0.07 0.22 good
7 0.30 0.05 bad
365 0.05 0.46 good
42 0.21 0.10 bad
103 0.25 0.09 bad
28 0.10 0.08 bad
710 0.09 0.19 good
26 0.22 0.02 good
12 0.19 0.09 good
50 0.22 0.12 good