AddListCount ThreeStarRate Kurtosis Class
100
0 1 2 5 7 9 11 13 15 18 19 20 21 22 23 26 30 31 32 33 34 36 41 42 44 45 48 49 51 52 53 54 55 56 58 59 60 61 63 65 66 67 68 69 70 72 73 74 77 82 83 84 86 87 89 91 93 95 96 97 98 100 101 102 103 104 107 108 109 110 111 112 113 114 115 116 117 118 119 120 121 123 124 125 126 127 128 133 134 135 137 138 140 143 145 146 148 149 150 151
214 0.28 200.91 good
492 0.23 406.22 good
12 0.40 267.71 bad
122 0.26 93.52 good
8 0.48 181.37 bad
14 0.26 110.48 bad
15 0.40 491.68 bad
9 0.39 156.17 bad
204 0.27 188.48 bad
7 0.28 137.29 bad
70 0.22 181.41 bad
17 0.15 48.29 good
12 0.16 66.70 bad
61 0.40 468.11 bad
32 0.28 78.49 good
32 0.43 249.04 bad
9 0.32 80.73 bad
6 0.33 211.54 good
111 0.31 404.81 bad
49 0.29 163.05 good
24 0.39 192.82 bad
63 0.23 203.97 bad
289 0.34 389.04 good
215 0.26 74.29 bad
242 0.11 29.34 good
93 0.30 135.14 bad
371 0.33 362.40 bad
13 0.39 155.38 bad
42 0.37 339.26 bad
446 0.15 453.60 bad
1 0.14 31.11 bad
9 0.33 245.77 good
11 0.33 182.02 bad
13 0.32 74.03 good
70 0.14 256.16 good
138 0.21 148.52 good
19 0.18 95.85 bad
33 0.25 1104.85 good
21 0.12 55.29 good
22 0.31 77.07 bad
2 0.43 204.65 bad
17 0.16 278.88 good
45 0.25 223.96 bad
5 0.26 758.93 bad
2 0.04 49.13 bad
180 0.26 259.41 good
8 0.22 278.58 bad
16 0.36 393.48 bad
183 0.22 440.27 bad
3 0.20 87.78 bad
22 0.28 188.48 bad
3 0.33 116.65 bad
53 0.30 249.84 bad
65 0.23 95.46 bad
49 0.27 208.64 bad
218 0.16 191.97 good
121 0.26 288.02 bad
4 0.46 128.84 bad
100 0.28 282.28 good
7 0.26 198.40 good
558 0.22 391.57 good
8 0.34 297.05 bad
65 0.26 286.97 bad
39 0.26 65.28 good
6 0.50 664.54 bad
5 0.34 92.39 bad
188 0.15 72.91 bad
1586 0.10 1238.93 good
34 0.36 170.95 bad
31 0.28 131.59 bad
53 0.26 113.09 good
63 0.30 84.03 bad
25 0.36 164.81 bad
218 0.09 875.52 bad
76 0.35 125.49 bad
7 0.42 138.45 good
5 0.45 132.92 bad
112 0.39 387.39 bad
274 0.20 297.36 good
15 0.20 75.21 good
14 0.32 102.63 bad
32 0.37 502.72 good
57 0.29 101.09 good
149 0.08 1797.82 good
48 0.16 76.64 good
146 0.22 319.05 good
108 0.13 82.37 good
1 0.33 194.01 bad
168 0.21 176.74 good
293 0.24 234.30 bad
303 0.15 478.73 good
53 0.22 56.35 bad
7 0.07 361.68 bad
42 0.22 86.23 bad
28 0.45 909.70 bad
710 0.27 402.15 good
54 0.04 9.99 bad
178 0.23 113.50 good
5 0.35 158.29 bad
125 0.16 105.22 bad