BookScore TwoStarRate Kurtosis Class
87
0 1 2 3 4 5 6 7 8 9 11 14 16 17 18 19 20 21 22 23 27 31 34 36 37 38 39 44 45 47 48 50 51 56 57 60 61 64 66 67 70 73 74 76 77 80 81 84 85 86 87 91 94 95 96 100 101 102 103 105 106 107 109 110 111 112 113 114 115 116 118 120 124 126 127 128 129 131 132 133 137 140 144 148 150 151 152
6.4 0.15 200.91 good
7.2 0.08 406.22 good
6.4 0.10 267.71 bad
6.4 0.12 155.27 bad
5.8 0.09 113.07 bad
5.6 0.20 93.52 good
6.0 0.14 75.15 good
5.8 0.15 181.37 bad
6.5 0.16 196.73 bad
5.4 0.18 110.48 bad
6.9 0.04 491.68 bad
5.9 0.14 68.44 good
5.7 0.22 87.54 good
5.6 0.22 80.31 bad
6.5 0.17 137.29 bad
6.7 0.18 181.41 bad
5.3 0.20 48.29 good
4.6 0.37 66.70 bad
6.5 0.15 468.11 bad
4.7 0.31 78.49 good
4.5 0.17 40.03 good
5.8 0.30 211.54 good
5.1 0.30 192.82 bad
6.7 0.10 203.97 bad
7.8 0.03 948.64 bad
5.9 0.35 172.89 bad
3.5 0.26 53.89 bad
5.4 0.07 29.34 good
5.8 0.20 135.14 bad
5.3 0.28 85.63 bad
6.8 0.09 362.40 bad
5.3 0.28 119.73 good
5.9 0.30 339.26 bad
5.3 0.20 74.03 good
6.2 0.07 94.54 bad
6.2 0.21 95.85 bad
7.5 0.08 1104.85 good
4.4 0.27 59.06 bad
5.9 0.14 204.65 bad
7.6 0.06 278.88 good
5.9 0.10 49.13 bad
6.8 0.11 278.58 bad
6.1 0.22 393.48 bad
6.8 0.07 159.36 good
7.6 0.07 440.27 bad
8.3 0.03 599.56 bad
5.8 0.08 173.53 bad
5.9 0.14 116.65 bad
5.2 0.19 51.21 good
7.0 0.03 249.84 bad
6.4 0.09 95.46 bad
7.2 0.08 191.97 good
7.0 0.11 299.63 good
5.5 0.23 128.84 bad
6.7 0.11 282.28 good
7.0 0.02 297.05 bad
7.1 0.10 286.97 bad
5.3 0.14 65.28 good
6.6 0.08 664.54 bad
7.4 0.08 385.10 good
6.0 0.14 114.14 good
6.4 0.12 72.91 bad
6.0 0.14 170.95 bad
5.8 0.21 131.59 bad
5.8 0.16 113.09 good
5.4 0.20 84.03 bad
6.1 0.13 164.81 bad
8.5 0.02 875.52 bad
5.5 0.19 125.49 bad
6.0 0.12 138.45 good
6.5 0.11 387.39 bad
5.6 0.18 75.21 good
5.6 0.19 101.09 good
6.4 0.06 76.64 good
7.4 0.06 319.05 good
6.5 0.08 82.37 good
7.3 0.07 209.65 good
4.4 0.41 58.14 good
6.4 0.14 212.10 good
5.9 0.13 194.01 bad
7.8 0.05 478.73 good
6.4 0.30 361.68 bad
5.4 0.25 97.95 bad
3.3 0.03 9.99 bad
6.1 0.15 158.29 bad
6.8 0.07 105.22 bad
5.1 0.19 62.68 good