TwoStarRate ThreeStarRate FiveStarRate Class
96
0 2 4 7 8 9 11 13 15 16 18 19 20 21 22 23 24 25 28 30 31 32 35 38 39 41 42 46 47 48 51 52 55 56 57 58 59 60 63 64 65 66 67 68 69 70 71 72 73 75 76 78 79 80 81 82 83 84 86 87 88 89 90 95 96 97 100 101 102 103 105 106 107 109 110 112 114 115 116 118 119 122 123 124 125 128 130 131 132 134 136 138 141 142 144 145
0.15 0.28 0.15 good
0.10 0.40 0.15 bad
0.09 0.33 0.10 bad
0.15 0.48 0.11 bad
0.16 0.30 0.21 bad
0.18 0.26 0.02 bad
0.04 0.40 0.16 bad
0.24 0.39 0.09 bad
0.13 0.27 0.23 bad
0.22 0.23 0.14 good
0.17 0.28 0.28 bad
0.18 0.22 0.28 bad
0.20 0.15 0.13 good
0.37 0.16 0.04 bad
0.15 0.40 0.11 bad
0.31 0.28 0.06 good
0.21 0.36 0.11 bad
0.20 0.20 0.20 bad
0.11 0.25 0.27 bad
0.18 0.32 0.11 bad
0.30 0.33 0.09 good
0.09 0.31 0.13 bad
0.12 0.18 0.21 good
0.35 0.27 0.13 bad
0.26 0.16 0.00 bad
0.14 0.34 0.17 good
0.17 0.26 0.11 bad
0.07 0.19 0.27 good
0.28 0.20 0.08 bad
0.09 0.33 0.17 bad
0.30 0.37 0.07 bad
0.04 0.15 0.42 bad
0.28 0.33 0.06 bad
0.20 0.32 0.13 good
0.07 0.21 0.18 bad
0.05 0.14 0.37 good
0.21 0.21 0.25 good
0.21 0.18 0.23 bad
0.07 0.12 0.30 good
0.27 0.21 0.02 bad
0.28 0.31 0.07 bad
0.14 0.43 0.10 bad
0.06 0.16 0.42 good
0.11 0.25 0.22 bad
0.05 0.26 0.21 bad
0.10 0.04 0.20 bad
0.12 0.25 0.17 bad
0.08 0.26 0.35 good
0.11 0.22 0.17 bad
0.10 0.40 0.10 good
0.07 0.15 0.24 good
0.10 0.33 0.16 bad
0.19 0.26 0.10 bad
0.03 0.13 0.58 bad
0.08 0.54 0.13 bad
0.41 0.20 0.22 bad
0.17 0.28 0.22 bad
0.14 0.33 0.14 bad
0.03 0.30 0.26 bad
0.09 0.23 0.27 bad
0.10 0.18 0.30 good
0.17 0.27 0.17 bad
0.13 0.20 0.07 bad
0.23 0.46 0.15 bad
0.11 0.28 0.17 good
0.03 0.26 0.13 good
0.02 0.34 0.25 bad
0.10 0.26 0.27 bad
0.14 0.26 0.08 good
0.08 0.50 0.11 bad
0.08 0.19 0.31 good
0.14 0.27 0.16 good
0.12 0.15 0.31 bad
0.14 0.36 0.10 bad
0.21 0.28 0.10 bad
0.20 0.30 0.11 bad
0.02 0.09 0.60 bad
0.19 0.35 0.07 bad
0.12 0.42 0.17 good
0.11 0.39 0.11 bad
0.06 0.20 0.29 good
0.10 0.28 0.25 bad
0.08 0.37 0.20 good
0.19 0.29 0.11 good
0.02 0.08 0.67 good
0.08 0.13 0.31 good
0.13 0.28 0.17 bad
0.41 0.13 0.06 good
0.14 0.25 0.13 good
0.12 0.21 0.18 good
0.24 0.32 0.09 bad
0.10 0.22 0.18 bad
0.03 0.19 0.15 bad
0.05 0.15 0.46 good
0.25 0.27 0.09 bad
0.10 0.45 0.08 bad