BookScore AddListCount TwoStarRate Class
95
0 3 4 7 8 10 12 13 14 16 17 18 19 20 24 26 27 30 31 32 33 35 36 37 38 40 42 43 44 49 50 51 52 55 56 57 58 59 60 63 64 65 68 69 70 72 74 77 78 79 80 82 83 84 86 88 89 90 92 96 98 99 100 103 105 109 112 113 114 115 117 118 119 121 123 124 126 128 130 131 132 133 135 136 137 140 141 142 144 145 147 150 151 152 153
6.4 214 0.15 good
6.4 38 0.12 bad
5.8 22 0.09 bad
5.8 8 0.15 bad
6.5 53 0.16 bad
5.8 25 0.26 bad
6.0 12 0.08 bad
5.5 9 0.24 bad
5.9 136 0.14 good
5.7 25 0.22 good
5.6 10 0.22 bad
6.5 7 0.17 bad
6.7 70 0.18 bad
5.3 17 0.20 good
5.5 23 0.21 bad
6.5 32 0.09 bad
4.5 31 0.17 good
5.4 9 0.18 bad
5.8 6 0.30 good
6.8 111 0.09 bad
6.1 49 0.20 good
5.5 254 0.12 good
6.7 63 0.10 bad
7.8 106 0.03 bad
5.9 19 0.35 bad
6.7 172 0.12 good
5.4 215 0.17 bad
5.1 18 0.13 good
5.4 242 0.07 good
5.9 13 0.10 bad
5.3 7 0.28 good
5.9 42 0.30 bad
7.9 446 0.04 bad
5.6 11 0.28 bad
5.3 13 0.20 good
6.2 551 0.07 bad
7.5 70 0.05 good
6.5 138 0.21 good
6.2 19 0.21 bad
6.2 21 0.07 good
4.4 10 0.27 bad
4.8 22 0.28 bad
6.8 45 0.11 bad
7.4 5 0.05 bad
5.9 2 0.10 bad
7.3 180 0.08 good
6.1 16 0.22 bad
7.6 183 0.07 bad
6.2 57 0.10 bad
5.2 94 0.19 bad
8.3 193 0.03 bad
5.6 3 0.41 bad
6.6 22 0.17 bad
5.9 3 0.14 bad
7.0 53 0.03 bad
6.7 321 0.10 good
6.4 49 0.17 bad
4.0 4 0.13 bad
7.8 141 0.04 good
6.7 100 0.11 good
7.3 558 0.08 good
6.5 253 0.12 bad
7.0 8 0.02 bad
6.6 6 0.08 bad
7.4 98 0.08 good
6.0 34 0.14 bad
5.4 63 0.20 bad
6.1 25 0.13 bad
8.5 218 0.02 bad
5.5 76 0.19 bad
5.5 5 0.11 bad
6.5 112 0.11 bad
7.3 274 0.06 good
4.5 14 0.30 bad
7.0 32 0.08 good
5.6 57 0.19 good
6.4 48 0.06 good
6.5 108 0.08 good
5.7 11 0.13 bad
4.4 5 0.41 good
6.4 131 0.14 good
5.9 1 0.13 bad
7.0 293 0.09 bad
4.8 9 0.24 bad
7.8 303 0.05 good
6.4 7 0.30 bad
6.9 19 0.03 bad
7.8 365 0.05 good
5.4 103 0.25 bad
6.7 28 0.10 bad
3.9 26 0.22 good
6.1 5 0.15 bad
6.8 125 0.07 bad
5.1 12 0.19 good
5.7 50 0.22 good