BookScoreCount AddListCount ThreeStarRate Class
103
0 1 2 5 6 8 10 12 13 14 15 16 17 18 19 20 21 23 24 26 30 32 33 35 36 40 41 43 46 47 48 49 51 52 53 54 55 56 57 58 59 60 62 65 70 71 72 74 75 76 77 82 83 84 85 86 87 88 89 91 92 93 95 96 97 99 100 101 102 103 104 105 106 108 109 112 113 117 118 119 120 121 122 124 125 128 129 130 132 135 137 139 140 142 143 144 145 146 149 150 151 152 153
568 214 0.28 good
967 492 0.23 good
47 12 0.40 bad
439 122 0.26 good
187 42 0.21 good
177 53 0.30 bad
78 25 0.23 bad
25 12 0.44 bad
48 9 0.39 bad
454 136 0.21 good
658 204 0.27 bad
119 25 0.23 good
36 10 0.20 bad
23 7 0.28 bad
250 70 0.22 bad
112 17 0.15 good
44 12 0.16 bad
116 32 0.28 good
70 23 0.36 bad
100 32 0.43 bad
29 9 0.32 bad
292 111 0.31 bad
192 49 0.29 good
1909 254 0.18 good
223 63 0.23 bad
495 172 0.24 good
670 289 0.34 good
81 18 0.24 good
108 28 0.19 good
79 20 0.20 bad
1248 371 0.33 bad
72 13 0.39 bad
133 42 0.37 bad
1780 446 0.15 bad
22 1 0.14 bad
43 9 0.33 good
55 11 0.33 bad
80 13 0.32 good
2109 551 0.21 bad
461 70 0.14 good
484 138 0.21 good
108 19 0.18 bad
13 3 0.08 bad
82 22 0.31 bad
51 2 0.04 bad
248 119 0.25 bad
956 180 0.26 good
46 16 0.36 bad
21 8 0.40 good
429 110 0.15 good
745 183 0.22 bad
31 3 0.20 bad
104 22 0.28 bad
21 3 0.33 bad
356 55 0.15 good
222 53 0.30 bad
182 65 0.23 bad
1636 321 0.18 good
145 49 0.27 bad
654 218 0.16 good
527 141 0.16 good
396 121 0.26 bad
13 4 0.46 bad
188 100 0.28 good
39 7 0.26 good
942 253 0.34 bad
42 8 0.34 bad
219 65 0.26 bad
225 39 0.26 good
29 6 0.50 bad
25 5 0.34 bad
339 98 0.19 good
349 102 0.27 good
5393 1586 0.10 good
88 34 0.36 bad
201 63 0.30 bad
136 25 0.36 bad
34 5 0.45 bad
274 112 0.39 bad
1575 274 0.20 good
45 15 0.20 good
59 14 0.32 bad
385 126 0.28 bad
320 57 0.29 good
768 149 0.08 good
607 108 0.13 good
2063 510 0.16 good
82 11 0.28 bad
614 131 0.25 good
1310 293 0.24 bad
1641 303 0.15 good
1100 206 0.24 good
21 7 0.07 bad
2366 365 0.15 good
153 42 0.22 bad
364 103 0.27 bad
61 28 0.45 bad
2356 710 0.27 good
674 178 0.23 good
21 5 0.35 bad
638 125 0.16 bad
45 12 0.28 good
209 50 0.25 good