TwoStarRate Mode Kurtosis Class
94
0 1 6 7 8 9 11 12 13 14 16 17 20 21 22 23 25 26 27 28 29 30 31 33 34 35 36 38 40 41 42 43 48 49 51 53 58 60 61 63 66 67 68 69 73 74 76 78 79 80 81 84 85 88 89 91 92 93 94 95 96 97 99 100 101 106 109 110 111 113 116 117 118 119 120 121 124 127 128 131 132 133 136 137 138 140 141 143 144 147 148 150 151 152
0.15 8.00 200.91 good
0.08 8.00 406.22 good
0.14 2.00 75.15 good
0.15 6.00 181.37 bad
0.16 6.00 196.73 bad
0.18 8.00 110.48 bad
0.04 6.00 491.68 bad
0.08 6.00 114.51 bad
0.24 6.00 156.17 bad
0.14 2.00 68.44 good
0.22 6.00 87.54 good
0.22 8.00 80.31 bad
0.20 2.00 48.29 good
0.37 4.00 66.70 bad
0.15 6.00 468.11 bad
0.31 4.00 78.49 good
0.20 2.00 28.01 bad
0.09 6.00 249.04 bad
0.17 2.00 40.03 good
0.11 8.00 418.19 bad
0.10 10.00 194.89 good
0.18 6.00 80.73 bad
0.30 6.00 211.54 good
0.20 6.00 163.05 good
0.30 6.00 192.82 bad
0.12 2.00 41.11 good
0.10 8.00 203.97 bad
0.35 4.00 172.89 bad
0.12 8.00 227.23 good
0.14 6.00 389.04 good
0.17 2.00 74.29 bad
0.13 2.00 44.83 good
0.09 8.00 362.40 bad
0.10 6.00 155.38 bad
0.30 6.00 339.26 bad
0.33 2.00 31.11 bad
0.05 10.00 256.16 good
0.21 10.00 95.85 bad
0.08 8.00 1104.85 good
0.07 2.00 55.29 good
0.14 6.00 204.65 bad
0.06 10.00 278.88 good
0.11 8.00 223.96 bad
0.05 8.00 758.93 bad
0.11 8.00 278.58 bad
0.22 6.00 393.48 bad
0.07 8.00 159.36 good
0.10 6.00 147.32 bad
0.19 2.00 65.93 bad
0.03 10.00 599.56 bad
0.08 6.00 173.53 bad
0.14 6.00 116.65 bad
0.19 2.00 51.21 good
0.10 10.00 118.81 good
0.17 8.00 208.64 bad
0.08 10.00 191.97 good
0.04 10.00 444.03 good
0.08 8.00 288.02 bad
0.11 8.00 299.63 good
0.23 6.00 128.84 bad
0.11 8.00 282.28 good
0.03 8.00 198.40 good
0.12 6.00 243.27 bad
0.02 6.00 297.05 bad
0.10 10.00 286.97 bad
0.14 6.00 114.14 good
0.14 6.00 170.95 bad
0.21 6.00 131.59 bad
0.16 8.00 113.09 good
0.13 6.00 164.81 bad
0.12 6.00 138.45 good
0.11 6.00 132.92 bad
0.11 6.00 387.39 bad
0.06 8.00 297.36 good
0.18 8.00 75.21 good
0.30 6.00 102.63 bad
0.19 6.00 101.09 good
0.06 10.00 319.05 good
0.08 10.00 82.37 good
0.41 4.00 58.14 good
0.14 8.00 212.10 good
0.13 8.00 194.01 bad
0.24 6.00 63.17 bad
0.05 10.00 478.73 good
0.10 2.00 56.35 bad
0.30 8.00 361.68 bad
0.03 8.00 311.51 bad
0.21 8.00 86.23 bad
0.25 6.00 97.95 bad
0.22 2.00 40.59 good
0.03 2.00 9.99 bad
0.15 6.00 158.29 bad
0.07 10.00 105.22 bad
0.19 2.00 62.68 good