BookWordCount BookScore Kurtosis Class
105
0 2 4 5 6 7 9 10 13 14 15 17 19 20 22 23 25 26 29 30 32 35 37 38 39 40 41 42 43 44 46 47 49 50 52 55 57 58 60 61 62 65 67 68 69 70 71 73 74 75 77 78 79 80 81 82 84 85 86 87 90 92 93 96 97 100 101 102 103 107 108 109 110 111 112 114 115 117 118 119 120 121 122 124 125 126 127 129 130 131 133 135 136 137 138 139 141 143 144 146 147 148 151 152 153
177.20 6.4 200.91 good
48.30 6.4 267.71 bad
139.00 5.8 113.07 bad
158.50 5.6 93.52 good
59.60 6.0 75.15 good
38.90 5.8 181.37 bad
21.30 5.4 110.48 bad
82.50 5.8 143.84 bad
27.50 5.5 156.17 bad
123.80 5.9 68.44 good
257.20 6.6 188.48 bad
33.60 5.6 80.31 bad
122.40 6.7 181.41 bad
82.30 5.3 48.29 good
77.70 6.5 468.11 bad
122.20 4.7 78.49 good
35.90 4.8 28.01 bad
62.70 6.5 249.04 bad
233.90 7.1 194.89 good
150.70 5.4 80.73 bad
51.10 6.8 404.81 bad
713.10 5.5 41.11 good
51.30 7.8 948.64 bad
80.20 5.9 172.89 bad
22.80 3.5 53.89 bad
153.10 6.7 227.23 good
168.40 6.7 389.04 good
300.10 5.4 74.29 bad
74.40 5.1 44.83 good
296.80 5.4 29.34 good
123.50 7.1 218.67 good
49.70 5.3 85.63 bad
44.50 5.9 155.38 bad
51.90 5.3 119.73 good
76.10 7.9 453.60 bad
106.40 5.6 182.02 bad
293.40 6.2 94.54 bad
63.50 7.5 256.16 good
45.10 6.2 95.85 bad
17.00 7.5 1104.85 good
49.60 5.3 199.64 bad
72.20 4.8 77.07 bad
16.80 7.6 278.88 good
79.60 6.8 223.96 bad
7.30 7.4 758.93 bad
55.40 5.9 49.13 bad
98.90 6.1 106.33 bad
68.60 6.8 278.58 bad
49.30 6.1 393.48 bad
39.60 6.4 344.01 good
1070.70 7.6 440.27 bad
70.00 6.2 147.32 bad
131.20 5.2 65.93 bad
144.70 8.3 599.56 bad
87.70 5.8 173.53 bad
183.00 5.6 87.78 bad
30.00 5.9 116.65 bad
87.20 5.2 51.21 good
129.90 7.0 249.84 bad
112.10 6.4 95.46 bad
50.40 4.0 25.57 bad
116.50 7.8 444.03 good
90.50 6.9 288.02 bad
34.10 6.7 282.28 good
22.20 6.5 198.40 good
59.90 7.0 297.05 bad
219.60 7.1 286.97 bad
78.10 5.3 65.28 good
21.40 6.6 664.54 bad
310.00 6.4 72.91 bad
446.50 8.7 1238.93 good
101.10 6.0 170.95 bad
133.50 5.8 131.59 bad
148.90 5.8 113.09 good
107.80 5.4 84.03 bad
31.70 8.5 875.52 bad
119.20 5.5 125.49 bad
59.10 5.5 132.92 bad
92.20 6.5 387.39 bad
427.70 7.3 297.36 good
85.80 5.6 75.21 good
145.90 4.5 102.63 bad
79.20 7.0 313.76 bad
223.00 5.6 101.09 good
65.70 8.9 1797.82 good
89.70 6.4 76.64 good
34.20 7.4 319.05 good
322.80 7.3 209.65 good
46.30 5.7 73.99 bad
195.70 4.4 58.14 good
145.80 5.9 194.01 bad
335.20 7.0 234.30 bad
72.70 4.8 63.17 bad
448.70 7.8 478.73 good
212.90 5.7 56.35 bad
130.30 7.0 304.97 good
25.10 6.9 311.51 bad
177.70 5.5 86.23 bad
319.70 5.4 97.95 bad
477.20 7.0 402.15 good
154.00 3.9 40.59 good
209.90 3.3 9.99 bad
93.00 6.8 105.22 bad
163.50 5.1 62.68 good
73.20 5.7 105.28 good