BookScore AddListCount TwoStarRate Class
92
1 2 3 5 6 10 11 12 13 14 16 18 21 22 23 24 25 26 29 30 35 36 37 38 39 40 41 43 47 48 49 50 51 52 53 54 55 56 57 58 59 61 63 65 66 67 70 73 74 76 77 79 80 81 82 86 87 88 89 90 91 95 96 98 100 101 103 106 107 111 112 114 116 117 120 122 125 126 129 131 133 134 135 137 138 142 144 145 146 150 152 153
7.2 492 0.08 good
6.4 12 0.10 bad
6.4 38 0.12 bad
5.6 122 0.20 good
6.0 42 0.14 good
5.8 25 0.26 bad
6.9 15 0.04 bad
6.0 12 0.08 bad
5.5 9 0.24 bad
5.9 136 0.14 good
5.7 25 0.22 good
6.5 7 0.17 bad
4.6 12 0.37 bad
6.5 61 0.15 bad
4.7 32 0.31 good
5.5 23 0.21 bad
4.8 2 0.20 bad
6.5 32 0.09 bad
7.1 68 0.10 good
5.4 9 0.18 bad
5.5 254 0.12 good
6.7 63 0.10 bad
7.8 106 0.03 bad
5.9 19 0.35 bad
3.5 1 0.26 bad
6.7 172 0.12 good
6.7 289 0.14 good
5.1 18 0.13 good
5.3 20 0.28 bad
6.8 371 0.09 bad
5.9 13 0.10 bad
5.3 7 0.28 good
5.9 42 0.30 bad
7.9 446 0.04 bad
4.0 1 0.33 bad
7.0 9 0.05 good
5.6 11 0.28 bad
5.3 13 0.20 good
6.2 551 0.07 bad
7.5 70 0.05 good
6.5 138 0.21 good
7.5 33 0.08 good
6.2 21 0.07 good
4.8 22 0.28 bad
5.9 2 0.14 bad
7.6 17 0.06 good
5.9 2 0.10 bad
6.8 8 0.11 bad
6.1 16 0.22 bad
6.8 110 0.07 good
7.6 183 0.07 bad
5.2 94 0.19 bad
8.3 193 0.03 bad
5.8 4 0.08 bad
5.6 3 0.41 bad
7.0 53 0.03 bad
6.4 65 0.09 bad
6.7 321 0.10 good
6.4 49 0.17 bad
4.0 4 0.13 bad
7.2 218 0.08 good
5.5 4 0.23 bad
6.7 100 0.11 good
7.3 558 0.08 good
7.0 8 0.02 bad
7.1 65 0.10 bad
6.6 6 0.08 bad
6.0 102 0.14 good
6.4 188 0.12 bad
5.8 53 0.16 good
5.4 63 0.20 bad
8.5 218 0.02 bad
6.0 7 0.12 good
5.5 5 0.11 bad
5.6 15 0.18 good
7.0 126 0.10 bad
8.9 149 0.02 good
6.4 48 0.06 good
7.3 510 0.07 good
4.4 5 0.41 good
5.9 1 0.13 bad
6.5 168 0.12 good
7.0 293 0.09 bad
7.8 303 0.05 good
5.7 53 0.10 bad
7.8 365 0.05 good
5.4 103 0.25 bad
6.7 28 0.10 bad
7.0 710 0.09 good
6.1 5 0.15 bad
5.1 12 0.19 good
5.7 50 0.22 good