FourStarRate Mode Median Class
96
0 2 3 4 5 6 7 15 16 17 19 22 23 24 25 26 27 30 33 36 37 38 40 41 43 44 45 46 48 49 51 52 53 55 56 59 60 61 63 66 67 68 69 71 72 73 74 75 77 80 82 83 84 86 88 89 91 96 98 99 100 102 104 105 111 112 113 114 116 117 119 120 122 123 124 126 127 128 129 130 131 132 133 134 135 137 138 139 141 142 145 146 149 150 151 153
0.30 8.00 6.00 good
0.24 6.00 6.00 bad
0.27 8.00 6.00 bad
0.25 6.00 6.00 bad
0.21 6.00 6.00 good
0.18 2.00 6.00 good
0.11 6.00 6.00 bad
0.25 6.00 6.00 bad
0.20 6.00 6.00 good
0.23 8.00 6.00 bad
0.22 10.00 6.00 bad
0.28 6.00 6.00 bad
0.08 4.00 4.00 good
0.13 6.00 6.00 bad
0.00 2.00 4.00 bad
0.18 6.00 6.00 bad
0.15 2.00 4.00 good
0.14 6.00 6.00 bad
0.23 6.00 6.00 good
0.34 8.00 8.00 bad
0.44 8.00 8.00 bad
0.17 4.00 6.00 bad
0.33 8.00 8.00 good
0.29 6.00 6.00 good
0.14 2.00 6.00 good
0.16 2.00 4.00 good
0.23 6.00 6.00 bad
0.33 8.00 8.00 good
0.33 8.00 6.00 bad
0.23 6.00 6.00 bad
0.21 6.00 6.00 bad
0.30 10.00 8.00 bad
0.00 2.00 4.00 bad
0.20 6.00 6.00 bad
0.10 6.00 6.00 good
0.21 10.00 6.00 good
0.20 10.00 6.00 bad
0.44 8.00 8.00 good
0.20 2.00 6.00 good
0.19 6.00 6.00 bad
0.25 10.00 8.00 good
0.30 8.00 8.00 bad
0.42 8.00 8.00 bad
0.25 8.00 6.00 bad
0.20 10.00 8.00 good
0.39 8.00 8.00 bad
0.31 6.00 6.00 bad
0.30 6.00 6.00 good
0.27 10.00 8.00 bad
0.19 10.00 10.00 bad
0.05 4.00 4.00 bad
0.22 6.00 6.00 bad
0.19 6.00 6.00 bad
0.27 6.00 8.00 bad
0.23 10.00 8.00 good
0.28 8.00 6.00 bad
0.28 10.00 8.00 good
0.33 8.00 8.00 good
0.33 8.00 8.00 good
0.26 6.00 6.00 bad
0.27 6.00 8.00 bad
0.21 2.00 6.00 good
0.04 6.00 4.00 bad
0.33 8.00 8.00 good
0.26 8.00 6.00 good
0.15 6.00 6.00 bad
0.21 6.00 6.00 bad
0.23 10.00 10.00 bad
0.12 6.00 6.00 good
0.14 6.00 6.00 bad
0.33 8.00 8.00 good
0.25 8.00 6.00 good
0.29 8.00 8.00 bad
0.30 6.00 6.00 good
0.20 6.00 6.00 good
0.21 10.00 8.00 good
0.26 10.00 8.00 good
0.23 10.00 8.00 good
0.26 10.00 8.00 good
0.16 6.00 6.00 bad
0.11 4.00 4.00 good
0.35 8.00 6.00 good
0.33 8.00 6.00 bad
0.34 8.00 8.00 good
0.29 8.00 8.00 bad
0.33 10.00 8.00 good
0.19 2.00 6.00 bad
0.36 8.00 8.00 good
0.49 8.00 8.00 bad
0.24 10.00 8.00 good
0.33 6.00 6.00 bad
0.37 8.00 8.00 good
0.26 8.00 6.00 good
0.20 6.00 6.00 bad
0.19 10.00 8.00 bad
0.22 6.00 6.00 good