BookWordCount ThreeStarRate FourStarRate Class
99
0 1 4 6 9 10 11 12 14 15 17 18 19 24 28 30 32 33 34 35 36 38 40 41 44 45 46 47 48 49 50 51 53 54 55 56 57 58 60 61 62 63 64 65 67 68 69 70 71 72 74 75 76 77 78 79 82 84 85 86 87 88 90 93 94 96 98 100 101 106 107 108 109 110 112 116 117 118 119 121 124 126 127 128 130 131 133 134 135 136 138 139 140 142 143 144 146 147 153
177.20 0.28 0.30 good
289.90 0.23 0.36 good
139.00 0.33 0.25 bad
59.60 0.21 0.18 good
21.30 0.26 0.30 bad
82.50 0.23 0.27 bad
13.40 0.40 0.32 bad
21.80 0.44 0.08 bad
123.80 0.21 0.19 good
257.20 0.27 0.25 bad
33.60 0.20 0.23 bad
24.10 0.28 0.14 bad
122.40 0.22 0.22 bad
74.80 0.36 0.13 bad
53.00 0.25 0.31 bad
150.70 0.32 0.14 bad
51.10 0.31 0.39 bad
178.90 0.29 0.23 good
154.60 0.39 0.13 bad
713.10 0.18 0.14 good
87.00 0.23 0.34 bad
80.20 0.27 0.17 bad
153.10 0.24 0.33 good
168.40 0.34 0.29 good
296.80 0.11 0.16 good
380.50 0.30 0.23 bad
123.50 0.19 0.33 good
49.70 0.20 0.22 bad
281.40 0.33 0.33 bad
44.50 0.39 0.23 bad
51.90 0.32 0.14 good
84.60 0.37 0.21 bad
53.70 0.14 0.00 bad
13.00 0.33 0.21 good
106.40 0.33 0.20 bad
40.40 0.32 0.10 good
293.40 0.21 0.29 bad
63.50 0.14 0.30 good
45.10 0.18 0.20 bad
17.00 0.25 0.44 good
49.60 0.08 0.34 bad
108.60 0.12 0.20 good
54.40 0.21 0.14 bad
72.20 0.31 0.07 bad
16.80 0.16 0.25 good
79.60 0.25 0.30 bad
7.30 0.26 0.42 bad
55.40 0.04 0.32 bad
98.90 0.25 0.25 bad
390.00 0.26 0.20 good
49.30 0.36 0.31 bad
39.60 0.40 0.30 good
46.20 0.15 0.36 good
1070.70 0.22 0.27 bad
70.00 0.33 0.24 bad
131.20 0.26 0.17 bad
183.00 0.20 0.05 bad
30.00 0.33 0.19 bad
87.20 0.15 0.24 good
129.90 0.30 0.27 bad
112.10 0.23 0.19 bad
315.30 0.18 0.23 good
50.40 0.20 0.07 bad
90.50 0.26 0.34 bad
63.70 0.23 0.33 good
34.10 0.28 0.33 good
170.60 0.22 0.33 good
59.90 0.34 0.27 bad
219.60 0.26 0.27 bad
64.40 0.27 0.24 good
310.00 0.15 0.17 bad
446.50 0.10 0.20 good
101.10 0.36 0.24 bad
133.50 0.28 0.24 bad
107.80 0.30 0.15 bad
118.30 0.42 0.12 good
59.10 0.45 0.14 bad
92.20 0.39 0.30 bad
427.70 0.20 0.33 good
145.90 0.32 0.08 bad
223.00 0.29 0.20 good
89.70 0.16 0.21 good
34.20 0.22 0.26 good
296.70 0.13 0.23 good
46.30 0.28 0.16 bad
195.70 0.13 0.11 good
145.80 0.33 0.33 bad
179.50 0.21 0.34 good
335.20 0.24 0.29 bad
72.70 0.32 0.05 bad
212.90 0.22 0.19 bad
130.30 0.24 0.36 good
43.40 0.07 0.54 bad
518.00 0.15 0.24 good
177.70 0.22 0.24 bad
319.70 0.27 0.18 bad
477.20 0.27 0.37 good
154.00 0.19 0.09 good
73.20 0.25 0.22 good