BookWordCount FourStarRate Kurtosis Class
99
0 4 5 6 8 11 15 16 17 20 22 24 25 26 27 28 30 32 33 34 35 37 38 39 41 43 44 45 46 47 48 50 51 53 54 56 57 58 59 61 64 65 66 67 70 71 73 76 77 80 81 82 84 88 89 90 92 93 94 97 98 99 100 102 104 105 106 107 108 109 110 111 112 113 115 116 117 121 122 125 126 127 128 129 131 132 133 134 136 137 138 141 143 144 146 147 148 150 153
177.20 0.30 200.91 good
139.00 0.25 113.07 bad
158.50 0.21 93.52 good
59.60 0.18 75.15 good
143.50 0.22 196.73 bad
13.40 0.32 491.68 bad
257.20 0.25 188.48 bad
135.80 0.20 87.54 good
33.60 0.23 80.31 bad
82.30 0.20 48.29 good
77.70 0.28 468.11 bad
74.80 0.13 114.10 bad
35.90 0.00 28.01 bad
62.70 0.18 249.04 bad
147.20 0.15 40.03 good
53.00 0.31 418.19 bad
150.70 0.14 80.73 bad
51.10 0.39 404.81 bad
178.90 0.23 163.05 good
154.60 0.13 192.82 bad
713.10 0.14 41.11 good
51.30 0.44 948.64 bad
80.20 0.17 172.89 bad
22.80 0.05 53.89 bad
168.40 0.29 389.04 good
74.40 0.14 44.83 good
296.80 0.16 29.34 good
380.50 0.23 135.14 bad
123.50 0.33 218.67 good
49.70 0.22 85.63 bad
281.40 0.33 362.40 bad
51.90 0.14 119.73 good
84.60 0.21 339.26 bad
53.70 0.00 31.11 bad
13.00 0.21 245.77 good
40.40 0.10 74.03 good
293.40 0.29 94.54 bad
63.50 0.30 256.16 good
133.40 0.21 148.52 good
17.00 0.44 1104.85 good
54.40 0.14 59.06 bad
72.20 0.07 77.07 bad
34.80 0.19 204.65 bad
16.80 0.25 278.88 good
55.40 0.32 49.13 bad
98.90 0.25 106.33 bad
68.60 0.39 278.58 bad
46.20 0.36 159.36 good
1070.70 0.27 440.27 bad
144.70 0.19 599.56 bad
87.70 0.08 173.53 bad
183.00 0.05 87.78 bad
30.00 0.19 116.65 bad
315.30 0.23 118.81 good
153.20 0.28 208.64 bad
50.40 0.07 25.57 bad
116.50 0.29 444.03 good
90.50 0.34 288.02 bad
63.70 0.33 299.63 good
22.20 0.40 198.40 good
170.60 0.33 391.57 good
181.90 0.26 243.27 bad
59.90 0.27 297.05 bad
78.10 0.21 65.28 good
150.50 0.04 92.39 bad
198.70 0.33 385.10 good
64.40 0.24 114.14 good
310.00 0.17 72.91 bad
446.50 0.20 1238.93 good
101.10 0.24 170.95 bad
133.50 0.24 131.59 bad
148.90 0.26 113.09 good
107.80 0.15 84.03 bad
247.80 0.21 164.81 bad
119.20 0.19 125.49 bad
118.30 0.12 138.45 good
59.10 0.14 132.92 bad
145.90 0.08 102.63 bad
79.20 0.29 313.76 bad
65.70 0.20 1797.82 good
89.70 0.21 76.64 good
34.20 0.26 319.05 good
296.70 0.23 82.37 good
322.80 0.26 209.65 good
195.70 0.11 58.14 good
237.20 0.35 212.10 good
145.80 0.33 194.01 bad
179.50 0.34 176.74 good
72.70 0.05 63.17 bad
448.70 0.33 478.73 good
212.90 0.19 56.35 bad
25.10 0.49 311.51 bad
177.70 0.24 86.23 bad
319.70 0.18 97.95 bad
477.20 0.37 402.15 good
154.00 0.09 40.59 good
209.90 0.06 9.99 bad
44.60 0.20 158.29 bad
73.20 0.22 105.28 good