TwoStarRate ThreeStarRate Mode Class
92
0 1 3 5 6 7 10 11 13 14 15 19 22 23 24 26 27 28 30 33 34 36 37 38 41 42 46 47 48 49 50 51 53 55 57 58 59 62 64 68 69 73 74 77 78 79 80 81 82 83 84 86 87 89 91 92 94 95 100 101 102 105 106 108 110 111 114 115 116 117 119 120 122 124 125 127 129 132 133 135 138 139 140 141 142 145 146 148 149 150 151 152
0.15 0.28 8.00 good
0.08 0.23 8.00 good
0.12 0.27 8.00 bad
0.20 0.26 6.00 good
0.14 0.21 2.00 good
0.15 0.48 6.00 bad
0.26 0.23 8.00 bad
0.04 0.40 6.00 bad
0.24 0.39 6.00 bad
0.14 0.21 2.00 good
0.13 0.27 6.00 bad
0.18 0.22 10.00 bad
0.15 0.40 6.00 bad
0.31 0.28 4.00 good
0.21 0.36 6.00 bad
0.09 0.43 6.00 bad
0.17 0.21 2.00 good
0.11 0.25 8.00 bad
0.18 0.32 6.00 bad
0.20 0.29 6.00 good
0.30 0.39 6.00 bad
0.10 0.23 8.00 bad
0.03 0.20 8.00 bad
0.35 0.27 4.00 bad
0.14 0.34 6.00 good
0.17 0.26 2.00 bad
0.07 0.19 8.00 good
0.28 0.20 4.00 bad
0.09 0.33 8.00 bad
0.10 0.39 6.00 bad
0.28 0.32 6.00 good
0.30 0.37 6.00 bad
0.33 0.14 2.00 bad
0.28 0.33 6.00 bad
0.07 0.21 8.00 bad
0.05 0.14 10.00 good
0.21 0.21 10.00 good
0.50 0.08 4.00 bad
0.27 0.21 2.00 bad
0.11 0.25 8.00 bad
0.05 0.26 8.00 bad
0.11 0.22 8.00 bad
0.22 0.36 6.00 bad
0.07 0.22 10.00 bad
0.10 0.33 6.00 bad
0.19 0.26 2.00 bad
0.03 0.13 10.00 bad
0.08 0.54 6.00 bad
0.41 0.20 4.00 bad
0.17 0.28 6.00 bad
0.14 0.33 6.00 bad
0.03 0.30 6.00 bad
0.09 0.23 10.00 bad
0.17 0.27 8.00 bad
0.08 0.16 10.00 good
0.04 0.16 10.00 good
0.11 0.23 8.00 good
0.23 0.46 6.00 bad
0.02 0.34 6.00 bad
0.10 0.26 10.00 bad
0.14 0.26 2.00 good
0.08 0.19 8.00 good
0.14 0.27 6.00 good
0.02 0.10 10.00 good
0.21 0.28 6.00 bad
0.16 0.26 8.00 good
0.02 0.09 10.00 bad
0.19 0.35 6.00 bad
0.12 0.42 6.00 good
0.11 0.45 6.00 bad
0.06 0.20 8.00 good
0.18 0.20 8.00 good
0.10 0.28 8.00 bad
0.19 0.29 6.00 good
0.02 0.08 10.00 good
0.06 0.22 10.00 good
0.07 0.16 10.00 good
0.14 0.25 8.00 good
0.13 0.33 8.00 bad
0.09 0.24 8.00 bad
0.10 0.22 2.00 bad
0.07 0.24 8.00 good
0.30 0.07 8.00 bad
0.03 0.19 8.00 bad
0.05 0.15 10.00 good
0.10 0.45 6.00 bad
0.09 0.27 8.00 good
0.03 0.04 2.00 bad
0.18 0.23 8.00 good
0.15 0.35 6.00 bad
0.07 0.16 10.00 bad
0.19 0.28 2.00 good