BookWordCount BookScore Kurtosis Class
96
1 2 3 4 5 7 11 12 14 15 16 20 21 22 25 26 33 34 35 36 37 38 39 41 43 46 48 49 50 51 52 54 55 58 61 62 63 64 66 67 68 70 71 73 74 75 77 79 80 81 82 83 84 85 86 87 88 89 90 93 94 96 99 100 101 102 104 105 106 109 112 113 114 116 119 120 121 122 124 126 128 129 130 133 134 138 139 140 141 142 143 144 147 148 149 153
289.90 7.2 406.22 good
48.30 6.4 267.71 bad
52.30 6.4 155.27 bad
139.00 5.8 113.07 bad
158.50 5.6 93.52 good
38.90 5.8 181.37 bad
13.40 6.9 491.68 bad
21.80 6.0 114.51 bad
123.80 5.9 68.44 good
257.20 6.6 188.48 bad
135.80 5.7 87.54 good
82.30 5.3 48.29 good
74.10 4.6 66.70 bad
77.70 6.5 468.11 bad
35.90 4.8 28.01 bad
62.70 6.5 249.04 bad
178.90 6.1 163.05 good
154.60 5.1 192.82 bad
713.10 5.5 41.11 good
87.00 6.7 203.97 bad
51.30 7.8 948.64 bad
80.20 5.9 172.89 bad
22.80 3.5 53.89 bad
168.40 6.7 389.04 good
74.40 5.1 44.83 good
123.50 7.1 218.67 good
281.40 6.8 362.40 bad
44.50 5.9 155.38 bad
51.90 5.3 119.73 good
84.60 5.9 339.26 bad
76.10 7.9 453.60 bad
13.00 7.0 245.77 good
106.40 5.6 182.02 bad
63.50 7.5 256.16 good
17.00 7.5 1104.85 good
49.60 5.3 199.64 bad
108.60 6.2 55.29 good
54.40 4.4 59.06 bad
34.80 5.9 204.65 bad
16.80 7.6 278.88 good
79.60 6.8 223.96 bad
55.40 5.9 49.13 bad
98.90 6.1 106.33 bad
68.60 6.8 278.58 bad
49.30 6.1 393.48 bad
39.60 6.4 344.01 good
1070.70 7.6 440.27 bad
131.20 5.2 65.93 bad
144.70 8.3 599.56 bad
87.70 5.8 173.53 bad
183.00 5.6 87.78 bad
40.80 6.6 188.48 bad
30.00 5.9 116.65 bad
87.20 5.2 51.21 good
129.90 7.0 249.84 bad
112.10 6.4 95.46 bad
315.30 6.7 118.81 good
153.20 6.4 208.64 bad
50.40 4.0 25.57 bad
90.50 6.9 288.02 bad
63.70 7.0 299.63 good
34.10 6.7 282.28 good
181.90 6.5 243.27 bad
59.90 7.0 297.05 bad
219.60 7.1 286.97 bad
78.10 5.3 65.28 good
150.50 4.9 92.39 bad
198.70 7.4 385.10 good
64.40 6.0 114.14 good
101.10 6.0 170.95 bad
107.80 5.4 84.03 bad
247.80 6.1 164.81 bad
31.70 8.5 875.52 bad
118.30 6.0 138.45 good
427.70 7.3 297.36 good
85.80 5.6 75.21 good
145.90 4.5 102.63 bad
79.20 7.0 313.76 bad
223.00 5.6 101.09 good
89.70 6.4 76.64 good
296.70 6.5 82.37 good
322.80 7.3 209.65 good
46.30 5.7 73.99 bad
145.80 5.9 194.01 bad
179.50 6.5 176.74 good
212.90 5.7 56.35 bad
130.30 7.0 304.97 good
43.40 6.4 361.68 bad
25.10 6.9 311.51 bad
518.00 7.8 364.52 good
177.70 5.5 86.23 bad
319.70 5.4 97.95 bad
154.00 3.9 40.59 good
209.90 3.3 9.99 bad
382.10 6.0 113.50 good
73.20 5.7 105.28 good