FiveStarRate Mode Kurtosis Class
97
0 6 9 10 11 17 19 20 21 22 25 26 28 29 30 31 32 33 37 38 43 44 45 46 47 48 49 50 51 52 53 54 55 57 59 61 62 63 64 65 71 72 74 75 76 77 81 82 84 85 86 88 89 90 91 92 93 94 95 96 97 98 101 104 106 108 110 112 113 114 115 116 117 118 119 123 124 125 126 127 128 129 130 132 133 136 137 138 142 143 144 145 146 147 149 151 152
0.15 8.00 200.91 good
0.23 2.00 75.15 good
0.02 8.00 110.48 bad
0.09 8.00 143.84 bad
0.16 6.00 491.68 bad
0.12 8.00 80.31 bad
0.28 10.00 181.41 bad
0.13 2.00 48.29 good
0.04 4.00 66.70 bad
0.11 6.00 468.11 bad
0.20 2.00 28.01 bad
0.19 6.00 249.04 bad
0.27 8.00 418.19 bad
0.36 10.00 194.89 good
0.11 6.00 80.73 bad
0.09 6.00 211.54 good
0.13 8.00 404.81 bad
0.15 6.00 163.05 good
0.28 8.00 948.64 bad
0.13 4.00 172.89 bad
0.14 2.00 44.83 good
0.23 2.00 29.34 good
0.10 6.00 135.14 bad
0.27 8.00 218.67 good
0.08 4.00 85.63 bad
0.17 8.00 362.40 bad
0.10 6.00 155.38 bad
0.07 6.00 119.73 good
0.07 6.00 339.26 bad
0.42 10.00 453.60 bad
0.10 2.00 31.11 bad
0.29 6.00 245.77 good
0.06 6.00 182.02 bad
0.18 8.00 94.54 bad
0.25 10.00 148.52 good
0.21 8.00 1104.85 good
0.00 4.00 199.64 bad
0.30 2.00 55.29 good
0.02 2.00 59.06 bad
0.07 6.00 77.07 bad
0.17 8.00 106.33 bad
0.35 10.00 259.41 good
0.04 6.00 393.48 bad
0.10 6.00 344.01 good
0.24 8.00 159.36 good
0.37 10.00 440.27 bad
0.13 6.00 173.53 bad
0.22 4.00 87.78 bad
0.14 6.00 116.65 bad
0.10 2.00 51.21 good
0.26 6.00 249.84 bad
0.30 10.00 118.81 good
0.17 8.00 208.64 bad
0.07 2.00 25.57 bad
0.34 10.00 191.97 good
0.42 10.00 444.03 good
0.21 8.00 288.02 bad
0.23 8.00 299.63 good
0.15 6.00 128.84 bad
0.17 8.00 282.28 good
0.13 8.00 198.40 good
0.29 8.00 391.57 good
0.27 10.00 286.97 bad
0.09 6.00 92.39 bad
0.16 6.00 114.14 good
0.63 10.00 1238.93 good
0.10 6.00 131.59 bad
0.11 6.00 84.03 bad
0.14 6.00 164.81 bad
0.60 10.00 875.52 bad
0.07 6.00 125.49 bad
0.17 6.00 138.45 good
0.09 6.00 132.92 bad
0.11 6.00 387.39 bad
0.29 8.00 297.36 good
0.20 6.00 502.72 good
0.11 6.00 101.09 good
0.67 10.00 1797.82 good
0.30 10.00 76.64 good
0.36 10.00 319.05 good
0.31 10.00 82.37 good
0.37 10.00 209.65 good
0.17 6.00 73.99 bad
0.13 8.00 212.10 good
0.04 8.00 194.01 bad
0.09 6.00 63.17 bad
0.38 10.00 478.73 good
0.18 2.00 56.35 bad
0.46 10.00 364.52 good
0.10 8.00 86.23 bad
0.09 6.00 97.95 bad
0.08 6.00 909.70 bad
0.19 8.00 402.15 good
0.02 2.00 40.59 good
0.15 8.00 113.50 good
0.37 10.00 105.22 bad
0.09 2.00 62.68 good