BookWordCount FiveStarRate Kurtosis Class
102
0 1 2 3 4 5 7 10 11 12 14 16 19 20 21 22 24 26 27 28 29 30 31 32 33 34 35 36 37 38 39 40 42 44 45 46 47 48 49 50 53 54 55 58 59 60 62 63 67 68 70 71 72 73 75 76 77 79 81 82 83 84 85 86 89 90 91 92 93 94 96 97 98 99 100 102 107 108 109 113 116 117 118 120 123 125 129 132 134 135 136 137 138 140 141 144 145 146 147 149 151 153
177.20 0.15 200.91 good
289.90 0.25 406.22 good
48.30 0.15 267.71 bad
52.30 0.18 155.27 bad
139.00 0.10 113.07 bad
158.50 0.12 93.52 good
38.90 0.11 181.37 bad
82.50 0.09 143.84 bad
13.40 0.16 491.68 bad
21.80 0.20 114.51 bad
123.80 0.20 68.44 good
135.80 0.14 87.54 good
122.40 0.28 181.41 bad
82.30 0.13 48.29 good
74.10 0.04 66.70 bad
77.70 0.11 468.11 bad
74.80 0.11 114.10 bad
62.70 0.19 249.04 bad
147.20 0.05 40.03 good
53.00 0.27 418.19 bad
233.90 0.36 194.89 good
150.70 0.11 80.73 bad
78.00 0.09 211.54 good
51.10 0.13 404.81 bad
178.90 0.15 163.05 good
154.60 0.03 192.82 bad
713.10 0.21 41.11 good
87.00 0.19 203.97 bad
51.30 0.28 948.64 bad
80.20 0.13 172.89 bad
22.80 0.00 53.89 bad
153.10 0.19 227.23 good
300.10 0.11 74.29 bad
296.80 0.23 29.34 good
380.50 0.10 135.14 bad
123.50 0.27 218.67 good
49.70 0.08 85.63 bad
281.40 0.17 362.40 bad
44.50 0.10 155.38 bad
51.90 0.07 119.73 good
53.70 0.10 31.11 bad
13.00 0.29 245.77 good
106.40 0.06 182.02 bad
63.50 0.37 256.16 good
133.40 0.25 148.52 good
45.10 0.23 95.85 bad
49.60 0.00 199.64 bad
108.60 0.30 55.29 good
16.80 0.42 278.88 good
79.60 0.22 223.96 bad
55.40 0.20 49.13 bad
98.90 0.17 106.33 bad
390.00 0.35 259.41 good
68.60 0.17 278.58 bad
39.60 0.10 344.01 good
46.20 0.24 159.36 good
1070.70 0.37 440.27 bad
131.20 0.10 65.93 bad
87.70 0.13 173.53 bad
183.00 0.22 87.78 bad
40.80 0.22 188.48 bad
30.00 0.14 116.65 bad
87.20 0.10 51.21 good
129.90 0.26 249.84 bad
153.20 0.17 208.64 bad
50.40 0.07 25.57 bad
126.20 0.34 191.97 good
116.50 0.42 444.03 good
90.50 0.21 288.02 bad
63.70 0.23 299.63 good
34.10 0.17 282.28 good
22.20 0.13 198.40 good
170.60 0.29 391.57 good
181.90 0.17 243.27 bad
59.90 0.25 297.05 bad
78.10 0.08 65.28 good
310.00 0.31 72.91 bad
446.50 0.63 1238.93 good
101.10 0.10 170.95 bad
247.80 0.14 164.81 bad
118.30 0.17 138.45 good
59.10 0.09 132.92 bad
92.20 0.11 387.39 bad
85.80 0.11 75.21 good
153.40 0.20 502.72 good
65.70 0.67 1797.82 good
322.80 0.37 209.65 good
237.20 0.13 212.10 good
179.50 0.18 176.74 good
335.20 0.26 234.30 bad
72.70 0.09 63.17 bad
448.70 0.38 478.73 good
212.90 0.18 56.35 bad
43.40 0.05 361.68 bad
25.10 0.15 311.51 bad
319.70 0.09 97.95 bad
62.30 0.08 909.70 bad
477.20 0.19 402.15 good
154.00 0.02 40.59 good
382.10 0.15 113.50 good
93.00 0.37 105.22 bad
73.20 0.12 105.28 good