BookScore FiveStarRate Median Class
97
0 1 2 3 5 6 10 13 15 16 17 18 19 21 24 25 26 27 28 29 30 31 34 36 37 39 40 41 43 46 48 49 51 53 55 56 58 60 61 63 65 66 68 70 73 74 75 76 77 82 83 84 85 86 87 90 91 92 93 94 95 97 98 99 103 104 105 106 108 111 112 114 115 116 118 120 121 122 124 125 126 127 128 129 132 133 134 137 138 139 141 143 144 146 148 151 153
6.4 0.15 6.00 good
7.2 0.25 8.00 good
6.4 0.15 6.00 bad
6.4 0.18 6.00 bad
5.6 0.12 6.00 good
6.0 0.23 6.00 good
5.8 0.09 6.00 bad
5.5 0.09 6.00 bad
6.6 0.23 6.00 bad
5.7 0.14 6.00 good
5.6 0.12 6.00 bad
6.5 0.28 6.00 bad
6.7 0.28 6.00 bad
4.6 0.04 4.00 bad
5.5 0.11 6.00 bad
4.8 0.20 4.00 bad
6.5 0.19 6.00 bad
4.5 0.05 4.00 good
7.2 0.27 8.00 bad
7.1 0.36 8.00 good
5.4 0.11 6.00 bad
5.8 0.09 6.00 good
5.1 0.03 6.00 bad
6.7 0.19 8.00 bad
7.8 0.28 8.00 bad
3.5 0.00 2.00 bad
6.7 0.19 8.00 good
6.7 0.17 6.00 good
5.1 0.14 6.00 good
7.1 0.27 8.00 good
6.8 0.17 6.00 bad
5.9 0.10 6.00 bad
5.9 0.07 6.00 bad
4.0 0.10 4.00 bad
5.6 0.06 6.00 bad
5.3 0.13 6.00 good
7.5 0.37 8.00 good
6.2 0.23 6.00 bad
7.5 0.21 8.00 good
6.2 0.30 6.00 good
4.8 0.07 4.00 bad
5.9 0.10 6.00 bad
6.8 0.22 8.00 bad
5.9 0.20 8.00 bad
6.8 0.17 8.00 bad
6.1 0.04 6.00 bad
6.4 0.10 6.00 good
6.8 0.24 8.00 good
7.6 0.37 8.00 bad
5.6 0.22 4.00 bad
6.6 0.22 6.00 bad
5.9 0.14 6.00 bad
5.2 0.10 4.00 good
7.0 0.26 8.00 bad
6.4 0.27 6.00 bad
4.0 0.07 2.00 bad
7.2 0.34 8.00 good
7.8 0.42 8.00 good
6.9 0.21 8.00 bad
7.0 0.23 8.00 good
5.5 0.15 6.00 bad
6.5 0.13 8.00 good
7.3 0.29 8.00 good
6.5 0.17 6.00 bad
6.6 0.11 6.00 bad
4.9 0.09 4.00 bad
7.4 0.31 8.00 good
6.0 0.16 6.00 good
8.7 0.63 10.00 good
5.8 0.12 6.00 good
5.4 0.11 6.00 bad
8.5 0.60 10.00 bad
5.5 0.07 6.00 bad
6.0 0.17 6.00 good
6.5 0.11 6.00 bad
5.6 0.11 6.00 good
4.5 0.02 4.00 bad
7.0 0.25 8.00 bad
5.6 0.11 6.00 good
8.9 0.67 10.00 good
6.4 0.30 8.00 good
7.4 0.36 8.00 good
6.5 0.31 8.00 good
7.3 0.37 8.00 good
6.4 0.13 6.00 good
5.9 0.04 6.00 bad
6.5 0.18 8.00 good
7.8 0.38 8.00 good
5.7 0.18 6.00 bad
7.0 0.22 8.00 good
6.9 0.15 8.00 bad
5.5 0.10 6.00 bad
5.4 0.09 6.00 bad
7.0 0.19 8.00 good
3.3 0.08 2.00 bad
6.8 0.37 8.00 bad
5.7 0.12 6.00 good