AddListCount TwoStarRate Median Class
98
0 1 2 3 4 7 9 10 11 13 14 15 19 22 24 25 29 31 32 34 36 37 38 39 40 41 42 43 45 46 47 48 51 52 54 55 56 57 59 62 64 65 66 68 70 73 74 75 76 82 83 85 89 90 91 92 93 94 95 96 99 100 102 103 105 108 110 111 112 113 114 116 117 119 120 121 122 123 124 125 127 128 129 130 131 133 134 135 136 137 139 140 141 145 146 149 150 153
214 0.15 6.00 good
492 0.08 8.00 good
12 0.10 6.00 bad
38 0.12 6.00 bad
22 0.09 6.00 bad
8 0.15 6.00 bad
14 0.18 6.00 bad
25 0.26 6.00 bad
15 0.04 6.00 bad
9 0.24 6.00 bad
136 0.14 6.00 good
204 0.13 6.00 bad
70 0.18 6.00 bad
61 0.15 6.00 bad
23 0.21 6.00 bad
2 0.20 4.00 bad
68 0.10 8.00 good
6 0.30 6.00 good
111 0.09 8.00 bad
24 0.30 6.00 bad
63 0.10 8.00 bad
106 0.03 8.00 bad
19 0.35 6.00 bad
1 0.26 2.00 bad
172 0.12 8.00 good
289 0.14 6.00 good
215 0.17 6.00 bad
18 0.13 6.00 good
93 0.20 6.00 bad
28 0.07 8.00 good
20 0.28 4.00 bad
371 0.09 6.00 bad
42 0.30 6.00 bad
446 0.04 8.00 bad
9 0.05 6.00 good
11 0.28 6.00 bad
13 0.20 6.00 good
551 0.07 6.00 bad
138 0.21 6.00 good
3 0.50 4.00 bad
10 0.27 4.00 bad
22 0.28 4.00 bad
2 0.14 6.00 bad
45 0.11 8.00 bad
2 0.10 8.00 bad
8 0.11 8.00 bad
16 0.22 6.00 bad
8 0.10 6.00 good
110 0.07 8.00 good
3 0.41 4.00 bad
22 0.17 6.00 bad
55 0.19 4.00 good
49 0.17 6.00 bad
4 0.13 2.00 bad
218 0.08 8.00 good
141 0.04 8.00 good
121 0.08 8.00 bad
57 0.11 8.00 good
4 0.23 6.00 bad
100 0.11 8.00 good
253 0.12 6.00 bad
8 0.02 8.00 bad
39 0.14 6.00 good
6 0.08 6.00 bad
98 0.08 8.00 good
1586 0.02 10.00 good
31 0.21 6.00 bad
53 0.16 6.00 good
63 0.20 6.00 bad
25 0.13 6.00 bad
218 0.02 10.00 bad
7 0.12 6.00 good
5 0.11 6.00 bad
274 0.06 8.00 good
15 0.18 6.00 good
14 0.30 4.00 bad
126 0.10 8.00 bad
32 0.08 6.00 good
57 0.19 6.00 good
149 0.02 10.00 good
146 0.06 8.00 good
108 0.08 8.00 good
510 0.07 8.00 good
11 0.13 6.00 bad
5 0.41 4.00 good
1 0.13 6.00 bad
168 0.12 8.00 good
293 0.09 8.00 bad
9 0.24 4.00 bad
303 0.05 8.00 good
206 0.07 8.00 good
7 0.30 8.00 bad
19 0.03 8.00 bad
28 0.10 6.00 bad
710 0.09 8.00 good
178 0.18 6.00 good
5 0.15 6.00 bad
50 0.22 6.00 good