AddListCount TwoStarRate Mode Class
95
2 3 4 5 6 9 10 11 12 14 16 18 19 21 22 24 25 28 32 34 36 37 38 43 49 51 52 57 58 59 60 61 64 66 67 68 69 70 71 72 73 74 77 78 80 82 86 87 88 89 91 92 93 94 97 98 101 102 104 105 106 107 108 109 111 113 115 116 118 119 120 121 122 123 124 125 127 128 129 130 132 133 135 136 137 140 141 142 145 146 148 149 151 152 153
12 0.10 6.00 bad
38 0.12 8.00 bad
22 0.09 6.00 bad
122 0.20 6.00 good
42 0.14 2.00 good
14 0.18 8.00 bad
25 0.26 8.00 bad
15 0.04 6.00 bad
12 0.08 6.00 bad
136 0.14 2.00 good
25 0.22 6.00 good
7 0.17 10.00 bad
70 0.18 10.00 bad
12 0.37 4.00 bad
61 0.15 6.00 bad
23 0.21 6.00 bad
2 0.20 2.00 bad
73 0.11 8.00 bad
111 0.09 8.00 bad
24 0.30 6.00 bad
63 0.10 8.00 bad
106 0.03 8.00 bad
19 0.35 4.00 bad
18 0.13 2.00 good
13 0.10 6.00 bad
42 0.30 6.00 bad
446 0.04 10.00 bad
551 0.07 8.00 bad
70 0.05 10.00 good
138 0.21 10.00 good
19 0.21 10.00 bad
33 0.08 8.00 good
10 0.27 2.00 bad
2 0.14 6.00 bad
17 0.06 10.00 good
45 0.11 8.00 bad
5 0.05 8.00 bad
2 0.10 2.00 bad
119 0.12 8.00 bad
180 0.08 10.00 good
8 0.11 8.00 bad
16 0.22 6.00 bad
183 0.07 10.00 bad
57 0.10 6.00 bad
193 0.03 10.00 bad
3 0.41 4.00 bad
53 0.03 6.00 bad
65 0.09 10.00 bad
321 0.10 10.00 good
49 0.17 8.00 bad
218 0.08 10.00 good
141 0.04 10.00 good
121 0.08 8.00 bad
57 0.11 8.00 good
7 0.03 8.00 good
558 0.08 8.00 good
65 0.10 10.00 bad
39 0.14 2.00 good
5 0.31 6.00 bad
98 0.08 8.00 good
102 0.14 6.00 good
188 0.12 10.00 bad
1586 0.02 10.00 good
34 0.14 6.00 bad
53 0.16 8.00 good
25 0.13 6.00 bad
76 0.19 6.00 bad
7 0.12 6.00 good
112 0.11 6.00 bad
274 0.06 8.00 good
15 0.18 8.00 good
14 0.30 6.00 bad
126 0.10 8.00 bad
32 0.08 6.00 good
57 0.19 6.00 good
149 0.02 10.00 good
146 0.06 10.00 good
108 0.08 10.00 good
510 0.07 10.00 good
11 0.13 6.00 bad
131 0.14 8.00 good
1 0.13 8.00 bad
293 0.09 8.00 bad
9 0.24 6.00 bad
303 0.05 10.00 good
7 0.30 8.00 bad
19 0.03 8.00 bad
365 0.05 10.00 good
28 0.10 6.00 bad
710 0.09 8.00 good
54 0.03 2.00 bad
178 0.18 8.00 good
125 0.07 10.00 bad
12 0.19 2.00 good
50 0.22 6.00 good