BookScoreCount AddListCount TwoStarRate Class
97
0 1 2 5 6 7 10 12 13 16 19 21 22 24 26 27 28 29 30 32 36 37 38 39 40 41 42 43 44 45 46 47 48 50 51 52 53 54 55 56 57 59 61 65 66 67 69 71 72 73 76 77 80 81 82 85 86 88 90 92 93 95 96 98 100 101 102 103 105 107 108 110 111 115 118 120 121 123 125 127 128 129 131 132 135 136 139 140 141 142 144 146 147 148 150 151 153
568 214 0.15 good
967 492 0.08 good
47 12 0.10 bad
439 122 0.20 good
187 42 0.14 good
27 8 0.15 bad
78 25 0.26 bad
25 12 0.08 bad
48 9 0.24 bad
119 25 0.22 good
250 70 0.18 bad
44 12 0.37 bad
159 61 0.15 bad
70 23 0.21 bad
100 32 0.09 bad
150 31 0.17 good
263 73 0.11 bad
290 68 0.10 good
29 9 0.18 bad
292 111 0.09 bad
223 63 0.10 bad
216 106 0.03 bad
63 19 0.35 bad
20 1 0.26 bad
495 172 0.12 good
670 289 0.14 good
686 215 0.17 bad
81 18 0.13 good
1885 242 0.07 good
299 93 0.20 bad
108 28 0.07 good
79 20 0.28 bad
1248 371 0.09 bad
29 7 0.28 good
133 42 0.30 bad
1780 446 0.04 bad
22 1 0.33 bad
43 9 0.05 good
55 11 0.28 bad
80 13 0.20 good
2109 551 0.07 bad
484 138 0.21 good
86 33 0.08 good
82 22 0.28 bad
21 2 0.14 bad
90 17 0.06 good
20 5 0.05 bad
248 119 0.12 bad
956 180 0.08 good
19 8 0.11 bad
429 110 0.07 good
745 183 0.07 bad
714 193 0.03 bad
25 4 0.08 bad
31 3 0.41 bad
356 55 0.19 good
222 53 0.03 bad
1636 321 0.10 good
16 4 0.13 bad
527 141 0.04 good
396 121 0.08 bad
13 4 0.23 bad
188 100 0.11 good
2113 558 0.08 good
42 8 0.02 bad
219 65 0.10 bad
225 39 0.14 good
29 6 0.08 bad
339 98 0.08 good
1184 188 0.12 bad
5393 1586 0.02 good
112 31 0.21 bad
182 53 0.16 good
282 76 0.19 bad
274 112 0.11 bad
45 15 0.18 good
59 14 0.30 bad
93 32 0.08 good
768 149 0.02 good
387 146 0.06 good
607 108 0.08 good
2063 510 0.07 good
31 5 0.41 good
614 131 0.14 good
1310 293 0.09 bad
68 9 0.24 bad
1100 206 0.07 good
21 7 0.30 bad
83 19 0.03 bad
2366 365 0.05 good
364 103 0.25 bad
2356 710 0.09 good
208 26 0.22 good
1080 54 0.03 bad
21 5 0.15 bad
638 125 0.07 bad
209 50 0.22 good