BookWordCount AddListCount ThreeStarRate Class
93
0 1 4 5 6 7 8 10 11 12 13 15 16 17 19 20 21 22 24 25 26 27 28 29 30 32 33 34 35 39 40 43 45 46 47 48 54 55 58 60 61 65 66 67 68 69 70 72 73 74 77 80 81 84 85 88 89 90 93 94 95 98 99 100 101 103 105 106 110 111 113 114 116 117 120 121 125 129 130 131 134 136 138 140 141 142 145 146 148 149 151 152 153
177.20 214 0.28 good
289.90 492 0.23 good
139.00 22 0.33 bad
158.50 122 0.26 good
59.60 42 0.21 good
38.90 8 0.48 bad
143.50 53 0.30 bad
82.50 25 0.23 bad
13.40 15 0.40 bad
21.80 12 0.44 bad
27.50 9 0.39 bad
257.20 204 0.27 bad
135.80 25 0.23 good
33.60 10 0.20 bad
122.40 70 0.22 bad
82.30 17 0.15 good
74.10 12 0.16 bad
77.70 61 0.40 bad
74.80 23 0.36 bad
35.90 2 0.20 bad
62.70 32 0.43 bad
147.20 31 0.21 good
53.00 73 0.25 bad
233.90 68 0.22 good
150.70 9 0.32 bad
51.10 111 0.31 bad
178.90 49 0.29 good
154.60 24 0.39 bad
713.10 254 0.18 good
22.80 1 0.16 bad
153.10 172 0.24 good
74.40 18 0.24 good
380.50 93 0.30 bad
123.50 28 0.19 good
49.70 20 0.20 bad
281.40 371 0.33 bad
13.00 9 0.33 good
106.40 11 0.33 bad
63.50 70 0.14 good
45.10 19 0.18 bad
17.00 33 0.25 good
72.20 22 0.31 bad
34.80 2 0.43 bad
16.80 17 0.16 good
79.60 45 0.25 bad
7.30 5 0.26 bad
55.40 2 0.04 bad
390.00 180 0.26 good
68.60 8 0.22 bad
49.30 16 0.36 bad
1070.70 183 0.22 bad
144.70 193 0.13 bad
87.70 4 0.54 bad
30.00 3 0.33 bad
87.20 55 0.15 good
315.30 321 0.18 good
153.20 49 0.27 bad
50.40 4 0.20 bad
90.50 121 0.26 bad
63.70 57 0.23 good
99.00 4 0.46 bad
170.60 558 0.22 good
181.90 253 0.34 bad
59.90 8 0.34 bad
219.60 65 0.26 bad
21.40 6 0.50 bad
198.70 98 0.19 good
64.40 102 0.27 good
133.50 31 0.28 bad
148.90 53 0.26 good
247.80 25 0.36 bad
31.70 218 0.09 bad
118.30 7 0.42 good
59.10 5 0.45 bad
85.80 15 0.20 good
145.90 14 0.32 bad
65.70 149 0.08 good
322.80 510 0.16 good
46.30 11 0.28 bad
195.70 5 0.13 good
179.50 168 0.21 good
72.70 9 0.32 bad
212.90 53 0.22 bad
43.40 7 0.07 bad
25.10 19 0.19 bad
518.00 365 0.15 good
62.30 28 0.45 bad
477.20 710 0.27 good
209.90 54 0.04 bad
382.10 178 0.23 good
93.00 125 0.16 bad
163.50 12 0.28 good
73.20 50 0.25 good