BookWordCount BookScore ThreeStarRate Class
100
0 1 2 3 4 7 9 11 13 16 17 18 19 20 21 22 23 24 26 27 28 30 31 32 34 35 36 37 39 40 41 44 45 46 48 49 50 51 52 55 57 58 60 63 64 66 67 68 70 71 72 74 77 79 80 81 83 84 85 87 89 90 92 93 94 96 99 103 104 105 106 107 108 109 110 111 112 115 118 119 121 123 124 128 130 132 133 137 138 139 140 141 142 144 145 147 148 149 152 153
177.20 6.4 0.28 good
289.90 7.2 0.23 good
48.30 6.4 0.40 bad
52.30 6.4 0.27 bad
139.00 5.8 0.33 bad
38.90 5.8 0.48 bad
21.30 5.4 0.26 bad
13.40 6.9 0.40 bad
27.50 5.5 0.39 bad
135.80 5.7 0.23 good
33.60 5.6 0.20 bad
24.10 6.5 0.28 bad
122.40 6.7 0.22 bad
82.30 5.3 0.15 good
74.10 4.6 0.16 bad
77.70 6.5 0.40 bad
122.20 4.7 0.28 good
74.80 5.5 0.36 bad
62.70 6.5 0.43 bad
147.20 4.5 0.21 good
53.00 7.2 0.25 bad
150.70 5.4 0.32 bad
78.00 5.8 0.33 good
51.10 6.8 0.31 bad
154.60 5.1 0.39 bad
713.10 5.5 0.18 good
87.00 6.7 0.23 bad
51.30 7.8 0.20 bad
22.80 3.5 0.16 bad
153.10 6.7 0.24 good
168.40 6.7 0.34 good
296.80 5.4 0.11 good
380.50 5.8 0.30 bad
123.50 7.1 0.19 good
281.40 6.8 0.33 bad
44.50 5.9 0.39 bad
51.90 5.3 0.32 good
84.60 5.9 0.37 bad
76.10 7.9 0.15 bad
106.40 5.6 0.33 bad
293.40 6.2 0.21 bad
63.50 7.5 0.14 good
45.10 6.2 0.18 bad
108.60 6.2 0.12 good
54.40 4.4 0.21 bad
34.80 5.9 0.43 bad
16.80 7.6 0.16 good
79.60 6.8 0.25 bad
55.40 5.9 0.04 bad
98.90 6.1 0.25 bad
390.00 7.3 0.26 good
49.30 6.1 0.36 bad
1070.70 7.6 0.22 bad
131.20 5.2 0.26 bad
144.70 8.3 0.13 bad
87.70 5.8 0.54 bad
40.80 6.6 0.28 bad
30.00 5.9 0.33 bad
87.20 5.2 0.15 good
112.10 6.4 0.23 bad
153.20 6.4 0.27 bad
50.40 4.0 0.20 bad
116.50 7.8 0.16 good
90.50 6.9 0.26 bad
63.70 7.0 0.23 good
34.10 6.7 0.28 good
181.90 6.5 0.34 bad
21.40 6.6 0.50 bad
150.50 4.9 0.34 bad
198.70 7.4 0.19 good
64.40 6.0 0.27 good
310.00 6.4 0.15 bad
446.50 8.7 0.10 good
101.10 6.0 0.36 bad
133.50 5.8 0.28 bad
148.90 5.8 0.26 good
107.80 5.4 0.30 bad
119.20 5.5 0.35 bad
92.20 6.5 0.39 bad
427.70 7.3 0.20 good
145.90 4.5 0.32 bad
153.40 7.0 0.37 good
223.00 5.6 0.29 good
296.70 6.5 0.13 good
46.30 5.7 0.28 bad
237.20 6.4 0.25 good
145.80 5.9 0.33 bad
448.70 7.8 0.15 good
212.90 5.7 0.22 bad
130.30 7.0 0.24 good
43.40 6.4 0.07 bad
25.10 6.9 0.19 bad
518.00 7.8 0.15 good
319.70 5.4 0.27 bad
62.30 6.7 0.45 bad
154.00 3.9 0.19 good
209.90 3.3 0.04 bad
382.10 6.0 0.23 good
163.50 5.1 0.28 good
73.20 5.7 0.25 good