AddListCount TwoStarRate Kurtosis Class
94
0 2 3 4 5 7 9 10 13 15 18 20 21 22 23 24 26 27 28 31 33 38 39 41 42 43 46 47 48 49 50 52 53 55 56 57 58 63 64 67 69 70 71 72 73 75 76 78 79 80 82 87 89 90 92 95 96 99 100 101 103 106 107 113 116 117 119 120 121 122 123 124 125 126 127 128 129 130 131 133 134 136 137 139 140 141 143 144 146 147 149 151 152 153
214 0.15 200.91 good
12 0.10 267.71 bad
38 0.12 155.27 bad
22 0.09 113.07 bad
122 0.20 93.52 good
8 0.15 181.37 bad
14 0.18 110.48 bad
25 0.26 143.84 bad
9 0.24 156.17 bad
204 0.13 188.48 bad
7 0.17 137.29 bad
17 0.20 48.29 good
12 0.37 66.70 bad
61 0.15 468.11 bad
32 0.31 78.49 good
23 0.21 114.10 bad
32 0.09 249.04 bad
31 0.17 40.03 good
73 0.11 418.19 bad
6 0.30 211.54 good
49 0.20 163.05 good
19 0.35 172.89 bad
1 0.26 53.89 bad
289 0.14 389.04 good
215 0.17 74.29 bad
18 0.13 44.83 good
28 0.07 218.67 good
20 0.28 85.63 bad
371 0.09 362.40 bad
13 0.10 155.38 bad
7 0.28 119.73 good
446 0.04 453.60 bad
1 0.33 31.11 bad
11 0.28 182.02 bad
13 0.20 74.03 good
551 0.07 94.54 bad
70 0.05 256.16 good
21 0.07 55.29 good
10 0.27 59.06 bad
17 0.06 278.88 good
5 0.05 758.93 bad
2 0.10 49.13 bad
119 0.12 106.33 bad
180 0.08 259.41 good
8 0.11 278.58 bad
8 0.10 344.01 good
110 0.07 159.36 good
57 0.10 147.32 bad
94 0.19 65.93 bad
193 0.03 599.56 bad
3 0.41 87.78 bad
65 0.09 95.46 bad
49 0.17 208.64 bad
4 0.13 25.57 bad
141 0.04 444.03 good
4 0.23 128.84 bad
100 0.11 282.28 good
253 0.12 243.27 bad
8 0.02 297.05 bad
65 0.10 286.97 bad
6 0.08 664.54 bad
102 0.14 114.14 good
188 0.12 72.91 bad
25 0.13 164.81 bad
7 0.12 138.45 good
5 0.11 132.92 bad
274 0.06 297.36 good
15 0.18 75.21 good
14 0.30 102.63 bad
126 0.10 313.76 bad
32 0.08 502.72 good
57 0.19 101.09 good
149 0.02 1797.82 good
48 0.06 76.64 good
146 0.06 319.05 good
108 0.08 82.37 good
510 0.07 209.65 good
11 0.13 73.99 bad
5 0.41 58.14 good
1 0.13 194.01 bad
168 0.12 176.74 good
9 0.24 63.17 bad
303 0.05 478.73 good
206 0.07 304.97 good
7 0.30 361.68 bad
19 0.03 311.51 bad
42 0.21 86.23 bad
103 0.25 97.95 bad
710 0.09 402.15 good
26 0.22 40.59 good
178 0.18 113.50 good
125 0.07 105.22 bad
12 0.19 62.68 good
50 0.22 105.28 good