BookScoreCount ThreeStarRate Median Class
95
1 2 3 7 8 9 12 14 15 17 18 23 24 25 26 27 28 31 32 33 34 35 36 37 38 41 43 44 45 46 47 48 49 50 51 52 53 55 58 60 61 63 64 65 66 70 71 72 74 75 76 79 81 83 84 85 87 88 90 93 94 95 97 98 100 101 102 103 104 106 109 111 113 114 115 116 118 120 123 124 128 130 132 133 135 136 137 138 140 145 146 148 149 151 152
967 0.23 8.00 good
47 0.40 6.00 bad
129 0.27 6.00 bad
27 0.48 6.00 bad
177 0.30 6.00 bad
51 0.26 6.00 bad
25 0.44 6.00 bad
454 0.21 6.00 good
658 0.27 6.00 bad
36 0.20 6.00 bad
23 0.28 6.00 bad
116 0.28 4.00 good
70 0.36 6.00 bad
11 0.20 4.00 bad
100 0.43 6.00 bad
150 0.21 4.00 good
263 0.25 8.00 bad
44 0.33 6.00 good
292 0.31 8.00 bad
192 0.29 6.00 good
97 0.39 6.00 bad
1909 0.18 6.00 good
223 0.23 8.00 bad
216 0.20 8.00 bad
63 0.27 6.00 bad
670 0.34 6.00 good
81 0.24 6.00 good
1885 0.11 4.00 good
299 0.30 6.00 bad
108 0.19 8.00 good
79 0.20 4.00 bad
1248 0.33 6.00 bad
72 0.39 6.00 bad
29 0.32 6.00 good
133 0.37 6.00 bad
1780 0.15 8.00 bad
22 0.14 4.00 bad
55 0.33 6.00 bad
461 0.14 8.00 good
108 0.18 6.00 bad
86 0.25 8.00 good
91 0.12 6.00 good
45 0.21 4.00 bad
82 0.31 4.00 bad
21 0.43 6.00 bad
51 0.04 8.00 bad
248 0.25 6.00 bad
956 0.26 8.00 good
46 0.36 6.00 bad
21 0.40 6.00 good
429 0.15 8.00 good
531 0.26 6.00 bad
25 0.54 6.00 bad
104 0.28 6.00 bad
21 0.33 6.00 bad
356 0.15 4.00 good
182 0.23 6.00 bad
1636 0.18 8.00 good
16 0.20 2.00 bad
396 0.26 8.00 bad
218 0.23 8.00 good
13 0.46 6.00 bad
39 0.26 8.00 good
2113 0.22 8.00 good
42 0.34 8.00 bad
219 0.26 8.00 bad
225 0.26 6.00 good
29 0.50 6.00 bad
25 0.34 4.00 bad
349 0.27 6.00 good
88 0.36 6.00 bad
182 0.26 6.00 good
136 0.36 6.00 bad
1114 0.09 10.00 bad
282 0.35 6.00 bad
19 0.42 6.00 good
274 0.39 6.00 bad
45 0.20 6.00 good
93 0.37 6.00 good
320 0.29 6.00 good
607 0.13 8.00 good
82 0.28 6.00 bad
614 0.25 6.00 good
23 0.33 6.00 bad
1310 0.24 8.00 bad
68 0.32 4.00 bad
1641 0.15 8.00 good
328 0.22 6.00 bad
21 0.07 8.00 bad
61 0.45 6.00 bad
2356 0.27 8.00 good
1080 0.04 2.00 bad
674 0.23 6.00 good
638 0.16 8.00 bad
45 0.28 6.00 good