BookScoreCount AddListCount ThreeStarRate Class
98
3 4 5 6 7 8 10 14 15 16 22 23 24 26 27 28 29 30 32 33 34 37 38 40 42 43 44 45 46 47 48 49 50 51 53 54 56 58 59 60 61 62 65 66 67 68 73 74 75 81 82 85 86 87 88 89 90 91 92 93 95 96 97 99 101 103 107 108 112 113 114 115 117 118 120 121 122 123 127 130 131 132 134 136 137 138 139 140 141 143 144 145 146 147 148 149 150 152
129 38 0.27 bad
78 22 0.33 bad
439 122 0.26 good
187 42 0.21 good
27 8 0.48 bad
177 53 0.30 bad
78 25 0.23 bad
454 136 0.21 good
658 204 0.27 bad
119 25 0.23 good
159 61 0.40 bad
116 32 0.28 good
70 23 0.36 bad
100 32 0.43 bad
150 31 0.21 good
263 73 0.25 bad
290 68 0.22 good
29 9 0.32 bad
292 111 0.31 bad
192 49 0.29 good
97 24 0.39 bad
216 106 0.20 bad
63 19 0.27 bad
495 172 0.24 good
686 215 0.26 bad
81 18 0.24 good
1885 242 0.11 good
299 93 0.30 bad
108 28 0.19 good
79 20 0.20 bad
1248 371 0.33 bad
72 13 0.39 bad
29 7 0.32 good
133 42 0.37 bad
22 1 0.14 bad
43 9 0.33 good
80 13 0.32 good
461 70 0.14 good
484 138 0.21 good
108 19 0.18 bad
86 33 0.25 good
13 3 0.08 bad
82 22 0.31 bad
21 2 0.43 bad
90 17 0.16 good
153 45 0.25 bad
19 8 0.22 bad
46 16 0.36 bad
21 8 0.40 good
25 4 0.54 bad
31 3 0.20 bad
356 55 0.15 good
222 53 0.30 bad
182 65 0.23 bad
1636 321 0.18 good
145 49 0.27 bad
16 4 0.20 bad
654 218 0.16 good
527 141 0.16 good
396 121 0.26 bad
13 4 0.46 bad
188 100 0.28 good
39 7 0.26 good
942 253 0.34 bad
219 65 0.26 bad
29 6 0.50 bad
1184 188 0.15 bad
5393 1586 0.10 good
201 63 0.30 bad
136 25 0.36 bad
1114 218 0.09 bad
282 76 0.35 bad
34 5 0.45 bad
274 112 0.39 bad
45 15 0.20 good
59 14 0.32 bad
385 126 0.28 bad
93 32 0.37 good
387 146 0.22 good
82 11 0.28 bad
31 5 0.13 good
614 131 0.25 good
795 168 0.21 good
68 9 0.32 bad
1641 303 0.15 good
328 53 0.22 bad
1100 206 0.24 good
21 7 0.07 bad
83 19 0.19 bad
153 42 0.22 bad
364 103 0.27 bad
61 28 0.45 bad
2356 710 0.27 good
208 26 0.19 good
1080 54 0.04 bad
674 178 0.23 good
21 5 0.35 bad
45 12 0.28 good