BookWordCount BookScoreCount Median Class
96
0 1 2 3 4 5 6 7 9 10 12 13 14 15 19 20 22 25 26 27 28 30 35 36 37 40 41 42 43 45 46 47 48 50 51 54 59 61 62 67 68 69 70 71 72 73 74 75 76 77 79 80 81 83 85 86 87 88 90 91 92 95 97 98 100 102 103 106 107 109 110 111 112 115 117 118 120 124 125 126 129 133 134 135 136 137 138 140 141 143 144 145 146 149 150 153
177.20 568 6.00 good
289.90 967 8.00 good
48.30 47 6.00 bad
52.30 129 6.00 bad
139.00 78 6.00 bad
158.50 439 6.00 good
59.60 187 6.00 good
38.90 27 6.00 bad
21.30 51 6.00 bad
82.50 78 6.00 bad
21.80 25 6.00 bad
27.50 48 6.00 bad
123.80 454 6.00 good
257.20 658 6.00 bad
122.40 250 6.00 bad
82.30 112 4.00 good
77.70 159 6.00 bad
35.90 11 4.00 bad
62.70 100 6.00 bad
147.20 150 4.00 good
53.00 263 8.00 bad
150.70 29 6.00 bad
713.10 1909 6.00 good
87.00 223 8.00 bad
51.30 216 8.00 bad
153.10 495 8.00 good
168.40 670 6.00 good
300.10 686 6.00 bad
74.40 81 6.00 good
380.50 299 6.00 bad
123.50 108 8.00 good
49.70 79 4.00 bad
281.40 1248 6.00 bad
51.90 29 6.00 good
84.60 133 6.00 bad
13.00 43 6.00 good
133.40 484 6.00 good
17.00 86 8.00 good
49.60 13 4.00 bad
16.80 90 8.00 good
79.60 153 8.00 bad
7.30 20 8.00 bad
55.40 51 8.00 bad
98.90 248 6.00 bad
390.00 956 8.00 good
68.60 19 8.00 bad
49.30 46 6.00 bad
39.60 21 6.00 good
46.20 429 8.00 good
1070.70 745 8.00 bad
131.20 531 6.00 bad
144.70 714 10.00 bad
87.70 25 6.00 bad
40.80 104 6.00 bad
87.20 356 4.00 good
129.90 222 8.00 bad
112.10 182 6.00 bad
315.30 1636 8.00 good
50.40 16 2.00 bad
126.20 654 8.00 good
116.50 527 8.00 good
99.00 13 6.00 bad
22.20 39 8.00 good
170.60 2113 8.00 good
59.90 42 8.00 bad
78.10 225 6.00 good
21.40 29 6.00 bad
64.40 349 6.00 good
310.00 1184 6.00 bad
101.10 88 6.00 bad
133.50 112 6.00 bad
148.90 182 6.00 good
107.80 201 6.00 bad
119.20 282 6.00 bad
59.10 34 6.00 bad
92.20 274 6.00 bad
85.80 45 6.00 good
223.00 320 6.00 good
65.70 768 10.00 good
89.70 353 8.00 good
322.80 2063 8.00 good
145.80 23 6.00 bad
179.50 795 8.00 good
335.20 1310 8.00 bad
72.70 68 4.00 bad
448.70 1641 8.00 good
212.90 328 6.00 bad
43.40 21 8.00 bad
25.10 83 8.00 bad
177.70 153 6.00 bad
319.70 364 6.00 bad
62.30 61 6.00 bad
477.20 2356 8.00 good
382.10 674 6.00 good
44.60 21 6.00 bad
73.20 209 6.00 good