TwoStarRate ThreeStarRate FourStarRate Class
93
0 1 2 3 5 7 8 9 11 15 24 25 26 29 30 32 34 35 37 39 40 41 42 44 45 49 50 52 53 54 56 58 59 60 61 64 66 68 69 70 74 75 77 79 82 83 84 85 86 89 90 91 93 94 95 97 99 101 102 103 104 107 108 109 110 111 112 113 115 116 117 118 119 124 127 129 132 133 134 135 136 137 138 140 143 144 145 146 147 148 150 151 152
0.15 0.28 0.30 good
0.08 0.23 0.36 good
0.10 0.40 0.24 bad
0.12 0.27 0.27 bad
0.20 0.26 0.21 good
0.15 0.48 0.11 bad
0.16 0.30 0.22 bad
0.18 0.26 0.30 bad
0.04 0.40 0.32 bad
0.13 0.27 0.25 bad
0.21 0.36 0.13 bad
0.20 0.20 0.00 bad
0.09 0.43 0.18 bad
0.10 0.22 0.20 good
0.18 0.32 0.14 bad
0.09 0.31 0.39 bad
0.30 0.39 0.13 bad
0.12 0.18 0.14 good
0.03 0.20 0.44 bad
0.26 0.16 0.05 bad
0.12 0.24 0.33 good
0.14 0.34 0.29 good
0.17 0.26 0.20 bad
0.07 0.11 0.16 good
0.20 0.30 0.23 bad
0.10 0.39 0.23 bad
0.28 0.32 0.14 good
0.04 0.15 0.30 bad
0.33 0.14 0.00 bad
0.05 0.33 0.21 good
0.20 0.32 0.10 good
0.05 0.14 0.30 good
0.21 0.21 0.21 good
0.21 0.18 0.20 bad
0.08 0.25 0.44 good
0.27 0.21 0.14 bad
0.14 0.43 0.19 bad
0.11 0.25 0.30 bad
0.05 0.26 0.42 bad
0.10 0.04 0.32 bad
0.22 0.36 0.31 bad
0.10 0.40 0.30 good
0.07 0.22 0.27 bad
0.19 0.26 0.17 bad
0.41 0.20 0.05 bad
0.17 0.28 0.22 bad
0.14 0.33 0.19 bad
0.19 0.15 0.24 good
0.03 0.30 0.27 bad
0.17 0.27 0.28 bad
0.13 0.20 0.07 bad
0.08 0.16 0.28 good
0.08 0.26 0.34 bad
0.11 0.23 0.33 good
0.23 0.46 0.00 bad
0.03 0.26 0.40 good
0.12 0.34 0.26 bad
0.10 0.26 0.27 bad
0.14 0.26 0.21 good
0.08 0.50 0.26 bad
0.31 0.34 0.04 bad
0.12 0.15 0.17 bad
0.02 0.10 0.20 good
0.14 0.36 0.24 bad
0.21 0.28 0.24 bad
0.16 0.26 0.26 good
0.20 0.30 0.15 bad
0.13 0.36 0.21 bad
0.19 0.35 0.19 bad
0.12 0.42 0.12 good
0.11 0.45 0.14 bad
0.11 0.39 0.30 bad
0.06 0.20 0.33 good
0.19 0.29 0.20 good
0.06 0.22 0.26 good
0.07 0.16 0.26 good
0.14 0.25 0.35 good
0.13 0.33 0.33 bad
0.12 0.21 0.34 good
0.09 0.24 0.29 bad
0.24 0.32 0.05 bad
0.05 0.15 0.33 good
0.10 0.22 0.19 bad
0.30 0.07 0.54 bad
0.21 0.22 0.24 bad
0.25 0.27 0.18 bad
0.10 0.45 0.33 bad
0.09 0.27 0.37 good
0.22 0.19 0.09 good
0.03 0.04 0.06 bad
0.15 0.35 0.20 bad
0.07 0.16 0.19 bad
0.19 0.28 0.14 good