BookScoreCount FourStarRate FiveStarRate Class
99
2 3 4 5 6 7 12 15 18 20 21 22 23 24 25 26 27 29 30 32 34 36 39 42 44 45 46 47 49 50 53 55 56 58 60 61 62 64 65 67 68 70 71 74 76 77 80 81 83 84 85 87 89 92 93 94 96 97 98 99 100 101 102 103 105 106 108 109 111 116 117 118 119 121 123 124 125 129 130 132 133 134 135 136 137 138 139 140 141 143 144 145 146 147 148 149 150 151 153
47 0.24 0.15 bad
129 0.27 0.18 bad
78 0.25 0.10 bad
439 0.21 0.12 good
187 0.18 0.23 good
27 0.11 0.11 bad
25 0.08 0.20 bad
658 0.25 0.23 bad
23 0.14 0.28 bad
112 0.20 0.13 good
44 0.14 0.04 bad
159 0.28 0.11 bad
116 0.08 0.06 good
70 0.13 0.11 bad
11 0.00 0.20 bad
100 0.18 0.19 bad
150 0.15 0.05 good
290 0.20 0.36 good
29 0.14 0.11 bad
292 0.39 0.13 bad
97 0.13 0.03 bad
223 0.34 0.19 bad
20 0.05 0.00 bad
686 0.20 0.11 bad
1885 0.16 0.23 good
299 0.23 0.10 bad
108 0.33 0.27 good
79 0.22 0.08 bad
72 0.23 0.10 bad
29 0.14 0.07 good
22 0.00 0.10 bad
55 0.20 0.06 bad
80 0.10 0.13 good
461 0.30 0.37 good
108 0.20 0.23 bad
86 0.44 0.21 good
13 0.34 0.00 bad
45 0.14 0.02 bad
82 0.07 0.07 bad
90 0.25 0.42 good
153 0.30 0.22 bad
51 0.32 0.20 bad
248 0.25 0.17 bad
46 0.31 0.04 bad
429 0.36 0.24 good
745 0.27 0.37 bad
714 0.19 0.58 bad
25 0.08 0.13 bad
104 0.22 0.22 bad
21 0.19 0.14 bad
356 0.24 0.10 good
182 0.19 0.27 bad
145 0.28 0.17 bad
527 0.29 0.42 good
396 0.34 0.21 bad
218 0.33 0.23 good
188 0.33 0.17 good
39 0.40 0.13 good
2113 0.33 0.29 good
942 0.26 0.17 bad
42 0.27 0.25 bad
219 0.27 0.27 bad
225 0.21 0.08 good
29 0.26 0.11 bad
339 0.33 0.31 good
349 0.24 0.16 good
5393 0.20 0.63 good
88 0.24 0.10 bad
182 0.26 0.12 good
19 0.12 0.17 good
34 0.14 0.09 bad
274 0.30 0.11 bad
1575 0.33 0.29 good
59 0.08 0.02 bad
93 0.30 0.20 good
320 0.20 0.11 good
768 0.20 0.67 good
2063 0.26 0.37 good
82 0.16 0.17 bad
614 0.35 0.13 good
23 0.33 0.04 bad
795 0.34 0.18 good
1310 0.29 0.26 bad
68 0.05 0.09 bad
1641 0.33 0.38 good
328 0.19 0.18 bad
1100 0.36 0.22 good
21 0.54 0.05 bad
83 0.49 0.15 bad
153 0.24 0.10 bad
364 0.18 0.09 bad
61 0.33 0.08 bad
2356 0.37 0.19 good
208 0.09 0.02 good
1080 0.06 0.08 bad
674 0.26 0.15 good
21 0.20 0.15 bad
638 0.19 0.37 bad
209 0.22 0.12 good