BookScore FourStarRate FiveStarRate Class
93
1 3 4 5 6 7 8 9 10 11 12 15 16 17 18 19 20 21 24 26 27 28 31 32 33 36 38 40 41 42 44 45 46 47 49 50 51 52 53 55 58 59 63 66 67 68 69 70 71 73 74 78 81 82 83 87 88 89 90 91 92 93 99 105 106 108 109 111 112 114 116 117 118 119 121 123 125 126 129 130 132 133 134 135 136 138 141 145 147 148 151 152 153
7.2 0.36 0.25 good
6.4 0.27 0.18 bad
5.8 0.25 0.10 bad
5.6 0.21 0.12 good
6.0 0.18 0.23 good
5.8 0.11 0.11 bad
6.5 0.22 0.21 bad
5.4 0.30 0.02 bad
5.8 0.27 0.09 bad
6.9 0.32 0.16 bad
6.0 0.08 0.20 bad
6.6 0.25 0.23 bad
5.7 0.20 0.14 good
5.6 0.23 0.12 bad
6.5 0.14 0.28 bad
6.7 0.22 0.28 bad
5.3 0.20 0.13 good
4.6 0.14 0.04 bad
5.5 0.13 0.11 bad
6.5 0.18 0.19 bad
4.5 0.15 0.05 good
7.2 0.31 0.27 bad
5.8 0.19 0.09 good
6.8 0.39 0.13 bad
6.1 0.23 0.15 good
6.7 0.34 0.19 bad
5.9 0.17 0.13 bad
6.7 0.33 0.19 good
6.7 0.29 0.17 good
5.4 0.20 0.11 bad
5.4 0.16 0.23 good
5.8 0.23 0.10 bad
7.1 0.33 0.27 good
5.3 0.22 0.08 bad
5.9 0.23 0.10 bad
5.3 0.14 0.07 good
5.9 0.21 0.07 bad
7.9 0.30 0.42 bad
4.0 0.00 0.10 bad
5.6 0.20 0.06 bad
7.5 0.30 0.37 good
6.5 0.21 0.25 good
6.2 0.20 0.30 good
5.9 0.19 0.10 bad
7.6 0.25 0.42 good
6.8 0.30 0.22 bad
7.4 0.42 0.21 bad
5.9 0.32 0.20 bad
6.1 0.25 0.17 bad
6.8 0.39 0.17 bad
6.1 0.31 0.04 bad
6.2 0.24 0.16 bad
5.8 0.08 0.13 bad
5.6 0.05 0.22 bad
6.6 0.22 0.22 bad
6.4 0.19 0.27 bad
6.7 0.23 0.30 good
6.4 0.28 0.17 bad
4.0 0.07 0.07 bad
7.2 0.28 0.34 good
7.8 0.29 0.42 good
6.9 0.34 0.21 bad
6.5 0.26 0.17 bad
7.4 0.33 0.31 good
6.0 0.24 0.16 good
8.7 0.20 0.63 good
6.0 0.24 0.10 bad
5.8 0.26 0.12 good
5.4 0.15 0.11 bad
8.5 0.23 0.60 bad
6.0 0.12 0.17 good
5.5 0.14 0.09 bad
6.5 0.30 0.11 bad
7.3 0.33 0.29 good
4.5 0.08 0.02 bad
7.0 0.30 0.20 good
8.9 0.20 0.67 good
6.4 0.21 0.30 good
7.3 0.26 0.37 good
5.7 0.16 0.17 bad
6.4 0.35 0.13 good
5.9 0.33 0.04 bad
6.5 0.34 0.18 good
7.0 0.29 0.26 bad
4.8 0.05 0.09 bad
5.7 0.19 0.18 bad
6.9 0.49 0.15 bad
6.7 0.33 0.08 bad
3.9 0.09 0.02 good
3.3 0.06 0.08 bad
6.8 0.19 0.37 bad
5.1 0.14 0.09 good
5.7 0.22 0.12 good