TwoStarRate ThreeStarRate Kurtosis Class
97
1 2 3 4 5 7 8 11 13 18 19 21 24 25 26 27 28 29 30 31 34 35 38 39 40 42 44 46 48 50 51 54 55 57 58 59 60 61 65 66 67 68 70 71 74 75 78 79 81 82 83 84 85 86 87 89 90 91 92 93 94 97 98 99 100 105 106 107 109 110 111 112 113 115 116 117 119 120 122 123 124 127 128 132 133 134 138 140 142 143 144 145 146 148 149 151 152
0.08 0.23 406.22 good
0.10 0.40 267.71 bad
0.12 0.27 155.27 bad
0.09 0.33 113.07 bad
0.20 0.26 93.52 good
0.15 0.48 181.37 bad
0.16 0.30 196.73 bad
0.04 0.40 491.68 bad
0.24 0.39 156.17 bad
0.17 0.28 137.29 bad
0.18 0.22 181.41 bad
0.37 0.16 66.70 bad
0.21 0.36 114.10 bad
0.20 0.20 28.01 bad
0.09 0.43 249.04 bad
0.17 0.21 40.03 good
0.11 0.25 418.19 bad
0.10 0.22 194.89 good
0.18 0.32 80.73 bad
0.30 0.33 211.54 good
0.30 0.39 192.82 bad
0.12 0.18 41.11 good
0.35 0.27 172.89 bad
0.26 0.16 53.89 bad
0.12 0.24 227.23 good
0.17 0.26 74.29 bad
0.07 0.11 29.34 good
0.07 0.19 218.67 good
0.09 0.33 362.40 bad
0.28 0.32 119.73 good
0.30 0.37 339.26 bad
0.05 0.33 245.77 good
0.28 0.33 182.02 bad
0.07 0.21 94.54 bad
0.05 0.14 256.16 good
0.21 0.21 148.52 good
0.21 0.18 95.85 bad
0.08 0.25 1104.85 good
0.28 0.31 77.07 bad
0.14 0.43 204.65 bad
0.06 0.16 278.88 good
0.11 0.25 223.96 bad
0.10 0.04 49.13 bad
0.12 0.25 106.33 bad
0.22 0.36 393.48 bad
0.10 0.40 344.01 good
0.10 0.33 147.32 bad
0.19 0.26 65.93 bad
0.08 0.54 173.53 bad
0.41 0.20 87.78 bad
0.17 0.28 188.48 bad
0.14 0.33 116.65 bad
0.19 0.15 51.21 good
0.03 0.30 249.84 bad
0.09 0.23 95.46 bad
0.17 0.27 208.64 bad
0.13 0.20 25.57 bad
0.08 0.16 191.97 good
0.04 0.16 444.03 good
0.08 0.26 288.02 bad
0.11 0.23 299.63 good
0.03 0.26 198.40 good
0.08 0.22 391.57 good
0.12 0.34 243.27 bad
0.02 0.34 297.05 bad
0.08 0.19 385.10 good
0.14 0.27 114.14 good
0.12 0.15 72.91 bad
0.14 0.36 170.95 bad
0.21 0.28 131.59 bad
0.16 0.26 113.09 good
0.20 0.30 84.03 bad
0.13 0.36 164.81 bad
0.19 0.35 125.49 bad
0.12 0.42 138.45 good
0.11 0.45 132.92 bad
0.06 0.20 297.36 good
0.18 0.20 75.21 good
0.10 0.28 313.76 bad
0.08 0.37 502.72 good
0.19 0.29 101.09 good
0.06 0.22 319.05 good
0.08 0.13 82.37 good
0.14 0.25 212.10 good
0.13 0.33 194.01 bad
0.12 0.21 176.74 good
0.10 0.22 56.35 bad
0.30 0.07 361.68 bad
0.05 0.15 364.52 good
0.21 0.22 86.23 bad
0.25 0.27 97.95 bad
0.10 0.45 909.70 bad
0.09 0.27 402.15 good
0.03 0.04 9.99 bad
0.18 0.23 113.50 good
0.07 0.16 105.22 bad
0.19 0.28 62.68 good