BookWordCount TwoStarRate Kurtosis Class
99
0 1 2 4 7 8 9 11 12 14 17 18 19 21 22 23 24 26 27 30 31 34 36 38 39 40 41 44 45 46 47 52 53 57 58 59 60 63 64 65 67 68 69 70 72 74 76 77 78 80 81 82 85 86 88 91 93 94 95 96 97 98 100 101 104 105 107 108 109 112 114 115 118 119 120 121 122 123 125 126 127 128 129 130 131 132 133 134 135 137 138 141 143 145 146 147 148 151 152
177.20 0.15 200.91 good
289.90 0.08 406.22 good
48.30 0.10 267.71 bad
139.00 0.09 113.07 bad
38.90 0.15 181.37 bad
143.50 0.16 196.73 bad
21.30 0.18 110.48 bad
13.40 0.04 491.68 bad
21.80 0.08 114.51 bad
123.80 0.14 68.44 good
33.60 0.22 80.31 bad
24.10 0.17 137.29 bad
122.40 0.18 181.41 bad
74.10 0.37 66.70 bad
77.70 0.15 468.11 bad
122.20 0.31 78.49 good
74.80 0.21 114.10 bad
62.70 0.09 249.04 bad
147.20 0.17 40.03 good
150.70 0.18 80.73 bad
78.00 0.30 211.54 good
154.60 0.30 192.82 bad
87.00 0.10 203.97 bad
80.20 0.35 172.89 bad
22.80 0.26 53.89 bad
153.10 0.12 227.23 good
168.40 0.14 389.04 good
296.80 0.07 29.34 good
380.50 0.20 135.14 bad
123.50 0.07 218.67 good
49.70 0.28 85.63 bad
76.10 0.04 453.60 bad
53.70 0.33 31.11 bad
293.40 0.07 94.54 bad
63.50 0.05 256.16 good
133.40 0.21 148.52 good
45.10 0.21 95.85 bad
108.60 0.07 55.29 good
54.40 0.27 59.06 bad
72.20 0.28 77.07 bad
16.80 0.06 278.88 good
79.60 0.11 223.96 bad
7.30 0.05 758.93 bad
55.40 0.10 49.13 bad
390.00 0.08 259.41 good
49.30 0.22 393.48 bad
46.20 0.07 159.36 good
1070.70 0.07 440.27 bad
70.00 0.10 147.32 bad
144.70 0.03 599.56 bad
87.70 0.08 173.53 bad
183.00 0.41 87.78 bad
87.20 0.19 51.21 good
129.90 0.03 249.84 bad
315.30 0.10 118.81 good
126.20 0.08 191.97 good
90.50 0.08 288.02 bad
63.70 0.11 299.63 good
99.00 0.23 128.84 bad
34.10 0.11 282.28 good
22.20 0.03 198.40 good
170.60 0.08 391.57 good
59.90 0.02 297.05 bad
219.60 0.10 286.97 bad
150.50 0.31 92.39 bad
198.70 0.08 385.10 good
310.00 0.12 72.91 bad
446.50 0.02 1238.93 good
101.10 0.14 170.95 bad
107.80 0.20 84.03 bad
31.70 0.02 875.52 bad
119.20 0.19 125.49 bad
92.20 0.11 387.39 bad
427.70 0.06 297.36 good
85.80 0.18 75.21 good
145.90 0.30 102.63 bad
79.20 0.10 313.76 bad
153.40 0.08 502.72 good
65.70 0.02 1797.82 good
89.70 0.06 76.64 good
34.20 0.06 319.05 good
296.70 0.08 82.37 good
322.80 0.07 209.65 good
46.30 0.13 73.99 bad
195.70 0.41 58.14 good
237.20 0.14 212.10 good
145.80 0.13 194.01 bad
179.50 0.12 176.74 good
335.20 0.09 234.30 bad
448.70 0.05 478.73 good
212.90 0.10 56.35 bad
25.10 0.03 311.51 bad
177.70 0.21 86.23 bad
62.30 0.10 909.70 bad
477.20 0.09 402.15 good
154.00 0.22 40.59 good
209.90 0.03 9.99 bad
93.00 0.07 105.22 bad
163.50 0.19 62.68 good