AddListCount ThreeStarRate FourStarRate Class
96
1 2 5 6 7 9 12 13 14 15 16 22 24 25 26 27 28 33 35 39 40 41 44 45 46 48 53 55 59 61 62 63 64 65 66 67 68 69 70 71 72 73 74 75 77 78 79 80 82 84 85 86 87 88 89 93 94 95 100 103 104 105 106 107 108 109 110 111 112 113 115 116 117 119 120 121 122 123 124 125 127 128 130 131 133 134 137 138 139 143 144 147 148 149 150 153
492 0.23 0.36 good
12 0.40 0.24 bad
122 0.26 0.21 good
42 0.21 0.18 good
8 0.48 0.11 bad
14 0.26 0.30 bad
12 0.44 0.08 bad
9 0.39 0.13 bad
136 0.21 0.19 good
204 0.27 0.25 bad
25 0.23 0.20 good
61 0.40 0.28 bad
23 0.36 0.13 bad
2 0.20 0.00 bad
32 0.43 0.18 bad
31 0.21 0.15 good
73 0.25 0.31 bad
49 0.29 0.23 good
254 0.18 0.14 good
1 0.16 0.05 bad
172 0.24 0.33 good
289 0.34 0.29 good
242 0.11 0.16 good
93 0.30 0.23 bad
28 0.19 0.33 good
371 0.33 0.33 bad
1 0.14 0.00 bad
11 0.33 0.20 bad
138 0.21 0.21 good
33 0.25 0.44 good
3 0.08 0.34 bad
21 0.12 0.20 good
10 0.21 0.14 bad
22 0.31 0.07 bad
2 0.43 0.19 bad
17 0.16 0.25 good
45 0.25 0.30 bad
5 0.26 0.42 bad
2 0.04 0.32 bad
119 0.25 0.25 bad
180 0.26 0.20 good
8 0.22 0.39 bad
16 0.36 0.31 bad
8 0.40 0.30 good
183 0.22 0.27 bad
57 0.33 0.24 bad
94 0.26 0.17 bad
193 0.13 0.19 bad
3 0.20 0.05 bad
3 0.33 0.19 bad
55 0.15 0.24 good
53 0.30 0.27 bad
65 0.23 0.19 bad
321 0.18 0.23 good
49 0.27 0.28 bad
121 0.26 0.34 bad
57 0.23 0.33 good
4 0.46 0.00 bad
8 0.34 0.27 bad
6 0.50 0.26 bad
5 0.34 0.04 bad
98 0.19 0.33 good
102 0.27 0.24 good
188 0.15 0.17 bad
1586 0.10 0.20 good
34 0.36 0.24 bad
31 0.28 0.24 bad
53 0.26 0.26 good
63 0.30 0.15 bad
25 0.36 0.21 bad
76 0.35 0.19 bad
7 0.42 0.12 good
5 0.45 0.14 bad
274 0.20 0.33 good
15 0.20 0.25 good
14 0.32 0.08 bad
126 0.28 0.29 bad
32 0.37 0.30 good
57 0.29 0.20 good
149 0.08 0.20 good
146 0.22 0.26 good
108 0.13 0.23 good
11 0.28 0.16 bad
5 0.13 0.11 good
1 0.33 0.33 bad
168 0.21 0.34 good
303 0.15 0.33 good
53 0.22 0.19 bad
206 0.24 0.36 good
42 0.22 0.24 bad
103 0.27 0.18 bad
26 0.19 0.09 good
54 0.04 0.06 bad
178 0.23 0.26 good
5 0.35 0.20 bad
50 0.25 0.22 good