BookScoreCount TwoStarRate Kurtosis Class
103
2 4 5 6 7 8 9 10 12 14 15 16 18 20 22 23 24 25 27 28 31 34 35 37 38 39 41 42 44 46 49 50 51 52 53 54 55 57 58 61 62 64 65 66 67 68 69 70 71 73 74 75 76 78 79 80 81 83 85 86 88 90 91 92 96 99 100 101 102 104 106 107 108 109 110 111 112 113 115 116 118 120 121 124 126 127 128 129 131 136 137 138 139 140 142 143 144 146 148 149 150 152 153
47 0.10 267.71 bad
78 0.09 113.07 bad
439 0.20 93.52 good
187 0.14 75.15 good
27 0.15 181.37 bad
177 0.16 196.73 bad
51 0.18 110.48 bad
78 0.26 143.84 bad
25 0.08 114.51 bad
454 0.14 68.44 good
658 0.13 188.48 bad
119 0.22 87.54 good
23 0.17 137.29 bad
112 0.20 48.29 good
159 0.15 468.11 bad
116 0.31 78.49 good
70 0.21 114.10 bad
11 0.20 28.01 bad
150 0.17 40.03 good
263 0.11 418.19 bad
44 0.30 211.54 good
97 0.30 192.82 bad
1909 0.12 41.11 good
216 0.03 948.64 bad
63 0.35 172.89 bad
20 0.26 53.89 bad
670 0.14 389.04 good
686 0.17 74.29 bad
1885 0.07 29.34 good
108 0.07 218.67 good
72 0.10 155.38 bad
29 0.28 119.73 good
133 0.30 339.26 bad
1780 0.04 453.60 bad
22 0.33 31.11 bad
43 0.05 245.77 good
55 0.28 182.02 bad
2109 0.07 94.54 bad
461 0.05 256.16 good
86 0.08 1104.85 good
13 0.50 199.64 bad
45 0.27 59.06 bad
82 0.28 77.07 bad
21 0.14 204.65 bad
90 0.06 278.88 good
153 0.11 223.96 bad
20 0.05 758.93 bad
51 0.10 49.13 bad
248 0.12 106.33 bad
19 0.11 278.58 bad
46 0.22 393.48 bad
21 0.10 344.01 good
429 0.07 159.36 good
217 0.10 147.32 bad
531 0.19 65.93 bad
714 0.03 599.56 bad
25 0.08 173.53 bad
104 0.17 188.48 bad
356 0.19 51.21 good
222 0.03 249.84 bad
1636 0.10 118.81 good
16 0.13 25.57 bad
654 0.08 191.97 good
527 0.04 444.03 good
188 0.11 282.28 good
942 0.12 243.27 bad
42 0.02 297.05 bad
219 0.10 286.97 bad
225 0.14 65.28 good
25 0.31 92.39 bad
349 0.14 114.14 good
1184 0.12 72.91 bad
5393 0.02 1238.93 good
88 0.14 170.95 bad
112 0.21 131.59 bad
182 0.16 113.09 good
201 0.20 84.03 bad
136 0.13 164.81 bad
282 0.19 125.49 bad
19 0.12 138.45 good
274 0.11 387.39 bad
45 0.18 75.21 good
59 0.30 102.63 bad
320 0.19 101.09 good
353 0.06 76.64 good
387 0.06 319.05 good
607 0.08 82.37 good
2063 0.07 209.65 good
31 0.41 58.14 good
68 0.24 63.17 bad
1641 0.05 478.73 good
328 0.10 56.35 bad
1100 0.07 304.97 good
21 0.30 361.68 bad
2366 0.05 364.52 good
153 0.21 86.23 bad
364 0.25 97.95 bad
2356 0.09 402.15 good
1080 0.03 9.99 bad
674 0.18 113.50 good
21 0.15 158.29 bad
45 0.19 62.68 good
209 0.22 105.28 good