FourStarRate FiveStarRate Mode Class
92
1 3 4 5 7 8 11 13 17 18 21 22 23 25 26 27 28 30 31 32 33 34 36 38 39 41 48 49 50 51 52 54 57 59 61 62 63 64 65 66 67 68 75 77 79 80 81 84 85 86 87 89 90 91 92 93 94 95 101 103 105 106 108 111 113 114 115 116 117 119 120 123 126 127 128 129 130 131 132 135 136 137 138 139 140 141 142 143 144 146 149 153
0.36 0.25 8.00 good
0.27 0.18 8.00 bad
0.25 0.10 6.00 bad
0.21 0.12 6.00 good
0.11 0.11 6.00 bad
0.22 0.21 6.00 bad
0.32 0.16 6.00 bad
0.13 0.09 6.00 bad
0.23 0.12 8.00 bad
0.14 0.28 10.00 bad
0.14 0.04 4.00 bad
0.28 0.11 6.00 bad
0.08 0.06 4.00 good
0.00 0.20 2.00 bad
0.18 0.19 6.00 bad
0.15 0.05 2.00 good
0.31 0.27 8.00 bad
0.14 0.11 6.00 bad
0.19 0.09 6.00 good
0.39 0.13 8.00 bad
0.23 0.15 6.00 good
0.13 0.03 6.00 bad
0.34 0.19 8.00 bad
0.17 0.13 4.00 bad
0.05 0.00 2.00 bad
0.29 0.17 6.00 good
0.33 0.17 8.00 bad
0.23 0.10 6.00 bad
0.14 0.07 6.00 good
0.21 0.07 6.00 bad
0.30 0.42 10.00 bad
0.21 0.29 6.00 good
0.29 0.18 8.00 bad
0.21 0.25 10.00 good
0.44 0.21 8.00 good
0.34 0.00 4.00 bad
0.20 0.30 2.00 good
0.14 0.02 2.00 bad
0.07 0.07 6.00 bad
0.19 0.10 6.00 bad
0.25 0.42 10.00 good
0.30 0.22 8.00 bad
0.30 0.10 6.00 good
0.27 0.37 10.00 bad
0.17 0.10 2.00 bad
0.19 0.58 10.00 bad
0.08 0.13 6.00 bad
0.19 0.14 6.00 bad
0.24 0.10 2.00 good
0.27 0.26 6.00 bad
0.19 0.27 10.00 bad
0.28 0.17 8.00 bad
0.07 0.07 2.00 bad
0.28 0.34 10.00 good
0.29 0.42 10.00 good
0.34 0.21 8.00 bad
0.33 0.23 8.00 good
0.00 0.15 6.00 bad
0.27 0.27 10.00 bad
0.26 0.11 6.00 bad
0.33 0.31 8.00 good
0.24 0.16 6.00 good
0.20 0.63 10.00 good
0.26 0.12 8.00 good
0.21 0.14 6.00 bad
0.23 0.60 10.00 bad
0.19 0.07 6.00 bad
0.12 0.17 6.00 good
0.14 0.09 6.00 bad
0.33 0.29 8.00 good
0.25 0.11 8.00 good
0.30 0.20 6.00 good
0.21 0.30 10.00 good
0.26 0.36 10.00 good
0.23 0.31 10.00 good
0.26 0.37 10.00 good
0.16 0.17 6.00 bad
0.11 0.06 4.00 good
0.35 0.13 8.00 good
0.29 0.26 8.00 bad
0.05 0.09 6.00 bad
0.33 0.38 10.00 good
0.19 0.18 2.00 bad
0.36 0.22 8.00 good
0.54 0.05 8.00 bad
0.49 0.15 8.00 bad
0.24 0.46 10.00 good
0.24 0.10 8.00 bad
0.18 0.09 6.00 bad
0.37 0.19 8.00 good
0.26 0.15 8.00 good
0.22 0.12 6.00 good