BookWordCount ThreeStarRate FiveStarRate Class
102
0 1 3 4 5 6 7 8 9 12 13 14 17 18 19 20 21 22 23 27 28 34 35 36 37 38 39 40 41 42 43 44 49 52 53 54 55 57 58 59 61 63 69 71 73 74 75 76 77 78 80 81 83 86 87 90 91 92 93 95 96 98 100 101 102 103 104 105 106 107 108 110 111 113 114 115 116 117 118 119 123 125 126 127 128 129 130 132 134 135 137 138 139 140 141 142 144 145 146 149 151 152
177.20 0.28 0.15 good
289.90 0.23 0.25 good
52.30 0.27 0.18 bad
139.00 0.33 0.10 bad
158.50 0.26 0.12 good
59.60 0.21 0.23 good
38.90 0.48 0.11 bad
143.50 0.30 0.21 bad
21.30 0.26 0.02 bad
21.80 0.44 0.20 bad
27.50 0.39 0.09 bad
123.80 0.21 0.20 good
33.60 0.20 0.12 bad
24.10 0.28 0.28 bad
122.40 0.22 0.28 bad
82.30 0.15 0.13 good
74.10 0.16 0.04 bad
77.70 0.40 0.11 bad
122.20 0.28 0.06 good
147.20 0.21 0.05 good
53.00 0.25 0.27 bad
154.60 0.39 0.03 bad
713.10 0.18 0.21 good
87.00 0.23 0.19 bad
51.30 0.20 0.28 bad
80.20 0.27 0.13 bad
22.80 0.16 0.00 bad
153.10 0.24 0.19 good
168.40 0.34 0.17 good
300.10 0.26 0.11 bad
74.40 0.24 0.14 good
296.80 0.11 0.23 good
44.50 0.39 0.10 bad
76.10 0.15 0.42 bad
53.70 0.14 0.10 bad
13.00 0.33 0.29 good
106.40 0.33 0.06 bad
293.40 0.21 0.18 bad
63.50 0.14 0.37 good
133.40 0.21 0.25 good
17.00 0.25 0.21 good
108.60 0.12 0.30 good
7.30 0.26 0.21 bad
98.90 0.25 0.17 bad
68.60 0.22 0.17 bad
49.30 0.36 0.04 bad
39.60 0.40 0.10 good
46.20 0.15 0.24 good
1070.70 0.22 0.37 bad
70.00 0.33 0.16 bad
144.70 0.13 0.58 bad
87.70 0.54 0.13 bad
40.80 0.28 0.22 bad
129.90 0.30 0.26 bad
112.10 0.23 0.27 bad
50.40 0.20 0.07 bad
126.20 0.16 0.34 good
116.50 0.16 0.42 good
90.50 0.26 0.21 bad
99.00 0.46 0.15 bad
34.10 0.28 0.17 good
170.60 0.22 0.29 good
59.90 0.34 0.25 bad
219.60 0.26 0.27 bad
78.10 0.26 0.08 good
21.40 0.50 0.11 bad
150.50 0.34 0.09 bad
198.70 0.19 0.31 good
64.40 0.27 0.16 good
310.00 0.15 0.31 bad
446.50 0.10 0.63 good
133.50 0.28 0.10 bad
148.90 0.26 0.12 good
247.80 0.36 0.14 bad
31.70 0.09 0.60 bad
119.20 0.35 0.07 bad
118.30 0.42 0.17 good
59.10 0.45 0.09 bad
92.20 0.39 0.11 bad
427.70 0.20 0.29 good
153.40 0.37 0.20 good
65.70 0.08 0.67 good
89.70 0.16 0.30 good
34.20 0.22 0.36 good
296.70 0.13 0.31 good
322.80 0.16 0.37 good
46.30 0.28 0.17 bad
237.20 0.25 0.13 good
179.50 0.21 0.18 good
335.20 0.24 0.26 bad
448.70 0.15 0.38 good
212.90 0.22 0.18 bad
130.30 0.24 0.22 good
43.40 0.07 0.05 bad
25.10 0.19 0.15 bad
518.00 0.15 0.46 good
319.70 0.27 0.09 bad
62.30 0.45 0.08 bad
477.20 0.27 0.19 good
382.10 0.23 0.15 good
93.00 0.16 0.37 bad
163.50 0.28 0.09 good