BookWordCount TwoStarRate Median Class
96
1 4 5 6 7 8 9 11 12 14 15 16 17 18 19 21 24 25 28 29 31 32 33 34 35 36 37 38 40 42 43 44 45 46 47 48 49 53 54 57 58 59 60 61 65 66 67 71 73 74 75 76 78 79 81 82 85 89 93 94 95 96 98 101 102 103 104 106 107 108 110 112 114 117 118 119 121 122 125 127 128 130 131 132 135 136 140 141 142 143 144 145 146 147 149 152
289.90 0.08 8.00 good
139.00 0.09 6.00 bad
158.50 0.20 6.00 good
59.60 0.14 6.00 good
38.90 0.15 6.00 bad
143.50 0.16 6.00 bad
21.30 0.18 6.00 bad
13.40 0.04 6.00 bad
21.80 0.08 6.00 bad
123.80 0.14 6.00 good
257.20 0.13 6.00 bad
135.80 0.22 6.00 good
33.60 0.22 6.00 bad
24.10 0.17 6.00 bad
122.40 0.18 6.00 bad
74.10 0.37 4.00 bad
74.80 0.21 6.00 bad
35.90 0.20 4.00 bad
53.00 0.11 8.00 bad
233.90 0.10 8.00 good
78.00 0.30 6.00 good
51.10 0.09 8.00 bad
178.90 0.20 6.00 good
154.60 0.30 6.00 bad
713.10 0.12 6.00 good
87.00 0.10 8.00 bad
51.30 0.03 8.00 bad
80.20 0.35 6.00 bad
153.10 0.12 8.00 good
300.10 0.17 6.00 bad
74.40 0.13 6.00 good
296.80 0.07 4.00 good
380.50 0.20 6.00 bad
123.50 0.07 8.00 good
49.70 0.28 4.00 bad
281.40 0.09 6.00 bad
44.50 0.10 6.00 bad
53.70 0.33 4.00 bad
13.00 0.05 6.00 good
293.40 0.07 6.00 bad
63.50 0.05 8.00 good
133.40 0.21 6.00 good
45.10 0.21 6.00 bad
17.00 0.08 8.00 good
72.20 0.28 4.00 bad
34.80 0.14 6.00 bad
16.80 0.06 8.00 good
98.90 0.12 6.00 bad
68.60 0.11 8.00 bad
49.30 0.22 6.00 bad
39.60 0.10 6.00 good
46.20 0.07 8.00 good
70.00 0.10 6.00 bad
131.20 0.19 6.00 bad
87.70 0.08 6.00 bad
183.00 0.41 4.00 bad
87.20 0.19 4.00 good
153.20 0.17 6.00 bad
90.50 0.08 8.00 bad
63.70 0.11 8.00 good
99.00 0.23 6.00 bad
34.10 0.11 8.00 good
170.60 0.08 8.00 good
219.60 0.10 8.00 bad
78.10 0.14 6.00 good
21.40 0.08 6.00 bad
150.50 0.31 4.00 bad
64.40 0.14 6.00 good
310.00 0.12 6.00 bad
446.50 0.02 10.00 good
133.50 0.21 6.00 bad
107.80 0.20 6.00 bad
31.70 0.02 10.00 bad
59.10 0.11 6.00 bad
92.20 0.11 6.00 bad
427.70 0.06 8.00 good
145.90 0.30 4.00 bad
79.20 0.10 8.00 bad
65.70 0.02 10.00 good
34.20 0.06 8.00 good
296.70 0.08 8.00 good
46.30 0.13 6.00 bad
195.70 0.41 4.00 good
237.20 0.14 6.00 good
335.20 0.09 8.00 bad
72.70 0.24 4.00 bad
43.40 0.30 8.00 bad
25.10 0.03 8.00 bad
518.00 0.05 8.00 good
177.70 0.21 6.00 bad
319.70 0.25 6.00 bad
62.30 0.10 6.00 bad
477.20 0.09 8.00 good
154.00 0.22 4.00 good
382.10 0.18 6.00 good
163.50 0.19 6.00 good