AddListCount TwoStarRate Kurtosis Class
94
0 1 2 3 5 6 7 8 10 11 14 15 16 17 18 21 23 25 26 28 29 31 33 34 35 36 37 39 40 42 43 45 46 49 50 51 53 55 56 58 59 60 61 62 63 69 71 73 76 78 80 82 83 85 86 89 91 92 94 95 99 103 104 105 106 107 108 110 111 116 117 119 121 122 123 125 127 129 130 131 132 133 134 135 136 137 138 145 147 148 149 151 152 153
214 0.15 200.91 good
492 0.08 406.22 good
12 0.10 267.71 bad
38 0.12 155.27 bad
122 0.20 93.52 good
42 0.14 75.15 good
8 0.15 181.37 bad
53 0.16 196.73 bad
25 0.26 143.84 bad
15 0.04 491.68 bad
136 0.14 68.44 good
204 0.13 188.48 bad
25 0.22 87.54 good
10 0.22 80.31 bad
7 0.17 137.29 bad
12 0.37 66.70 bad
32 0.31 78.49 good
2 0.20 28.01 bad
32 0.09 249.04 bad
73 0.11 418.19 bad
68 0.10 194.89 good
6 0.30 211.54 good
49 0.20 163.05 good
24 0.30 192.82 bad
254 0.12 41.11 good
63 0.10 203.97 bad
106 0.03 948.64 bad
1 0.26 53.89 bad
172 0.12 227.23 good
215 0.17 74.29 bad
18 0.13 44.83 good
93 0.20 135.14 bad
28 0.07 218.67 good
13 0.10 155.38 bad
7 0.28 119.73 good
42 0.30 339.26 bad
1 0.33 31.11 bad
11 0.28 182.02 bad
13 0.20 74.03 good
70 0.05 256.16 good
138 0.21 148.52 good
19 0.21 95.85 bad
33 0.08 1104.85 good
3 0.50 199.64 bad
21 0.07 55.29 good
5 0.05 758.93 bad
119 0.12 106.33 bad
8 0.11 278.58 bad
110 0.07 159.36 good
57 0.10 147.32 bad
193 0.03 599.56 bad
3 0.41 87.78 bad
22 0.17 188.48 bad
55 0.19 51.21 good
53 0.03 249.84 bad
49 0.17 208.64 bad
218 0.08 191.97 good
141 0.04 444.03 good
57 0.11 299.63 good
4 0.23 128.84 bad
253 0.12 243.27 bad
6 0.08 664.54 bad
5 0.31 92.39 bad
98 0.08 385.10 good
102 0.14 114.14 good
188 0.12 72.91 bad
1586 0.02 1238.93 good
31 0.21 131.59 bad
53 0.16 113.09 good
7 0.12 138.45 good
5 0.11 132.92 bad
274 0.06 297.36 good
14 0.30 102.63 bad
126 0.10 313.76 bad
32 0.08 502.72 good
149 0.02 1797.82 good
146 0.06 319.05 good
510 0.07 209.65 good
11 0.13 73.99 bad
5 0.41 58.14 good
131 0.14 212.10 good
1 0.13 194.01 bad
168 0.12 176.74 good
293 0.09 234.30 bad
9 0.24 63.17 bad
303 0.05 478.73 good
53 0.10 56.35 bad
28 0.10 909.70 bad
26 0.22 40.59 good
54 0.03 9.99 bad
178 0.18 113.50 good
125 0.07 105.22 bad
12 0.19 62.68 good
50 0.22 105.28 good