BookScoreCount TwoStarRate Median Class
94
0 2 3 5 6 7 9 10 11 12 13 14 17 18 21 22 23 24 25 26 27 29 30 33 34 37 40 42 43 44 47 48 51 52 53 54 55 59 61 63 64 66 67 68 69 71 73 74 80 81 82 83 85 86 87 88 90 91 94 96 97 100 101 102 105 106 111 112 113 114 117 118 120 121 124 126 128 131 132 134 135 136 137 138 139 141 143 145 146 148 150 151 152 153
568 0.15 6.00 good
47 0.10 6.00 bad
129 0.12 6.00 bad
439 0.20 6.00 good
187 0.14 6.00 good
27 0.15 6.00 bad
51 0.18 6.00 bad
78 0.26 6.00 bad
51 0.04 6.00 bad
25 0.08 6.00 bad
48 0.24 6.00 bad
454 0.14 6.00 good
36 0.22 6.00 bad
23 0.17 6.00 bad
44 0.37 4.00 bad
159 0.15 6.00 bad
116 0.31 4.00 good
70 0.21 6.00 bad
11 0.20 4.00 bad
100 0.09 6.00 bad
150 0.17 4.00 good
290 0.10 8.00 good
29 0.18 6.00 bad
192 0.20 6.00 good
97 0.30 6.00 bad
216 0.03 8.00 bad
495 0.12 8.00 good
686 0.17 6.00 bad
81 0.13 6.00 good
1885 0.07 4.00 good
79 0.28 4.00 bad
1248 0.09 6.00 bad
133 0.30 6.00 bad
1780 0.04 8.00 bad
22 0.33 4.00 bad
43 0.05 6.00 good
55 0.28 6.00 bad
484 0.21 6.00 good
86 0.08 8.00 good
91 0.07 6.00 good
45 0.27 4.00 bad
21 0.14 6.00 bad
90 0.06 8.00 good
153 0.11 8.00 bad
20 0.05 8.00 bad
248 0.12 6.00 bad
19 0.11 8.00 bad
46 0.22 6.00 bad
714 0.03 10.00 bad
25 0.08 6.00 bad
31 0.41 4.00 bad
104 0.17 6.00 bad
356 0.19 4.00 good
222 0.03 8.00 bad
182 0.09 6.00 bad
1636 0.10 8.00 good
16 0.13 2.00 bad
654 0.08 8.00 good
218 0.11 8.00 good
188 0.11 8.00 good
39 0.03 8.00 good
42 0.02 8.00 bad
219 0.10 8.00 bad
225 0.14 6.00 good
339 0.08 8.00 good
349 0.14 6.00 good
182 0.16 6.00 good
201 0.20 6.00 bad
136 0.13 6.00 bad
1114 0.02 10.00 bad
34 0.11 6.00 bad
274 0.11 6.00 bad
45 0.18 6.00 good
59 0.30 4.00 bad
320 0.19 6.00 good
353 0.06 8.00 good
607 0.08 8.00 good
31 0.41 4.00 good
614 0.14 6.00 good
795 0.12 8.00 good
1310 0.09 8.00 bad
68 0.24 4.00 bad
1641 0.05 8.00 good
328 0.10 6.00 bad
1100 0.07 8.00 good
83 0.03 8.00 bad
153 0.21 6.00 bad
61 0.10 6.00 bad
2356 0.09 8.00 good
1080 0.03 2.00 bad
21 0.15 6.00 bad
638 0.07 8.00 bad
45 0.19 6.00 good
209 0.22 6.00 good