BookScore FourStarRate Median Class
98
1 2 3 4 5 6 8 10 11 12 14 15 16 17 18 19 22 24 27 28 30 31 34 37 38 39 40 42 43 44 46 47 49 52 53 54 56 59 61 63 64 66 67 68 69 70 73 74 76 77 82 83 84 85 86 87 89 91 92 93 94 95 96 97 98 100 102 104 105 106 107 109 111 114 115 116 117 118 119 121 122 123 124 126 131 132 133 134 135 136 137 138 140 141 146 147 148 149
7.2 0.36 8.00 good
6.4 0.24 6.00 bad
6.4 0.27 6.00 bad
5.8 0.25 6.00 bad
5.6 0.21 6.00 good
6.0 0.18 6.00 good
6.5 0.22 6.00 bad
5.8 0.27 6.00 bad
6.9 0.32 6.00 bad
6.0 0.08 6.00 bad
5.9 0.19 6.00 good
6.6 0.25 6.00 bad
5.7 0.20 6.00 good
5.6 0.23 6.00 bad
6.5 0.14 6.00 bad
6.7 0.22 6.00 bad
6.5 0.28 6.00 bad
5.5 0.13 6.00 bad
4.5 0.15 4.00 good
7.2 0.31 8.00 bad
5.4 0.14 6.00 bad
5.8 0.19 6.00 good
5.1 0.13 6.00 bad
7.8 0.44 8.00 bad
5.9 0.17 6.00 bad
3.5 0.05 2.00 bad
6.7 0.33 8.00 good
5.4 0.20 6.00 bad
5.1 0.14 6.00 good
5.4 0.16 4.00 good
7.1 0.33 8.00 good
5.3 0.22 4.00 bad
5.9 0.23 6.00 bad
7.9 0.30 8.00 bad
4.0 0.00 4.00 bad
7.0 0.21 6.00 good
5.3 0.10 6.00 good
6.5 0.21 6.00 good
7.5 0.44 8.00 good
6.2 0.20 6.00 good
4.4 0.14 4.00 bad
5.9 0.19 6.00 bad
7.6 0.25 8.00 good
6.8 0.30 8.00 bad
7.4 0.42 8.00 bad
5.9 0.32 8.00 bad
6.8 0.39 8.00 bad
6.1 0.31 6.00 bad
6.8 0.36 8.00 good
7.6 0.27 8.00 bad
5.6 0.05 4.00 bad
6.6 0.22 6.00 bad
5.9 0.19 6.00 bad
5.2 0.24 4.00 good
7.0 0.27 8.00 bad
6.4 0.19 6.00 bad
6.4 0.28 6.00 bad
7.2 0.28 8.00 good
7.8 0.29 8.00 good
6.9 0.34 8.00 bad
7.0 0.33 8.00 good
5.5 0.00 6.00 bad
6.7 0.33 8.00 good
6.5 0.40 8.00 good
7.3 0.33 8.00 good
7.0 0.27 8.00 bad
5.3 0.21 6.00 good
4.9 0.04 4.00 bad
7.4 0.33 8.00 good
6.0 0.24 6.00 good
6.4 0.17 6.00 bad
6.0 0.24 6.00 bad
5.8 0.26 6.00 good
8.5 0.23 10.00 bad
5.5 0.19 6.00 bad
6.0 0.12 6.00 good
5.5 0.14 6.00 bad
6.5 0.30 6.00 bad
7.3 0.33 8.00 good
4.5 0.08 4.00 bad
7.0 0.29 8.00 bad
7.0 0.30 6.00 good
5.6 0.20 6.00 good
6.4 0.21 8.00 good
4.4 0.11 4.00 good
6.4 0.35 6.00 good
5.9 0.33 6.00 bad
6.5 0.34 8.00 good
7.0 0.29 8.00 bad
4.8 0.05 4.00 bad
7.8 0.33 8.00 good
5.7 0.19 6.00 bad
6.4 0.54 8.00 bad
6.9 0.49 8.00 bad
7.0 0.37 8.00 good
3.9 0.09 4.00 good
3.3 0.06 2.00 bad
6.0 0.26 6.00 good