BookWordCount FiveStarRate Median Class
98
1 2 3 4 5 6 8 9 13 16 17 18 20 21 23 24 25 26 28 29 30 31 32 33 34 35 36 38 40 41 42 43 44 45 48 49 50 53 54 56 58 59 60 63 66 68 70 72 73 74 75 76 77 82 86 87 90 91 92 93 95 97 98 100 105 108 109 110 112 113 114 115 116 118 119 120 121 122 124 126 129 130 131 132 134 136 138 139 140 141 143 145 146 147 148 150 151 152
289.90 0.25 8.00 good
48.30 0.15 6.00 bad
52.30 0.18 6.00 bad
139.00 0.10 6.00 bad
158.50 0.12 6.00 good
59.60 0.23 6.00 good
143.50 0.21 6.00 bad
21.30 0.02 6.00 bad
27.50 0.09 6.00 bad
135.80 0.14 6.00 good
33.60 0.12 6.00 bad
24.10 0.28 6.00 bad
82.30 0.13 4.00 good
74.10 0.04 4.00 bad
122.20 0.06 4.00 good
74.80 0.11 6.00 bad
35.90 0.20 4.00 bad
62.70 0.19 6.00 bad
53.00 0.27 8.00 bad
233.90 0.36 8.00 good
150.70 0.11 6.00 bad
78.00 0.09 6.00 good
51.10 0.13 8.00 bad
178.90 0.15 6.00 good
154.60 0.03 6.00 bad
713.10 0.21 6.00 good
87.00 0.19 8.00 bad
80.20 0.13 6.00 bad
153.10 0.19 8.00 good
168.40 0.17 6.00 good
300.10 0.11 6.00 bad
74.40 0.14 6.00 good
296.80 0.23 4.00 good
380.50 0.10 6.00 bad
281.40 0.17 6.00 bad
44.50 0.10 6.00 bad
51.90 0.07 6.00 good
53.70 0.10 4.00 bad
13.00 0.29 6.00 good
40.40 0.13 6.00 good
63.50 0.37 8.00 good
133.40 0.25 6.00 good
45.10 0.23 6.00 bad
108.60 0.30 6.00 good
34.80 0.10 6.00 bad
79.60 0.22 8.00 bad
55.40 0.20 8.00 bad
390.00 0.35 8.00 good
68.60 0.17 8.00 bad
49.30 0.04 6.00 bad
39.60 0.10 6.00 good
46.20 0.24 8.00 good
1070.70 0.37 8.00 bad
183.00 0.22 4.00 bad
129.90 0.26 8.00 bad
112.10 0.27 6.00 bad
50.40 0.07 2.00 bad
126.20 0.34 8.00 good
116.50 0.42 8.00 good
90.50 0.21 8.00 bad
99.00 0.15 6.00 bad
22.20 0.13 8.00 good
170.60 0.29 8.00 good
59.90 0.25 8.00 bad
198.70 0.31 8.00 good
446.50 0.63 10.00 good
101.10 0.10 6.00 bad
133.50 0.10 6.00 bad
107.80 0.11 6.00 bad
247.80 0.14 6.00 bad
31.70 0.60 10.00 bad
119.20 0.07 6.00 bad
118.30 0.17 6.00 good
92.20 0.11 6.00 bad
427.70 0.29 8.00 good
85.80 0.11 6.00 good
145.90 0.02 4.00 bad
79.20 0.25 8.00 bad
223.00 0.11 6.00 good
89.70 0.30 8.00 good
322.80 0.37 8.00 good
46.30 0.17 6.00 bad
195.70 0.06 4.00 good
237.20 0.13 6.00 good
179.50 0.18 8.00 good
72.70 0.09 4.00 bad
212.90 0.18 6.00 bad
130.30 0.22 8.00 good
43.40 0.05 8.00 bad
25.10 0.15 8.00 bad
177.70 0.10 6.00 bad
62.30 0.08 6.00 bad
477.20 0.19 8.00 good
154.00 0.02 4.00 good
209.90 0.08 2.00 bad
44.60 0.15 6.00 bad
93.00 0.37 8.00 bad
163.50 0.09 6.00 good