TwoStarRate FiveStarRate Kurtosis Class
97
1 2 3 4 5 7 8 10 11 12 13 14 15 16 17 18 19 20 23 24 25 27 29 32 34 36 37 39 40 43 44 45 46 48 51 52 53 55 56 57 58 59 60 61 62 63 65 69 70 72 77 78 79 80 81 82 84 89 90 91 95 96 97 98 99 101 103 104 105 108 109 111 118 119 121 122 123 127 128 129 130 131 132 135 137 138 140 143 144 145 147 148 149 150 151 152 153
0.08 0.25 406.22 good
0.10 0.15 267.71 bad
0.12 0.18 155.27 bad
0.09 0.10 113.07 bad
0.20 0.12 93.52 good
0.15 0.11 181.37 bad
0.16 0.21 196.73 bad
0.26 0.09 143.84 bad
0.04 0.16 491.68 bad
0.08 0.20 114.51 bad
0.24 0.09 156.17 bad
0.14 0.20 68.44 good
0.13 0.23 188.48 bad
0.22 0.14 87.54 good
0.22 0.12 80.31 bad
0.17 0.28 137.29 bad
0.18 0.28 181.41 bad
0.20 0.13 48.29 good
0.31 0.06 78.49 good
0.21 0.11 114.10 bad
0.20 0.20 28.01 bad
0.17 0.05 40.03 good
0.10 0.36 194.89 good
0.09 0.13 404.81 bad
0.30 0.03 192.82 bad
0.10 0.19 203.97 bad
0.03 0.28 948.64 bad
0.26 0.00 53.89 bad
0.12 0.19 227.23 good
0.13 0.14 44.83 good
0.07 0.23 29.34 good
0.20 0.10 135.14 bad
0.07 0.27 218.67 good
0.09 0.17 362.40 bad
0.30 0.07 339.26 bad
0.04 0.42 453.60 bad
0.33 0.10 31.11 bad
0.28 0.06 182.02 bad
0.20 0.13 74.03 good
0.07 0.18 94.54 bad
0.05 0.37 256.16 good
0.21 0.25 148.52 good
0.21 0.23 95.85 bad
0.08 0.21 1104.85 good
0.50 0.00 199.64 bad
0.07 0.30 55.29 good
0.28 0.07 77.07 bad
0.05 0.21 758.93 bad
0.10 0.20 49.13 bad
0.08 0.35 259.41 good
0.07 0.37 440.27 bad
0.10 0.16 147.32 bad
0.19 0.10 65.93 bad
0.03 0.58 599.56 bad
0.08 0.13 173.53 bad
0.41 0.22 87.78 bad
0.14 0.14 116.65 bad
0.17 0.17 208.64 bad
0.13 0.07 25.57 bad
0.08 0.34 191.97 good
0.23 0.15 128.84 bad
0.11 0.17 282.28 good
0.03 0.13 198.40 good
0.08 0.29 391.57 good
0.12 0.17 243.27 bad
0.10 0.27 286.97 bad
0.08 0.11 664.54 bad
0.31 0.09 92.39 bad
0.08 0.31 385.10 good
0.02 0.63 1238.93 good
0.14 0.10 170.95 bad
0.16 0.12 113.09 good
0.11 0.11 387.39 bad
0.06 0.29 297.36 good
0.30 0.02 102.63 bad
0.10 0.25 313.76 bad
0.08 0.20 502.72 good
0.06 0.36 319.05 good
0.08 0.31 82.37 good
0.07 0.37 209.65 good
0.13 0.17 73.99 bad
0.41 0.06 58.14 good
0.14 0.13 212.10 good
0.09 0.26 234.30 bad
0.05 0.38 478.73 good
0.10 0.18 56.35 bad
0.30 0.05 361.68 bad
0.21 0.10 86.23 bad
0.25 0.09 97.95 bad
0.10 0.08 909.70 bad
0.22 0.02 40.59 good
0.03 0.08 9.99 bad
0.18 0.15 113.50 good
0.15 0.15 158.29 bad
0.07 0.37 105.22 bad
0.19 0.09 62.68 good
0.22 0.12 105.28 good