BookWordCount FiveStarRate Mode Class
95
1 2 5 6 7 8 10 11 13 14 15 17 19 20 21 22 23 28 29 36 37 38 39 40 42 44 46 48 49 50 51 52 53 57 58 59 61 62 66 67 68 70 71 72 73 76 77 78 80 81 82 83 84 85 86 87 88 89 90 91 93 95 96 97 99 100 101 102 104 107 110 112 115 116 117 119 121 123 124 125 126 128 131 132 134 135 137 138 139 140 141 145 149 151 152
289.90 0.25 8.00 good
48.30 0.15 6.00 bad
158.50 0.12 6.00 good
59.60 0.23 2.00 good
38.90 0.11 6.00 bad
143.50 0.21 6.00 bad
82.50 0.09 8.00 bad
13.40 0.16 6.00 bad
27.50 0.09 6.00 bad
123.80 0.20 2.00 good
257.20 0.23 6.00 bad
33.60 0.12 8.00 bad
122.40 0.28 10.00 bad
82.30 0.13 2.00 good
74.10 0.04 4.00 bad
77.70 0.11 6.00 bad
122.20 0.06 4.00 good
53.00 0.27 8.00 bad
233.90 0.36 10.00 good
87.00 0.19 8.00 bad
51.30 0.28 8.00 bad
80.20 0.13 4.00 bad
22.80 0.00 2.00 bad
153.10 0.19 8.00 good
300.10 0.11 2.00 bad
296.80 0.23 2.00 good
123.50 0.27 8.00 good
281.40 0.17 8.00 bad
44.50 0.10 6.00 bad
51.90 0.07 6.00 good
84.60 0.07 6.00 bad
76.10 0.42 10.00 bad
53.70 0.10 2.00 bad
293.40 0.18 8.00 bad
63.50 0.37 10.00 good
133.40 0.25 10.00 good
17.00 0.21 8.00 good
49.60 0.00 4.00 bad
34.80 0.10 6.00 bad
16.80 0.42 10.00 good
79.60 0.22 8.00 bad
55.40 0.20 2.00 bad
98.90 0.17 8.00 bad
390.00 0.35 10.00 good
68.60 0.17 8.00 bad
46.20 0.24 8.00 good
1070.70 0.37 10.00 bad
70.00 0.16 6.00 bad
144.70 0.58 10.00 bad
87.70 0.13 6.00 bad
183.00 0.22 4.00 bad
40.80 0.22 6.00 bad
30.00 0.14 6.00 bad
87.20 0.10 2.00 good
129.90 0.26 6.00 bad
112.10 0.27 10.00 bad
315.30 0.30 10.00 good
153.20 0.17 8.00 bad
50.40 0.07 2.00 bad
126.20 0.34 10.00 good
90.50 0.21 8.00 bad
99.00 0.15 6.00 bad
34.10 0.17 8.00 good
22.20 0.13 8.00 good
181.90 0.17 6.00 bad
59.90 0.25 6.00 bad
219.60 0.27 10.00 bad
78.10 0.08 2.00 good
150.50 0.09 6.00 bad
310.00 0.31 10.00 bad
133.50 0.10 6.00 bad
107.80 0.11 6.00 bad
119.20 0.07 6.00 bad
118.30 0.17 6.00 good
59.10 0.09 6.00 bad
427.70 0.29 8.00 good
145.90 0.02 6.00 bad
153.40 0.20 6.00 good
223.00 0.11 6.00 good
65.70 0.67 10.00 good
89.70 0.30 10.00 good
296.70 0.31 10.00 good
195.70 0.06 4.00 good
237.20 0.13 8.00 good
179.50 0.18 8.00 good
335.20 0.26 8.00 bad
448.70 0.38 10.00 good
212.90 0.18 2.00 bad
130.30 0.22 8.00 good
43.40 0.05 8.00 bad
25.10 0.15 8.00 bad
62.30 0.08 6.00 bad
382.10 0.15 8.00 good
93.00 0.37 10.00 bad
163.50 0.09 2.00 good