BookScore AddListCount ThreeStarRate Class
99
0 1 2 4 5 7 8 9 10 11 12 13 14 15 18 19 20 21 22 24 26 28 29 31 32 33 34 37 38 40 41 42 44 46 47 48 49 50 51 53 54 56 59 60 62 63 67 68 70 71 73 76 77 79 80 84 87 88 90 91 92 93 96 98 99 101 102 103 106 107 108 109 110 111 112 113 114 115 116 117 118 119 122 123 124 126 127 128 131 132 134 141 142 143 147 148 149 150 153
6.4 214 0.28 good
7.2 492 0.23 good
6.4 12 0.40 bad
5.8 22 0.33 bad
5.6 122 0.26 good
5.8 8 0.48 bad
6.5 53 0.30 bad
5.4 14 0.26 bad
5.8 25 0.23 bad
6.9 15 0.40 bad
6.0 12 0.44 bad
5.5 9 0.39 bad
5.9 136 0.21 good
6.6 204 0.27 bad
6.5 7 0.28 bad
6.7 70 0.22 bad
5.3 17 0.15 good
4.6 12 0.16 bad
6.5 61 0.40 bad
5.5 23 0.36 bad
6.5 32 0.43 bad
7.2 73 0.25 bad
7.1 68 0.22 good
5.8 6 0.33 good
6.8 111 0.31 bad
6.1 49 0.29 good
5.1 24 0.39 bad
7.8 106 0.20 bad
5.9 19 0.27 bad
6.7 172 0.24 good
6.7 289 0.34 good
5.4 215 0.26 bad
5.4 242 0.11 good
7.1 28 0.19 good
5.3 20 0.20 bad
6.8 371 0.33 bad
5.9 13 0.39 bad
5.3 7 0.32 good
5.9 42 0.37 bad
4.0 1 0.14 bad
7.0 9 0.33 good
5.3 13 0.32 good
6.5 138 0.21 good
6.2 19 0.18 bad
5.3 3 0.08 bad
6.2 21 0.12 good
7.6 17 0.16 good
6.8 45 0.25 bad
5.9 2 0.04 bad
6.1 119 0.25 bad
6.8 8 0.22 bad
6.8 110 0.15 good
7.6 183 0.22 bad
5.2 94 0.26 bad
8.3 193 0.13 bad
5.9 3 0.33 bad
6.4 65 0.23 bad
6.7 321 0.18 good
4.0 4 0.20 bad
7.2 218 0.16 good
7.8 141 0.16 good
6.9 121 0.26 bad
6.7 100 0.28 good
7.3 558 0.22 good
6.5 253 0.34 bad
7.1 65 0.26 bad
5.3 39 0.26 good
6.6 6 0.50 bad
6.0 102 0.27 good
6.4 188 0.15 bad
8.7 1586 0.10 good
6.0 34 0.36 bad
5.8 31 0.28 bad
5.8 53 0.26 good
5.4 63 0.30 bad
6.1 25 0.36 bad
8.5 218 0.09 bad
5.5 76 0.35 bad
6.0 7 0.42 good
5.5 5 0.45 bad
6.5 112 0.39 bad
7.3 274 0.20 good
7.0 126 0.28 bad
7.0 32 0.37 good
5.6 57 0.29 good
6.4 48 0.16 good
7.4 146 0.22 good
6.5 108 0.13 good
4.4 5 0.13 good
6.4 131 0.25 good
6.5 168 0.21 good
6.9 19 0.19 bad
7.8 365 0.15 good
5.5 42 0.22 bad
3.9 26 0.19 good
3.3 54 0.04 bad
6.0 178 0.23 good
6.1 5 0.35 bad
5.7 50 0.25 good