BookScoreCount AddListCount FiveStarRate Class
91
0 1 2 3 4 5 6 7 8 9 10 11 12 14 17 18 20 26 28 30 31 34 39 40 43 45 46 47 48 50 51 53 55 56 57 58 59 60 61 62 63 64 72 74 75 76 78 79 81 83 85 86 87 88 89 91 93 98 103 104 105 106 108 109 112 113 114 116 120 124 125 128 130 131 132 134 136 137 139 142 143 144 145 146 147 148 149 150 151 152 153
568 214 0.15 good
967 492 0.25 good
47 12 0.15 bad
129 38 0.18 bad
78 22 0.10 bad
439 122 0.12 good
187 42 0.23 good
27 8 0.11 bad
177 53 0.21 bad
51 14 0.02 bad
78 25 0.09 bad
51 15 0.16 bad
25 12 0.20 bad
454 136 0.20 good
36 10 0.12 bad
23 7 0.28 bad
112 17 0.13 good
100 32 0.19 bad
263 73 0.27 bad
29 9 0.11 bad
44 6 0.09 good
97 24 0.03 bad
20 1 0.00 bad
495 172 0.19 good
81 18 0.14 good
299 93 0.10 bad
108 28 0.27 good
79 20 0.08 bad
1248 371 0.17 bad
29 7 0.07 good
133 42 0.07 bad
22 1 0.10 bad
55 11 0.06 bad
80 13 0.13 good
2109 551 0.18 bad
461 70 0.37 good
484 138 0.25 good
108 19 0.23 bad
86 33 0.21 good
13 3 0.00 bad
91 21 0.30 good
45 10 0.02 bad
956 180 0.35 good
46 16 0.04 bad
21 8 0.10 good
429 110 0.24 good
217 57 0.16 bad
531 94 0.10 bad
25 4 0.13 bad
104 22 0.22 bad
356 55 0.10 good
222 53 0.26 bad
182 65 0.27 bad
1636 321 0.30 good
145 49 0.17 bad
654 218 0.34 good
396 121 0.21 bad
2113 558 0.29 good
29 6 0.11 bad
25 5 0.09 bad
339 98 0.31 good
349 102 0.16 good
5393 1586 0.63 good
88 34 0.10 bad
201 63 0.11 bad
136 25 0.14 bad
1114 218 0.60 bad
19 7 0.17 good
45 15 0.11 good
320 57 0.11 good
768 149 0.67 good
607 108 0.31 good
82 11 0.17 bad
31 5 0.06 good
614 131 0.13 good
795 168 0.18 good
68 9 0.09 bad
1641 303 0.38 good
1100 206 0.22 good
2366 365 0.46 good
153 42 0.10 bad
364 103 0.09 bad
61 28 0.08 bad
2356 710 0.19 good
208 26 0.02 good
1080 54 0.08 bad
674 178 0.15 good
21 5 0.15 bad
638 125 0.37 bad
45 12 0.09 good
209 50 0.12 good