BookWordCount BookScoreCount Kurtosis Class
97
0 6 7 8 9 10 11 12 14 15 16 18 19 21 24 25 26 27 28 29 30 31 32 33 34 36 38 39 40 41 43 44 45 46 51 53 55 56 58 59 62 64 65 67 68 69 70 71 73 74 76 77 78 79 80 81 83 84 85 88 91 92 95 96 99 100 101 104 105 106 108 109 110 111 112 113 114 117 118 120 121 122 124 128 130 131 135 136 137 138 139 141 143 146 148 149 153
177.20 568 200.91 good
59.60 187 75.15 good
38.90 27 181.37 bad
143.50 177 196.73 bad
21.30 51 110.48 bad
82.50 78 143.84 bad
13.40 51 491.68 bad
21.80 25 114.51 bad
123.80 454 68.44 good
257.20 658 188.48 bad
135.80 119 87.54 good
24.10 23 137.29 bad
122.40 250 181.41 bad
74.10 44 66.70 bad
74.80 70 114.10 bad
35.90 11 28.01 bad
62.70 100 249.04 bad
147.20 150 40.03 good
53.00 263 418.19 bad
233.90 290 194.89 good
150.70 29 80.73 bad
78.00 44 211.54 good
51.10 292 404.81 bad
178.90 192 163.05 good
154.60 97 192.82 bad
87.00 223 203.97 bad
80.20 63 172.89 bad
22.80 20 53.89 bad
153.10 495 227.23 good
168.40 670 389.04 good
74.40 81 44.83 good
296.80 1885 29.34 good
380.50 299 135.14 bad
123.50 108 218.67 good
84.60 133 339.26 bad
53.70 22 31.11 bad
106.40 55 182.02 bad
40.40 80 74.03 good
63.50 461 256.16 good
133.40 484 148.52 good
49.60 13 199.64 bad
54.40 45 59.06 bad
72.20 82 77.07 bad
16.80 90 278.88 good
79.60 153 223.96 bad
7.30 20 758.93 bad
55.40 51 49.13 bad
98.90 248 106.33 bad
68.60 19 278.58 bad
49.30 46 393.48 bad
46.20 429 159.36 good
1070.70 745 440.27 bad
70.00 217 147.32 bad
131.20 531 65.93 bad
144.70 714 599.56 bad
87.70 25 173.53 bad
40.80 104 188.48 bad
30.00 21 116.65 bad
87.20 356 51.21 good
315.30 1636 118.81 good
126.20 654 191.97 good
116.50 527 444.03 good
99.00 13 128.84 bad
34.10 188 282.28 good
181.90 942 243.27 bad
59.90 42 297.05 bad
219.60 219 286.97 bad
150.50 25 92.39 bad
198.70 339 385.10 good
64.40 349 114.14 good
446.50 5393 1238.93 good
101.10 88 170.95 bad
133.50 112 131.59 bad
148.90 182 113.09 good
107.80 201 84.03 bad
247.80 136 164.81 bad
31.70 1114 875.52 bad
59.10 34 132.92 bad
92.20 274 387.39 bad
85.80 45 75.21 good
145.90 59 102.63 bad
79.20 385 313.76 bad
223.00 320 101.09 good
296.70 607 82.37 good
46.30 82 73.99 bad
195.70 31 58.14 good
335.20 1310 234.30 bad
72.70 68 63.17 bad
448.70 1641 478.73 good
212.90 328 56.35 bad
130.30 1100 304.97 good
25.10 83 311.51 bad
177.70 153 86.23 bad
477.20 2356 402.15 good
209.90 1080 9.99 bad
382.10 674 113.50 good
73.20 209 105.28 good