BookScoreCount TwoStarRate FourStarRate Class
103
0 2 4 5 6 7 8 9 10 12 13 14 16 17 18 19 20 23 26 28 29 33 34 37 38 40 42 43 44 45 46 48 49 51 52 53 55 57 58 59 62 63 64 65 66 67 68 69 70 71 72 73 74 75 76 77 78 79 80 81 83 85 86 87 88 89 90 91 92 93 94 95 98 100 102 106 109 111 112 113 118 119 121 122 123 127 128 129 130 131 132 134 135 136 138 140 141 142 144 147 148 150 153
568 0.15 0.30 good
47 0.10 0.24 bad
78 0.09 0.25 bad
439 0.20 0.21 good
187 0.14 0.18 good
27 0.15 0.11 bad
177 0.16 0.22 bad
51 0.18 0.30 bad
78 0.26 0.27 bad
25 0.08 0.08 bad
48 0.24 0.13 bad
454 0.14 0.19 good
119 0.22 0.20 good
36 0.22 0.23 bad
23 0.17 0.14 bad
250 0.18 0.22 bad
112 0.20 0.20 good
116 0.31 0.08 good
100 0.09 0.18 bad
263 0.11 0.31 bad
290 0.10 0.20 good
192 0.20 0.23 good
97 0.30 0.13 bad
216 0.03 0.44 bad
63 0.35 0.17 bad
495 0.12 0.33 good
686 0.17 0.20 bad
81 0.13 0.14 good
1885 0.07 0.16 good
299 0.20 0.23 bad
108 0.07 0.33 good
1248 0.09 0.33 bad
72 0.10 0.23 bad
133 0.30 0.21 bad
1780 0.04 0.30 bad
22 0.33 0.00 bad
55 0.28 0.20 bad
2109 0.07 0.29 bad
461 0.05 0.30 good
484 0.21 0.21 good
13 0.50 0.34 bad
91 0.07 0.20 good
45 0.27 0.14 bad
82 0.28 0.07 bad
21 0.14 0.19 bad
90 0.06 0.25 good
153 0.11 0.30 bad
20 0.05 0.42 bad
51 0.10 0.32 bad
248 0.12 0.25 bad
956 0.08 0.20 good
19 0.11 0.39 bad
46 0.22 0.31 bad
21 0.10 0.30 good
429 0.07 0.36 good
745 0.07 0.27 bad
217 0.10 0.24 bad
531 0.19 0.17 bad
714 0.03 0.19 bad
25 0.08 0.08 bad
104 0.17 0.22 bad
356 0.19 0.24 good
222 0.03 0.27 bad
182 0.09 0.19 bad
1636 0.10 0.23 good
145 0.17 0.28 bad
16 0.13 0.07 bad
654 0.08 0.28 good
527 0.04 0.29 good
396 0.08 0.34 bad
218 0.11 0.33 good
13 0.23 0.00 bad
2113 0.08 0.33 good
42 0.02 0.27 bad
225 0.14 0.21 good
349 0.14 0.24 good
88 0.14 0.24 bad
182 0.16 0.26 good
201 0.20 0.15 bad
136 0.13 0.21 bad
274 0.11 0.30 bad
1575 0.06 0.33 good
59 0.30 0.08 bad
385 0.10 0.29 bad
93 0.08 0.30 good
387 0.06 0.26 good
607 0.08 0.23 good
2063 0.07 0.26 good
82 0.13 0.16 bad
31 0.41 0.11 good
614 0.14 0.35 good
795 0.12 0.34 good
1310 0.09 0.29 bad
68 0.24 0.05 bad
328 0.10 0.19 bad
21 0.30 0.54 bad
83 0.03 0.49 bad
2366 0.05 0.24 good
364 0.25 0.18 bad
208 0.22 0.09 good
1080 0.03 0.06 bad
21 0.15 0.20 bad
209 0.22 0.22 good