FourStarRate Mode Kurtosis Class
96
4 6 8 9 11 12 13 15 17 18 19 20 21 22 23 27 29 31 32 33 34 36 38 39 40 41 42 43 44 45 46 48 49 50 51 53 54 55 56 57 58 59 60 62 63 64 65 66 67 69 71 74 76 78 81 82 87 88 91 92 94 95 96 98 99 100 101 102 103 105 106 108 109 111 112 113 117 119 120 123 124 126 128 131 132 134 135 137 138 141 142 145 146 147 149 153
0.25 6.00 113.07 bad
0.18 2.00 75.15 good
0.22 6.00 196.73 bad
0.30 8.00 110.48 bad
0.32 6.00 491.68 bad
0.08 6.00 114.51 bad
0.13 6.00 156.17 bad
0.25 6.00 188.48 bad
0.23 8.00 80.31 bad
0.14 10.00 137.29 bad
0.22 10.00 181.41 bad
0.20 2.00 48.29 good
0.14 4.00 66.70 bad
0.28 6.00 468.11 bad
0.08 4.00 78.49 good
0.15 2.00 40.03 good
0.20 10.00 194.89 good
0.19 6.00 211.54 good
0.39 8.00 404.81 bad
0.23 6.00 163.05 good
0.13 6.00 192.82 bad
0.34 8.00 203.97 bad
0.17 4.00 172.89 bad
0.05 2.00 53.89 bad
0.33 8.00 227.23 good
0.29 6.00 389.04 good
0.20 2.00 74.29 bad
0.14 2.00 44.83 good
0.16 2.00 29.34 good
0.23 6.00 135.14 bad
0.33 8.00 218.67 good
0.33 8.00 362.40 bad
0.23 6.00 155.38 bad
0.14 6.00 119.73 good
0.21 6.00 339.26 bad
0.00 2.00 31.11 bad
0.21 6.00 245.77 good
0.20 6.00 182.02 bad
0.10 6.00 74.03 good
0.29 8.00 94.54 bad
0.30 10.00 256.16 good
0.21 10.00 148.52 good
0.20 10.00 95.85 bad
0.34 4.00 199.64 bad
0.20 2.00 55.29 good
0.14 2.00 59.06 bad
0.07 6.00 77.07 bad
0.19 6.00 204.65 bad
0.25 10.00 278.88 good
0.42 8.00 758.93 bad
0.25 8.00 106.33 bad
0.31 6.00 393.48 bad
0.36 8.00 159.36 good
0.24 6.00 147.32 bad
0.08 6.00 173.53 bad
0.05 4.00 87.78 bad
0.19 10.00 95.46 bad
0.23 10.00 118.81 good
0.28 10.00 191.97 good
0.29 10.00 444.03 good
0.33 8.00 299.63 good
0.00 6.00 128.84 bad
0.33 8.00 282.28 good
0.33 8.00 391.57 good
0.26 6.00 243.27 bad
0.27 6.00 297.05 bad
0.27 10.00 286.97 bad
0.21 2.00 65.28 good
0.26 6.00 664.54 bad
0.33 8.00 385.10 good
0.24 6.00 114.14 good
0.20 10.00 1238.93 good
0.24 6.00 170.95 bad
0.26 8.00 113.09 good
0.15 6.00 84.03 bad
0.21 6.00 164.81 bad
0.14 6.00 132.92 bad
0.33 8.00 297.36 good
0.25 8.00 75.21 good
0.30 6.00 502.72 good
0.20 6.00 101.09 good
0.21 10.00 76.64 good
0.23 10.00 82.37 good
0.11 4.00 58.14 good
0.35 8.00 212.10 good
0.34 8.00 176.74 good
0.29 8.00 234.30 bad
0.33 10.00 478.73 good
0.19 2.00 56.35 bad
0.49 8.00 311.51 bad
0.24 10.00 364.52 good
0.33 6.00 909.70 bad
0.37 8.00 402.15 good
0.09 2.00 40.59 good
0.26 8.00 113.50 good
0.22 6.00 105.28 good