BookScore ThreeStarRate Median Class
94
0 3 4 5 7 8 10 11 13 14 15 16 17 19 20 21 25 26 27 30 32 34 36 37 39 40 41 44 45 47 48 49 50 54 55 56 57 59 60 61 63 64 67 68 71 72 73 74 77 78 80 82 83 87 88 89 90 91 92 93 94 98 99 102 103 108 110 112 113 114 115 116 117 119 121 122 123 126 128 129 131 132 133 138 139 140 141 144 145 147 148 149 150 151
6.4 0.28 6.00 good
6.4 0.27 6.00 bad
5.8 0.33 6.00 bad
5.6 0.26 6.00 good
5.8 0.48 6.00 bad
6.5 0.30 6.00 bad
5.8 0.23 6.00 bad
6.9 0.40 6.00 bad
5.5 0.39 6.00 bad
5.9 0.21 6.00 good
6.6 0.27 6.00 bad
5.7 0.23 6.00 good
5.6 0.20 6.00 bad
6.7 0.22 6.00 bad
5.3 0.15 4.00 good
4.6 0.16 4.00 bad
4.8 0.20 4.00 bad
6.5 0.43 6.00 bad
4.5 0.21 4.00 good
5.4 0.32 6.00 bad
6.8 0.31 8.00 bad
5.1 0.39 6.00 bad
6.7 0.23 8.00 bad
7.8 0.20 8.00 bad
3.5 0.16 2.00 bad
6.7 0.24 8.00 good
6.7 0.34 6.00 good
5.4 0.11 4.00 good
5.8 0.30 6.00 bad
5.3 0.20 4.00 bad
6.8 0.33 6.00 bad
5.9 0.39 6.00 bad
5.3 0.32 6.00 good
7.0 0.33 6.00 good
5.6 0.33 6.00 bad
5.3 0.32 6.00 good
6.2 0.21 6.00 bad
6.5 0.21 6.00 good
6.2 0.18 6.00 bad
7.5 0.25 8.00 good
6.2 0.12 6.00 good
4.4 0.21 4.00 bad
7.6 0.16 8.00 good
6.8 0.25 8.00 bad
6.1 0.25 6.00 bad
7.3 0.26 8.00 good
6.8 0.22 8.00 bad
6.1 0.36 6.00 bad
7.6 0.22 8.00 bad
6.2 0.33 6.00 bad
8.3 0.13 10.00 bad
5.6 0.20 4.00 bad
6.6 0.28 6.00 bad
6.4 0.23 6.00 bad
6.7 0.18 8.00 good
6.4 0.27 6.00 bad
4.0 0.20 2.00 bad
7.2 0.16 8.00 good
7.8 0.16 8.00 good
6.9 0.26 8.00 bad
7.0 0.23 8.00 good
7.3 0.22 8.00 good
6.5 0.34 6.00 bad
5.3 0.26 6.00 good
6.6 0.50 6.00 bad
8.7 0.10 10.00 good
5.8 0.28 6.00 bad
5.4 0.30 6.00 bad
6.1 0.36 6.00 bad
8.5 0.09 10.00 bad
5.5 0.35 6.00 bad
6.0 0.42 6.00 good
5.5 0.45 6.00 bad
7.3 0.20 8.00 good
4.5 0.32 4.00 bad
7.0 0.28 8.00 bad
7.0 0.37 6.00 good
6.4 0.16 8.00 good
6.5 0.13 8.00 good
7.3 0.16 8.00 good
4.4 0.13 4.00 good
6.4 0.25 6.00 good
5.9 0.33 6.00 bad
5.7 0.22 6.00 bad
7.0 0.24 8.00 good
6.4 0.07 8.00 bad
6.9 0.19 8.00 bad
5.4 0.27 6.00 bad
6.7 0.45 6.00 bad
3.9 0.19 4.00 good
3.3 0.04 2.00 bad
6.0 0.23 6.00 good
6.1 0.35 6.00 bad
6.8 0.16 8.00 bad