BookScore FourStarRate Median Class
94
0 2 3 4 5 9 13 15 18 19 22 23 25 26 30 31 33 34 35 36 37 38 43 44 45 47 49 54 55 56 57 59 62 63 64 65 67 68 71 74 76 77 78 79 80 81 82 83 84 87 88 89 90 91 92 93 94 95 97 98 99 100 101 103 106 108 109 111 112 113 115 117 118 121 122 123 124 126 129 130 131 133 134 135 136 139 140 141 143 144 145 146 147 152
6.4 0.30 6.00 good
6.4 0.24 6.00 bad
6.4 0.27 6.00 bad
5.8 0.25 6.00 bad
5.6 0.21 6.00 good
5.4 0.30 6.00 bad
5.5 0.13 6.00 bad
6.6 0.25 6.00 bad
6.5 0.14 6.00 bad
6.7 0.22 6.00 bad
6.5 0.28 6.00 bad
4.7 0.08 4.00 good
4.8 0.00 4.00 bad
6.5 0.18 6.00 bad
5.4 0.14 6.00 bad
5.8 0.19 6.00 good
6.1 0.23 6.00 good
5.1 0.13 6.00 bad
5.5 0.14 6.00 good
6.7 0.34 8.00 bad
7.8 0.44 8.00 bad
5.9 0.17 6.00 bad
5.1 0.14 6.00 good
5.4 0.16 4.00 good
5.8 0.23 6.00 bad
5.3 0.22 4.00 bad
5.9 0.23 6.00 bad
7.0 0.21 6.00 good
5.6 0.20 6.00 bad
5.3 0.10 6.00 good
6.2 0.29 6.00 bad
6.5 0.21 6.00 good
5.3 0.34 4.00 bad
6.2 0.20 6.00 good
4.4 0.14 4.00 bad
4.8 0.07 4.00 bad
7.6 0.25 8.00 good
6.8 0.30 8.00 bad
6.1 0.25 6.00 bad
6.1 0.31 6.00 bad
6.8 0.36 8.00 good
7.6 0.27 8.00 bad
6.2 0.24 6.00 bad
5.2 0.17 6.00 bad
8.3 0.19 10.00 bad
5.8 0.08 6.00 bad
5.6 0.05 4.00 bad
6.6 0.22 6.00 bad
5.9 0.19 6.00 bad
6.4 0.19 6.00 bad
6.7 0.23 8.00 good
6.4 0.28 6.00 bad
4.0 0.07 2.00 bad
7.2 0.28 8.00 good
7.8 0.29 8.00 good
6.9 0.34 8.00 bad
7.0 0.33 8.00 good
5.5 0.00 6.00 bad
6.5 0.40 8.00 good
7.3 0.33 8.00 good
6.5 0.26 6.00 bad
7.0 0.27 8.00 bad
7.1 0.27 8.00 bad
6.6 0.26 6.00 bad
6.0 0.24 6.00 good
8.7 0.20 10.00 good
6.0 0.24 6.00 bad
5.8 0.26 6.00 good
5.4 0.15 6.00 bad
6.1 0.21 6.00 bad
5.5 0.19 6.00 bad
5.5 0.14 6.00 bad
6.5 0.30 6.00 bad
4.5 0.08 4.00 bad
7.0 0.29 8.00 bad
7.0 0.30 6.00 good
5.6 0.20 6.00 good
6.4 0.21 8.00 good
7.3 0.26 8.00 good
5.7 0.16 6.00 bad
4.4 0.11 4.00 good
5.9 0.33 6.00 bad
6.5 0.34 8.00 good
7.0 0.29 8.00 bad
4.8 0.05 4.00 bad
7.0 0.36 8.00 good
6.4 0.54 8.00 bad
6.9 0.49 8.00 bad
5.5 0.24 6.00 bad
5.4 0.18 6.00 bad
6.7 0.33 6.00 bad
7.0 0.37 8.00 good
3.9 0.09 4.00 good
5.1 0.14 6.00 good