AddListCount ThreeStarRate Kurtosis Class
95
0 1 2 3 6 7 9 10 11 12 14 16 19 22 23 24 25 26 27 29 32 34 35 36 37 38 41 44 45 46 47 48 49 51 53 55 58 59 60 62 63 65 66 67 68 71 74 75 76 77 78 79 80 81 82 83 85 86 87 88 90 91 98 99 101 104 108 109 110 112 113 114 115 116 117 118 121 122 126 127 128 132 133 134 136 137 138 139 142 145 146 149 150 151 153
214 0.28 200.91 good
492 0.23 406.22 good
12 0.40 267.71 bad
38 0.27 155.27 bad
42 0.21 75.15 good
8 0.48 181.37 bad
14 0.26 110.48 bad
25 0.23 143.84 bad
15 0.40 491.68 bad
12 0.44 114.51 bad
136 0.21 68.44 good
25 0.23 87.54 good
70 0.22 181.41 bad
61 0.40 468.11 bad
32 0.28 78.49 good
23 0.36 114.10 bad
2 0.20 28.01 bad
32 0.43 249.04 bad
31 0.21 40.03 good
68 0.22 194.89 good
111 0.31 404.81 bad
24 0.39 192.82 bad
254 0.18 41.11 good
63 0.23 203.97 bad
106 0.20 948.64 bad
19 0.27 172.89 bad
289 0.34 389.04 good
242 0.11 29.34 good
93 0.30 135.14 bad
28 0.19 218.67 good
20 0.20 85.63 bad
371 0.33 362.40 bad
13 0.39 155.38 bad
42 0.37 339.26 bad
1 0.14 31.11 bad
11 0.33 182.02 bad
70 0.14 256.16 good
138 0.21 148.52 good
19 0.18 95.85 bad
3 0.08 199.64 bad
21 0.12 55.29 good
22 0.31 77.07 bad
2 0.43 204.65 bad
17 0.16 278.88 good
45 0.25 223.96 bad
119 0.25 106.33 bad
16 0.36 393.48 bad
8 0.40 344.01 good
110 0.15 159.36 good
183 0.22 440.27 bad
57 0.33 147.32 bad
94 0.26 65.93 bad
193 0.13 599.56 bad
4 0.54 173.53 bad
3 0.20 87.78 bad
22 0.28 188.48 bad
55 0.15 51.21 good
53 0.30 249.84 bad
65 0.23 95.46 bad
321 0.18 118.81 good
4 0.20 25.57 bad
218 0.16 191.97 good
558 0.22 391.57 good
253 0.34 243.27 bad
65 0.26 286.97 bad
5 0.34 92.39 bad
1586 0.10 1238.93 good
34 0.36 170.95 bad
31 0.28 131.59 bad
63 0.30 84.03 bad
25 0.36 164.81 bad
218 0.09 875.52 bad
76 0.35 125.49 bad
7 0.42 138.45 good
5 0.45 132.92 bad
112 0.39 387.39 bad
14 0.32 102.63 bad
126 0.28 313.76 bad
48 0.16 76.64 good
146 0.22 319.05 good
108 0.13 82.37 good
131 0.25 212.10 good
1 0.33 194.01 bad
168 0.21 176.74 good
9 0.32 63.17 bad
303 0.15 478.73 good
53 0.22 56.35 bad
206 0.24 304.97 good
365 0.15 364.52 good
28 0.45 909.70 bad
710 0.27 402.15 good
178 0.23 113.50 good
5 0.35 158.29 bad
125 0.16 105.22 bad
50 0.25 105.28 good