BookScoreCount TwoStarRate FiveStarRate Class
98
1 4 5 6 7 8 9 10 11 12 14 15 16 19 20 22 23 24 26 27 28 30 33 34 36 38 39 40 41 43 45 47 48 50 51 52 54 56 58 59 62 63 65 66 68 69 70 72 75 76 77 78 79 80 81 83 85 86 87 89 91 92 93 96 98 99 100 101 102 104 107 110 112 114 115 117 123 124 126 128 131 132 134 135 136 138 139 140 141 142 143 146 147 148 149 150 151 153
967 0.08 0.25 good
78 0.09 0.10 bad
439 0.20 0.12 good
187 0.14 0.23 good
27 0.15 0.11 bad
177 0.16 0.21 bad
51 0.18 0.02 bad
78 0.26 0.09 bad
51 0.04 0.16 bad
25 0.08 0.20 bad
454 0.14 0.20 good
658 0.13 0.23 bad
119 0.22 0.14 good
250 0.18 0.28 bad
112 0.20 0.13 good
159 0.15 0.11 bad
116 0.31 0.06 good
70 0.21 0.11 bad
100 0.09 0.19 bad
150 0.17 0.05 good
263 0.11 0.27 bad
29 0.18 0.11 bad
192 0.20 0.15 good
97 0.30 0.03 bad
223 0.10 0.19 bad
63 0.35 0.13 bad
20 0.26 0.00 bad
495 0.12 0.19 good
670 0.14 0.17 good
81 0.13 0.14 good
299 0.20 0.10 bad
79 0.28 0.08 bad
1248 0.09 0.17 bad
29 0.28 0.07 good
133 0.30 0.07 bad
1780 0.04 0.42 bad
43 0.05 0.29 good
80 0.20 0.13 good
461 0.05 0.37 good
484 0.21 0.25 good
13 0.50 0.00 bad
91 0.07 0.30 good
82 0.28 0.07 bad
21 0.14 0.10 bad
153 0.11 0.22 bad
20 0.05 0.21 bad
51 0.10 0.20 bad
956 0.08 0.35 good
21 0.10 0.10 good
429 0.07 0.24 good
745 0.07 0.37 bad
217 0.10 0.16 bad
531 0.19 0.10 bad
714 0.03 0.58 bad
25 0.08 0.13 bad
104 0.17 0.22 bad
356 0.19 0.10 good
222 0.03 0.26 bad
182 0.09 0.27 bad
145 0.17 0.17 bad
654 0.08 0.34 good
527 0.04 0.42 good
396 0.08 0.21 bad
188 0.11 0.17 good
2113 0.08 0.29 good
942 0.12 0.17 bad
42 0.02 0.25 bad
219 0.10 0.27 bad
225 0.14 0.08 good
25 0.31 0.09 bad
1184 0.12 0.31 bad
112 0.21 0.10 bad
201 0.20 0.11 bad
1114 0.02 0.60 bad
282 0.19 0.07 bad
34 0.11 0.09 bad
93 0.08 0.20 good
320 0.19 0.11 good
353 0.06 0.30 good
607 0.08 0.31 good
31 0.41 0.06 good
614 0.14 0.13 good
795 0.12 0.18 good
1310 0.09 0.26 bad
68 0.24 0.09 bad
328 0.10 0.18 bad
1100 0.07 0.22 good
21 0.30 0.05 bad
83 0.03 0.15 bad
2366 0.05 0.46 good
153 0.21 0.10 bad
2356 0.09 0.19 good
208 0.22 0.02 good
1080 0.03 0.08 bad
674 0.18 0.15 good
21 0.15 0.15 bad
638 0.07 0.37 bad
209 0.22 0.12 good