AddListCount ThreeStarRate Median Class
103
0 1 2 3 7 8 10 14 19 20 21 22 25 27 28 30 31 32 33 34 36 37 38 40 42 43 44 46 47 49 50 51 52 53 54 56 58 59 60 61 62 63 64 65 66 67 68 69 70 71 73 74 75 76 77 78 79 81 82 83 84 85 87 88 89 90 91 92 93 94 97 98 101 102 103 104 107 108 109 110 112 114 115 118 121 123 131 133 135 136 137 138 139 140 141 142 143 144 146 147 150 151 152
214 0.28 6.00 good
492 0.23 8.00 good
12 0.40 6.00 bad
38 0.27 6.00 bad
8 0.48 6.00 bad
53 0.30 6.00 bad
25 0.23 6.00 bad
136 0.21 6.00 good
70 0.22 6.00 bad
17 0.15 4.00 good
12 0.16 4.00 bad
61 0.40 6.00 bad
2 0.20 4.00 bad
31 0.21 4.00 good
73 0.25 8.00 bad
9 0.32 6.00 bad
6 0.33 6.00 good
111 0.31 8.00 bad
49 0.29 6.00 good
24 0.39 6.00 bad
63 0.23 8.00 bad
106 0.20 8.00 bad
19 0.27 6.00 bad
172 0.24 8.00 good
215 0.26 6.00 bad
18 0.24 6.00 good
242 0.11 4.00 good
28 0.19 8.00 good
20 0.20 4.00 bad
13 0.39 6.00 bad
7 0.32 6.00 good
42 0.37 6.00 bad
446 0.15 8.00 bad
1 0.14 4.00 bad
9 0.33 6.00 good
13 0.32 6.00 good
70 0.14 8.00 good
138 0.21 6.00 good
19 0.18 6.00 bad
33 0.25 8.00 good
3 0.08 4.00 bad
21 0.12 6.00 good
10 0.21 4.00 bad
22 0.31 4.00 bad
2 0.43 6.00 bad
17 0.16 8.00 good
45 0.25 8.00 bad
5 0.26 8.00 bad
2 0.04 8.00 bad
119 0.25 6.00 bad
8 0.22 8.00 bad
16 0.36 6.00 bad
8 0.40 6.00 good
110 0.15 8.00 good
183 0.22 8.00 bad
57 0.33 6.00 bad
94 0.26 6.00 bad
4 0.54 6.00 bad
3 0.20 4.00 bad
22 0.28 6.00 bad
3 0.33 6.00 bad
55 0.15 4.00 good
65 0.23 6.00 bad
321 0.18 8.00 good
49 0.27 6.00 bad
4 0.20 2.00 bad
218 0.16 8.00 good
141 0.16 8.00 good
121 0.26 8.00 bad
57 0.23 8.00 good
7 0.26 8.00 good
558 0.22 8.00 good
65 0.26 8.00 bad
39 0.26 6.00 good
6 0.50 6.00 bad
5 0.34 4.00 bad
188 0.15 6.00 bad
1586 0.10 10.00 good
34 0.36 6.00 bad
31 0.28 6.00 bad
63 0.30 6.00 bad
218 0.09 10.00 bad
76 0.35 6.00 bad
112 0.39 6.00 bad
14 0.32 4.00 bad
32 0.37 6.00 good
5 0.13 4.00 good
1 0.33 6.00 bad
293 0.24 8.00 bad
9 0.32 4.00 bad
303 0.15 8.00 good
53 0.22 6.00 bad
206 0.24 8.00 good
7 0.07 8.00 bad
19 0.19 8.00 bad
365 0.15 8.00 good
42 0.22 6.00 bad
103 0.27 6.00 bad
710 0.27 8.00 good
26 0.19 4.00 good
5 0.35 6.00 bad
125 0.16 8.00 bad
12 0.28 6.00 good