BookScoreCount ThreeStarRate Median Class
99
1 4 9 11 12 13 14 15 16 17 18 20 23 24 25 26 27 29 33 34 35 36 39 40 41 42 43 44 45 46 47 49 50 51 52 54 55 56 57 58 59 62 64 65 68 69 70 71 72 74 75 76 79 82 83 85 87 89 90 92 93 94 95 96 97 98 100 101 105 106 109 110 111 113 114 115 116 117 119 121 122 123 124 126 127 128 131 134 136 137 138 140 141 143 145 147 149 151 153
967 0.23 8.00 good
78 0.33 6.00 bad
51 0.26 6.00 bad
51 0.40 6.00 bad
25 0.44 6.00 bad
48 0.39 6.00 bad
454 0.21 6.00 good
658 0.27 6.00 bad
119 0.23 6.00 good
36 0.20 6.00 bad
23 0.28 6.00 bad
112 0.15 4.00 good
116 0.28 4.00 good
70 0.36 6.00 bad
11 0.20 4.00 bad
100 0.43 6.00 bad
150 0.21 4.00 good
290 0.22 8.00 good
192 0.29 6.00 good
97 0.39 6.00 bad
1909 0.18 6.00 good
223 0.23 8.00 bad
20 0.16 2.00 bad
495 0.24 8.00 good
670 0.34 6.00 good
686 0.26 6.00 bad
81 0.24 6.00 good
1885 0.11 4.00 good
299 0.30 6.00 bad
108 0.19 8.00 good
79 0.20 4.00 bad
72 0.39 6.00 bad
29 0.32 6.00 good
133 0.37 6.00 bad
1780 0.15 8.00 bad
43 0.33 6.00 good
55 0.33 6.00 bad
80 0.32 6.00 good
2109 0.21 6.00 bad
461 0.14 8.00 good
484 0.21 6.00 good
13 0.08 4.00 bad
45 0.21 4.00 bad
82 0.31 4.00 bad
153 0.25 8.00 bad
20 0.26 8.00 bad
51 0.04 8.00 bad
248 0.25 6.00 bad
956 0.26 8.00 good
46 0.36 6.00 bad
21 0.40 6.00 good
429 0.15 8.00 good
531 0.26 6.00 bad
31 0.20 4.00 bad
104 0.28 6.00 bad
356 0.15 4.00 good
182 0.23 6.00 bad
145 0.27 6.00 bad
16 0.20 2.00 bad
527 0.16 8.00 good
396 0.26 8.00 bad
218 0.23 8.00 good
13 0.46 6.00 bad
188 0.28 8.00 good
39 0.26 8.00 good
2113 0.22 8.00 good
42 0.34 8.00 bad
219 0.26 8.00 bad
339 0.19 8.00 good
349 0.27 6.00 good
88 0.36 6.00 bad
112 0.28 6.00 bad
182 0.26 6.00 good
136 0.36 6.00 bad
1114 0.09 10.00 bad
282 0.35 6.00 bad
19 0.42 6.00 good
34 0.45 6.00 bad
1575 0.20 8.00 good
59 0.32 4.00 bad
385 0.28 8.00 bad
93 0.37 6.00 good
320 0.29 6.00 good
353 0.16 8.00 good
387 0.22 8.00 good
607 0.13 8.00 good
31 0.13 4.00 good
795 0.21 8.00 good
68 0.32 4.00 bad
1641 0.15 8.00 good
328 0.22 6.00 bad
21 0.07 8.00 bad
83 0.19 8.00 bad
153 0.22 6.00 bad
61 0.45 6.00 bad
208 0.19 4.00 good
674 0.23 6.00 good
638 0.16 8.00 bad
209 0.25 6.00 good