BookScore BookScoreCount TwoStarRate Class
100
0 1 4 5 6 7 9 14 16 17 18 20 21 22 24 25 26 27 28 29 30 32 36 37 38 40 41 42 44 45 46 47 48 49 50 51 53 54 56 58 59 60 61 64 65 66 68 70 72 73 76 77 78 79 80 81 83 85 86 88 91 92 94 95 98 99 100 102 103 104 106 108 111 112 113 114 116 117 118 119 120 121 124 126 127 130 131 132 134 135 137 139 142 145 146 149 150 151 152 153
6.4 568 0.15 good
7.2 967 0.08 good
5.8 78 0.09 bad
5.6 439 0.20 good
6.0 187 0.14 good
5.8 27 0.15 bad
5.4 51 0.18 bad
5.9 454 0.14 good
5.7 119 0.22 good
5.6 36 0.22 bad
6.5 23 0.17 bad
5.3 112 0.20 good
4.6 44 0.37 bad
6.5 159 0.15 bad
5.5 70 0.21 bad
4.8 11 0.20 bad
6.5 100 0.09 bad
4.5 150 0.17 good
7.2 263 0.11 bad
7.1 290 0.10 good
5.4 29 0.18 bad
6.8 292 0.09 bad
6.7 223 0.10 bad
7.8 216 0.03 bad
5.9 63 0.35 bad
6.7 495 0.12 good
6.7 670 0.14 good
5.4 686 0.17 bad
5.4 1885 0.07 good
5.8 299 0.20 bad
7.1 108 0.07 good
5.3 79 0.28 bad
6.8 1248 0.09 bad
5.9 72 0.10 bad
5.3 29 0.28 good
5.9 133 0.30 bad
4.0 22 0.33 bad
7.0 43 0.05 good
5.3 80 0.20 good
7.5 461 0.05 good
6.5 484 0.21 good
6.2 108 0.21 bad
7.5 86 0.08 good
4.4 45 0.27 bad
4.8 82 0.28 bad
5.9 21 0.14 bad
6.8 153 0.11 bad
5.9 51 0.10 bad
7.3 956 0.08 good
6.8 19 0.11 bad
6.8 429 0.07 good
7.6 745 0.07 bad
6.2 217 0.10 bad
5.2 531 0.19 bad
8.3 714 0.03 bad
5.8 25 0.08 bad
6.6 104 0.17 bad
5.2 356 0.19 good
7.0 222 0.03 bad
6.7 1636 0.10 good
7.2 654 0.08 good
7.8 527 0.04 good
7.0 218 0.11 good
5.5 13 0.23 bad
7.3 2113 0.08 good
6.5 942 0.12 bad
7.0 42 0.02 bad
5.3 225 0.14 good
6.6 29 0.08 bad
4.9 25 0.31 bad
6.0 349 0.14 good
8.7 5393 0.02 good
5.8 182 0.16 good
5.4 201 0.20 bad
6.1 136 0.13 bad
8.5 1114 0.02 bad
6.0 19 0.12 good
5.5 34 0.11 bad
6.5 274 0.11 bad
7.3 1575 0.06 good
5.6 45 0.18 good
4.5 59 0.30 bad
5.6 320 0.19 good
6.4 353 0.06 good
7.4 387 0.06 good
5.7 82 0.13 bad
4.4 31 0.41 good
6.4 614 0.14 good
6.5 795 0.12 good
7.0 1310 0.09 bad
7.8 1641 0.05 good
7.0 1100 0.07 good
7.8 2366 0.05 good
6.7 61 0.10 bad
7.0 2356 0.09 good
6.0 674 0.18 good
6.1 21 0.15 bad
6.8 638 0.07 bad
5.1 45 0.19 good
5.7 209 0.22 good