BookScoreCount AddListCount Mode Class
94
0 1 3 5 6 7 10 13 14 15 16 17 18 19 21 22 23 26 30 31 32 34 36 37 38 39 40 41 42 43 47 48 49 50 51 52 53 56 58 59 62 63 69 70 72 73 76 77 78 80 81 82 83 85 87 90 91 99 100 101 105 106 108 109 111 112 113 114 115 116 117 119 120 121 122 123 124 125 126 130 131 132 133 134 135 137 142 143 144 146 147 148 149 151
568 214 8.00 good
967 492 8.00 good
129 38 8.00 bad
439 122 6.00 good
187 42 2.00 good
27 8 6.00 bad
78 25 8.00 bad
48 9 6.00 bad
454 136 2.00 good
658 204 6.00 bad
119 25 6.00 good
36 10 8.00 bad
23 7 10.00 bad
250 70 10.00 bad
44 12 4.00 bad
159 61 6.00 bad
116 32 4.00 good
100 32 6.00 bad
29 9 6.00 bad
44 6 6.00 good
292 111 8.00 bad
97 24 6.00 bad
223 63 8.00 bad
216 106 8.00 bad
63 19 4.00 bad
20 1 2.00 bad
495 172 8.00 good
670 289 6.00 good
686 215 2.00 bad
81 18 2.00 good
79 20 4.00 bad
1248 371 8.00 bad
72 13 6.00 bad
29 7 6.00 good
133 42 6.00 bad
1780 446 10.00 bad
22 1 2.00 bad
80 13 6.00 good
461 70 10.00 good
484 138 10.00 good
13 3 4.00 bad
91 21 2.00 good
20 5 8.00 bad
51 2 2.00 bad
956 180 10.00 good
19 8 8.00 bad
429 110 8.00 good
745 183 10.00 bad
217 57 6.00 bad
714 193 10.00 bad
25 4 6.00 bad
31 3 4.00 bad
104 22 6.00 bad
356 55 2.00 good
182 65 10.00 bad
16 4 2.00 bad
654 218 10.00 good
942 253 6.00 bad
42 8 6.00 bad
219 65 10.00 bad
339 98 8.00 good
349 102 6.00 good
5393 1586 10.00 good
88 34 6.00 bad
182 53 8.00 good
201 63 6.00 bad
136 25 6.00 bad
1114 218 10.00 bad
282 76 6.00 bad
19 7 6.00 good
34 5 6.00 bad
1575 274 8.00 good
45 15 8.00 good
59 14 6.00 bad
385 126 8.00 bad
93 32 6.00 good
320 57 6.00 good
768 149 10.00 good
353 48 10.00 good
82 11 6.00 bad
31 5 4.00 good
614 131 8.00 good
23 1 8.00 bad
795 168 8.00 good
1310 293 8.00 bad
1641 303 10.00 good
2366 365 10.00 good
153 42 8.00 bad
364 103 6.00 bad
2356 710 8.00 good
208 26 2.00 good
1080 54 2.00 bad
674 178 8.00 good
638 125 10.00 bad