FourStarRate Mode Kurtosis Class
92
0 1 3 4 7 12 13 14 17 18 19 20 23 26 30 31 32 34 37 38 39 40 41 42 44 46 47 48 51 52 53 54 56 57 62 65 66 67 68 69 70 71 72 74 75 77 81 84 86 87 89 90 91 92 96 97 98 102 104 106 108 109 110 111 112 113 115 120 121 122 123 125 126 127 128 129 131 132 133 134 135 137 138 139 142 143 144 147 148 151 152 153
0.30 8.00 200.91 good
0.36 8.00 406.22 good
0.27 8.00 155.27 bad
0.25 6.00 113.07 bad
0.11 6.00 181.37 bad
0.08 6.00 114.51 bad
0.13 6.00 156.17 bad
0.19 2.00 68.44 good
0.23 8.00 80.31 bad
0.14 10.00 137.29 bad
0.22 10.00 181.41 bad
0.20 2.00 48.29 good
0.08 4.00 78.49 good
0.18 6.00 249.04 bad
0.14 6.00 80.73 bad
0.19 6.00 211.54 good
0.39 8.00 404.81 bad
0.13 6.00 192.82 bad
0.44 8.00 948.64 bad
0.17 4.00 172.89 bad
0.05 2.00 53.89 bad
0.33 8.00 227.23 good
0.29 6.00 389.04 good
0.20 2.00 74.29 bad
0.16 2.00 29.34 good
0.33 8.00 218.67 good
0.22 4.00 85.63 bad
0.33 8.00 362.40 bad
0.21 6.00 339.26 bad
0.30 10.00 453.60 bad
0.00 2.00 31.11 bad
0.21 6.00 245.77 good
0.10 6.00 74.03 good
0.29 8.00 94.54 bad
0.34 4.00 199.64 bad
0.07 6.00 77.07 bad
0.19 6.00 204.65 bad
0.25 10.00 278.88 good
0.30 8.00 223.96 bad
0.42 8.00 758.93 bad
0.32 2.00 49.13 bad
0.25 8.00 106.33 bad
0.20 10.00 259.41 good
0.31 6.00 393.48 bad
0.30 6.00 344.01 good
0.27 10.00 440.27 bad
0.08 6.00 173.53 bad
0.19 6.00 116.65 bad
0.27 6.00 249.84 bad
0.19 10.00 95.46 bad
0.28 8.00 208.64 bad
0.07 2.00 25.57 bad
0.28 10.00 191.97 good
0.29 10.00 444.03 good
0.33 8.00 282.28 good
0.40 8.00 198.40 good
0.33 8.00 391.57 good
0.21 2.00 65.28 good
0.04 6.00 92.39 bad
0.24 6.00 114.14 good
0.20 10.00 1238.93 good
0.24 6.00 170.95 bad
0.24 6.00 131.59 bad
0.26 8.00 113.09 good
0.15 6.00 84.03 bad
0.21 6.00 164.81 bad
0.19 6.00 125.49 bad
0.25 8.00 75.21 good
0.08 6.00 102.63 bad
0.29 8.00 313.76 bad
0.30 6.00 502.72 good
0.20 10.00 1797.82 good
0.21 10.00 76.64 good
0.26 10.00 319.05 good
0.23 10.00 82.37 good
0.26 10.00 209.65 good
0.11 4.00 58.14 good
0.35 8.00 212.10 good
0.33 8.00 194.01 bad
0.34 8.00 176.74 good
0.29 8.00 234.30 bad
0.33 10.00 478.73 good
0.19 2.00 56.35 bad
0.36 8.00 304.97 good
0.24 10.00 364.52 good
0.24 8.00 86.23 bad
0.18 6.00 97.95 bad
0.09 2.00 40.59 good
0.06 2.00 9.99 bad
0.19 10.00 105.22 bad
0.14 2.00 62.68 good
0.22 6.00 105.28 good