BookScore ThreeStarRate Mode Class
104
0 2 3 4 5 7 9 10 13 14 15 16 17 18 19 20 21 23 24 25 26 27 28 30 31 33 34 35 36 38 40 41 45 46 47 49 50 51 52 55 56 57 58 59 60 61 62 64 65 67 69 73 75 76 77 78 79 80 81 82 83 85 91 92 93 94 96 98 100 102 103 104 105 107 109 111 112 115 116 117 118 119 121 122 124 125 126 127 128 129 130 131 132 133 135 137 138 139 140 141 143 145 147 152
6.4 0.28 8.00 good
6.4 0.40 6.00 bad
6.4 0.27 8.00 bad
5.8 0.33 6.00 bad
5.6 0.26 6.00 good
5.8 0.48 6.00 bad
5.4 0.26 8.00 bad
5.8 0.23 8.00 bad
5.5 0.39 6.00 bad
5.9 0.21 2.00 good
6.6 0.27 6.00 bad
5.7 0.23 6.00 good
5.6 0.20 8.00 bad
6.5 0.28 10.00 bad
6.7 0.22 10.00 bad
5.3 0.15 2.00 good
4.6 0.16 4.00 bad
4.7 0.28 4.00 good
5.5 0.36 6.00 bad
4.8 0.20 2.00 bad
6.5 0.43 6.00 bad
4.5 0.21 2.00 good
7.2 0.25 8.00 bad
5.4 0.32 6.00 bad
5.8 0.33 6.00 good
6.1 0.29 6.00 good
5.1 0.39 6.00 bad
5.5 0.18 2.00 good
6.7 0.23 8.00 bad
5.9 0.27 4.00 bad
6.7 0.24 8.00 good
6.7 0.34 6.00 good
5.8 0.30 6.00 bad
7.1 0.19 8.00 good
5.3 0.20 4.00 bad
5.9 0.39 6.00 bad
5.3 0.32 6.00 good
5.9 0.37 6.00 bad
7.9 0.15 10.00 bad
5.6 0.33 6.00 bad
5.3 0.32 6.00 good
6.2 0.21 8.00 bad
7.5 0.14 10.00 good
6.5 0.21 10.00 good
6.2 0.18 10.00 bad
7.5 0.25 8.00 good
5.3 0.08 4.00 bad
4.4 0.21 2.00 bad
4.8 0.31 6.00 bad
7.6 0.16 10.00 good
7.4 0.26 8.00 bad
6.8 0.22 8.00 bad
6.4 0.40 6.00 good
6.8 0.15 8.00 good
7.6 0.22 10.00 bad
6.2 0.33 6.00 bad
5.2 0.26 2.00 bad
8.3 0.13 10.00 bad
5.8 0.54 6.00 bad
5.6 0.20 4.00 bad
6.6 0.28 6.00 bad
5.2 0.15 2.00 good
7.2 0.16 10.00 good
7.8 0.16 10.00 good
6.9 0.26 8.00 bad
7.0 0.23 8.00 good
6.7 0.28 8.00 good
7.3 0.22 8.00 good
7.0 0.34 6.00 bad
5.3 0.26 2.00 good
6.6 0.50 6.00 bad
4.9 0.34 6.00 bad
7.4 0.19 8.00 good
6.4 0.15 10.00 bad
6.0 0.36 6.00 bad
5.8 0.26 8.00 good
5.4 0.30 6.00 bad
5.5 0.35 6.00 bad
6.0 0.42 6.00 good
5.5 0.45 6.00 bad
6.5 0.39 6.00 bad
7.3 0.20 8.00 good
4.5 0.32 6.00 bad
7.0 0.28 8.00 bad
5.6 0.29 6.00 good
8.9 0.08 10.00 good
6.4 0.16 10.00 good
7.4 0.22 10.00 good
6.5 0.13 10.00 good
7.3 0.16 10.00 good
5.7 0.28 6.00 bad
4.4 0.13 4.00 good
6.4 0.25 8.00 good
5.9 0.33 8.00 bad
7.0 0.24 8.00 bad
7.8 0.15 10.00 good
5.7 0.22 2.00 bad
7.0 0.24 8.00 good
6.4 0.07 8.00 bad
6.9 0.19 8.00 bad
5.5 0.22 8.00 bad
6.7 0.45 6.00 bad
3.9 0.19 2.00 good
5.1 0.28 2.00 good