AddListCount FourStarRate FiveStarRate Class
94
1 2 3 7 8 10 15 17 20 21 22 24 25 26 27 32 33 34 36 38 39 41 42 43 44 46 47 49 50 51 52 55 56 57 60 61 62 63 64 66 67 68 69 72 74 77 78 79 80 81 84 86 87 88 89 90 92 93 96 97 98 99 100 104 105 106 107 111 113 114 116 117 121 122 124 128 129 130 131 134 135 136 137 138 139 140 141 145 146 147 148 149 150 152
492 0.36 0.25 good
12 0.24 0.15 bad
38 0.27 0.18 bad
8 0.11 0.11 bad
53 0.22 0.21 bad
25 0.27 0.09 bad
204 0.25 0.23 bad
10 0.23 0.12 bad
17 0.20 0.13 good
12 0.14 0.04 bad
61 0.28 0.11 bad
23 0.13 0.11 bad
2 0.00 0.20 bad
32 0.18 0.19 bad
31 0.15 0.05 good
111 0.39 0.13 bad
49 0.23 0.15 good
24 0.13 0.03 bad
63 0.34 0.19 bad
19 0.17 0.13 bad
1 0.05 0.00 bad
289 0.29 0.17 good
215 0.20 0.11 bad
18 0.14 0.14 good
242 0.16 0.23 good
28 0.33 0.27 good
20 0.22 0.08 bad
13 0.23 0.10 bad
7 0.14 0.07 good
42 0.21 0.07 bad
446 0.30 0.42 bad
11 0.20 0.06 bad
13 0.10 0.13 good
551 0.29 0.18 bad
19 0.20 0.23 bad
33 0.44 0.21 good
3 0.34 0.00 bad
21 0.20 0.30 good
10 0.14 0.02 bad
2 0.19 0.10 bad
17 0.25 0.42 good
45 0.30 0.22 bad
5 0.42 0.21 bad
180 0.20 0.35 good
16 0.31 0.04 bad
183 0.27 0.37 bad
57 0.24 0.16 bad
94 0.17 0.10 bad
193 0.19 0.58 bad
4 0.08 0.13 bad
3 0.19 0.14 bad
53 0.27 0.26 bad
65 0.19 0.27 bad
321 0.23 0.30 good
49 0.28 0.17 bad
4 0.07 0.07 bad
141 0.29 0.42 good
121 0.34 0.21 bad
100 0.33 0.17 good
7 0.40 0.13 good
558 0.33 0.29 good
253 0.26 0.17 bad
8 0.27 0.25 bad
5 0.04 0.09 bad
98 0.33 0.31 good
102 0.24 0.16 good
188 0.17 0.31 bad
53 0.26 0.12 good
25 0.21 0.14 bad
218 0.23 0.60 bad
7 0.12 0.17 good
5 0.14 0.09 bad
14 0.08 0.02 bad
126 0.29 0.25 bad
57 0.20 0.11 good
108 0.23 0.31 good
510 0.26 0.37 good
11 0.16 0.17 bad
5 0.11 0.06 good
168 0.34 0.18 good
293 0.29 0.26 bad
9 0.05 0.09 bad
303 0.33 0.38 good
53 0.19 0.18 bad
206 0.36 0.22 good
7 0.54 0.05 bad
19 0.49 0.15 bad
28 0.33 0.08 bad
710 0.37 0.19 good
26 0.09 0.02 good
54 0.06 0.08 bad
178 0.26 0.15 good
5 0.20 0.15 bad
12 0.14 0.09 good