BookWordCount AddListCount TwoStarRate Class
97
0 1 4 6 9 10 11 12 13 14 15 16 17 19 20 21 22 23 26 30 31 32 37 38 39 41 42 43 44 47 49 50 52 53 54 55 56 57 58 59 64 65 67 69 72 74 79 81 83 85 86 88 89 90 91 92 94 95 96 97 99 100 101 102 107 108 109 110 111 112 113 115 117 118 119 120 121 122 123 124 127 128 131 133 134 135 137 138 139 140 143 145 146 148 149 151 152
177.20 214 0.15 good
289.90 492 0.08 good
139.00 22 0.09 bad
59.60 42 0.14 good
21.30 14 0.18 bad
82.50 25 0.26 bad
13.40 15 0.04 bad
21.80 12 0.08 bad
27.50 9 0.24 bad
123.80 136 0.14 good
257.20 204 0.13 bad
135.80 25 0.22 good
33.60 10 0.22 bad
122.40 70 0.18 bad
82.30 17 0.20 good
74.10 12 0.37 bad
77.70 61 0.15 bad
122.20 32 0.31 good
62.70 32 0.09 bad
150.70 9 0.18 bad
78.00 6 0.30 good
51.10 111 0.09 bad
51.30 106 0.03 bad
80.20 19 0.35 bad
22.80 1 0.26 bad
168.40 289 0.14 good
300.10 215 0.17 bad
74.40 18 0.13 good
296.80 242 0.07 good
49.70 20 0.28 bad
44.50 13 0.10 bad
51.90 7 0.28 good
76.10 446 0.04 bad
53.70 1 0.33 bad
13.00 9 0.05 good
106.40 11 0.28 bad
40.40 13 0.20 good
293.40 551 0.07 bad
63.50 70 0.05 good
133.40 138 0.21 good
54.40 10 0.27 bad
72.20 22 0.28 bad
16.80 17 0.06 good
7.30 5 0.05 bad
390.00 180 0.08 good
49.30 16 0.22 bad
131.20 94 0.19 bad
87.70 4 0.08 bad
40.80 22 0.17 bad
87.20 55 0.19 good
129.90 53 0.03 bad
315.30 321 0.10 good
153.20 49 0.17 bad
50.40 4 0.13 bad
126.20 218 0.08 good
116.50 141 0.04 good
63.70 57 0.11 good
99.00 4 0.23 bad
34.10 100 0.11 good
22.20 7 0.03 good
181.90 253 0.12 bad
59.90 8 0.02 bad
219.60 65 0.10 bad
78.10 39 0.14 good
310.00 188 0.12 bad
446.50 1586 0.02 good
101.10 34 0.14 bad
133.50 31 0.21 bad
148.90 53 0.16 good
107.80 63 0.20 bad
247.80 25 0.13 bad
119.20 76 0.19 bad
59.10 5 0.11 bad
92.20 112 0.11 bad
427.70 274 0.06 good
85.80 15 0.18 good
145.90 14 0.30 bad
79.20 126 0.10 bad
153.40 32 0.08 good
223.00 57 0.19 good
34.20 146 0.06 good
296.70 108 0.08 good
195.70 5 0.41 good
145.80 1 0.13 bad
179.50 168 0.12 good
335.20 293 0.09 bad
448.70 303 0.05 good
212.90 53 0.10 bad
130.30 206 0.07 good
43.40 7 0.30 bad
177.70 42 0.21 bad
62.30 28 0.10 bad
477.20 710 0.09 good
209.90 54 0.03 bad
382.10 178 0.18 good
93.00 125 0.07 bad
163.50 12 0.19 good