BookWordCount BookScoreCount Kurtosis Class
96
0 2 4 5 6 8 9 10 11 12 13 16 17 18 20 23 26 30 31 33 35 36 38 40 41 43 44 45 47 48 49 50 51 53 54 57 58 59 61 62 63 64 67 69 71 72 75 76 77 79 81 82 83 84 85 86 90 92 93 94 95 96 97 99 105 107 111 112 113 115 116 117 118 119 120 122 123 125 126 127 128 130 133 134 135 137 138 140 141 143 145 146 150 151 152 153
177.20 568 200.91 good
48.30 47 267.71 bad
139.00 78 113.07 bad
158.50 439 93.52 good
59.60 187 75.15 good
143.50 177 196.73 bad
21.30 51 110.48 bad
82.50 78 143.84 bad
13.40 51 491.68 bad
21.80 25 114.51 bad
27.50 48 156.17 bad
135.80 119 87.54 good
33.60 36 80.31 bad
24.10 23 137.29 bad
82.30 112 48.29 good
122.20 116 78.49 good
62.70 100 249.04 bad
150.70 29 80.73 bad
78.00 44 211.54 good
178.90 192 163.05 good
713.10 1909 41.11 good
87.00 223 203.97 bad
80.20 63 172.89 bad
153.10 495 227.23 good
168.40 670 389.04 good
74.40 81 44.83 good
296.80 1885 29.34 good
380.50 299 135.14 bad
49.70 79 85.63 bad
281.40 1248 362.40 bad
44.50 72 155.38 bad
51.90 29 119.73 good
84.60 133 339.26 bad
53.70 22 31.11 bad
13.00 43 245.77 good
293.40 2109 94.54 bad
63.50 461 256.16 good
133.40 484 148.52 good
17.00 86 1104.85 good
49.60 13 199.64 bad
108.60 91 55.29 good
54.40 45 59.06 bad
16.80 90 278.88 good
7.30 20 758.93 bad
98.90 248 106.33 bad
390.00 956 259.41 good
39.60 21 344.01 good
46.20 429 159.36 good
1070.70 745 440.27 bad
131.20 531 65.93 bad
87.70 25 173.53 bad
183.00 31 87.78 bad
40.80 104 188.48 bad
30.00 21 116.65 bad
87.20 356 51.21 good
129.90 222 249.84 bad
50.40 16 25.57 bad
116.50 527 444.03 good
90.50 396 288.02 bad
63.70 218 299.63 good
99.00 13 128.84 bad
34.10 188 282.28 good
22.20 39 198.40 good
181.90 942 243.27 bad
198.70 339 385.10 good
310.00 1184 72.91 bad
148.90 182 113.09 good
107.80 201 84.03 bad
247.80 136 164.81 bad
119.20 282 125.49 bad
118.30 19 138.45 good
59.10 34 132.92 bad
92.20 274 387.39 bad
427.70 1575 297.36 good
85.80 45 75.21 good
79.20 385 313.76 bad
153.40 93 502.72 good
65.70 768 1797.82 good
89.70 353 76.64 good
34.20 387 319.05 good
296.70 607 82.37 good
46.30 82 73.99 bad
145.80 23 194.01 bad
179.50 795 176.74 good
335.20 1310 234.30 bad
448.70 1641 478.73 good
212.90 328 56.35 bad
43.40 21 361.68 bad
25.10 83 311.51 bad
177.70 153 86.23 bad
62.30 61 909.70 bad
477.20 2356 402.15 good
44.60 21 158.29 bad
93.00 638 105.22 bad
163.50 45 62.68 good
73.20 209 105.28 good