BookWordCount TwoStarRate Median Class
93
1 4 5 6 7 8 9 11 13 15 17 20 24 26 29 31 33 34 40 41 42 43 44 45 46 47 50 56 57 58 60 61 62 63 65 66 67 68 69 70 71 73 74 75 76 77 79 81 82 86 87 90 92 93 94 96 97 100 101 102 106 107 108 109 113 114 115 116 117 118 119 120 123 124 126 127 128 129 131 133 136 137 138 141 142 143 144 146 147 148 149 150 152
289.90 0.08 8.00 good
139.00 0.09 6.00 bad
158.50 0.20 6.00 good
59.60 0.14 6.00 good
38.90 0.15 6.00 bad
143.50 0.16 6.00 bad
21.30 0.18 6.00 bad
13.40 0.04 6.00 bad
27.50 0.24 6.00 bad
257.20 0.13 6.00 bad
33.60 0.22 6.00 bad
82.30 0.20 4.00 good
74.80 0.21 6.00 bad
62.70 0.09 6.00 bad
233.90 0.10 8.00 good
78.00 0.30 6.00 good
178.90 0.20 6.00 good
154.60 0.30 6.00 bad
153.10 0.12 8.00 good
168.40 0.14 6.00 good
300.10 0.17 6.00 bad
74.40 0.13 6.00 good
296.80 0.07 4.00 good
380.50 0.20 6.00 bad
123.50 0.07 8.00 good
49.70 0.28 4.00 bad
51.90 0.28 6.00 good
40.40 0.20 6.00 good
293.40 0.07 6.00 bad
63.50 0.05 8.00 good
45.10 0.21 6.00 bad
17.00 0.08 8.00 good
49.60 0.50 4.00 bad
108.60 0.07 6.00 good
72.20 0.28 4.00 bad
34.80 0.14 6.00 bad
16.80 0.06 8.00 good
79.60 0.11 8.00 bad
7.30 0.05 8.00 bad
55.40 0.10 8.00 bad
98.90 0.12 6.00 bad
68.60 0.11 8.00 bad
49.30 0.22 6.00 bad
39.60 0.10 6.00 good
46.20 0.07 8.00 good
1070.70 0.07 8.00 bad
131.20 0.19 6.00 bad
87.70 0.08 6.00 bad
183.00 0.41 4.00 bad
129.90 0.03 8.00 bad
112.10 0.09 6.00 bad
50.40 0.13 2.00 bad
116.50 0.04 8.00 good
90.50 0.08 8.00 bad
63.70 0.11 8.00 good
34.10 0.11 8.00 good
22.20 0.03 8.00 good
59.90 0.02 8.00 bad
219.60 0.10 8.00 bad
78.10 0.14 6.00 good
64.40 0.14 6.00 good
310.00 0.12 6.00 bad
446.50 0.02 10.00 good
101.10 0.14 6.00 bad
247.80 0.13 6.00 bad
31.70 0.02 10.00 bad
119.20 0.19 6.00 bad
118.30 0.12 6.00 good
59.10 0.11 6.00 bad
92.20 0.11 6.00 bad
427.70 0.06 8.00 good
85.80 0.18 6.00 good
153.40 0.08 6.00 good
223.00 0.19 6.00 good
89.70 0.06 8.00 good
34.20 0.06 8.00 good
296.70 0.08 8.00 good
322.80 0.07 8.00 good
195.70 0.41 4.00 good
145.80 0.13 6.00 bad
72.70 0.24 4.00 bad
448.70 0.05 8.00 good
212.90 0.10 6.00 bad
25.10 0.03 8.00 bad
518.00 0.05 8.00 good
177.70 0.21 6.00 bad
319.70 0.25 6.00 bad
477.20 0.09 8.00 good
154.00 0.22 4.00 good
209.90 0.03 2.00 bad
382.10 0.18 6.00 good
44.60 0.15 6.00 bad
163.50 0.19 6.00 good