BookWordCount FourStarRate FiveStarRate Class
104
1 2 4 5 6 8 9 10 11 12 13 16 17 18 19 20 21 22 24 26 28 30 33 34 35 36 38 39 40 42 43 44 45 48 49 50 51 53 55 56 57 58 60 61 63 64 65 66 67 68 69 72 74 75 76 77 78 79 80 82 85 86 87 88 89 90 91 93 95 97 98 99 101 104 105 106 107 109 110 111 112 113 114 115 116 119 121 122 124 128 130 131 132 136 137 139 140 141 144 145 146 147 148 151
289.90 0.36 0.25 good
48.30 0.24 0.15 bad
139.00 0.25 0.10 bad
158.50 0.21 0.12 good
59.60 0.18 0.23 good
143.50 0.22 0.21 bad
21.30 0.30 0.02 bad
82.50 0.27 0.09 bad
13.40 0.32 0.16 bad
21.80 0.08 0.20 bad
27.50 0.13 0.09 bad
135.80 0.20 0.14 good
33.60 0.23 0.12 bad
24.10 0.14 0.28 bad
122.40 0.22 0.28 bad
82.30 0.20 0.13 good
74.10 0.14 0.04 bad
77.70 0.28 0.11 bad
74.80 0.13 0.11 bad
62.70 0.18 0.19 bad
53.00 0.31 0.27 bad
150.70 0.14 0.11 bad
178.90 0.23 0.15 good
154.60 0.13 0.03 bad
713.10 0.14 0.21 good
87.00 0.34 0.19 bad
80.20 0.17 0.13 bad
22.80 0.05 0.00 bad
153.10 0.33 0.19 good
300.10 0.20 0.11 bad
74.40 0.14 0.14 good
296.80 0.16 0.23 good
380.50 0.23 0.10 bad
281.40 0.33 0.17 bad
44.50 0.23 0.10 bad
51.90 0.14 0.07 good
84.60 0.21 0.07 bad
53.70 0.00 0.10 bad
106.40 0.20 0.06 bad
40.40 0.10 0.13 good
293.40 0.29 0.18 bad
63.50 0.30 0.37 good
45.10 0.20 0.23 bad
17.00 0.44 0.21 good
108.60 0.20 0.30 good
54.40 0.14 0.02 bad
72.20 0.07 0.07 bad
34.80 0.19 0.10 bad
16.80 0.25 0.42 good
79.60 0.30 0.22 bad
7.30 0.42 0.21 bad
390.00 0.20 0.35 good
49.30 0.31 0.04 bad
39.60 0.30 0.10 good
46.20 0.36 0.24 good
1070.70 0.27 0.37 bad
70.00 0.24 0.16 bad
131.20 0.17 0.10 bad
144.70 0.19 0.58 bad
183.00 0.05 0.22 bad
87.20 0.24 0.10 good
129.90 0.27 0.26 bad
112.10 0.19 0.27 bad
315.30 0.23 0.30 good
153.20 0.28 0.17 bad
50.40 0.07 0.07 bad
126.20 0.28 0.34 good
90.50 0.34 0.21 bad
99.00 0.00 0.15 bad
22.20 0.40 0.13 good
170.60 0.33 0.29 good
181.90 0.26 0.17 bad
219.60 0.27 0.27 bad
150.50 0.04 0.09 bad
198.70 0.33 0.31 good
64.40 0.24 0.16 good
310.00 0.17 0.31 bad
101.10 0.24 0.10 bad
133.50 0.24 0.10 bad
148.90 0.26 0.12 good
107.80 0.15 0.11 bad
247.80 0.21 0.14 bad
31.70 0.23 0.60 bad
119.20 0.19 0.07 bad
118.30 0.12 0.17 good
427.70 0.33 0.29 good
145.90 0.08 0.02 bad
79.20 0.29 0.25 bad
223.00 0.20 0.11 good
296.70 0.23 0.31 good
46.30 0.16 0.17 bad
195.70 0.11 0.06 good
237.20 0.35 0.13 good
72.70 0.05 0.09 bad
448.70 0.33 0.38 good
130.30 0.36 0.22 good
43.40 0.54 0.05 bad
25.10 0.49 0.15 bad
319.70 0.18 0.09 bad
62.30 0.33 0.08 bad
477.20 0.37 0.19 good
154.00 0.09 0.02 good
209.90 0.06 0.08 bad
93.00 0.19 0.37 bad