BookScore Median Kurtosis Class
99
0 1 2 3 4 8 9 11 12 13 14 15 18 20 21 22 25 27 31 32 34 35 36 37 38 40 41 42 43 44 45 48 50 55 56 57 60 61 63 64 65 67 71 72 73 75 76 78 79 82 83 86 87 88 90 93 95 97 98 99 100 103 104 105 106 107 108 110 112 115 116 117 118 119 120 121 122 124 125 126 127 128 129 130 132 134 136 137 138 139 141 144 145 146 147 148 149 150 152
6.4 6.00 200.91 good
7.2 8.00 406.22 good
6.4 6.00 267.71 bad
6.4 6.00 155.27 bad
5.8 6.00 113.07 bad
6.5 6.00 196.73 bad
5.4 6.00 110.48 bad
6.9 6.00 491.68 bad
6.0 6.00 114.51 bad
5.5 6.00 156.17 bad
5.9 6.00 68.44 good
6.6 6.00 188.48 bad
6.5 6.00 137.29 bad
5.3 4.00 48.29 good
4.6 4.00 66.70 bad
6.5 6.00 468.11 bad
4.8 4.00 28.01 bad
4.5 4.00 40.03 good
5.8 6.00 211.54 good
6.8 8.00 404.81 bad
5.1 6.00 192.82 bad
5.5 6.00 41.11 good
6.7 8.00 203.97 bad
7.8 8.00 948.64 bad
5.9 6.00 172.89 bad
6.7 8.00 227.23 good
6.7 6.00 389.04 good
5.4 6.00 74.29 bad
5.1 6.00 44.83 good
5.4 4.00 29.34 good
5.8 6.00 135.14 bad
6.8 6.00 362.40 bad
5.3 6.00 119.73 good
5.6 6.00 182.02 bad
5.3 6.00 74.03 good
6.2 6.00 94.54 bad
6.2 6.00 95.85 bad
7.5 8.00 1104.85 good
6.2 6.00 55.29 good
4.4 4.00 59.06 bad
4.8 4.00 77.07 bad
7.6 8.00 278.88 good
6.1 6.00 106.33 bad
7.3 8.00 259.41 good
6.8 8.00 278.58 bad
6.4 6.00 344.01 good
6.8 8.00 159.36 good
6.2 6.00 147.32 bad
5.2 6.00 65.93 bad
5.6 4.00 87.78 bad
6.6 6.00 188.48 bad
7.0 8.00 249.84 bad
6.4 6.00 95.46 bad
6.7 8.00 118.81 good
4.0 2.00 25.57 bad
6.9 8.00 288.02 bad
5.5 6.00 128.84 bad
6.5 8.00 198.40 good
7.3 8.00 391.57 good
6.5 6.00 243.27 bad
7.0 8.00 297.05 bad
6.6 6.00 664.54 bad
4.9 4.00 92.39 bad
7.4 8.00 385.10 good
6.0 6.00 114.14 good
6.4 6.00 72.91 bad
8.7 10.00 1238.93 good
5.8 6.00 131.59 bad
5.4 6.00 84.03 bad
5.5 6.00 125.49 bad
6.0 6.00 138.45 good
5.5 6.00 132.92 bad
6.5 6.00 387.39 bad
7.3 8.00 297.36 good
5.6 6.00 75.21 good
4.5 4.00 102.63 bad
7.0 8.00 313.76 bad
5.6 6.00 101.09 good
8.9 10.00 1797.82 good
6.4 8.00 76.64 good
7.4 8.00 319.05 good
6.5 8.00 82.37 good
7.3 8.00 209.65 good
5.7 6.00 73.99 bad
6.4 6.00 212.10 good
6.5 8.00 176.74 good
4.8 4.00 63.17 bad
7.8 8.00 478.73 good
5.7 6.00 56.35 bad
7.0 8.00 304.97 good
6.9 8.00 311.51 bad
5.4 6.00 97.95 bad
6.7 6.00 909.70 bad
7.0 8.00 402.15 good
3.9 4.00 40.59 good
3.3 2.00 9.99 bad
6.0 6.00 113.50 good
6.1 6.00 158.29 bad
5.1 6.00 62.68 good