BookWordCount ThreeStarRate Kurtosis Class
94
0 1 2 5 6 7 8 9 10 13 17 18 21 22 23 24 25 27 29 30 33 34 36 37 39 42 43 45 46 50 51 53 55 56 58 61 62 63 64 66 68 72 73 74 76 78 79 80 81 82 84 85 87 88 89 92 93 94 96 97 100 103 104 105 106 107 108 109 110 113 114 115 116 117 118 119 121 122 124 126 127 128 129 130 131 133 136 139 140 142 143 144 145 151
177.20 0.28 200.91 good
289.90 0.23 406.22 good
48.30 0.40 267.71 bad
158.50 0.26 93.52 good
59.60 0.21 75.15 good
38.90 0.48 181.37 bad
143.50 0.30 196.73 bad
21.30 0.26 110.48 bad
82.50 0.23 143.84 bad
27.50 0.39 156.17 bad
33.60 0.20 80.31 bad
24.10 0.28 137.29 bad
74.10 0.16 66.70 bad
77.70 0.40 468.11 bad
122.20 0.28 78.49 good
74.80 0.36 114.10 bad
35.90 0.20 28.01 bad
147.20 0.21 40.03 good
233.90 0.22 194.89 good
150.70 0.32 80.73 bad
178.90 0.29 163.05 good
154.60 0.39 192.82 bad
87.00 0.23 203.97 bad
51.30 0.20 948.64 bad
22.80 0.16 53.89 bad
300.10 0.26 74.29 bad
74.40 0.24 44.83 good
380.50 0.30 135.14 bad
123.50 0.19 218.67 good
51.90 0.32 119.73 good
84.60 0.37 339.26 bad
53.70 0.14 31.11 bad
106.40 0.33 182.02 bad
40.40 0.32 74.03 good
63.50 0.14 256.16 good
17.00 0.25 1104.85 good
49.60 0.08 199.64 bad
108.60 0.12 55.29 good
54.40 0.21 59.06 bad
34.80 0.43 204.65 bad
79.60 0.25 223.96 bad
390.00 0.26 259.41 good
68.60 0.22 278.58 bad
49.30 0.36 393.48 bad
46.20 0.15 159.36 good
70.00 0.33 147.32 bad
131.20 0.26 65.93 bad
144.70 0.13 599.56 bad
87.70 0.54 173.53 bad
183.00 0.20 87.78 bad
30.00 0.33 116.65 bad
87.20 0.15 51.21 good
112.10 0.23 95.46 bad
315.30 0.18 118.81 good
153.20 0.27 208.64 bad
116.50 0.16 444.03 good
90.50 0.26 288.02 bad
63.70 0.23 299.63 good
34.10 0.28 282.28 good
22.20 0.26 198.40 good
59.90 0.34 297.05 bad
21.40 0.50 664.54 bad
150.50 0.34 92.39 bad
198.70 0.19 385.10 good
64.40 0.27 114.14 good
310.00 0.15 72.91 bad
446.50 0.10 1238.93 good
101.10 0.36 170.95 bad
133.50 0.28 131.59 bad
247.80 0.36 164.81 bad
31.70 0.09 875.52 bad
119.20 0.35 125.49 bad
118.30 0.42 138.45 good
59.10 0.45 132.92 bad
92.20 0.39 387.39 bad
427.70 0.20 297.36 good
145.90 0.32 102.63 bad
79.20 0.28 313.76 bad
223.00 0.29 101.09 good
89.70 0.16 76.64 good
34.20 0.22 319.05 good
296.70 0.13 82.37 good
322.80 0.16 209.65 good
46.30 0.28 73.99 bad
195.70 0.13 58.14 good
145.80 0.33 194.01 bad
72.70 0.32 63.17 bad
130.30 0.24 304.97 good
43.40 0.07 361.68 bad
518.00 0.15 364.52 good
177.70 0.22 86.23 bad
319.70 0.27 97.95 bad
62.30 0.45 909.70 bad
93.00 0.16 105.22 bad