BookScoreCount Mode Median Class
100
0 1 3 4 6 9 11 12 14 15 16 17 18 19 21 22 24 25 26 27 28 30 32 35 37 39 41 42 43 46 47 50 51 52 54 55 56 57 58 60 61 62 63 64 65 68 69 72 73 74 75 78 79 80 81 84 85 88 90 91 92 94 98 101 104 106 107 108 109 110 112 113 115 119 120 121 122 124 125 126 127 128 130 131 132 133 134 135 136 137 138 141 142 144 146 148 149 150 151 153
568 8.00 6.00 good
967 8.00 8.00 good
129 8.00 6.00 bad
78 6.00 6.00 bad
187 2.00 6.00 good
51 8.00 6.00 bad
51 6.00 6.00 bad
25 6.00 6.00 bad
454 2.00 6.00 good
658 6.00 6.00 bad
119 6.00 6.00 good
36 8.00 6.00 bad
23 10.00 6.00 bad
250 10.00 6.00 bad
44 4.00 4.00 bad
159 6.00 6.00 bad
70 6.00 6.00 bad
11 2.00 4.00 bad
100 6.00 6.00 bad
150 2.00 4.00 good
263 8.00 8.00 bad
29 6.00 6.00 bad
292 8.00 8.00 bad
1909 2.00 6.00 good
216 8.00 8.00 bad
20 2.00 2.00 bad
670 6.00 6.00 good
686 2.00 6.00 bad
81 2.00 6.00 good
108 8.00 8.00 good
79 4.00 4.00 bad
29 6.00 6.00 good
133 6.00 6.00 bad
1780 10.00 8.00 bad
43 6.00 6.00 good
55 6.00 6.00 bad
80 6.00 6.00 good
2109 8.00 6.00 bad
461 10.00 8.00 good
108 10.00 6.00 bad
86 8.00 8.00 good
13 4.00 4.00 bad
91 2.00 6.00 good
45 2.00 4.00 bad
82 6.00 4.00 bad
153 8.00 8.00 bad
20 8.00 8.00 bad
956 10.00 8.00 good
19 8.00 8.00 bad
46 6.00 6.00 bad
21 6.00 6.00 good
217 6.00 6.00 bad
531 2.00 6.00 bad
714 10.00 10.00 bad
25 6.00 6.00 bad
21 6.00 6.00 bad
356 2.00 4.00 good
1636 10.00 8.00 good
16 2.00 2.00 bad
654 10.00 8.00 good
527 10.00 8.00 good
218 8.00 8.00 good
2113 8.00 8.00 good
219 10.00 8.00 bad
25 6.00 4.00 bad
349 6.00 6.00 good
1184 10.00 6.00 bad
5393 10.00 10.00 good
88 6.00 6.00 bad
112 6.00 6.00 bad
201 6.00 6.00 bad
136 6.00 6.00 bad
282 6.00 6.00 bad
1575 8.00 8.00 good
45 8.00 6.00 good
59 6.00 4.00 bad
385 8.00 8.00 bad
320 6.00 6.00 good
768 10.00 10.00 good
353 10.00 8.00 good
387 10.00 8.00 good
607 10.00 8.00 good
82 6.00 6.00 bad
31 4.00 4.00 good
614 8.00 6.00 good
23 8.00 6.00 bad
795 8.00 8.00 good
1310 8.00 8.00 bad
68 6.00 4.00 bad
1641 10.00 8.00 good
328 2.00 6.00 bad
83 8.00 8.00 bad
2366 10.00 8.00 good
364 6.00 6.00 bad
2356 8.00 8.00 good
1080 2.00 2.00 bad
674 8.00 6.00 good
21 6.00 6.00 bad
638 10.00 8.00 bad
209 6.00 6.00 good