AddListCount FiveStarRate Kurtosis Class
92
1 3 5 6 7 8 9 10 15 17 19 22 23 25 27 28 29 30 31 33 37 38 39 40 41 42 43 44 45 47 48 49 50 51 52 57 58 61 62 64 65 66 67 68 70 73 75 76 78 79 80 82 88 89 90 91 94 95 97 98 99 101 102 104 106 107 109 112 113 114 116 117 119 123 124 125 129 130 132 133 134 135 136 137 138 140 142 144 145 146 152 153
492 0.25 406.22 good
38 0.18 155.27 bad
122 0.12 93.52 good
42 0.23 75.15 good
8 0.11 181.37 bad
53 0.21 196.73 bad
14 0.02 110.48 bad
25 0.09 143.84 bad
204 0.23 188.48 bad
10 0.12 80.31 bad
70 0.28 181.41 bad
61 0.11 468.11 bad
32 0.06 78.49 good
2 0.20 28.01 bad
31 0.05 40.03 good
73 0.27 418.19 bad
68 0.36 194.89 good
9 0.11 80.73 bad
6 0.09 211.54 good
49 0.15 163.05 good
106 0.28 948.64 bad
19 0.13 172.89 bad
1 0.00 53.89 bad
172 0.19 227.23 good
289 0.17 389.04 good
215 0.11 74.29 bad
18 0.14 44.83 good
242 0.23 29.34 good
93 0.10 135.14 bad
20 0.08 85.63 bad
371 0.17 362.40 bad
13 0.10 155.38 bad
7 0.07 119.73 good
42 0.07 339.26 bad
446 0.42 453.60 bad
551 0.18 94.54 bad
70 0.37 256.16 good
33 0.21 1104.85 good
3 0.00 199.64 bad
10 0.02 59.06 bad
22 0.07 77.07 bad
2 0.10 204.65 bad
17 0.42 278.88 good
45 0.22 223.96 bad
2 0.20 49.13 bad
8 0.17 278.58 bad
8 0.10 344.01 good
110 0.24 159.36 good
57 0.16 147.32 bad
94 0.10 65.93 bad
193 0.58 599.56 bad
3 0.22 87.78 bad
321 0.30 118.81 good
49 0.17 208.64 bad
4 0.07 25.57 bad
218 0.34 191.97 good
57 0.23 299.63 good
4 0.15 128.84 bad
7 0.13 198.40 good
558 0.29 391.57 good
253 0.17 243.27 bad
65 0.27 286.97 bad
39 0.08 65.28 good
5 0.09 92.39 bad
102 0.16 114.14 good
188 0.31 72.91 bad
34 0.10 170.95 bad
63 0.11 84.03 bad
25 0.14 164.81 bad
218 0.60 875.52 bad
7 0.17 138.45 good
5 0.09 132.92 bad
274 0.29 297.36 good
32 0.20 502.72 good
57 0.11 101.09 good
149 0.67 1797.82 good
510 0.37 209.65 good
11 0.17 73.99 bad
131 0.13 212.10 good
1 0.04 194.01 bad
168 0.18 176.74 good
293 0.26 234.30 bad
9 0.09 63.17 bad
303 0.38 478.73 good
53 0.18 56.35 bad
7 0.05 361.68 bad
365 0.46 364.52 good
103 0.09 97.95 bad
28 0.08 909.70 bad
710 0.19 402.15 good
12 0.09 62.68 good
50 0.12 105.28 good