BookWordCount BookScoreCount Mode Class
93
0 2 4 10 13 15 16 17 18 19 22 23 26 27 36 37 40 42 43 44 46 47 48 51 52 53 55 56 57 58 59 60 61 62 63 67 68 70 71 73 74 75 76 77 78 81 82 83 84 85 86 87 89 90 91 92 93 94 97 98 102 103 104 108 109 110 111 112 114 115 116 118 119 120 122 123 125 127 129 130 131 132 134 135 137 140 141 145 148 149 150 151 153
177.20 568 8.00 good
48.30 47 6.00 bad
139.00 78 6.00 bad
82.50 78 8.00 bad
27.50 48 6.00 bad
257.20 658 6.00 bad
135.80 119 6.00 good
33.60 36 8.00 bad
24.10 23 10.00 bad
122.40 250 10.00 bad
77.70 159 6.00 bad
122.20 116 4.00 good
62.70 100 6.00 bad
147.20 150 2.00 good
87.00 223 8.00 bad
51.30 216 8.00 bad
153.10 495 8.00 good
300.10 686 2.00 bad
74.40 81 2.00 good
296.80 1885 2.00 good
123.50 108 8.00 good
49.70 79 4.00 bad
281.40 1248 8.00 bad
84.60 133 6.00 bad
76.10 1780 10.00 bad
53.70 22 2.00 bad
106.40 55 6.00 bad
40.40 80 6.00 good
293.40 2109 8.00 bad
63.50 461 10.00 good
133.40 484 10.00 good
45.10 108 10.00 bad
17.00 86 8.00 good
49.60 13 4.00 bad
108.60 91 2.00 good
16.80 90 10.00 good
79.60 153 8.00 bad
55.40 51 2.00 bad
98.90 248 8.00 bad
68.60 19 8.00 bad
49.30 46 6.00 bad
39.60 21 6.00 good
46.20 429 8.00 good
1070.70 745 10.00 bad
70.00 217 6.00 bad
87.70 25 6.00 bad
183.00 31 4.00 bad
40.80 104 6.00 bad
30.00 21 6.00 bad
87.20 356 2.00 good
129.90 222 6.00 bad
112.10 182 10.00 bad
153.20 145 8.00 bad
50.40 16 2.00 bad
126.20 654 10.00 good
116.50 527 10.00 good
90.50 396 8.00 bad
63.70 218 8.00 good
22.20 39 8.00 good
170.60 2113 8.00 good
78.10 225 2.00 good
21.40 29 6.00 bad
150.50 25 6.00 bad
446.50 5393 10.00 good
101.10 88 6.00 bad
133.50 112 6.00 bad
148.90 182 8.00 good
107.80 201 6.00 bad
31.70 1114 10.00 bad
119.20 282 6.00 bad
118.30 19 6.00 good
92.20 274 6.00 bad
427.70 1575 8.00 good
85.80 45 8.00 good
79.20 385 8.00 bad
153.40 93 6.00 good
65.70 768 10.00 good
34.20 387 10.00 good
322.80 2063 10.00 good
46.30 82 6.00 bad
195.70 31 4.00 good
237.20 614 8.00 good
179.50 795 8.00 good
335.20 1310 8.00 bad
448.70 1641 10.00 good
43.40 21 8.00 bad
25.10 83 8.00 bad
62.30 61 6.00 bad
209.90 1080 2.00 bad
382.10 674 8.00 good
44.60 21 6.00 bad
93.00 638 10.00 bad
73.20 209 6.00 good