AddListCount FourStarRate Kurtosis Class
94
2 4 7 9 11 12 13 14 16 17 19 22 24 26 28 29 30 31 33 34 35 36 37 38 40 41 42 43 47 49 50 52 53 54 55 56 60 62 64 67 68 70 71 72 74 75 78 80 82 83 84 85 86 88 93 94 95 96 98 99 100 101 105 107 108 109 110 113 115 116 121 123 124 125 129 130 131 132 133 134 135 136 139 140 141 142 143 144 145 146 147 149 152 153
12 0.24 267.71 bad
22 0.25 113.07 bad
8 0.11 181.37 bad
14 0.30 110.48 bad
15 0.32 491.68 bad
12 0.08 114.51 bad
9 0.13 156.17 bad
136 0.19 68.44 good
25 0.20 87.54 good
10 0.23 80.31 bad
70 0.22 181.41 bad
61 0.28 468.11 bad
23 0.13 114.10 bad
32 0.18 249.04 bad
73 0.31 418.19 bad
68 0.20 194.89 good
9 0.14 80.73 bad
6 0.19 211.54 good
49 0.23 163.05 good
24 0.13 192.82 bad
254 0.14 41.11 good
63 0.34 203.97 bad
106 0.44 948.64 bad
19 0.17 172.89 bad
172 0.33 227.23 good
289 0.29 389.04 good
215 0.20 74.29 bad
18 0.14 44.83 good
20 0.22 85.63 bad
13 0.23 155.38 bad
7 0.14 119.73 good
446 0.30 453.60 bad
1 0.00 31.11 bad
9 0.21 245.77 good
11 0.20 182.02 bad
13 0.10 74.03 good
19 0.20 95.85 bad
3 0.34 199.64 bad
10 0.14 59.06 bad
17 0.25 278.88 good
45 0.30 223.96 bad
2 0.32 49.13 bad
119 0.25 106.33 bad
180 0.20 259.41 good
16 0.31 393.48 bad
8 0.30 344.01 good
57 0.24 147.32 bad
193 0.19 599.56 bad
3 0.05 87.78 bad
22 0.22 188.48 bad
3 0.19 116.65 bad
55 0.24 51.21 good
53 0.27 249.84 bad
321 0.23 118.81 good
121 0.34 288.02 bad
57 0.33 299.63 good
4 0.00 128.84 bad
100 0.33 282.28 good
558 0.33 391.57 good
253 0.26 243.27 bad
8 0.27 297.05 bad
65 0.27 286.97 bad
98 0.33 385.10 good
188 0.17 72.91 bad
1586 0.20 1238.93 good
34 0.24 170.95 bad
31 0.24 131.59 bad
25 0.21 164.81 bad
76 0.19 125.49 bad
7 0.12 138.45 good
14 0.08 102.63 bad
32 0.30 502.72 good
57 0.20 101.09 good
149 0.20 1797.82 good
510 0.26 209.65 good
11 0.16 73.99 bad
5 0.11 58.14 good
131 0.35 212.10 good
1 0.33 194.01 bad
168 0.34 176.74 good
293 0.29 234.30 bad
9 0.05 63.17 bad
206 0.36 304.97 good
7 0.54 361.68 bad
19 0.49 311.51 bad
365 0.24 364.52 good
42 0.24 86.23 bad
103 0.18 97.95 bad
28 0.33 909.70 bad
710 0.37 402.15 good
26 0.09 40.59 good
178 0.26 113.50 good
12 0.14 62.68 good
50 0.22 105.28 good