ThreeStarRate Mode Median Class
105
0 1 3 6 7 8 9 10 11 12 13 15 17 19 23 24 25 26 27 28 30 31 33 34 35 37 38 39 40 41 44 48 54 55 56 57 58 60 61 63 64 65 66 67 68 70 72 73 74 76 77 78 80 81 82 84 85 88 89 90 92 95 96 97 98 99 100 101 103 105 108 109 110 111 112 114 115 116 117 120 121 122 123 124 125 127 128 130 131 133 134 136 137 139 140 142 143 144 146 147 148 149 150 151 152
0.28 8.00 6.00 good
0.23 8.00 8.00 good
0.27 8.00 6.00 bad
0.21 2.00 6.00 good
0.48 6.00 6.00 bad
0.30 6.00 6.00 bad
0.26 8.00 6.00 bad
0.23 8.00 6.00 bad
0.40 6.00 6.00 bad
0.44 6.00 6.00 bad
0.39 6.00 6.00 bad
0.27 6.00 6.00 bad
0.20 8.00 6.00 bad
0.22 10.00 6.00 bad
0.28 4.00 4.00 good
0.36 6.00 6.00 bad
0.20 2.00 4.00 bad
0.43 6.00 6.00 bad
0.21 2.00 4.00 good
0.25 8.00 8.00 bad
0.32 6.00 6.00 bad
0.33 6.00 6.00 good
0.29 6.00 6.00 good
0.39 6.00 6.00 bad
0.18 2.00 6.00 good
0.20 8.00 8.00 bad
0.27 4.00 6.00 bad
0.16 2.00 2.00 bad
0.24 8.00 8.00 good
0.34 6.00 6.00 good
0.11 2.00 4.00 good
0.33 8.00 6.00 bad
0.33 6.00 6.00 good
0.33 6.00 6.00 bad
0.32 6.00 6.00 good
0.21 8.00 6.00 bad
0.14 10.00 8.00 good
0.18 10.00 6.00 bad
0.25 8.00 8.00 good
0.12 2.00 6.00 good
0.21 2.00 4.00 bad
0.31 6.00 4.00 bad
0.43 6.00 6.00 bad
0.16 10.00 8.00 good
0.25 8.00 8.00 bad
0.04 2.00 8.00 bad
0.26 10.00 8.00 good
0.22 8.00 8.00 bad
0.36 6.00 6.00 bad
0.15 8.00 8.00 good
0.22 10.00 8.00 bad
0.33 6.00 6.00 bad
0.13 10.00 10.00 bad
0.54 6.00 6.00 bad
0.20 4.00 4.00 bad
0.33 6.00 6.00 bad
0.15 2.00 4.00 good
0.18 10.00 8.00 good
0.27 8.00 6.00 bad
0.20 2.00 2.00 bad
0.16 10.00 8.00 good
0.46 6.00 6.00 bad
0.28 8.00 8.00 good
0.26 8.00 8.00 good
0.22 8.00 8.00 good
0.34 6.00 6.00 bad
0.34 6.00 8.00 bad
0.26 10.00 8.00 bad
0.50 6.00 6.00 bad
0.19 8.00 8.00 good
0.10 10.00 10.00 good
0.36 6.00 6.00 bad
0.28 6.00 6.00 bad
0.26 8.00 6.00 good
0.30 6.00 6.00 bad
0.09 10.00 10.00 bad
0.35 6.00 6.00 bad
0.42 6.00 6.00 good
0.45 6.00 6.00 bad
0.20 8.00 6.00 good
0.32 6.00 4.00 bad
0.28 8.00 8.00 bad
0.37 6.00 6.00 good
0.29 6.00 6.00 good
0.08 10.00 10.00 good
0.22 10.00 8.00 good
0.13 10.00 8.00 good
0.28 6.00 6.00 bad
0.13 4.00 4.00 good
0.33 8.00 6.00 bad
0.21 8.00 8.00 good
0.32 6.00 4.00 bad
0.15 10.00 8.00 good
0.24 8.00 8.00 good
0.07 8.00 8.00 bad
0.15 10.00 8.00 good
0.22 8.00 6.00 bad
0.27 6.00 6.00 bad
0.27 8.00 8.00 good
0.19 2.00 4.00 good
0.04 2.00 2.00 bad
0.23 8.00 6.00 good
0.35 6.00 6.00 bad
0.16 10.00 8.00 bad
0.28 2.00 6.00 good