BookScore FiveStarRate Mode Class
97
1 2 3 4 6 7 8 9 10 11 12 13 14 15 16 21 23 24 25 26 27 28 32 33 35 37 38 39 40 41 42 43 44 45 48 51 52 53 54 58 59 60 62 64 65 66 67 70 71 74 76 78 79 80 81 82 83 84 85 86 87 89 90 91 94 95 96 97 100 102 105 106 107 109 110 111 113 115 116 118 120 121 123 127 128 134 136 139 140 142 144 145 146 148 149 151 152
7.2 0.25 8.00 good
6.4 0.15 6.00 bad
6.4 0.18 8.00 bad
5.8 0.10 6.00 bad
6.0 0.23 2.00 good
5.8 0.11 6.00 bad
6.5 0.21 6.00 bad
5.4 0.02 8.00 bad
5.8 0.09 8.00 bad
6.9 0.16 6.00 bad
6.0 0.20 6.00 bad
5.5 0.09 6.00 bad
5.9 0.20 2.00 good
6.6 0.23 6.00 bad
5.7 0.14 6.00 good
4.6 0.04 4.00 bad
4.7 0.06 4.00 good
5.5 0.11 6.00 bad
4.8 0.20 2.00 bad
6.5 0.19 6.00 bad
4.5 0.05 2.00 good
7.2 0.27 8.00 bad
6.8 0.13 8.00 bad
6.1 0.15 6.00 good
5.5 0.21 2.00 good
7.8 0.28 8.00 bad
5.9 0.13 4.00 bad
3.5 0.00 2.00 bad
6.7 0.19 8.00 good
6.7 0.17 6.00 good
5.4 0.11 2.00 bad
5.1 0.14 2.00 good
5.4 0.23 2.00 good
5.8 0.10 6.00 bad
6.8 0.17 8.00 bad
5.9 0.07 6.00 bad
7.9 0.42 10.00 bad
4.0 0.10 2.00 bad
7.0 0.29 6.00 good
7.5 0.37 10.00 good
6.5 0.25 10.00 good
6.2 0.23 10.00 bad
5.3 0.00 4.00 bad
4.4 0.02 2.00 bad
4.8 0.07 6.00 bad
5.9 0.10 6.00 bad
7.6 0.42 10.00 good
5.9 0.20 2.00 bad
6.1 0.17 8.00 bad
6.1 0.04 6.00 bad
6.8 0.24 8.00 good
6.2 0.16 6.00 bad
5.2 0.10 2.00 bad
8.3 0.58 10.00 bad
5.8 0.13 6.00 bad
5.6 0.22 4.00 bad
6.6 0.22 6.00 bad
5.9 0.14 6.00 bad
5.2 0.10 2.00 good
7.0 0.26 6.00 bad
6.4 0.27 10.00 bad
6.4 0.17 8.00 bad
4.0 0.07 2.00 bad
7.2 0.34 10.00 good
7.0 0.23 8.00 good
5.5 0.15 6.00 bad
6.7 0.17 8.00 good
6.5 0.13 8.00 good
7.0 0.25 6.00 bad
5.3 0.08 2.00 good
7.4 0.31 8.00 good
6.0 0.16 6.00 good
6.4 0.31 10.00 bad
6.0 0.10 6.00 bad
5.8 0.10 6.00 bad
5.8 0.12 8.00 good
6.1 0.14 6.00 bad
5.5 0.07 6.00 bad
6.0 0.17 6.00 good
6.5 0.11 6.00 bad
5.6 0.11 8.00 good
4.5 0.02 6.00 bad
7.0 0.20 6.00 good
7.4 0.36 10.00 good
6.5 0.31 10.00 good
6.5 0.18 8.00 good
4.8 0.09 6.00 bad
7.0 0.22 8.00 good
6.4 0.05 8.00 bad
7.8 0.46 10.00 good
5.4 0.09 6.00 bad
6.7 0.08 6.00 bad
7.0 0.19 8.00 good
3.3 0.08 2.00 bad
6.0 0.15 8.00 good
6.8 0.37 10.00 bad
5.1 0.09 2.00 good