AddListCount FourStarRate Kurtosis Class
90
2 3 4 5 6 7 8 10 14 17 18 23 24 25 28 29 30 31 32 33 35 37 38 39 40 41 42 43 44 45 46 47 48 49 51 53 55 56 59 60 61 66 68 70 71 72 73 75 76 77 78 79 84 85 87 88 90 92 97 100 101 104 105 106 107 108 113 114 115 116 117 118 119 121 122 123 126 127 132 133 134 137 138 141 142 143 146 147 148 150
12 0.24 267.71 bad
38 0.27 155.27 bad
22 0.25 113.07 bad
122 0.21 93.52 good
42 0.18 75.15 good
8 0.11 181.37 bad
53 0.22 196.73 bad
25 0.27 143.84 bad
136 0.19 68.44 good
10 0.23 80.31 bad
7 0.14 137.29 bad
32 0.08 78.49 good
23 0.13 114.10 bad
2 0.00 28.01 bad
73 0.31 418.19 bad
68 0.20 194.89 good
9 0.14 80.73 bad
6 0.19 211.54 good
111 0.39 404.81 bad
49 0.23 163.05 good
254 0.14 41.11 good
106 0.44 948.64 bad
19 0.17 172.89 bad
1 0.05 53.89 bad
172 0.33 227.23 good
289 0.29 389.04 good
215 0.20 74.29 bad
18 0.14 44.83 good
242 0.16 29.34 good
93 0.23 135.14 bad
28 0.33 218.67 good
20 0.22 85.63 bad
371 0.33 362.40 bad
13 0.23 155.38 bad
42 0.21 339.26 bad
1 0.00 31.11 bad
11 0.20 182.02 bad
13 0.10 74.03 good
138 0.21 148.52 good
19 0.20 95.85 bad
33 0.44 1104.85 good
2 0.19 204.65 bad
45 0.30 223.96 bad
2 0.32 49.13 bad
119 0.25 106.33 bad
180 0.20 259.41 good
8 0.39 278.58 bad
8 0.30 344.01 good
110 0.36 159.36 good
183 0.27 440.27 bad
57 0.24 147.32 bad
94 0.17 65.93 bad
3 0.19 116.65 bad
55 0.24 51.21 good
65 0.19 95.46 bad
321 0.23 118.81 good
4 0.07 25.57 bad
141 0.29 444.03 good
7 0.40 198.40 good
8 0.27 297.05 bad
65 0.27 286.97 bad
5 0.04 92.39 bad
98 0.33 385.10 good
102 0.24 114.14 good
188 0.17 72.91 bad
1586 0.20 1238.93 good
25 0.21 164.81 bad
218 0.23 875.52 bad
76 0.19 125.49 bad
7 0.12 138.45 good
5 0.14 132.92 bad
112 0.30 387.39 bad
274 0.33 297.36 good
14 0.08 102.63 bad
126 0.29 313.76 bad
32 0.30 502.72 good
48 0.21 76.64 good
146 0.26 319.05 good
131 0.35 212.10 good
1 0.33 194.01 bad
168 0.34 176.74 good
303 0.33 478.73 good
53 0.19 56.35 bad
19 0.49 311.51 bad
365 0.24 364.52 good
42 0.24 86.23 bad
710 0.37 402.15 good
26 0.09 40.59 good
54 0.06 9.99 bad
5 0.20 158.29 bad