TwoStarRate Mode Kurtosis Class
96
0 1 7 9 13 14 15 16 18 19 20 22 23 26 27 28 31 32 33 35 36 37 38 42 44 45 48 50 51 54 55 57 58 59 63 64 65 66 67 69 71 72 73 78 79 80 81 82 83 84 85 87 89 90 91 92 93 94 96 97 98 99 101 102 103 105 106 107 108 110 113 115 117 119 121 122 123 124 125 127 128 130 131 134 136 137 138 140 142 143 144 145 147 150 151 153
0.15 8.00 200.91 good
0.08 8.00 406.22 good
0.15 6.00 181.37 bad
0.18 8.00 110.48 bad
0.24 6.00 156.17 bad
0.14 2.00 68.44 good
0.13 6.00 188.48 bad
0.22 6.00 87.54 good
0.17 10.00 137.29 bad
0.18 10.00 181.41 bad
0.20 2.00 48.29 good
0.15 6.00 468.11 bad
0.31 4.00 78.49 good
0.09 6.00 249.04 bad
0.17 2.00 40.03 good
0.11 8.00 418.19 bad
0.30 6.00 211.54 good
0.09 8.00 404.81 bad
0.20 6.00 163.05 good
0.12 2.00 41.11 good
0.10 8.00 203.97 bad
0.03 8.00 948.64 bad
0.35 4.00 172.89 bad
0.17 2.00 74.29 bad
0.07 2.00 29.34 good
0.20 6.00 135.14 bad
0.09 8.00 362.40 bad
0.28 6.00 119.73 good
0.30 6.00 339.26 bad
0.05 6.00 245.77 good
0.28 6.00 182.02 bad
0.07 8.00 94.54 bad
0.05 10.00 256.16 good
0.21 10.00 148.52 good
0.07 2.00 55.29 good
0.27 2.00 59.06 bad
0.28 6.00 77.07 bad
0.14 6.00 204.65 bad
0.06 10.00 278.88 good
0.05 8.00 758.93 bad
0.12 8.00 106.33 bad
0.08 10.00 259.41 good
0.11 8.00 278.58 bad
0.10 6.00 147.32 bad
0.19 2.00 65.93 bad
0.03 10.00 599.56 bad
0.08 6.00 173.53 bad
0.41 4.00 87.78 bad
0.17 6.00 188.48 bad
0.14 6.00 116.65 bad
0.19 2.00 51.21 good
0.09 10.00 95.46 bad
0.17 8.00 208.64 bad
0.13 2.00 25.57 bad
0.08 10.00 191.97 good
0.04 10.00 444.03 good
0.08 8.00 288.02 bad
0.11 8.00 299.63 good
0.11 8.00 282.28 good
0.03 8.00 198.40 good
0.08 8.00 391.57 good
0.12 6.00 243.27 bad
0.10 10.00 286.97 bad
0.14 2.00 65.28 good
0.08 6.00 664.54 bad
0.08 8.00 385.10 good
0.14 6.00 114.14 good
0.12 10.00 72.91 bad
0.02 10.00 1238.93 good
0.21 6.00 131.59 bad
0.13 6.00 164.81 bad
0.19 6.00 125.49 bad
0.11 6.00 132.92 bad
0.06 8.00 297.36 good
0.30 6.00 102.63 bad
0.10 8.00 313.76 bad
0.08 6.00 502.72 good
0.19 6.00 101.09 good
0.02 10.00 1797.82 good
0.06 10.00 319.05 good
0.08 10.00 82.37 good
0.13 6.00 73.99 bad
0.41 4.00 58.14 good
0.12 8.00 176.74 good
0.24 6.00 63.17 bad
0.05 10.00 478.73 good
0.10 2.00 56.35 bad
0.30 8.00 361.68 bad
0.05 10.00 364.52 good
0.21 8.00 86.23 bad
0.25 6.00 97.95 bad
0.10 6.00 909.70 bad
0.22 2.00 40.59 good
0.15 6.00 158.29 bad
0.07 10.00 105.22 bad
0.22 6.00 105.28 good