BookScoreCount TwoStarRate Mode Class
100
0 1 3 6 7 8 9 12 15 16 18 19 21 24 28 29 30 31 32 35 41 42 43 45 46 47 49 51 52 53 54 55 56 58 59 62 63 66 67 69 70 71 72 74 75 76 77 80 81 83 86 87 89 90 91 92 93 94 96 97 98 101 103 105 107 108 109 110 111 113 114 115 116 117 119 120 121 122 124 125 126 127 128 129 130 132 133 134 135 137 138 139 140 142 143 144 146 147 149 153
568 0.15 8.00 good
967 0.08 8.00 good
129 0.12 8.00 bad
187 0.14 2.00 good
27 0.15 6.00 bad
177 0.16 6.00 bad
51 0.18 8.00 bad
25 0.08 6.00 bad
658 0.13 6.00 bad
119 0.22 6.00 good
23 0.17 10.00 bad
250 0.18 10.00 bad
44 0.37 4.00 bad
70 0.21 6.00 bad
263 0.11 8.00 bad
290 0.10 10.00 good
29 0.18 6.00 bad
44 0.30 6.00 good
292 0.09 8.00 bad
1909 0.12 2.00 good
670 0.14 6.00 good
686 0.17 2.00 bad
81 0.13 2.00 good
299 0.20 6.00 bad
108 0.07 8.00 good
79 0.28 4.00 bad
72 0.10 6.00 bad
133 0.30 6.00 bad
1780 0.04 10.00 bad
22 0.33 2.00 bad
43 0.05 6.00 good
55 0.28 6.00 bad
80 0.20 6.00 good
461 0.05 10.00 good
484 0.21 10.00 good
13 0.50 4.00 bad
91 0.07 2.00 good
21 0.14 6.00 bad
90 0.06 10.00 good
20 0.05 8.00 bad
51 0.10 2.00 bad
248 0.12 8.00 bad
956 0.08 10.00 good
46 0.22 6.00 bad
21 0.10 6.00 good
429 0.07 8.00 good
745 0.07 10.00 bad
714 0.03 10.00 bad
25 0.08 6.00 bad
104 0.17 6.00 bad
222 0.03 6.00 bad
182 0.09 10.00 bad
145 0.17 8.00 bad
16 0.13 2.00 bad
654 0.08 10.00 good
527 0.04 10.00 good
396 0.08 8.00 bad
218 0.11 8.00 good
188 0.11 8.00 good
39 0.03 8.00 good
2113 0.08 8.00 good
219 0.10 10.00 bad
29 0.08 6.00 bad
339 0.08 8.00 good
1184 0.12 10.00 bad
5393 0.02 10.00 good
88 0.14 6.00 bad
112 0.21 6.00 bad
182 0.16 8.00 good
136 0.13 6.00 bad
1114 0.02 10.00 bad
282 0.19 6.00 bad
19 0.12 6.00 good
34 0.11 6.00 bad
1575 0.06 8.00 good
45 0.18 8.00 good
59 0.30 6.00 bad
385 0.10 8.00 bad
320 0.19 6.00 good
768 0.02 10.00 good
353 0.06 10.00 good
387 0.06 10.00 good
607 0.08 10.00 good
2063 0.07 10.00 good
82 0.13 6.00 bad
614 0.14 8.00 good
23 0.13 8.00 bad
795 0.12 8.00 good
1310 0.09 8.00 bad
1641 0.05 10.00 good
328 0.10 2.00 bad
1100 0.07 8.00 good
21 0.30 8.00 bad
2366 0.05 10.00 good
153 0.21 8.00 bad
364 0.25 6.00 bad
2356 0.09 8.00 good
208 0.22 2.00 good
674 0.18 8.00 good
209 0.22 6.00 good