BookScore TwoStarRate Kurtosis Class
98
0 1 2 4 5 6 8 10 13 14 15 17 18 21 23 25 26 27 28 34 35 36 38 39 40 42 46 49 50 52 53 54 55 56 57 58 59 60 62 63 64 66 67 68 69 70 71 72 73 76 77 78 79 80 82 83 84 86 88 89 90 92 93 94 95 98 99 101 102 104 105 107 108 112 115 116 117 118 119 121 122 123 124 125 128 129 130 132 134 136 138 140 142 143 144 147 150 151
6.4 0.15 200.91 good
7.2 0.08 406.22 good
6.4 0.10 267.71 bad
5.8 0.09 113.07 bad
5.6 0.20 93.52 good
6.0 0.14 75.15 good
6.5 0.16 196.73 bad
5.8 0.26 143.84 bad
5.5 0.24 156.17 bad
5.9 0.14 68.44 good
6.6 0.13 188.48 bad
5.6 0.22 80.31 bad
6.5 0.17 137.29 bad
4.6 0.37 66.70 bad
4.7 0.31 78.49 good
4.8 0.20 28.01 bad
6.5 0.09 249.04 bad
4.5 0.17 40.03 good
7.2 0.11 418.19 bad
5.1 0.30 192.82 bad
5.5 0.12 41.11 good
6.7 0.10 203.97 bad
5.9 0.35 172.89 bad
3.5 0.26 53.89 bad
6.7 0.12 227.23 good
5.4 0.17 74.29 bad
7.1 0.07 218.67 good
5.9 0.10 155.38 bad
5.3 0.28 119.73 good
7.9 0.04 453.60 bad
4.0 0.33 31.11 bad
7.0 0.05 245.77 good
5.6 0.28 182.02 bad
5.3 0.20 74.03 good
6.2 0.07 94.54 bad
7.5 0.05 256.16 good
6.5 0.21 148.52 good
6.2 0.21 95.85 bad
5.3 0.50 199.64 bad
6.2 0.07 55.29 good
4.4 0.27 59.06 bad
5.9 0.14 204.65 bad
7.6 0.06 278.88 good
6.8 0.11 223.96 bad
7.4 0.05 758.93 bad
5.9 0.10 49.13 bad
6.1 0.12 106.33 bad
7.3 0.08 259.41 good
6.8 0.11 278.58 bad
6.8 0.07 159.36 good
7.6 0.07 440.27 bad
6.2 0.10 147.32 bad
5.2 0.19 65.93 bad
8.3 0.03 599.56 bad
5.6 0.41 87.78 bad
6.6 0.17 188.48 bad
5.9 0.14 116.65 bad
7.0 0.03 249.84 bad
6.7 0.10 118.81 good
6.4 0.17 208.64 bad
4.0 0.13 25.57 bad
7.8 0.04 444.03 good
6.9 0.08 288.02 bad
7.0 0.11 299.63 good
5.5 0.23 128.84 bad
7.3 0.08 391.57 good
6.5 0.12 243.27 bad
7.1 0.10 286.97 bad
5.3 0.14 65.28 good
4.9 0.31 92.39 bad
7.4 0.08 385.10 good
6.4 0.12 72.91 bad
8.7 0.02 1238.93 good
5.4 0.20 84.03 bad
5.5 0.19 125.49 bad
6.0 0.12 138.45 good
5.5 0.11 132.92 bad
6.5 0.11 387.39 bad
7.3 0.06 297.36 good
4.5 0.30 102.63 bad
7.0 0.10 313.76 bad
7.0 0.08 502.72 good
5.6 0.19 101.09 good
8.9 0.02 1797.82 good
6.5 0.08 82.37 good
7.3 0.07 209.65 good
5.7 0.13 73.99 bad
6.4 0.14 212.10 good
6.5 0.12 176.74 good
4.8 0.24 63.17 bad
5.7 0.10 56.35 bad
6.4 0.30 361.68 bad
7.8 0.05 364.52 good
5.5 0.21 86.23 bad
5.4 0.25 97.95 bad
3.9 0.22 40.59 good
6.1 0.15 158.29 bad
6.8 0.07 105.22 bad