TwoStarRate Mode Median Class
99
0 1 2 3 4 5 6 9 10 12 14 15 17 19 20 21 22 23 25 27 28 32 33 34 35 38 42 43 46 47 48 49 50 51 52 54 55 56 58 60 62 65 66 67 69 71 72 73 74 75 76 78 81 83 85 87 88 89 92 94 97 98 100 104 105 106 107 108 109 111 112 113 114 115 117 118 119 120 122 123 124 125 126 129 131 132 133 134 135 140 141 142 143 144 147 149 151 152 153
0.15 8.00 6.00 good
0.08 8.00 8.00 good
0.10 6.00 6.00 bad
0.12 8.00 6.00 bad
0.09 6.00 6.00 bad
0.20 6.00 6.00 good
0.14 2.00 6.00 good
0.18 8.00 6.00 bad
0.26 8.00 6.00 bad
0.08 6.00 6.00 bad
0.14 2.00 6.00 good
0.13 6.00 6.00 bad
0.22 8.00 6.00 bad
0.18 10.00 6.00 bad
0.20 2.00 4.00 good
0.37 4.00 4.00 bad
0.15 6.00 6.00 bad
0.31 4.00 4.00 good
0.20 2.00 4.00 bad
0.17 2.00 4.00 good
0.11 8.00 8.00 bad
0.09 8.00 8.00 bad
0.20 6.00 6.00 good
0.30 6.00 6.00 bad
0.12 2.00 6.00 good
0.35 4.00 6.00 bad
0.17 2.00 6.00 bad
0.13 2.00 6.00 good
0.07 8.00 8.00 good
0.28 4.00 4.00 bad
0.09 8.00 6.00 bad
0.10 6.00 6.00 bad
0.28 6.00 6.00 good
0.30 6.00 6.00 bad
0.04 10.00 8.00 bad
0.05 6.00 6.00 good
0.28 6.00 6.00 bad
0.20 6.00 6.00 good
0.05 10.00 8.00 good
0.21 10.00 6.00 bad
0.50 4.00 4.00 bad
0.28 6.00 4.00 bad
0.14 6.00 6.00 bad
0.06 10.00 8.00 good
0.05 8.00 8.00 bad
0.12 8.00 6.00 bad
0.08 10.00 8.00 good
0.11 8.00 8.00 bad
0.22 6.00 6.00 bad
0.10 6.00 6.00 good
0.07 8.00 8.00 good
0.10 6.00 6.00 bad
0.08 6.00 6.00 bad
0.17 6.00 6.00 bad
0.19 2.00 4.00 good
0.09 10.00 6.00 bad
0.10 10.00 8.00 good
0.17 8.00 6.00 bad
0.04 10.00 8.00 good
0.11 8.00 8.00 good
0.03 8.00 8.00 good
0.08 8.00 8.00 good
0.02 6.00 8.00 bad
0.31 6.00 4.00 bad
0.08 8.00 8.00 good
0.14 6.00 6.00 good
0.12 10.00 6.00 bad
0.02 10.00 10.00 good
0.14 6.00 6.00 bad
0.16 8.00 6.00 good
0.20 6.00 6.00 bad
0.13 6.00 6.00 bad
0.02 10.00 10.00 bad
0.19 6.00 6.00 bad
0.11 6.00 6.00 bad
0.11 6.00 6.00 bad
0.06 8.00 8.00 good
0.18 8.00 6.00 good
0.10 8.00 8.00 bad
0.08 6.00 6.00 good
0.19 6.00 6.00 good
0.02 10.00 10.00 good
0.06 10.00 8.00 good
0.07 10.00 8.00 good
0.41 4.00 4.00 good
0.14 8.00 6.00 good
0.13 8.00 6.00 bad
0.12 8.00 8.00 good
0.09 8.00 8.00 bad
0.30 8.00 8.00 bad
0.03 8.00 8.00 bad
0.05 10.00 8.00 good
0.21 8.00 6.00 bad
0.25 6.00 6.00 bad
0.22 2.00 4.00 good
0.18 8.00 6.00 good
0.07 10.00 8.00 bad
0.19 2.00 6.00 good
0.22 6.00 6.00 good