BookScore FiveStarRate Mode Class
96
0 2 3 4 5 7 8 11 12 13 14 18 19 20 22 23 28 31 33 34 36 37 38 39 40 41 42 43 44 45 46 47 49 51 54 55 57 58 59 60 64 67 68 70 71 72 73 75 77 78 79 81 83 84 86 89 90 93 94 95 96 97 98 99 100 101 104 105 106 107 108 110 111 114 117 118 119 122 123 125 126 127 129 131 132 135 140 143 145 147 148 149 150 151 152 153
6.4 0.15 8.00 good
6.4 0.15 6.00 bad
6.4 0.18 8.00 bad
5.8 0.10 6.00 bad
5.6 0.12 6.00 good
5.8 0.11 6.00 bad
6.5 0.21 6.00 bad
6.9 0.16 6.00 bad
6.0 0.20 6.00 bad
5.5 0.09 6.00 bad
5.9 0.20 2.00 good
6.5 0.28 10.00 bad
6.7 0.28 10.00 bad
5.3 0.13 2.00 good
6.5 0.11 6.00 bad
4.7 0.06 4.00 good
7.2 0.27 8.00 bad
5.8 0.09 6.00 good
6.1 0.15 6.00 good
5.1 0.03 6.00 bad
6.7 0.19 8.00 bad
7.8 0.28 8.00 bad
5.9 0.13 4.00 bad
3.5 0.00 2.00 bad
6.7 0.19 8.00 good
6.7 0.17 6.00 good
5.4 0.11 2.00 bad
5.1 0.14 2.00 good
5.4 0.23 2.00 good
5.8 0.10 6.00 bad
7.1 0.27 8.00 good
5.3 0.08 4.00 bad
5.9 0.10 6.00 bad
5.9 0.07 6.00 bad
7.0 0.29 6.00 good
5.6 0.06 6.00 bad
6.2 0.18 8.00 bad
7.5 0.37 10.00 good
6.5 0.25 10.00 good
6.2 0.23 10.00 bad
4.4 0.02 2.00 bad
7.6 0.42 10.00 good
6.8 0.22 8.00 bad
5.9 0.20 2.00 bad
6.1 0.17 8.00 bad
7.3 0.35 10.00 good
6.8 0.17 8.00 bad
6.4 0.10 6.00 good
7.6 0.37 10.00 bad
6.2 0.16 6.00 bad
5.2 0.10 2.00 bad
5.8 0.13 6.00 bad
6.6 0.22 6.00 bad
5.9 0.14 6.00 bad
7.0 0.26 6.00 bad
6.4 0.17 8.00 bad
4.0 0.07 2.00 bad
6.9 0.21 8.00 bad
7.0 0.23 8.00 good
5.5 0.15 6.00 bad
6.7 0.17 8.00 good
6.5 0.13 8.00 good
7.3 0.29 8.00 good
6.5 0.17 6.00 bad
7.0 0.25 6.00 bad
7.1 0.27 10.00 bad
4.9 0.09 6.00 bad
7.4 0.31 8.00 good
6.0 0.16 6.00 good
6.4 0.31 10.00 bad
8.7 0.63 10.00 good
5.8 0.10 6.00 bad
5.8 0.12 8.00 good
8.5 0.60 10.00 bad
5.5 0.09 6.00 bad
6.5 0.11 6.00 bad
7.3 0.29 8.00 good
7.0 0.25 8.00 bad
7.0 0.20 6.00 good
8.9 0.67 10.00 good
6.4 0.30 10.00 good
7.4 0.36 10.00 good
7.3 0.37 10.00 good
4.4 0.06 4.00 good
6.4 0.13 8.00 good
7.0 0.26 8.00 bad
6.4 0.05 8.00 bad
5.5 0.10 8.00 bad
6.7 0.08 6.00 bad
3.9 0.02 2.00 good
3.3 0.08 2.00 bad
6.0 0.15 8.00 good
6.1 0.15 6.00 bad
6.8 0.37 10.00 bad
5.1 0.09 2.00 good
5.7 0.12 6.00 good