BookScoreCount Median Kurtosis Class
100
2 3 7 8 10 12 13 15 16 17 20 21 22 23 24 25 26 28 29 34 35 36 37 38 40 42 43 44 46 47 48 49 50 51 52 56 58 61 63 65 66 68 69 71 72 73 74 77 79 81 82 83 84 85 86 87 88 89 90 91 92 93 94 95 97 98 100 101 102 104 105 110 113 114 119 120 122 124 126 127 129 130 132 133 135 136 137 138 139 141 142 143 145 147 148 149 150 151 152 153
47 6.00 267.71 bad
129 6.00 155.27 bad
27 6.00 181.37 bad
177 6.00 196.73 bad
78 6.00 143.84 bad
25 6.00 114.51 bad
48 6.00 156.17 bad
658 6.00 188.48 bad
119 6.00 87.54 good
36 6.00 80.31 bad
112 4.00 48.29 good
44 4.00 66.70 bad
159 6.00 468.11 bad
116 4.00 78.49 good
70 6.00 114.10 bad
11 4.00 28.01 bad
100 6.00 249.04 bad
263 8.00 418.19 bad
290 8.00 194.89 good
97 6.00 192.82 bad
1909 6.00 41.11 good
223 8.00 203.97 bad
216 8.00 948.64 bad
63 6.00 172.89 bad
495 8.00 227.23 good
686 6.00 74.29 bad
81 6.00 44.83 good
1885 4.00 29.34 good
108 8.00 218.67 good
79 4.00 85.63 bad
1248 6.00 362.40 bad
72 6.00 155.38 bad
29 6.00 119.73 good
133 6.00 339.26 bad
1780 8.00 453.60 bad
80 6.00 74.03 good
461 8.00 256.16 good
86 8.00 1104.85 good
91 6.00 55.29 good
82 4.00 77.07 bad
21 6.00 204.65 bad
153 8.00 223.96 bad
20 8.00 758.93 bad
248 6.00 106.33 bad
956 8.00 259.41 good
19 8.00 278.58 bad
46 6.00 393.48 bad
745 8.00 440.27 bad
531 6.00 65.93 bad
25 6.00 173.53 bad
31 4.00 87.78 bad
104 6.00 188.48 bad
21 6.00 116.65 bad
356 4.00 51.21 good
222 8.00 249.84 bad
182 6.00 95.46 bad
1636 8.00 118.81 good
145 6.00 208.64 bad
16 2.00 25.57 bad
654 8.00 191.97 good
527 8.00 444.03 good
396 8.00 288.02 bad
218 8.00 299.63 good
13 6.00 128.84 bad
39 8.00 198.40 good
2113 8.00 391.57 good
42 8.00 297.05 bad
219 8.00 286.97 bad
225 6.00 65.28 good
25 4.00 92.39 bad
339 8.00 385.10 good
112 6.00 131.59 bad
136 6.00 164.81 bad
1114 10.00 875.52 bad
1575 8.00 297.36 good
45 6.00 75.21 good
385 8.00 313.76 bad
320 6.00 101.09 good
353 8.00 76.64 good
387 8.00 319.05 good
2063 8.00 209.65 good
82 6.00 73.99 bad
614 6.00 212.10 good
23 6.00 194.01 bad
1310 8.00 234.30 bad
68 4.00 63.17 bad
1641 8.00 478.73 good
328 6.00 56.35 bad
1100 8.00 304.97 good
83 8.00 311.51 bad
2366 8.00 364.52 good
153 6.00 86.23 bad
61 6.00 909.70 bad
208 4.00 40.59 good
1080 2.00 9.99 bad
674 6.00 113.50 good
21 6.00 158.29 bad
638 8.00 105.22 bad
45 6.00 62.68 good
209 6.00 105.28 good