BookScoreCount AddListCount TwoStarRate Class
98
1 3 5 7 8 9 10 11 13 14 15 16 20 21 22 25 27 29 30 32 33 34 36 38 39 41 42 43 44 45 46 47 48 51 53 56 57 58 59 61 63 64 65 66 67 68 70 71 72 75 77 78 80 81 82 83 86 88 91 92 93 94 95 96 97 103 105 106 108 109 110 111 112 115 116 118 120 122 123 124 125 126 127 128 129 130 137 138 141 143 144 147 148 149 150 151 152 153
967 492 0.08 good
129 38 0.12 bad
439 122 0.20 good
27 8 0.15 bad
177 53 0.16 bad
51 14 0.18 bad
78 25 0.26 bad
51 15 0.04 bad
48 9 0.24 bad
454 136 0.14 good
658 204 0.13 bad
119 25 0.22 good
112 17 0.20 good
44 12 0.37 bad
159 61 0.15 bad
11 2 0.20 bad
150 31 0.17 good
290 68 0.10 good
29 9 0.18 bad
292 111 0.09 bad
192 49 0.20 good
97 24 0.30 bad
223 63 0.10 bad
63 19 0.35 bad
20 1 0.26 bad
670 289 0.14 good
686 215 0.17 bad
81 18 0.13 good
1885 242 0.07 good
299 93 0.20 bad
108 28 0.07 good
79 20 0.28 bad
1248 371 0.09 bad
133 42 0.30 bad
22 1 0.33 bad
80 13 0.20 good
2109 551 0.07 bad
461 70 0.05 good
484 138 0.21 good
86 33 0.08 good
91 21 0.07 good
45 10 0.27 bad
82 22 0.28 bad
21 2 0.14 bad
90 17 0.06 good
153 45 0.11 bad
51 2 0.10 bad
248 119 0.12 bad
956 180 0.08 good
21 8 0.10 good
745 183 0.07 bad
217 57 0.10 bad
714 193 0.03 bad
25 4 0.08 bad
31 3 0.41 bad
104 22 0.17 bad
222 53 0.03 bad
1636 321 0.10 good
654 218 0.08 good
527 141 0.04 good
396 121 0.08 bad
218 57 0.11 good
13 4 0.23 bad
188 100 0.11 good
39 7 0.03 good
29 6 0.08 bad
339 98 0.08 good
349 102 0.14 good
5393 1586 0.02 good
88 34 0.14 bad
112 31 0.21 bad
182 53 0.16 good
201 63 0.20 bad
282 76 0.19 bad
19 7 0.12 good
274 112 0.11 bad
45 15 0.18 good
385 126 0.10 bad
93 32 0.08 good
320 57 0.19 good
768 149 0.02 good
353 48 0.06 good
387 146 0.06 good
607 108 0.08 good
2063 510 0.07 good
82 11 0.13 bad
1641 303 0.05 good
328 53 0.10 bad
83 19 0.03 bad
153 42 0.21 bad
364 103 0.25 bad
208 26 0.22 good
1080 54 0.03 bad
674 178 0.18 good
21 5 0.15 bad
638 125 0.07 bad
45 12 0.19 good
209 50 0.22 good