BookWordCount TwoStarRate FiveStarRate Class
101
0 3 4 5 6 9 10 11 12 13 15 16 18 19 20 21 22 23 24 26 27 28 29 32 33 35 36 39 40 41 43 45 47 48 49 50 51 52 55 57 58 59 61 62 63 64 65 67 70 72 74 77 79 80 82 86 87 89 90 92 93 94 97 98 99 100 101 104 105 108 109 112 113 114 115 116 117 118 119 123 124 125 128 129 130 131 133 135 136 137 138 139 142 143 144 146 148 150 151 152 153
177.20 0.15 0.15 good
52.30 0.12 0.18 bad
139.00 0.09 0.10 bad
158.50 0.20 0.12 good
59.60 0.14 0.23 good
21.30 0.18 0.02 bad
82.50 0.26 0.09 bad
13.40 0.04 0.16 bad
21.80 0.08 0.20 bad
27.50 0.24 0.09 bad
257.20 0.13 0.23 bad
135.80 0.22 0.14 good
24.10 0.17 0.28 bad
122.40 0.18 0.28 bad
82.30 0.20 0.13 good
74.10 0.37 0.04 bad
77.70 0.15 0.11 bad
122.20 0.31 0.06 good
74.80 0.21 0.11 bad
62.70 0.09 0.19 bad
147.20 0.17 0.05 good
53.00 0.11 0.27 bad
233.90 0.10 0.36 good
51.10 0.09 0.13 bad
178.90 0.20 0.15 good
713.10 0.12 0.21 good
87.00 0.10 0.19 bad
22.80 0.26 0.00 bad
153.10 0.12 0.19 good
168.40 0.14 0.17 good
74.40 0.13 0.14 good
380.50 0.20 0.10 bad
49.70 0.28 0.08 bad
281.40 0.09 0.17 bad
44.50 0.10 0.10 bad
51.90 0.28 0.07 good
84.60 0.30 0.07 bad
76.10 0.04 0.42 bad
106.40 0.28 0.06 bad
293.40 0.07 0.18 bad
63.50 0.05 0.37 good
133.40 0.21 0.25 good
17.00 0.08 0.21 good
49.60 0.50 0.00 bad
108.60 0.07 0.30 good
54.40 0.27 0.02 bad
72.20 0.28 0.07 bad
16.80 0.06 0.42 good
55.40 0.10 0.20 bad
390.00 0.08 0.35 good
49.30 0.22 0.04 bad
1070.70 0.07 0.37 bad
131.20 0.19 0.10 bad
144.70 0.03 0.58 bad
183.00 0.41 0.22 bad
129.90 0.03 0.26 bad
112.10 0.09 0.27 bad
153.20 0.17 0.17 bad
50.40 0.13 0.07 bad
116.50 0.04 0.42 good
90.50 0.08 0.21 bad
63.70 0.11 0.23 good
22.20 0.03 0.13 good
170.60 0.08 0.29 good
181.90 0.12 0.17 bad
59.90 0.02 0.25 bad
219.60 0.10 0.27 bad
150.50 0.31 0.09 bad
198.70 0.08 0.31 good
446.50 0.02 0.63 good
101.10 0.14 0.10 bad
107.80 0.20 0.11 bad
247.80 0.13 0.14 bad
31.70 0.02 0.60 bad
119.20 0.19 0.07 bad
118.30 0.12 0.17 good
59.10 0.11 0.09 bad
92.20 0.11 0.11 bad
427.70 0.06 0.29 good
153.40 0.08 0.20 good
223.00 0.19 0.11 good
65.70 0.02 0.67 good
296.70 0.08 0.31 good
322.80 0.07 0.37 good
46.30 0.13 0.17 bad
195.70 0.41 0.06 good
145.80 0.13 0.04 bad
335.20 0.09 0.26 bad
72.70 0.24 0.09 bad
448.70 0.05 0.38 good
212.90 0.10 0.18 bad
130.30 0.07 0.22 good
518.00 0.05 0.46 good
177.70 0.21 0.10 bad
319.70 0.25 0.09 bad
477.20 0.09 0.19 good
209.90 0.03 0.08 bad
44.60 0.15 0.15 bad
93.00 0.07 0.37 bad
163.50 0.19 0.09 good
73.20 0.22 0.12 good