ThreeStarRate FiveStarRate Mode Class
101
0 1 3 4 6 7 8 10 11 13 14 16 17 18 20 21 23 25 26 28 29 30 31 32 34 35 36 41 42 49 50 51 52 53 54 55 56 57 58 59 60 62 63 64 69 71 73 75 77 78 80 81 82 83 84 85 86 87 89 90 91 92 93 94 96 99 100 101 102 104 105 108 112 113 114 115 117 118 119 120 122 123 124 125 128 129 130 131 133 137 138 139 143 144 145 146 147 148 149 150 152
0.28 0.15 8.00 good
0.23 0.25 8.00 good
0.27 0.18 8.00 bad
0.33 0.10 6.00 bad
0.21 0.23 2.00 good
0.48 0.11 6.00 bad
0.30 0.21 6.00 bad
0.23 0.09 8.00 bad
0.40 0.16 6.00 bad
0.39 0.09 6.00 bad
0.21 0.20 2.00 good
0.23 0.14 6.00 good
0.20 0.12 8.00 bad
0.28 0.28 10.00 bad
0.15 0.13 2.00 good
0.16 0.04 4.00 bad
0.28 0.06 4.00 good
0.20 0.20 2.00 bad
0.43 0.19 6.00 bad
0.25 0.27 8.00 bad
0.22 0.36 10.00 good
0.32 0.11 6.00 bad
0.33 0.09 6.00 good
0.31 0.13 8.00 bad
0.39 0.03 6.00 bad
0.18 0.21 2.00 good
0.23 0.19 8.00 bad
0.34 0.17 6.00 good
0.26 0.11 2.00 bad
0.39 0.10 6.00 bad
0.32 0.07 6.00 good
0.37 0.07 6.00 bad
0.15 0.42 10.00 bad
0.14 0.10 2.00 bad
0.33 0.29 6.00 good
0.33 0.06 6.00 bad
0.32 0.13 6.00 good
0.21 0.18 8.00 bad
0.14 0.37 10.00 good
0.21 0.25 10.00 good
0.18 0.23 10.00 bad
0.08 0.00 4.00 bad
0.12 0.30 2.00 good
0.21 0.02 2.00 bad
0.26 0.21 8.00 bad
0.25 0.17 8.00 bad
0.22 0.17 8.00 bad
0.40 0.10 6.00 good
0.22 0.37 10.00 bad
0.33 0.16 6.00 bad
0.13 0.58 10.00 bad
0.54 0.13 6.00 bad
0.20 0.22 4.00 bad
0.28 0.22 6.00 bad
0.33 0.14 6.00 bad
0.15 0.10 2.00 good
0.30 0.26 6.00 bad
0.23 0.27 10.00 bad
0.27 0.17 8.00 bad
0.20 0.07 2.00 bad
0.16 0.34 10.00 good
0.16 0.42 10.00 good
0.26 0.21 8.00 bad
0.23 0.23 8.00 good
0.28 0.17 8.00 good
0.34 0.17 6.00 bad
0.34 0.25 6.00 bad
0.26 0.27 10.00 bad
0.26 0.08 2.00 good
0.34 0.09 6.00 bad
0.19 0.31 8.00 good
0.10 0.63 10.00 good
0.30 0.11 6.00 bad
0.36 0.14 6.00 bad
0.09 0.60 10.00 bad
0.35 0.07 6.00 bad
0.45 0.09 6.00 bad
0.39 0.11 6.00 bad
0.20 0.29 8.00 good
0.20 0.11 8.00 good
0.28 0.25 8.00 bad
0.37 0.20 6.00 good
0.29 0.11 6.00 good
0.08 0.67 10.00 good
0.13 0.31 10.00 good
0.16 0.37 10.00 good
0.28 0.17 6.00 bad
0.13 0.06 4.00 good
0.33 0.04 8.00 bad
0.15 0.38 10.00 good
0.22 0.18 2.00 bad
0.24 0.22 8.00 good
0.22 0.10 8.00 bad
0.27 0.09 6.00 bad
0.45 0.08 6.00 bad
0.27 0.19 8.00 good
0.19 0.02 2.00 good
0.04 0.08 2.00 bad
0.23 0.15 8.00 good
0.35 0.15 6.00 bad
0.28 0.09 2.00 good