AddListCount TwoStarRate FiveStarRate Class
102
0 1 2 4 11 12 14 15 17 18 20 21 22 24 25 26 27 28 29 30 32 33 34 35 36 37 38 39 42 43 45 46 48 49 52 53 54 55 56 57 60 61 62 63 64 67 68 69 70 71 73 74 75 76 77 78 79 80 81 82 83 86 87 91 92 96 97 100 101 102 104 105 106 107 114 116 118 119 121 122 123 126 127 128 130 131 133 134 135 136 139 141 142 143 144 146 147 149 150 151 152 153
214 0.15 0.15 good
492 0.08 0.25 good
12 0.10 0.15 bad
22 0.09 0.10 bad
15 0.04 0.16 bad
12 0.08 0.20 bad
136 0.14 0.20 good
204 0.13 0.23 bad
10 0.22 0.12 bad
7 0.17 0.28 bad
17 0.20 0.13 good
12 0.37 0.04 bad
61 0.15 0.11 bad
23 0.21 0.11 bad
2 0.20 0.20 bad
32 0.09 0.19 bad
31 0.17 0.05 good
73 0.11 0.27 bad
68 0.10 0.36 good
9 0.18 0.11 bad
111 0.09 0.13 bad
49 0.20 0.15 good
24 0.30 0.03 bad
254 0.12 0.21 good
63 0.10 0.19 bad
106 0.03 0.28 bad
19 0.35 0.13 bad
1 0.26 0.00 bad
215 0.17 0.11 bad
18 0.13 0.14 good
93 0.20 0.10 bad
28 0.07 0.27 good
371 0.09 0.17 bad
13 0.10 0.10 bad
446 0.04 0.42 bad
1 0.33 0.10 bad
9 0.05 0.29 good
11 0.28 0.06 bad
13 0.20 0.13 good
551 0.07 0.18 bad
19 0.21 0.23 bad
33 0.08 0.21 good
3 0.50 0.00 bad
21 0.07 0.30 good
10 0.27 0.02 bad
17 0.06 0.42 good
45 0.11 0.22 bad
5 0.05 0.21 bad
2 0.10 0.20 bad
119 0.12 0.17 bad
8 0.11 0.17 bad
16 0.22 0.04 bad
8 0.10 0.10 good
110 0.07 0.24 good
183 0.07 0.37 bad
57 0.10 0.16 bad
94 0.19 0.10 bad
193 0.03 0.58 bad
4 0.08 0.13 bad
3 0.41 0.22 bad
22 0.17 0.22 bad
53 0.03 0.26 bad
65 0.09 0.27 bad
218 0.08 0.34 good
141 0.04 0.42 good
100 0.11 0.17 good
7 0.03 0.13 good
8 0.02 0.25 bad
65 0.10 0.27 bad
39 0.14 0.08 good
5 0.31 0.09 bad
98 0.08 0.31 good
102 0.14 0.16 good
188 0.12 0.31 bad
218 0.02 0.60 bad
7 0.12 0.17 good
112 0.11 0.11 bad
274 0.06 0.29 good
14 0.30 0.02 bad
126 0.10 0.25 bad
32 0.08 0.20 good
48 0.06 0.30 good
146 0.06 0.36 good
108 0.08 0.31 good
11 0.13 0.17 bad
5 0.41 0.06 good
1 0.13 0.04 bad
168 0.12 0.18 good
293 0.09 0.26 bad
9 0.24 0.09 bad
206 0.07 0.22 good
19 0.03 0.15 bad
365 0.05 0.46 good
42 0.21 0.10 bad
103 0.25 0.09 bad
710 0.09 0.19 good
26 0.22 0.02 good
178 0.18 0.15 good
5 0.15 0.15 bad
125 0.07 0.37 bad
12 0.19 0.09 good
50 0.22 0.12 good