BookWordCount AddListCount Median Class
103
1 2 4 6 8 9 10 12 13 16 17 18 19 20 22 24 26 27 28 30 32 33 35 36 37 38 39 40 41 43 44 48 49 50 51 52 54 59 61 62 64 65 69 72 73 76 78 80 82 83 85 87 88 90 91 92 93 94 95 97 98 99 100 101 102 103 104 105 106 107 109 110 111 112 113 114 115 117 120 121 122 123 125 126 127 129 130 132 133 135 136 137 139 140 142 144 145 146 149 150 151 152 153
289.90 492 8.00 good
48.30 12 6.00 bad
139.00 22 6.00 bad
59.60 42 6.00 good
143.50 53 6.00 bad
21.30 14 6.00 bad
82.50 25 6.00 bad
21.80 12 6.00 bad
27.50 9 6.00 bad
135.80 25 6.00 good
33.60 10 6.00 bad
24.10 7 6.00 bad
122.40 70 6.00 bad
82.30 17 4.00 good
77.70 61 6.00 bad
74.80 23 6.00 bad
62.70 32 6.00 bad
147.20 31 4.00 good
53.00 73 8.00 bad
150.70 9 6.00 bad
51.10 111 8.00 bad
178.90 49 6.00 good
713.10 254 6.00 good
87.00 63 8.00 bad
51.30 106 8.00 bad
80.20 19 6.00 bad
22.80 1 2.00 bad
153.10 172 8.00 good
168.40 289 6.00 good
74.40 18 6.00 good
296.80 242 4.00 good
281.40 371 6.00 bad
44.50 13 6.00 bad
51.90 7 6.00 good
84.60 42 6.00 bad
76.10 446 8.00 bad
13.00 9 6.00 good
133.40 138 6.00 good
17.00 33 8.00 good
49.60 3 4.00 bad
54.40 10 4.00 bad
72.20 22 4.00 bad
7.30 5 8.00 bad
390.00 180 8.00 good
68.60 8 8.00 bad
46.20 110 8.00 good
70.00 57 6.00 bad
144.70 193 10.00 bad
183.00 3 4.00 bad
40.80 22 6.00 bad
87.20 55 4.00 good
112.10 65 6.00 bad
315.30 321 8.00 good
50.40 4 2.00 bad
126.20 218 8.00 good
116.50 141 8.00 good
90.50 121 8.00 bad
63.70 57 8.00 good
99.00 4 6.00 bad
22.20 7 8.00 good
170.60 558 8.00 good
181.90 253 6.00 bad
59.90 8 8.00 bad
219.60 65 8.00 bad
78.10 39 6.00 good
21.40 6 6.00 bad
150.50 5 4.00 bad
198.70 98 8.00 good
64.40 102 6.00 good
310.00 188 6.00 bad
101.10 34 6.00 bad
133.50 31 6.00 bad
148.90 53 6.00 good
107.80 63 6.00 bad
247.80 25 6.00 bad
31.70 218 10.00 bad
119.20 76 6.00 bad
59.10 5 6.00 bad
85.80 15 6.00 good
145.90 14 4.00 bad
79.20 126 8.00 bad
153.40 32 6.00 good
65.70 149 10.00 good
89.70 48 8.00 good
34.20 146 8.00 good
322.80 510 8.00 good
46.30 11 6.00 bad
237.20 131 6.00 good
145.80 1 6.00 bad
335.20 293 8.00 bad
72.70 9 4.00 bad
448.70 303 8.00 good
130.30 206 8.00 good
43.40 7 8.00 bad
518.00 365 8.00 good
319.70 103 6.00 bad
62.30 28 6.00 bad
477.20 710 8.00 good
382.10 178 6.00 good
44.60 5 6.00 bad
93.00 125 8.00 bad
163.50 12 6.00 good
73.20 50 6.00 good