BookScore AddListCount FourStarRate Class
102
1 4 5 6 7 8 11 12 13 14 16 18 19 20 21 22 24 27 28 29 32 33 35 36 37 39 41 42 43 44 45 46 49 52 53 54 55 56 57 59 60 63 64 65 66 67 68 69 70 72 75 76 77 78 79 82 83 85 87 89 93 94 96 97 98 100 101 102 103 104 106 107 109 110 113 114 115 116 117 118 119 121 122 123 126 127 128 130 131 133 134 135 136 137 138 142 144 146 147 148 149 151
7.2 492 0.36 good
5.8 22 0.25 bad
5.6 122 0.21 good
6.0 42 0.18 good
5.8 8 0.11 bad
6.5 53 0.22 bad
6.9 15 0.32 bad
6.0 12 0.08 bad
5.5 9 0.13 bad
5.9 136 0.19 good
5.7 25 0.20 good
6.5 7 0.14 bad
6.7 70 0.22 bad
5.3 17 0.20 good
4.6 12 0.14 bad
6.5 61 0.28 bad
5.5 23 0.13 bad
4.5 31 0.15 good
7.2 73 0.31 bad
7.1 68 0.20 good
6.8 111 0.39 bad
6.1 49 0.23 good
5.5 254 0.14 good
6.7 63 0.34 bad
7.8 106 0.44 bad
3.5 1 0.05 bad
6.7 289 0.29 good
5.4 215 0.20 bad
5.1 18 0.14 good
5.4 242 0.16 good
5.8 93 0.23 bad
7.1 28 0.33 good
5.9 13 0.23 bad
7.9 446 0.30 bad
4.0 1 0.00 bad
7.0 9 0.21 good
5.6 11 0.20 bad
5.3 13 0.10 good
6.2 551 0.29 bad
6.5 138 0.21 good
6.2 19 0.20 bad
6.2 21 0.20 good
4.4 10 0.14 bad
4.8 22 0.07 bad
5.9 2 0.19 bad
7.6 17 0.25 good
6.8 45 0.30 bad
7.4 5 0.42 bad
5.9 2 0.32 bad
7.3 180 0.20 good
6.4 8 0.30 good
6.8 110 0.36 good
7.6 183 0.27 bad
6.2 57 0.24 bad
5.2 94 0.17 bad
5.6 3 0.05 bad
6.6 22 0.22 bad
5.2 55 0.24 good
6.4 65 0.19 bad
6.4 49 0.28 bad
6.9 121 0.34 bad
7.0 57 0.33 good
6.7 100 0.33 good
6.5 7 0.40 good
7.3 558 0.33 good
7.0 8 0.27 bad
7.1 65 0.27 bad
5.3 39 0.21 good
6.6 6 0.26 bad
4.9 5 0.04 bad
6.0 102 0.24 good
6.4 188 0.17 bad
6.0 34 0.24 bad
5.8 31 0.24 bad
6.1 25 0.21 bad
8.5 218 0.23 bad
5.5 76 0.19 bad
6.0 7 0.12 good
5.5 5 0.14 bad
6.5 112 0.30 bad
7.3 274 0.33 good
4.5 14 0.08 bad
7.0 126 0.29 bad
7.0 32 0.30 good
6.4 48 0.21 good
7.4 146 0.26 good
6.5 108 0.23 good
5.7 11 0.16 bad
4.4 5 0.11 good
5.9 1 0.33 bad
6.5 168 0.34 good
7.0 293 0.29 bad
4.8 9 0.05 bad
7.8 303 0.33 good
5.7 53 0.19 bad
7.8 365 0.24 good
5.4 103 0.18 bad
7.0 710 0.37 good
3.9 26 0.09 good
3.3 54 0.06 bad
6.0 178 0.26 good
6.8 125 0.19 bad