TwoStarRate ThreeStarRate Median Class
110
1 2 3 5 6 7 8 9 10 11 12 13 14 15 18 19 20 21 22 24 26 28 30 31 33 34 35 36 39 40 41 44 45 46 47 48 50 52 53 54 55 56 57 58 59 60 61 62 64 65 66 68 70 71 74 75 76 78 81 82 83 85 86 87 90 91 92 93 94 95 98 99 100 102 104 105 106 107 109 110 111 113 115 116 117 119 120 121 122 124 125 127 129 130 131 132 133 134 135 138 139 140 144 145 146 147 148 149 150 151
0.08 0.23 8.00 good
0.10 0.40 6.00 bad
0.12 0.27 6.00 bad
0.20 0.26 6.00 good
0.14 0.21 6.00 good
0.15 0.48 6.00 bad
0.16 0.30 6.00 bad
0.18 0.26 6.00 bad
0.26 0.23 6.00 bad
0.04 0.40 6.00 bad
0.08 0.44 6.00 bad
0.24 0.39 6.00 bad
0.14 0.21 6.00 good
0.13 0.27 6.00 bad
0.17 0.28 6.00 bad
0.18 0.22 6.00 bad
0.20 0.15 4.00 good
0.37 0.16 4.00 bad
0.15 0.40 6.00 bad
0.21 0.36 6.00 bad
0.09 0.43 6.00 bad
0.11 0.25 8.00 bad
0.18 0.32 6.00 bad
0.30 0.33 6.00 good
0.20 0.29 6.00 good
0.30 0.39 6.00 bad
0.12 0.18 6.00 good
0.10 0.23 8.00 bad
0.26 0.16 2.00 bad
0.12 0.24 8.00 good
0.14 0.34 6.00 good
0.07 0.11 4.00 good
0.20 0.30 6.00 bad
0.07 0.19 8.00 good
0.28 0.20 4.00 bad
0.09 0.33 6.00 bad
0.28 0.32 6.00 good
0.04 0.15 8.00 bad
0.33 0.14 4.00 bad
0.05 0.33 6.00 good
0.28 0.33 6.00 bad
0.20 0.32 6.00 good
0.07 0.21 6.00 bad
0.05 0.14 8.00 good
0.21 0.21 6.00 good
0.21 0.18 6.00 bad
0.08 0.25 8.00 good
0.50 0.08 4.00 bad
0.27 0.21 4.00 bad
0.28 0.31 4.00 bad
0.14 0.43 6.00 bad
0.11 0.25 8.00 bad
0.10 0.04 8.00 bad
0.12 0.25 6.00 bad
0.22 0.36 6.00 bad
0.10 0.40 6.00 good
0.07 0.15 8.00 good
0.10 0.33 6.00 bad
0.08 0.54 6.00 bad
0.41 0.20 4.00 bad
0.17 0.28 6.00 bad
0.19 0.15 4.00 good
0.03 0.30 8.00 bad
0.09 0.23 6.00 bad
0.13 0.20 2.00 bad
0.08 0.16 8.00 good
0.04 0.16 8.00 good
0.08 0.26 8.00 bad
0.11 0.23 8.00 good
0.23 0.46 6.00 bad
0.08 0.22 8.00 good
0.12 0.34 6.00 bad
0.02 0.34 8.00 bad
0.14 0.26 6.00 good
0.31 0.34 4.00 bad
0.08 0.19 8.00 good
0.14 0.27 6.00 good
0.12 0.15 6.00 bad
0.14 0.36 6.00 bad
0.21 0.28 6.00 bad
0.16 0.26 6.00 good
0.13 0.36 6.00 bad
0.19 0.35 6.00 bad
0.12 0.42 6.00 good
0.11 0.45 6.00 bad
0.06 0.20 8.00 good
0.18 0.20 6.00 good
0.30 0.32 4.00 bad
0.10 0.28 8.00 bad
0.19 0.29 6.00 good
0.02 0.08 10.00 good
0.06 0.22 8.00 good
0.07 0.16 8.00 good
0.13 0.28 6.00 bad
0.41 0.13 4.00 good
0.14 0.25 6.00 good
0.13 0.33 6.00 bad
0.12 0.21 8.00 good
0.09 0.24 8.00 bad
0.10 0.22 6.00 bad
0.07 0.24 8.00 good
0.30 0.07 8.00 bad
0.25 0.27 6.00 bad
0.10 0.45 6.00 bad
0.09 0.27 8.00 good
0.22 0.19 4.00 good
0.03 0.04 2.00 bad
0.18 0.23 6.00 good
0.15 0.35 6.00 bad
0.07 0.16 8.00 bad