BookWordCount TwoStarRate ThreeStarRate Class
93
1 2 4 5 9 13 14 15 16 17 18 19 20 21 22 23 24 25 28 31 34 35 37 38 39 40 41 42 43 44 45 46 48 49 50 52 54 55 57 64 67 70 71 73 74 76 79 80 81 82 83 84 85 86 90 91 92 95 96 99 100 102 103 105 108 109 111 112 114 116 117 118 120 121 124 125 127 131 132 133 134 135 137 138 140 141 142 143 144 147 149 150 151
289.90 0.08 0.23 good
48.30 0.10 0.40 bad
139.00 0.09 0.33 bad
158.50 0.20 0.26 good
21.30 0.18 0.26 bad
27.50 0.24 0.39 bad
123.80 0.14 0.21 good
257.20 0.13 0.27 bad
135.80 0.22 0.23 good
33.60 0.22 0.20 bad
24.10 0.17 0.28 bad
122.40 0.18 0.22 bad
82.30 0.20 0.15 good
74.10 0.37 0.16 bad
77.70 0.15 0.40 bad
122.20 0.31 0.28 good
74.80 0.21 0.36 bad
35.90 0.20 0.20 bad
53.00 0.11 0.25 bad
78.00 0.30 0.33 good
154.60 0.30 0.39 bad
713.10 0.12 0.18 good
51.30 0.03 0.20 bad
80.20 0.35 0.27 bad
22.80 0.26 0.16 bad
153.10 0.12 0.24 good
168.40 0.14 0.34 good
300.10 0.17 0.26 bad
74.40 0.13 0.24 good
296.80 0.07 0.11 good
380.50 0.20 0.30 bad
123.50 0.07 0.19 good
281.40 0.09 0.33 bad
44.50 0.10 0.39 bad
51.90 0.28 0.32 good
76.10 0.04 0.15 bad
13.00 0.05 0.33 good
106.40 0.28 0.33 bad
293.40 0.07 0.21 bad
54.40 0.27 0.21 bad
16.80 0.06 0.16 good
55.40 0.10 0.04 bad
98.90 0.12 0.25 bad
68.60 0.11 0.22 bad
49.30 0.22 0.36 bad
46.20 0.07 0.15 good
131.20 0.19 0.26 bad
144.70 0.03 0.13 bad
87.70 0.08 0.54 bad
183.00 0.41 0.20 bad
40.80 0.17 0.28 bad
30.00 0.14 0.33 bad
87.20 0.19 0.15 good
129.90 0.03 0.30 bad
50.40 0.13 0.20 bad
126.20 0.08 0.16 good
116.50 0.04 0.16 good
99.00 0.23 0.46 bad
34.10 0.11 0.28 good
181.90 0.12 0.34 bad
59.90 0.02 0.34 bad
78.10 0.14 0.26 good
21.40 0.08 0.50 bad
198.70 0.08 0.19 good
446.50 0.02 0.10 good
101.10 0.14 0.36 bad
148.90 0.16 0.26 good
107.80 0.20 0.30 bad
31.70 0.02 0.09 bad
118.30 0.12 0.42 good
59.10 0.11 0.45 bad
92.20 0.11 0.39 bad
85.80 0.18 0.20 good
145.90 0.30 0.32 bad
223.00 0.19 0.29 good
65.70 0.02 0.08 good
34.20 0.06 0.22 good
195.70 0.41 0.13 good
237.20 0.14 0.25 good
145.80 0.13 0.33 bad
179.50 0.12 0.21 good
335.20 0.09 0.24 bad
448.70 0.05 0.15 good
212.90 0.10 0.22 bad
43.40 0.30 0.07 bad
25.10 0.03 0.19 bad
518.00 0.05 0.15 good
177.70 0.21 0.22 bad
319.70 0.25 0.27 bad
154.00 0.22 0.19 good
382.10 0.18 0.23 good
44.60 0.15 0.35 bad
93.00 0.07 0.16 bad