BookScore AddListCount TwoStarRate Class
98
0 3 4 5 6 7 8 10 11 13 14 15 16 17 21 22 23 24 25 26 27 28 29 30 31 32 33 34 35 36 37 39 40 42 43 44 45 48 50 52 58 60 61 62 64 66 68 69 70 71 74 77 78 81 82 83 85 87 88 90 91 94 95 96 99 102 103 105 107 108 110 111 112 113 114 115 116 117 119 120 122 124 125 127 129 130 132 134 135 141 142 143 146 147 148 149 152 153
6.4 214 0.15 good
6.4 38 0.12 bad
5.8 22 0.09 bad
5.6 122 0.20 good
6.0 42 0.14 good
5.8 8 0.15 bad
6.5 53 0.16 bad
5.8 25 0.26 bad
6.9 15 0.04 bad
5.5 9 0.24 bad
5.9 136 0.14 good
6.6 204 0.13 bad
5.7 25 0.22 good
5.6 10 0.22 bad
4.6 12 0.37 bad
6.5 61 0.15 bad
4.7 32 0.31 good
5.5 23 0.21 bad
4.8 2 0.20 bad
6.5 32 0.09 bad
4.5 31 0.17 good
7.2 73 0.11 bad
7.1 68 0.10 good
5.4 9 0.18 bad
5.8 6 0.30 good
6.8 111 0.09 bad
6.1 49 0.20 good
5.1 24 0.30 bad
5.5 254 0.12 good
6.7 63 0.10 bad
7.8 106 0.03 bad
3.5 1 0.26 bad
6.7 172 0.12 good
5.4 215 0.17 bad
5.1 18 0.13 good
5.4 242 0.07 good
5.8 93 0.20 bad
6.8 371 0.09 bad
5.3 7 0.28 good
7.9 446 0.04 bad
7.5 70 0.05 good
6.2 19 0.21 bad
7.5 33 0.08 good
5.3 3 0.50 bad
4.4 10 0.27 bad
5.9 2 0.14 bad
6.8 45 0.11 bad
7.4 5 0.05 bad
5.9 2 0.10 bad
6.1 119 0.12 bad
6.1 16 0.22 bad
7.6 183 0.07 bad
6.2 57 0.10 bad
5.8 4 0.08 bad
5.6 3 0.41 bad
6.6 22 0.17 bad
5.2 55 0.19 good
6.4 65 0.09 bad
6.7 321 0.10 good
4.0 4 0.13 bad
7.2 218 0.08 good
7.0 57 0.11 good
5.5 4 0.23 bad
6.7 100 0.11 good
6.5 253 0.12 bad
5.3 39 0.14 good
6.6 6 0.08 bad
7.4 98 0.08 good
6.4 188 0.12 bad
8.7 1586 0.02 good
5.8 31 0.21 bad
5.8 53 0.16 good
5.4 63 0.20 bad
6.1 25 0.13 bad
8.5 218 0.02 bad
5.5 76 0.19 bad
6.0 7 0.12 good
5.5 5 0.11 bad
7.3 274 0.06 good
5.6 15 0.18 good
7.0 126 0.10 bad
5.6 57 0.19 good
8.9 149 0.02 good
7.4 146 0.06 good
7.3 510 0.07 good
5.7 11 0.13 bad
6.4 131 0.14 good
6.5 168 0.12 good
7.0 293 0.09 bad
6.9 19 0.03 bad
7.8 365 0.05 good
5.5 42 0.21 bad
7.0 710 0.09 good
3.9 26 0.22 good
3.3 54 0.03 bad
6.0 178 0.18 good
5.1 12 0.19 good
5.7 50 0.22 good