TwoStarRate FiveStarRate Kurtosis Class
101
2 3 4 5 6 8 9 10 12 13 14 16 19 20 22 24 25 27 29 30 31 32 33 36 40 43 45 48 49 50 52 53 54 55 56 58 59 61 63 65 66 67 69 74 75 76 79 80 82 83 84 87 90 91 95 97 98 99 100 101 102 104 105 106 107 108 109 110 111 112 113 114 115 116 117 119 120 121 123 124 129 130 131 133 134 135 136 137 138 140 141 142 143 145 146 147 148 149 150 151 153
0.10 0.15 267.71 bad
0.12 0.18 155.27 bad
0.09 0.10 113.07 bad
0.20 0.12 93.52 good
0.14 0.23 75.15 good
0.16 0.21 196.73 bad
0.18 0.02 110.48 bad
0.26 0.09 143.84 bad
0.08 0.20 114.51 bad
0.24 0.09 156.17 bad
0.14 0.20 68.44 good
0.22 0.14 87.54 good
0.18 0.28 181.41 bad
0.20 0.13 48.29 good
0.15 0.11 468.11 bad
0.21 0.11 114.10 bad
0.20 0.20 28.01 bad
0.17 0.05 40.03 good
0.10 0.36 194.89 good
0.18 0.11 80.73 bad
0.30 0.09 211.54 good
0.09 0.13 404.81 bad
0.20 0.15 163.05 good
0.10 0.19 203.97 bad
0.12 0.19 227.23 good
0.13 0.14 44.83 good
0.20 0.10 135.14 bad
0.09 0.17 362.40 bad
0.10 0.10 155.38 bad
0.28 0.07 119.73 good
0.04 0.42 453.60 bad
0.33 0.10 31.11 bad
0.05 0.29 245.77 good
0.28 0.06 182.02 bad
0.20 0.13 74.03 good
0.05 0.37 256.16 good
0.21 0.25 148.52 good
0.08 0.21 1104.85 good
0.07 0.30 55.29 good
0.28 0.07 77.07 bad
0.14 0.10 204.65 bad
0.06 0.42 278.88 good
0.05 0.21 758.93 bad
0.22 0.04 393.48 bad
0.10 0.10 344.01 good
0.07 0.24 159.36 good
0.19 0.10 65.93 bad
0.03 0.58 599.56 bad
0.41 0.22 87.78 bad
0.17 0.22 188.48 bad
0.14 0.14 116.65 bad
0.09 0.27 95.46 bad
0.13 0.07 25.57 bad
0.08 0.34 191.97 good
0.23 0.15 128.84 bad
0.03 0.13 198.40 good
0.08 0.29 391.57 good
0.12 0.17 243.27 bad
0.02 0.25 297.05 bad
0.10 0.27 286.97 bad
0.14 0.08 65.28 good
0.31 0.09 92.39 bad
0.08 0.31 385.10 good
0.14 0.16 114.14 good
0.12 0.31 72.91 bad
0.02 0.63 1238.93 good
0.14 0.10 170.95 bad
0.21 0.10 131.59 bad
0.16 0.12 113.09 good
0.20 0.11 84.03 bad
0.13 0.14 164.81 bad
0.02 0.60 875.52 bad
0.19 0.07 125.49 bad
0.12 0.17 138.45 good
0.11 0.09 132.92 bad
0.06 0.29 297.36 good
0.18 0.11 75.21 good
0.30 0.02 102.63 bad
0.08 0.20 502.72 good
0.19 0.11 101.09 good
0.07 0.37 209.65 good
0.13 0.17 73.99 bad
0.41 0.06 58.14 good
0.13 0.04 194.01 bad
0.12 0.18 176.74 good
0.09 0.26 234.30 bad
0.24 0.09 63.17 bad
0.05 0.38 478.73 good
0.10 0.18 56.35 bad
0.30 0.05 361.68 bad
0.03 0.15 311.51 bad
0.05 0.46 364.52 good
0.21 0.10 86.23 bad
0.10 0.08 909.70 bad
0.09 0.19 402.15 good
0.22 0.02 40.59 good
0.03 0.08 9.99 bad
0.18 0.15 113.50 good
0.15 0.15 158.29 bad
0.07 0.37 105.22 bad
0.22 0.12 105.28 good