BookScoreCount ThreeStarRate Median Class
96
1 2 4 5 6 8 9 10 11 12 14 15 16 19 21 24 25 26 29 30 32 33 35 36 37 38 42 43 47 49 50 51 54 59 60 61 62 64 65 67 68 70 71 73 75 76 77 78 79 80 82 83 85 86 87 88 90 91 93 94 95 97 99 101 104 105 106 107 109 112 113 119 120 121 124 125 127 128 129 131 132 133 134 135 137 138 139 141 142 143 144 146 147 148 150 153
967 0.23 8.00 good
47 0.40 6.00 bad
78 0.33 6.00 bad
439 0.26 6.00 good
187 0.21 6.00 good
177 0.30 6.00 bad
51 0.26 6.00 bad
78 0.23 6.00 bad
51 0.40 6.00 bad
25 0.44 6.00 bad
454 0.21 6.00 good
658 0.27 6.00 bad
119 0.23 6.00 good
250 0.22 6.00 bad
44 0.16 4.00 bad
70 0.36 6.00 bad
11 0.20 4.00 bad
100 0.43 6.00 bad
290 0.22 8.00 good
29 0.32 6.00 bad
292 0.31 8.00 bad
192 0.29 6.00 good
1909 0.18 6.00 good
223 0.23 8.00 bad
216 0.20 8.00 bad
63 0.27 6.00 bad
686 0.26 6.00 bad
81 0.24 6.00 good
79 0.20 4.00 bad
72 0.39 6.00 bad
29 0.32 6.00 good
133 0.37 6.00 bad
43 0.33 6.00 good
484 0.21 6.00 good
108 0.18 6.00 bad
86 0.25 8.00 good
13 0.08 4.00 bad
45 0.21 4.00 bad
82 0.31 4.00 bad
90 0.16 8.00 good
153 0.25 8.00 bad
51 0.04 8.00 bad
248 0.25 6.00 bad
19 0.22 8.00 bad
21 0.40 6.00 good
429 0.15 8.00 good
745 0.22 8.00 bad
217 0.33 6.00 bad
531 0.26 6.00 bad
714 0.13 10.00 bad
31 0.20 4.00 bad
104 0.28 6.00 bad
356 0.15 4.00 good
222 0.30 8.00 bad
182 0.23 6.00 bad
1636 0.18 8.00 good
16 0.20 2.00 bad
654 0.16 8.00 good
396 0.26 8.00 bad
218 0.23 8.00 good
13 0.46 6.00 bad
39 0.26 8.00 good
942 0.34 6.00 bad
219 0.26 8.00 bad
25 0.34 4.00 bad
339 0.19 8.00 good
349 0.27 6.00 good
1184 0.15 6.00 bad
88 0.36 6.00 bad
201 0.30 6.00 bad
136 0.36 6.00 bad
1575 0.20 8.00 good
45 0.20 6.00 good
59 0.32 4.00 bad
320 0.29 6.00 good
768 0.08 10.00 good
387 0.22 8.00 good
607 0.13 8.00 good
2063 0.16 8.00 good
31 0.13 4.00 good
614 0.25 6.00 good
23 0.33 6.00 bad
795 0.21 8.00 good
1310 0.24 8.00 bad
1641 0.15 8.00 good
328 0.22 6.00 bad
1100 0.24 8.00 good
83 0.19 8.00 bad
2366 0.15 8.00 good
153 0.22 6.00 bad
364 0.27 6.00 bad
2356 0.27 8.00 good
208 0.19 4.00 good
1080 0.04 2.00 bad
21 0.35 6.00 bad
209 0.25 6.00 good