AddListCount ThreeStarRate FiveStarRate Class
99
0 2 3 4 5 6 10 12 13 14 15 17 18 19 20 21 23 24 25 27 28 29 30 31 32 33 37 38 40 41 43 44 45 46 48 49 51 52 53 56 57 58 61 62 64 65 69 70 71 72 75 76 77 79 80 83 84 85 86 87 89 90 93 95 97 98 99 101 102 103 104 107 108 110 113 117 118 120 121 122 123 124 125 126 127 128 131 132 133 134 139 140 141 144 145 146 148 151 153
214 0.28 0.15 good
12 0.40 0.15 bad
38 0.27 0.18 bad
22 0.33 0.10 bad
122 0.26 0.12 good
42 0.21 0.23 good
25 0.23 0.09 bad
12 0.44 0.20 bad
9 0.39 0.09 bad
136 0.21 0.20 good
204 0.27 0.23 bad
10 0.20 0.12 bad
7 0.28 0.28 bad
70 0.22 0.28 bad
17 0.15 0.13 good
12 0.16 0.04 bad
32 0.28 0.06 good
23 0.36 0.11 bad
2 0.20 0.20 bad
31 0.21 0.05 good
73 0.25 0.27 bad
68 0.22 0.36 good
9 0.32 0.11 bad
6 0.33 0.09 good
111 0.31 0.13 bad
49 0.29 0.15 good
106 0.20 0.28 bad
19 0.27 0.13 bad
172 0.24 0.19 good
289 0.34 0.17 good
18 0.24 0.14 good
242 0.11 0.23 good
93 0.30 0.10 bad
28 0.19 0.27 good
371 0.33 0.17 bad
13 0.39 0.10 bad
42 0.37 0.07 bad
446 0.15 0.42 bad
1 0.14 0.10 bad
13 0.32 0.13 good
551 0.21 0.18 bad
70 0.14 0.37 good
33 0.25 0.21 good
3 0.08 0.00 bad
10 0.21 0.02 bad
22 0.31 0.07 bad
5 0.26 0.21 bad
2 0.04 0.20 bad
119 0.25 0.17 bad
180 0.26 0.35 good
8 0.40 0.10 good
110 0.15 0.24 good
183 0.22 0.37 bad
94 0.26 0.10 bad
193 0.13 0.58 bad
22 0.28 0.22 bad
3 0.33 0.14 bad
55 0.15 0.10 good
53 0.30 0.26 bad
65 0.23 0.27 bad
49 0.27 0.17 bad
4 0.20 0.07 bad
121 0.26 0.21 bad
4 0.46 0.15 bad
7 0.26 0.13 good
558 0.22 0.29 good
253 0.34 0.17 bad
65 0.26 0.27 bad
39 0.26 0.08 good
6 0.50 0.11 bad
5 0.34 0.09 bad
188 0.15 0.31 bad
1586 0.10 0.63 good
31 0.28 0.10 bad
25 0.36 0.14 bad
5 0.45 0.09 bad
112 0.39 0.11 bad
15 0.20 0.11 good
14 0.32 0.02 bad
126 0.28 0.25 bad
32 0.37 0.20 good
57 0.29 0.11 good
149 0.08 0.67 good
48 0.16 0.30 good
146 0.22 0.36 good
108 0.13 0.31 good
5 0.13 0.06 good
131 0.25 0.13 good
1 0.33 0.04 bad
168 0.21 0.18 good
206 0.24 0.22 good
7 0.07 0.05 bad
19 0.19 0.15 bad
103 0.27 0.09 bad
28 0.45 0.08 bad
710 0.27 0.19 good
54 0.04 0.08 bad
125 0.16 0.37 bad
50 0.25 0.12 good