BookWordCount BookScore Median Class
96
2 3 4 6 7 9 13 14 15 16 17 18 19 21 22 23 24 25 26 30 31 32 33 36 37 39 43 45 46 48 50 52 53 54 56 57 60 61 62 63 65 66 69 70 71 72 73 74 75 76 78 79 80 81 82 83 86 87 88 91 95 99 100 101 102 103 105 106 107 110 111 112 114 115 118 121 122 123 125 126 127 129 130 131 132 134 136 139 140 141 142 143 145 149 151 153
48.30 6.4 6.00 bad
52.30 6.4 6.00 bad
139.00 5.8 6.00 bad
59.60 6.0 6.00 good
38.90 5.8 6.00 bad
21.30 5.4 6.00 bad
27.50 5.5 6.00 bad
123.80 5.9 6.00 good
257.20 6.6 6.00 bad
135.80 5.7 6.00 good
33.60 5.6 6.00 bad
24.10 6.5 6.00 bad
122.40 6.7 6.00 bad
74.10 4.6 4.00 bad
77.70 6.5 6.00 bad
122.20 4.7 4.00 good
74.80 5.5 6.00 bad
35.90 4.8 4.00 bad
62.70 6.5 6.00 bad
150.70 5.4 6.00 bad
78.00 5.8 6.00 good
51.10 6.8 8.00 bad
178.90 6.1 6.00 good
87.00 6.7 8.00 bad
51.30 7.8 8.00 bad
22.80 3.5 2.00 bad
74.40 5.1 6.00 good
380.50 5.8 6.00 bad
123.50 7.1 8.00 good
281.40 6.8 6.00 bad
51.90 5.3 6.00 good
76.10 7.9 8.00 bad
53.70 4.0 4.00 bad
13.00 7.0 6.00 good
40.40 5.3 6.00 good
293.40 6.2 6.00 bad
45.10 6.2 6.00 bad
17.00 7.5 8.00 good
49.60 5.3 4.00 bad
108.60 6.2 6.00 good
72.20 4.8 4.00 bad
34.80 5.9 6.00 bad
7.30 7.4 8.00 bad
55.40 5.9 8.00 bad
98.90 6.1 6.00 bad
390.00 7.3 8.00 good
68.60 6.8 8.00 bad
49.30 6.1 6.00 bad
39.60 6.4 6.00 good
46.20 6.8 8.00 good
70.00 6.2 6.00 bad
131.20 5.2 6.00 bad
144.70 8.3 10.00 bad
87.70 5.8 6.00 bad
183.00 5.6 4.00 bad
40.80 6.6 6.00 bad
129.90 7.0 8.00 bad
112.10 6.4 6.00 bad
315.30 6.7 8.00 good
126.20 7.2 8.00 good
99.00 5.5 6.00 bad
181.90 6.5 6.00 bad
59.90 7.0 8.00 bad
219.60 7.1 8.00 bad
78.10 5.3 6.00 good
21.40 6.6 6.00 bad
198.70 7.4 8.00 good
64.40 6.0 6.00 good
310.00 6.4 6.00 bad
133.50 5.8 6.00 bad
148.90 5.8 6.00 good
107.80 5.4 6.00 bad
31.70 8.5 10.00 bad
119.20 5.5 6.00 bad
92.20 6.5 6.00 bad
145.90 4.5 4.00 bad
79.20 7.0 8.00 bad
153.40 7.0 6.00 good
65.70 8.9 10.00 good
89.70 6.4 8.00 good
34.20 7.4 8.00 good
322.80 7.3 8.00 good
46.30 5.7 6.00 bad
195.70 4.4 4.00 good
237.20 6.4 6.00 good
179.50 6.5 8.00 good
72.70 4.8 4.00 bad
130.30 7.0 8.00 good
43.40 6.4 8.00 bad
25.10 6.9 8.00 bad
518.00 7.8 8.00 good
177.70 5.5 6.00 bad
62.30 6.7 6.00 bad
382.10 6.0 6.00 good
93.00 6.8 8.00 bad
73.20 5.7 6.00 good