BookScoreCount AddListCount ThreeStarRate Class
101
0 1 5 8 10 11 12 13 14 15 16 17 19 20 22 23 29 32 34 35 36 37 38 39 40 41 43 47 49 51 57 58 59 61 62 64 65 66 67 68 69 73 74 75 76 77 78 79 80 81 82 85 86 87 88 89 91 93 94 95 96 97 99 102 103 104 106 108 109 112 113 114 115 117 118 122 123 125 126 127 131 133 134 135 136 137 138 140 141 142 143 144 145 146 147 148 149 150 151 152 153
568 214 0.28 good
967 492 0.23 good
439 122 0.26 good
177 53 0.30 bad
78 25 0.23 bad
51 15 0.40 bad
25 12 0.44 bad
48 9 0.39 bad
454 136 0.21 good
658 204 0.27 bad
119 25 0.23 good
36 10 0.20 bad
250 70 0.22 bad
112 17 0.15 good
159 61 0.40 bad
116 32 0.28 good
290 68 0.22 good
292 111 0.31 bad
97 24 0.39 bad
1909 254 0.18 good
223 63 0.23 bad
216 106 0.20 bad
63 19 0.27 bad
20 1 0.16 bad
495 172 0.24 good
670 289 0.34 good
81 18 0.24 good
79 20 0.20 bad
72 13 0.39 bad
133 42 0.37 bad
2109 551 0.21 bad
461 70 0.14 good
484 138 0.21 good
86 33 0.25 good
13 3 0.08 bad
45 10 0.21 bad
82 22 0.31 bad
21 2 0.43 bad
90 17 0.16 good
153 45 0.25 bad
20 5 0.26 bad
19 8 0.22 bad
46 16 0.36 bad
21 8 0.40 good
429 110 0.15 good
745 183 0.22 bad
217 57 0.33 bad
531 94 0.26 bad
714 193 0.13 bad
25 4 0.54 bad
31 3 0.20 bad
356 55 0.15 good
222 53 0.30 bad
182 65 0.23 bad
1636 321 0.18 good
145 49 0.27 bad
654 218 0.16 good
396 121 0.26 bad
218 57 0.23 good
13 4 0.46 bad
188 100 0.28 good
39 7 0.26 good
942 253 0.34 bad
225 39 0.26 good
29 6 0.50 bad
25 5 0.34 bad
349 102 0.27 good
5393 1586 0.10 good
88 34 0.36 bad
201 63 0.30 bad
136 25 0.36 bad
1114 218 0.09 bad
282 76 0.35 bad
34 5 0.45 bad
274 112 0.39 bad
385 126 0.28 bad
93 32 0.37 good
768 149 0.08 good
353 48 0.16 good
387 146 0.22 good
31 5 0.13 good
23 1 0.33 bad
795 168 0.21 good
1310 293 0.24 bad
68 9 0.32 bad
1641 303 0.15 good
328 53 0.22 bad
21 7 0.07 bad
83 19 0.19 bad
2366 365 0.15 good
153 42 0.22 bad
364 103 0.27 bad
61 28 0.45 bad
2356 710 0.27 good
208 26 0.19 good
1080 54 0.04 bad
674 178 0.23 good
21 5 0.35 bad
638 125 0.16 bad
45 12 0.28 good
209 50 0.25 good