BookScoreCount ThreeStarRate Median Class
93
2 5 6 8 10 11 13 14 15 16 19 21 22 23 24 25 26 29 30 33 34 35 36 39 40 42 44 46 47 48 50 51 53 57 58 59 60 65 66 67 68 69 71 73 76 79 80 82 83 84 85 87 88 91 93 95 96 98 99 102 103 104 105 107 109 111 112 113 115 116 117 119 120 121 122 123 124 125 127 128 129 131 132 134 136 138 139 144 148 149 150 151 152
47 0.40 6.00 bad
439 0.26 6.00 good
187 0.21 6.00 good
177 0.30 6.00 bad
78 0.23 6.00 bad
51 0.40 6.00 bad
48 0.39 6.00 bad
454 0.21 6.00 good
658 0.27 6.00 bad
119 0.23 6.00 good
250 0.22 6.00 bad
44 0.16 4.00 bad
159 0.40 6.00 bad
116 0.28 4.00 good
70 0.36 6.00 bad
11 0.20 4.00 bad
100 0.43 6.00 bad
290 0.22 8.00 good
29 0.32 6.00 bad
192 0.29 6.00 good
97 0.39 6.00 bad
1909 0.18 6.00 good
223 0.23 8.00 bad
20 0.16 2.00 bad
495 0.24 8.00 good
686 0.26 6.00 bad
1885 0.11 4.00 good
108 0.19 8.00 good
79 0.20 4.00 bad
1248 0.33 6.00 bad
29 0.32 6.00 good
133 0.37 6.00 bad
22 0.14 4.00 bad
2109 0.21 6.00 bad
461 0.14 8.00 good
484 0.21 6.00 good
108 0.18 6.00 bad
82 0.31 4.00 bad
21 0.43 6.00 bad
90 0.16 8.00 good
153 0.25 8.00 bad
20 0.26 8.00 bad
248 0.25 6.00 bad
19 0.22 8.00 bad
429 0.15 8.00 good
531 0.26 6.00 bad
714 0.13 10.00 bad
31 0.20 4.00 bad
104 0.28 6.00 bad
21 0.33 6.00 bad
356 0.15 4.00 good
182 0.23 6.00 bad
1636 0.18 8.00 good
654 0.16 8.00 good
396 0.26 8.00 bad
13 0.46 6.00 bad
188 0.28 8.00 good
2113 0.22 8.00 good
942 0.34 6.00 bad
225 0.26 6.00 good
29 0.50 6.00 bad
25 0.34 4.00 bad
339 0.19 8.00 good
1184 0.15 6.00 bad
88 0.36 6.00 bad
182 0.26 6.00 good
201 0.30 6.00 bad
136 0.36 6.00 bad
282 0.35 6.00 bad
19 0.42 6.00 good
34 0.45 6.00 bad
1575 0.20 8.00 good
45 0.20 6.00 good
59 0.32 4.00 bad
385 0.28 8.00 bad
93 0.37 6.00 good
320 0.29 6.00 good
768 0.08 10.00 good
387 0.22 8.00 good
607 0.13 8.00 good
2063 0.16 8.00 good
31 0.13 4.00 good
614 0.25 6.00 good
795 0.21 8.00 good
68 0.32 4.00 bad
328 0.22 6.00 bad
1100 0.24 8.00 good
364 0.27 6.00 bad
1080 0.04 2.00 bad
674 0.23 6.00 good
21 0.35 6.00 bad
638 0.16 8.00 bad
45 0.28 6.00 good