BookScore ThreeStarRate Kurtosis Class
101
1 2 3 4 6 7 8 9 10 12 13 14 15 17 18 19 22 23 24 25 26 27 28 29 32 33 35 36 38 40 41 43 44 48 49 50 53 54 56 58 59 60 63 64 65 66 67 68 74 77 79 80 82 83 84 87 88 90 91 94 95 96 97 100 101 102 103 104 105 106 107 109 110 111 112 113 114 115 117 119 120 122 123 125 126 127 128 129 130 135 137 138 139 141 143 144 147 150 151 152 153
7.2 0.23 406.22 good
6.4 0.40 267.71 bad
6.4 0.27 155.27 bad
5.8 0.33 113.07 bad
6.0 0.21 75.15 good
5.8 0.48 181.37 bad
6.5 0.30 196.73 bad
5.4 0.26 110.48 bad
5.8 0.23 143.84 bad
6.0 0.44 114.51 bad
5.5 0.39 156.17 bad
5.9 0.21 68.44 good
6.6 0.27 188.48 bad
5.6 0.20 80.31 bad
6.5 0.28 137.29 bad
6.7 0.22 181.41 bad
6.5 0.40 468.11 bad
4.7 0.28 78.49 good
5.5 0.36 114.10 bad
4.8 0.20 28.01 bad
6.5 0.43 249.04 bad
4.5 0.21 40.03 good
7.2 0.25 418.19 bad
7.1 0.22 194.89 good
6.8 0.31 404.81 bad
6.1 0.29 163.05 good
5.5 0.18 41.11 good
6.7 0.23 203.97 bad
5.9 0.27 172.89 bad
6.7 0.24 227.23 good
6.7 0.34 389.04 good
5.1 0.24 44.83 good
5.4 0.11 29.34 good
6.8 0.33 362.40 bad
5.9 0.39 155.38 bad
5.3 0.32 119.73 good
4.0 0.14 31.11 bad
7.0 0.33 245.77 good
5.3 0.32 74.03 good
7.5 0.14 256.16 good
6.5 0.21 148.52 good
6.2 0.18 95.85 bad
6.2 0.12 55.29 good
4.4 0.21 59.06 bad
4.8 0.31 77.07 bad
5.9 0.43 204.65 bad
7.6 0.16 278.88 good
6.8 0.25 223.96 bad
6.1 0.36 393.48 bad
7.6 0.22 440.27 bad
5.2 0.26 65.93 bad
8.3 0.13 599.56 bad
5.6 0.20 87.78 bad
6.6 0.28 188.48 bad
5.9 0.33 116.65 bad
6.4 0.23 95.46 bad
6.7 0.18 118.81 good
4.0 0.20 25.57 bad
7.2 0.16 191.97 good
7.0 0.23 299.63 good
5.5 0.46 128.84 bad
6.7 0.28 282.28 good
6.5 0.26 198.40 good
7.0 0.34 297.05 bad
7.1 0.26 286.97 bad
5.3 0.26 65.28 good
6.6 0.50 664.54 bad
4.9 0.34 92.39 bad
7.4 0.19 385.10 good
6.0 0.27 114.14 good
6.4 0.15 72.91 bad
6.0 0.36 170.95 bad
5.8 0.28 131.59 bad
5.8 0.26 113.09 good
5.4 0.30 84.03 bad
6.1 0.36 164.81 bad
8.5 0.09 875.52 bad
5.5 0.35 125.49 bad
5.5 0.45 132.92 bad
7.3 0.20 297.36 good
5.6 0.20 75.21 good
7.0 0.28 313.76 bad
7.0 0.37 502.72 good
8.9 0.08 1797.82 good
6.4 0.16 76.64 good
7.4 0.22 319.05 good
6.5 0.13 82.37 good
7.3 0.16 209.65 good
5.7 0.28 73.99 bad
7.0 0.24 234.30 bad
7.8 0.15 478.73 good
5.7 0.22 56.35 bad
7.0 0.24 304.97 good
6.9 0.19 311.51 bad
5.5 0.22 86.23 bad
5.4 0.27 97.95 bad
3.9 0.19 40.59 good
6.1 0.35 158.29 bad
6.8 0.16 105.22 bad
5.1 0.28 62.68 good
5.7 0.25 105.28 good