FourStarRate FiveStarRate Mode Class
94
1 2 4 9 11 13 14 15 17 22 23 24 25 29 30 31 32 33 34 35 36 37 38 39 40 41 44 45 46 48 49 50 51 52 53 55 56 57 58 59 60 61 62 63 64 65 68 69 71 72 74 75 76 79 83 84 85 86 87 88 90 91 93 94 96 98 99 101 102 105 107 109 114 116 118 119 121 122 123 125 129 130 132 133 136 137 140 144 145 149 150 151 152 153
0.36 0.25 8.00 good
0.24 0.15 6.00 bad
0.25 0.10 6.00 bad
0.30 0.02 8.00 bad
0.32 0.16 6.00 bad
0.13 0.09 6.00 bad
0.19 0.20 2.00 good
0.25 0.23 6.00 bad
0.23 0.12 8.00 bad
0.28 0.11 6.00 bad
0.08 0.06 4.00 good
0.13 0.11 6.00 bad
0.00 0.20 2.00 bad
0.20 0.36 10.00 good
0.14 0.11 6.00 bad
0.19 0.09 6.00 good
0.39 0.13 8.00 bad
0.23 0.15 6.00 good
0.13 0.03 6.00 bad
0.14 0.21 2.00 good
0.34 0.19 8.00 bad
0.44 0.28 8.00 bad
0.17 0.13 4.00 bad
0.05 0.00 2.00 bad
0.33 0.19 8.00 good
0.29 0.17 6.00 good
0.16 0.23 2.00 good
0.23 0.10 6.00 bad
0.33 0.27 8.00 good
0.33 0.17 8.00 bad
0.23 0.10 6.00 bad
0.14 0.07 6.00 good
0.21 0.07 6.00 bad
0.30 0.42 10.00 bad
0.00 0.10 2.00 bad
0.20 0.06 6.00 bad
0.10 0.13 6.00 good
0.29 0.18 8.00 bad
0.30 0.37 10.00 good
0.21 0.25 10.00 good
0.20 0.23 10.00 bad
0.44 0.21 8.00 good
0.34 0.00 4.00 bad
0.20 0.30 2.00 good
0.14 0.02 2.00 bad
0.07 0.07 6.00 bad
0.30 0.22 8.00 bad
0.42 0.21 8.00 bad
0.25 0.17 8.00 bad
0.20 0.35 10.00 good
0.31 0.04 6.00 bad
0.30 0.10 6.00 good
0.36 0.24 8.00 good
0.17 0.10 2.00 bad
0.22 0.22 6.00 bad
0.19 0.14 6.00 bad
0.24 0.10 2.00 good
0.27 0.26 6.00 bad
0.19 0.27 10.00 bad
0.23 0.30 10.00 good
0.07 0.07 2.00 bad
0.28 0.34 10.00 good
0.34 0.21 8.00 bad
0.33 0.23 8.00 good
0.33 0.17 8.00 good
0.33 0.29 8.00 good
0.26 0.17 6.00 bad
0.27 0.27 10.00 bad
0.21 0.08 2.00 good
0.33 0.31 8.00 good
0.17 0.31 10.00 bad
0.24 0.10 6.00 bad
0.23 0.60 10.00 bad
0.12 0.17 6.00 good
0.30 0.11 6.00 bad
0.33 0.29 8.00 good
0.08 0.02 6.00 bad
0.29 0.25 8.00 bad
0.30 0.20 6.00 good
0.20 0.67 10.00 good
0.26 0.37 10.00 good
0.16 0.17 6.00 bad
0.35 0.13 8.00 good
0.33 0.04 8.00 bad
0.05 0.09 6.00 bad
0.33 0.38 10.00 good
0.54 0.05 8.00 bad
0.18 0.09 6.00 bad
0.33 0.08 6.00 bad
0.26 0.15 8.00 good
0.20 0.15 6.00 bad
0.19 0.37 10.00 bad
0.14 0.09 2.00 good
0.22 0.12 6.00 good