TwoStarRate ThreeStarRate FourStarRate Class
95
1 2 3 4 5 8 9 10 11 12 13 15 16 17 25 27 28 29 32 33 34 35 38 39 40 41 43 45 46 47 48 50 54 57 58 59 61 62 64 65 67 70 72 77 79 81 82 86 87 92 94 95 96 97 99 100 102 105 106 107 110 111 112 113 114 115 116 117 118 119 120 121 123 127 129 130 131 132 133 134 138 139 140 141 142 143 144 145 146 147 148 149 150 151 153
0.08 0.23 0.36 good
0.10 0.40 0.24 bad
0.12 0.27 0.27 bad
0.09 0.33 0.25 bad
0.20 0.26 0.21 good
0.16 0.30 0.22 bad
0.18 0.26 0.30 bad
0.26 0.23 0.27 bad
0.04 0.40 0.32 bad
0.08 0.44 0.08 bad
0.24 0.39 0.13 bad
0.13 0.27 0.25 bad
0.22 0.23 0.20 good
0.22 0.20 0.23 bad
0.20 0.20 0.00 bad
0.17 0.21 0.15 good
0.11 0.25 0.31 bad
0.10 0.22 0.20 good
0.09 0.31 0.39 bad
0.20 0.29 0.23 good
0.30 0.39 0.13 bad
0.12 0.18 0.14 good
0.35 0.27 0.17 bad
0.26 0.16 0.05 bad
0.12 0.24 0.33 good
0.14 0.34 0.29 good
0.13 0.24 0.14 good
0.20 0.30 0.23 bad
0.07 0.19 0.33 good
0.28 0.20 0.22 bad
0.09 0.33 0.33 bad
0.28 0.32 0.14 good
0.05 0.33 0.21 good
0.07 0.21 0.29 bad
0.05 0.14 0.30 good
0.21 0.21 0.21 good
0.08 0.25 0.44 good
0.50 0.08 0.34 bad
0.27 0.21 0.14 bad
0.28 0.31 0.07 bad
0.06 0.16 0.25 good
0.10 0.04 0.32 bad
0.08 0.26 0.20 good
0.07 0.22 0.27 bad
0.19 0.26 0.17 bad
0.08 0.54 0.08 bad
0.41 0.20 0.05 bad
0.03 0.30 0.27 bad
0.09 0.23 0.19 bad
0.04 0.16 0.29 good
0.11 0.23 0.33 good
0.23 0.46 0.00 bad
0.11 0.28 0.33 good
0.03 0.26 0.40 good
0.12 0.34 0.26 bad
0.02 0.34 0.27 bad
0.14 0.26 0.21 good
0.08 0.19 0.33 good
0.14 0.27 0.24 good
0.12 0.15 0.17 bad
0.21 0.28 0.24 bad
0.16 0.26 0.26 good
0.20 0.30 0.15 bad
0.13 0.36 0.21 bad
0.02 0.09 0.23 bad
0.19 0.35 0.19 bad
0.12 0.42 0.12 good
0.11 0.45 0.14 bad
0.11 0.39 0.30 bad
0.06 0.20 0.33 good
0.18 0.20 0.25 good
0.30 0.32 0.08 bad
0.08 0.37 0.30 good
0.06 0.22 0.26 good
0.07 0.16 0.26 good
0.13 0.28 0.16 bad
0.41 0.13 0.11 good
0.14 0.25 0.35 good
0.13 0.33 0.33 bad
0.12 0.21 0.34 good
0.10 0.22 0.19 bad
0.07 0.24 0.36 good
0.30 0.07 0.54 bad
0.03 0.19 0.49 bad
0.05 0.15 0.24 good
0.21 0.22 0.24 bad
0.25 0.27 0.18 bad
0.10 0.45 0.33 bad
0.09 0.27 0.37 good
0.22 0.19 0.09 good
0.03 0.04 0.06 bad
0.18 0.23 0.26 good
0.15 0.35 0.20 bad
0.07 0.16 0.19 bad
0.22 0.25 0.22 good