BookWordCount FourStarRate Median Class
104
0 2 3 4 5 7 9 10 13 14 16 17 18 19 21 22 24 26 27 29 30 31 34 37 40 41 43 44 45 48 49 51 52 53 55 56 57 59 60 61 62 67 68 69 70 73 74 75 76 77 78 79 80 81 82 83 89 90 91 93 95 97 100 101 102 104 105 106 107 108 109 110 111 112 115 116 118 119 120 121 122 124 125 126 127 128 129 130 131 132 134 135 136 138 139 143 144 147 148 149 150 151 152 153
177.20 0.30 6.00 good
48.30 0.24 6.00 bad
52.30 0.27 6.00 bad
139.00 0.25 6.00 bad
158.50 0.21 6.00 good
38.90 0.11 6.00 bad
21.30 0.30 6.00 bad
82.50 0.27 6.00 bad
27.50 0.13 6.00 bad
123.80 0.19 6.00 good
135.80 0.20 6.00 good
33.60 0.23 6.00 bad
24.10 0.14 6.00 bad
122.40 0.22 6.00 bad
74.10 0.14 4.00 bad
77.70 0.28 6.00 bad
74.80 0.13 6.00 bad
62.70 0.18 6.00 bad
147.20 0.15 4.00 good
233.90 0.20 8.00 good
150.70 0.14 6.00 bad
78.00 0.19 6.00 good
154.60 0.13 6.00 bad
51.30 0.44 8.00 bad
153.10 0.33 8.00 good
168.40 0.29 6.00 good
74.40 0.14 6.00 good
296.80 0.16 4.00 good
380.50 0.23 6.00 bad
281.40 0.33 6.00 bad
44.50 0.23 6.00 bad
84.60 0.21 6.00 bad
76.10 0.30 8.00 bad
53.70 0.00 4.00 bad
106.40 0.20 6.00 bad
40.40 0.10 6.00 good
293.40 0.29 6.00 bad
133.40 0.21 6.00 good
45.10 0.20 6.00 bad
17.00 0.44 8.00 good
49.60 0.34 4.00 bad
16.80 0.25 8.00 good
79.60 0.30 8.00 bad
7.30 0.42 8.00 bad
55.40 0.32 8.00 bad
68.60 0.39 8.00 bad
49.30 0.31 6.00 bad
39.60 0.30 6.00 good
46.20 0.36 8.00 good
1070.70 0.27 8.00 bad
70.00 0.24 6.00 bad
131.20 0.17 6.00 bad
144.70 0.19 10.00 bad
87.70 0.08 6.00 bad
183.00 0.05 4.00 bad
40.80 0.22 6.00 bad
153.20 0.28 6.00 bad
50.40 0.07 2.00 bad
126.20 0.28 8.00 good
90.50 0.34 8.00 bad
99.00 0.00 6.00 bad
22.20 0.40 8.00 good
59.90 0.27 8.00 bad
219.60 0.27 8.00 bad
78.10 0.21 6.00 good
150.50 0.04 4.00 bad
198.70 0.33 8.00 good
64.40 0.24 6.00 good
310.00 0.17 6.00 bad
446.50 0.20 10.00 good
101.10 0.24 6.00 bad
133.50 0.24 6.00 bad
148.90 0.26 6.00 good
107.80 0.15 6.00 bad
119.20 0.19 6.00 bad
118.30 0.12 6.00 good
92.20 0.30 6.00 bad
427.70 0.33 8.00 good
85.80 0.25 6.00 good
145.90 0.08 4.00 bad
79.20 0.29 8.00 bad
223.00 0.20 6.00 good
65.70 0.20 10.00 good
89.70 0.21 8.00 good
34.20 0.26 8.00 good
296.70 0.23 8.00 good
322.80 0.26 8.00 good
46.30 0.16 6.00 bad
195.70 0.11 4.00 good
237.20 0.35 6.00 good
179.50 0.34 8.00 good
335.20 0.29 8.00 bad
72.70 0.05 4.00 bad
212.90 0.19 6.00 bad
130.30 0.36 8.00 good
177.70 0.24 6.00 bad
319.70 0.18 6.00 bad
154.00 0.09 4.00 good
209.90 0.06 2.00 bad
382.10 0.26 6.00 good
44.60 0.20 6.00 bad
93.00 0.19 8.00 bad
163.50 0.14 6.00 good
73.20 0.22 6.00 good