BookWordCount TwoStarRate Kurtosis Class
97
0 3 6 10 11 12 13 14 15 16 17 18 19 20 21 22 23 25 26 27 30 32 35 36 40 41 42 43 44 46 47 48 49 50 51 52 54 55 56 57 58 59 60 61 63 67 68 70 74 77 78 79 81 82 83 85 88 89 90 91 93 94 96 97 98 103 104 105 107 108 113 114 116 118 119 120 122 124 125 127 128 129 130 131 132 134 135 136 137 139 140 142 144 145 149 150 153
177.20 0.15 200.91 good
52.30 0.12 155.27 bad
59.60 0.14 75.15 good
82.50 0.26 143.84 bad
13.40 0.04 491.68 bad
21.80 0.08 114.51 bad
27.50 0.24 156.17 bad
123.80 0.14 68.44 good
257.20 0.13 188.48 bad
135.80 0.22 87.54 good
33.60 0.22 80.31 bad
24.10 0.17 137.29 bad
122.40 0.18 181.41 bad
82.30 0.20 48.29 good
74.10 0.37 66.70 bad
77.70 0.15 468.11 bad
122.20 0.31 78.49 good
35.90 0.20 28.01 bad
62.70 0.09 249.04 bad
147.20 0.17 40.03 good
150.70 0.18 80.73 bad
51.10 0.09 404.81 bad
713.10 0.12 41.11 good
87.00 0.10 203.97 bad
153.10 0.12 227.23 good
168.40 0.14 389.04 good
300.10 0.17 74.29 bad
74.40 0.13 44.83 good
296.80 0.07 29.34 good
123.50 0.07 218.67 good
49.70 0.28 85.63 bad
281.40 0.09 362.40 bad
44.50 0.10 155.38 bad
51.90 0.28 119.73 good
84.60 0.30 339.26 bad
76.10 0.04 453.60 bad
13.00 0.05 245.77 good
106.40 0.28 182.02 bad
40.40 0.20 74.03 good
293.40 0.07 94.54 bad
63.50 0.05 256.16 good
133.40 0.21 148.52 good
45.10 0.21 95.85 bad
17.00 0.08 1104.85 good
108.60 0.07 55.29 good
16.80 0.06 278.88 good
79.60 0.11 223.96 bad
55.40 0.10 49.13 bad
49.30 0.22 393.48 bad
1070.70 0.07 440.27 bad
70.00 0.10 147.32 bad
131.20 0.19 65.93 bad
87.70 0.08 173.53 bad
183.00 0.41 87.78 bad
40.80 0.17 188.48 bad
87.20 0.19 51.21 good
315.30 0.10 118.81 good
153.20 0.17 208.64 bad
50.40 0.13 25.57 bad
126.20 0.08 191.97 good
90.50 0.08 288.02 bad
63.70 0.11 299.63 good
34.10 0.11 282.28 good
22.20 0.03 198.40 good
170.60 0.08 391.57 good
21.40 0.08 664.54 bad
150.50 0.31 92.39 bad
198.70 0.08 385.10 good
310.00 0.12 72.91 bad
446.50 0.02 1238.93 good
247.80 0.13 164.81 bad
31.70 0.02 875.52 bad
118.30 0.12 138.45 good
92.20 0.11 387.39 bad
427.70 0.06 297.36 good
85.80 0.18 75.21 good
79.20 0.10 313.76 bad
223.00 0.19 101.09 good
65.70 0.02 1797.82 good
34.20 0.06 319.05 good
296.70 0.08 82.37 good
322.80 0.07 209.65 good
46.30 0.13 73.99 bad
195.70 0.41 58.14 good
237.20 0.14 212.10 good
179.50 0.12 176.74 good
335.20 0.09 234.30 bad
72.70 0.24 63.17 bad
448.70 0.05 478.73 good
130.30 0.07 304.97 good
43.40 0.30 361.68 bad
518.00 0.05 364.52 good
319.70 0.25 97.95 bad
62.30 0.10 909.70 bad
382.10 0.18 113.50 good
44.60 0.15 158.29 bad
73.20 0.22 105.28 good