BookScoreCount ThreeStarRate Mode Class
98
2 3 4 7 8 9 11 12 13 14 15 17 18 19 20 21 22 24 25 27 28 29 31 32 33 36 37 38 40 41 43 44 45 48 51 55 56 57 59 60 61 62 64 65 66 67 71 73 74 75 79 80 81 82 83 84 86 87 89 90 93 95 98 99 100 101 102 104 108 110 111 112 115 116 117 119 122 123 125 126 127 129 132 133 134 135 136 137 138 140 142 144 146 147 149 150 152 153
47 0.40 6.00 bad
129 0.27 8.00 bad
78 0.33 6.00 bad
27 0.48 6.00 bad
177 0.30 6.00 bad
51 0.26 8.00 bad
51 0.40 6.00 bad
25 0.44 6.00 bad
48 0.39 6.00 bad
454 0.21 2.00 good
658 0.27 6.00 bad
36 0.20 8.00 bad
23 0.28 10.00 bad
250 0.22 10.00 bad
112 0.15 2.00 good
44 0.16 4.00 bad
159 0.40 6.00 bad
70 0.36 6.00 bad
11 0.20 2.00 bad
150 0.21 2.00 good
263 0.25 8.00 bad
290 0.22 10.00 good
44 0.33 6.00 good
292 0.31 8.00 bad
192 0.29 6.00 good
223 0.23 8.00 bad
216 0.20 8.00 bad
63 0.27 4.00 bad
495 0.24 8.00 good
670 0.34 6.00 good
81 0.24 2.00 good
1885 0.11 2.00 good
299 0.30 6.00 bad
1248 0.33 8.00 bad
133 0.37 6.00 bad
55 0.33 6.00 bad
80 0.32 6.00 good
2109 0.21 8.00 bad
484 0.21 10.00 good
108 0.18 10.00 bad
86 0.25 8.00 good
13 0.08 4.00 bad
45 0.21 2.00 bad
82 0.31 6.00 bad
21 0.43 6.00 bad
90 0.16 10.00 good
248 0.25 8.00 bad
19 0.22 8.00 bad
46 0.36 6.00 bad
21 0.40 6.00 good
531 0.26 2.00 bad
714 0.13 10.00 bad
25 0.54 6.00 bad
31 0.20 4.00 bad
104 0.28 6.00 bad
21 0.33 6.00 bad
222 0.30 6.00 bad
182 0.23 10.00 bad
145 0.27 8.00 bad
16 0.20 2.00 bad
396 0.26 8.00 bad
13 0.46 6.00 bad
2113 0.22 8.00 good
942 0.34 6.00 bad
42 0.34 6.00 bad
219 0.26 10.00 bad
225 0.26 2.00 good
25 0.34 6.00 bad
5393 0.10 10.00 good
112 0.28 6.00 bad
182 0.26 8.00 good
201 0.30 6.00 bad
282 0.35 6.00 bad
19 0.42 6.00 good
34 0.45 6.00 bad
1575 0.20 8.00 good
385 0.28 8.00 bad
93 0.37 6.00 good
768 0.08 10.00 good
353 0.16 10.00 good
387 0.22 10.00 good
2063 0.16 10.00 good
614 0.25 8.00 good
23 0.33 8.00 bad
795 0.21 8.00 good
1310 0.24 8.00 bad
68 0.32 6.00 bad
1641 0.15 10.00 good
328 0.22 2.00 bad
21 0.07 8.00 bad
2366 0.15 10.00 good
364 0.27 6.00 bad
2356 0.27 8.00 good
208 0.19 2.00 good
674 0.23 8.00 good
21 0.35 6.00 bad
45 0.28 2.00 good
209 0.25 6.00 good