BookScoreCount TwoStarRate Mode Class
95
0 1 2 3 6 7 9 12 14 15 16 17 18 23 26 27 28 30 32 34 37 38 39 40 42 44 45 46 48 49 53 54 55 57 58 59 61 62 65 66 67 68 69 70 76 78 79 80 81 82 83 84 85 86 89 90 91 92 93 98 99 100 102 103 104 105 106 107 108 111 112 114 116 117 118 120 123 124 125 127 128 129 130 133 134 135 137 139 140 141 144 145 149 150 153
568 0.15 8.00 good
967 0.08 8.00 good
47 0.10 6.00 bad
129 0.12 8.00 bad
187 0.14 2.00 good
27 0.15 6.00 bad
51 0.18 8.00 bad
25 0.08 6.00 bad
454 0.14 2.00 good
658 0.13 6.00 bad
119 0.22 6.00 good
36 0.22 8.00 bad
23 0.17 10.00 bad
116 0.31 4.00 good
100 0.09 6.00 bad
150 0.17 2.00 good
263 0.11 8.00 bad
29 0.18 6.00 bad
292 0.09 8.00 bad
97 0.30 6.00 bad
216 0.03 8.00 bad
63 0.35 4.00 bad
20 0.26 2.00 bad
495 0.12 8.00 good
686 0.17 2.00 bad
1885 0.07 2.00 good
299 0.20 6.00 bad
108 0.07 8.00 good
1248 0.09 8.00 bad
72 0.10 6.00 bad
22 0.33 2.00 bad
43 0.05 6.00 good
55 0.28 6.00 bad
2109 0.07 8.00 bad
461 0.05 10.00 good
484 0.21 10.00 good
86 0.08 8.00 good
13 0.50 4.00 bad
82 0.28 6.00 bad
21 0.14 6.00 bad
90 0.06 10.00 good
153 0.11 8.00 bad
20 0.05 8.00 bad
51 0.10 2.00 bad
429 0.07 8.00 good
217 0.10 6.00 bad
531 0.19 2.00 bad
714 0.03 10.00 bad
25 0.08 6.00 bad
31 0.41 4.00 bad
104 0.17 6.00 bad
21 0.14 6.00 bad
356 0.19 2.00 good
222 0.03 6.00 bad
145 0.17 8.00 bad
16 0.13 2.00 bad
654 0.08 10.00 good
527 0.04 10.00 good
396 0.08 8.00 bad
2113 0.08 8.00 good
942 0.12 6.00 bad
42 0.02 6.00 bad
225 0.14 2.00 good
29 0.08 6.00 bad
25 0.31 6.00 bad
339 0.08 8.00 good
349 0.14 6.00 good
1184 0.12 10.00 bad
5393 0.02 10.00 good
182 0.16 8.00 good
201 0.20 6.00 bad
1114 0.02 10.00 bad
19 0.12 6.00 good
34 0.11 6.00 bad
274 0.11 6.00 bad
45 0.18 8.00 good
93 0.08 6.00 good
320 0.19 6.00 good
768 0.02 10.00 good
387 0.06 10.00 good
607 0.08 10.00 good
2063 0.07 10.00 good
82 0.13 6.00 bad
23 0.13 8.00 bad
795 0.12 8.00 good
1310 0.09 8.00 bad
1641 0.05 10.00 good
1100 0.07 8.00 good
21 0.30 8.00 bad
83 0.03 8.00 bad
364 0.25 6.00 bad
61 0.10 6.00 bad
674 0.18 8.00 good
21 0.15 6.00 bad
209 0.22 6.00 good