BookWordCount TwoStarRate ThreeStarRate Class
93
0 1 2 3 6 10 12 13 14 15 17 20 23 25 26 27 28 32 34 35 36 37 40 42 44 45 46 47 51 53 55 56 58 59 60 61 63 64 65 67 68 69 70 72 73 76 78 79 80 84 85 86 87 88 89 90 95 96 97 99 101 102 106 108 112 113 114 116 117 118 119 120 125 126 127 128 129 130 132 133 135 136 137 138 140 143 144 145 146 147 151 152 153
177.20 0.15 0.28 good
289.90 0.08 0.23 good
48.30 0.10 0.40 bad
52.30 0.12 0.27 bad
59.60 0.14 0.21 good
82.50 0.26 0.23 bad
21.80 0.08 0.44 bad
27.50 0.24 0.39 bad
123.80 0.14 0.21 good
257.20 0.13 0.27 bad
33.60 0.22 0.20 bad
82.30 0.20 0.15 good
122.20 0.31 0.28 good
35.90 0.20 0.20 bad
62.70 0.09 0.43 bad
147.20 0.17 0.21 good
53.00 0.11 0.25 bad
51.10 0.09 0.31 bad
154.60 0.30 0.39 bad
713.10 0.12 0.18 good
87.00 0.10 0.23 bad
51.30 0.03 0.20 bad
153.10 0.12 0.24 good
300.10 0.17 0.26 bad
296.80 0.07 0.11 good
380.50 0.20 0.30 bad
123.50 0.07 0.19 good
49.70 0.28 0.20 bad
84.60 0.30 0.37 bad
53.70 0.33 0.14 bad
106.40 0.28 0.33 bad
40.40 0.20 0.32 good
63.50 0.05 0.14 good
133.40 0.21 0.21 good
45.10 0.21 0.18 bad
17.00 0.08 0.25 good
108.60 0.07 0.12 good
54.40 0.27 0.21 bad
72.20 0.28 0.31 bad
16.80 0.06 0.16 good
79.60 0.11 0.25 bad
7.30 0.05 0.26 bad
55.40 0.10 0.04 bad
390.00 0.08 0.26 good
68.60 0.11 0.22 bad
46.20 0.07 0.15 good
70.00 0.10 0.33 bad
131.20 0.19 0.26 bad
144.70 0.03 0.13 bad
30.00 0.14 0.33 bad
87.20 0.19 0.15 good
129.90 0.03 0.30 bad
112.10 0.09 0.23 bad
315.30 0.10 0.18 good
153.20 0.17 0.27 bad
50.40 0.13 0.20 bad
99.00 0.23 0.46 bad
34.10 0.11 0.28 good
22.20 0.03 0.26 good
181.90 0.12 0.34 bad
219.60 0.10 0.26 bad
78.10 0.14 0.26 good
64.40 0.14 0.27 good
446.50 0.02 0.10 good
107.80 0.20 0.30 bad
247.80 0.13 0.36 bad
31.70 0.02 0.09 bad
118.30 0.12 0.42 good
59.10 0.11 0.45 bad
92.20 0.11 0.39 bad
427.70 0.06 0.20 good
85.80 0.18 0.20 good
65.70 0.02 0.08 good
89.70 0.06 0.16 good
34.20 0.06 0.22 good
296.70 0.08 0.13 good
322.80 0.07 0.16 good
46.30 0.13 0.28 bad
237.20 0.14 0.25 good
145.80 0.13 0.33 bad
335.20 0.09 0.24 bad
72.70 0.24 0.32 bad
448.70 0.05 0.15 good
212.90 0.10 0.22 bad
43.40 0.30 0.07 bad
177.70 0.21 0.22 bad
319.70 0.25 0.27 bad
62.30 0.10 0.45 bad
477.20 0.09 0.27 good
154.00 0.22 0.19 good
93.00 0.07 0.16 bad
163.50 0.19 0.28 good
73.20 0.22 0.25 good