BookScoreCount Mode Median Class
94
1 3 4 5 6 8 9 12 14 15 17 18 19 25 26 28 29 30 31 38 39 41 44 45 46 47 48 49 51 52 53 54 56 57 59 60 61 62 66 67 69 71 72 73 74 76 77 78 79 81 82 83 86 87 90 91 93 94 96 97 98 101 103 105 106 108 110 111 112 116 117 119 120 121 122 124 125 126 127 130 131 133 134 138 139 141 143 144 146 148 149 151 152 153
967 8.00 8.00 good
129 8.00 6.00 bad
78 6.00 6.00 bad
439 6.00 6.00 good
187 2.00 6.00 good
177 6.00 6.00 bad
51 8.00 6.00 bad
25 6.00 6.00 bad
454 2.00 6.00 good
658 6.00 6.00 bad
36 8.00 6.00 bad
23 10.00 6.00 bad
250 10.00 6.00 bad
11 2.00 4.00 bad
100 6.00 6.00 bad
263 8.00 8.00 bad
290 10.00 8.00 good
29 6.00 6.00 bad
44 6.00 6.00 good
63 4.00 6.00 bad
20 2.00 2.00 bad
670 6.00 6.00 good
1885 2.00 4.00 good
299 6.00 6.00 bad
108 8.00 8.00 good
79 4.00 4.00 bad
1248 8.00 6.00 bad
72 6.00 6.00 bad
133 6.00 6.00 bad
1780 10.00 8.00 bad
22 2.00 4.00 bad
43 6.00 6.00 good
80 6.00 6.00 good
2109 8.00 6.00 bad
484 10.00 6.00 good
108 10.00 6.00 bad
86 8.00 8.00 good
13 4.00 4.00 bad
21 6.00 6.00 bad
90 10.00 8.00 good
20 8.00 8.00 bad
248 8.00 6.00 bad
956 10.00 8.00 good
19 8.00 8.00 bad
46 6.00 6.00 bad
429 8.00 8.00 good
745 10.00 8.00 bad
217 6.00 6.00 bad
531 2.00 6.00 bad
25 6.00 6.00 bad
31 4.00 4.00 bad
104 6.00 6.00 bad
222 6.00 8.00 bad
182 10.00 6.00 bad
16 2.00 2.00 bad
654 10.00 8.00 good
396 8.00 8.00 bad
218 8.00 8.00 good
188 8.00 8.00 good
39 8.00 8.00 good
2113 8.00 8.00 good
219 10.00 8.00 bad
29 6.00 6.00 bad
339 8.00 8.00 good
349 6.00 6.00 good
5393 10.00 10.00 good
112 6.00 6.00 bad
182 8.00 6.00 good
201 6.00 6.00 bad
19 6.00 6.00 good
34 6.00 6.00 bad
1575 8.00 8.00 good
45 8.00 6.00 good
59 6.00 4.00 bad
385 8.00 8.00 bad
320 6.00 6.00 good
768 10.00 10.00 good
353 10.00 8.00 good
387 10.00 8.00 good
82 6.00 6.00 bad
31 4.00 4.00 good
23 8.00 6.00 bad
795 8.00 8.00 good
328 2.00 6.00 bad
1100 8.00 8.00 good
83 8.00 8.00 bad
153 8.00 6.00 bad
364 6.00 6.00 bad
2356 8.00 8.00 good
1080 2.00 2.00 bad
674 8.00 6.00 good
638 10.00 8.00 bad
45 2.00 6.00 good
209 6.00 6.00 good