BookScore FourStarRate Kurtosis Class
96
0 1 2 3 4 5 8 10 16 17 19 20 21 22 23 24 25 26 27 29 30 33 34 35 36 38 40 42 46 50 51 53 55 56 59 60 61 62 63 65 67 68 72 73 75 76 77 78 79 80 81 82 83 85 86 87 88 89 91 92 94 95 97 98 99 103 105 110 112 113 114 115 119 120 121 122 124 126 127 128 129 131 133 134 135 137 138 141 142 143 145 149 150 151 152 153
6.4 0.30 200.91 good
7.2 0.36 406.22 good
6.4 0.24 267.71 bad
6.4 0.27 155.27 bad
5.8 0.25 113.07 bad
5.6 0.21 93.52 good
6.5 0.22 196.73 bad
5.8 0.27 143.84 bad
5.7 0.20 87.54 good
5.6 0.23 80.31 bad
6.7 0.22 181.41 bad
5.3 0.20 48.29 good
4.6 0.14 66.70 bad
6.5 0.28 468.11 bad
4.7 0.08 78.49 good
5.5 0.13 114.10 bad
4.8 0.00 28.01 bad
6.5 0.18 249.04 bad
4.5 0.15 40.03 good
7.1 0.20 194.89 good
5.4 0.14 80.73 bad
6.1 0.23 163.05 good
5.1 0.13 192.82 bad
5.5 0.14 41.11 good
6.7 0.34 203.97 bad
5.9 0.17 172.89 bad
6.7 0.33 227.23 good
5.4 0.20 74.29 bad
7.1 0.33 218.67 good
5.3 0.14 119.73 good
5.9 0.21 339.26 bad
4.0 0.00 31.11 bad
5.6 0.20 182.02 bad
5.3 0.10 74.03 good
6.5 0.21 148.52 good
6.2 0.20 95.85 bad
7.5 0.44 1104.85 good
5.3 0.34 199.64 bad
6.2 0.20 55.29 good
4.8 0.07 77.07 bad
7.6 0.25 278.88 good
6.8 0.30 223.96 bad
7.3 0.20 259.41 good
6.8 0.39 278.58 bad
6.4 0.30 344.01 good
6.8 0.36 159.36 good
7.6 0.27 440.27 bad
6.2 0.24 147.32 bad
5.2 0.17 65.93 bad
8.3 0.19 599.56 bad
5.8 0.08 173.53 bad
5.6 0.05 87.78 bad
6.6 0.22 188.48 bad
5.2 0.24 51.21 good
7.0 0.27 249.84 bad
6.4 0.19 95.46 bad
6.7 0.23 118.81 good
6.4 0.28 208.64 bad
7.2 0.28 191.97 good
7.8 0.29 444.03 good
7.0 0.33 299.63 good
5.5 0.00 128.84 bad
6.5 0.40 198.40 good
7.3 0.33 391.57 good
6.5 0.26 243.27 bad
6.6 0.26 664.54 bad
7.4 0.33 385.10 good
5.8 0.24 131.59 bad
5.4 0.15 84.03 bad
6.1 0.21 164.81 bad
8.5 0.23 875.52 bad
5.5 0.19 125.49 bad
7.3 0.33 297.36 good
5.6 0.25 75.21 good
4.5 0.08 102.63 bad
7.0 0.29 313.76 bad
5.6 0.20 101.09 good
6.4 0.21 76.64 good
7.4 0.26 319.05 good
6.5 0.23 82.37 good
7.3 0.26 209.65 good
4.4 0.11 58.14 good
5.9 0.33 194.01 bad
6.5 0.34 176.74 good
7.0 0.29 234.30 bad
7.8 0.33 478.73 good
5.7 0.19 56.35 bad
6.9 0.49 311.51 bad
7.8 0.24 364.52 good
5.5 0.24 86.23 bad
6.7 0.33 909.70 bad
6.0 0.26 113.50 good
6.1 0.20 158.29 bad
6.8 0.19 105.22 bad
5.1 0.14 62.68 good
5.7 0.22 105.28 good