BookScoreCount Mode Median Class
92
1 3 5 7 8 9 10 13 15 17 19 21 22 23 26 27 34 35 36 38 39 41 42 43 45 46 47 48 49 50 51 56 57 58 59 60 61 62 63 65 69 70 71 72 75 77 78 79 80 83 84 85 86 88 89 90 92 94 96 97 98 99 101 102 103 104 106 108 109 110 111 113 117 119 120 122 125 126 128 132 133 135 136 137 139 141 142 144 145 148 152 153
967 8.00 8.00 good
129 8.00 6.00 bad
439 6.00 6.00 good
27 6.00 6.00 bad
177 6.00 6.00 bad
51 8.00 6.00 bad
78 8.00 6.00 bad
48 6.00 6.00 bad
658 6.00 6.00 bad
36 8.00 6.00 bad
250 10.00 6.00 bad
44 4.00 4.00 bad
159 6.00 6.00 bad
116 4.00 4.00 good
100 6.00 6.00 bad
150 2.00 4.00 good
97 6.00 6.00 bad
1909 2.00 6.00 good
223 8.00 8.00 bad
63 4.00 6.00 bad
20 2.00 2.00 bad
670 6.00 6.00 good
686 2.00 6.00 bad
81 2.00 6.00 good
299 6.00 6.00 bad
108 8.00 8.00 good
79 4.00 4.00 bad
1248 8.00 6.00 bad
72 6.00 6.00 bad
29 6.00 6.00 good
133 6.00 6.00 bad
80 6.00 6.00 good
2109 8.00 6.00 bad
461 10.00 8.00 good
484 10.00 6.00 good
108 10.00 6.00 bad
86 8.00 8.00 good
13 4.00 4.00 bad
91 2.00 6.00 good
82 6.00 4.00 bad
20 8.00 8.00 bad
51 2.00 8.00 bad
248 8.00 6.00 bad
956 10.00 8.00 good
21 6.00 6.00 good
745 10.00 8.00 bad
217 6.00 6.00 bad
531 2.00 6.00 bad
714 10.00 10.00 bad
104 6.00 6.00 bad
21 6.00 6.00 bad
356 2.00 4.00 good
222 6.00 8.00 bad
1636 10.00 8.00 good
145 8.00 6.00 bad
16 2.00 2.00 bad
527 10.00 8.00 good
218 8.00 8.00 good
188 8.00 8.00 good
39 8.00 8.00 good
2113 8.00 8.00 good
942 6.00 6.00 bad
219 10.00 8.00 bad
225 2.00 6.00 good
29 6.00 6.00 bad
25 6.00 4.00 bad
349 6.00 6.00 good
5393 10.00 10.00 good
88 6.00 6.00 bad
112 6.00 6.00 bad
182 8.00 6.00 good
136 6.00 6.00 bad
34 6.00 6.00 bad
1575 8.00 8.00 good
45 8.00 6.00 good
385 8.00 8.00 bad
768 10.00 10.00 good
353 10.00 8.00 good
607 10.00 8.00 good
614 8.00 6.00 good
23 8.00 6.00 bad
1310 8.00 8.00 bad
68 6.00 4.00 bad
1641 10.00 8.00 good
1100 8.00 8.00 good
83 8.00 8.00 bad
2366 10.00 8.00 good
364 6.00 6.00 bad
61 6.00 6.00 bad
1080 2.00 2.00 bad
45 2.00 6.00 good
209 6.00 6.00 good