ThreeStarRate Median Kurtosis Class
94
1 2 4 6 8 9 10 12 13 14 18 20 21 22 24 25 26 27 33 34 36 37 40 43 44 46 48 49 50 51 52 53 54 57 58 59 60 61 62 63 64 65 66 69 70 72 73 75 76 77 78 79 81 83 86 87 88 91 92 93 94 95 96 97 102 104 107 108 109 110 111 113 114 116 118 119 120 121 123 124 125 130 131 133 136 138 139 141 143 144 148 150 151 152
0.23 8.00 406.22 good
0.40 6.00 267.71 bad
0.33 6.00 113.07 bad
0.21 6.00 75.15 good
0.30 6.00 196.73 bad
0.26 6.00 110.48 bad
0.23 6.00 143.84 bad
0.44 6.00 114.51 bad
0.39 6.00 156.17 bad
0.21 6.00 68.44 good
0.28 6.00 137.29 bad
0.15 4.00 48.29 good
0.16 4.00 66.70 bad
0.40 6.00 468.11 bad
0.36 6.00 114.10 bad
0.20 4.00 28.01 bad
0.43 6.00 249.04 bad
0.21 4.00 40.03 good
0.29 6.00 163.05 good
0.39 6.00 192.82 bad
0.23 8.00 203.97 bad
0.20 8.00 948.64 bad
0.24 8.00 227.23 good
0.24 6.00 44.83 good
0.11 4.00 29.34 good
0.19 8.00 218.67 good
0.33 6.00 362.40 bad
0.39 6.00 155.38 bad
0.32 6.00 119.73 good
0.37 6.00 339.26 bad
0.15 8.00 453.60 bad
0.14 4.00 31.11 bad
0.33 6.00 245.77 good
0.21 6.00 94.54 bad
0.14 8.00 256.16 good
0.21 6.00 148.52 good
0.18 6.00 95.85 bad
0.25 8.00 1104.85 good
0.08 4.00 199.64 bad
0.12 6.00 55.29 good
0.21 4.00 59.06 bad
0.31 4.00 77.07 bad
0.43 6.00 204.65 bad
0.26 8.00 758.93 bad
0.04 8.00 49.13 bad
0.26 8.00 259.41 good
0.22 8.00 278.58 bad
0.40 6.00 344.01 good
0.15 8.00 159.36 good
0.22 8.00 440.27 bad
0.33 6.00 147.32 bad
0.26 6.00 65.93 bad
0.54 6.00 173.53 bad
0.28 6.00 188.48 bad
0.30 8.00 249.84 bad
0.23 6.00 95.46 bad
0.18 8.00 118.81 good
0.16 8.00 191.97 good
0.16 8.00 444.03 good
0.26 8.00 288.02 bad
0.23 8.00 299.63 good
0.46 6.00 128.84 bad
0.28 8.00 282.28 good
0.26 8.00 198.40 good
0.26 6.00 65.28 good
0.34 4.00 92.39 bad
0.15 6.00 72.91 bad
0.10 10.00 1238.93 good
0.36 6.00 170.95 bad
0.28 6.00 131.59 bad
0.26 6.00 113.09 good
0.36 6.00 164.81 bad
0.09 10.00 875.52 bad
0.42 6.00 138.45 good
0.39 6.00 387.39 bad
0.20 8.00 297.36 good
0.20 6.00 75.21 good
0.32 4.00 102.63 bad
0.37 6.00 502.72 good
0.29 6.00 101.09 good
0.08 10.00 1797.82 good
0.28 6.00 73.99 bad
0.13 4.00 58.14 good
0.33 6.00 194.01 bad
0.32 4.00 63.17 bad
0.22 6.00 56.35 bad
0.24 8.00 304.97 good
0.19 8.00 311.51 bad
0.22 6.00 86.23 bad
0.27 6.00 97.95 bad
0.04 2.00 9.99 bad
0.35 6.00 158.29 bad
0.16 8.00 105.22 bad
0.28 6.00 62.68 good