ThreeStarRate Mode Kurtosis Class
102
0 1 2 3 6 7 8 10 12 15 16 17 18 19 22 23 25 27 29 31 32 34 35 36 37 38 39 40 43 46 47 48 49 50 51 54 56 59 60 61 63 64 65 66 67 68 69 70 73 75 76 78 80 82 83 84 88 89 90 91 94 95 96 97 98 100 102 103 106 108 109 110 113 114 116 118 120 121 122 123 125 126 127 128 129 130 132 135 136 137 138 139 141 142 143 144 145 147 148 150 151 153
0.28 8.00 200.91 good
0.23 8.00 406.22 good
0.40 6.00 267.71 bad
0.27 8.00 155.27 bad
0.21 2.00 75.15 good
0.48 6.00 181.37 bad
0.30 6.00 196.73 bad
0.23 8.00 143.84 bad
0.44 6.00 114.51 bad
0.27 6.00 188.48 bad
0.23 6.00 87.54 good
0.20 8.00 80.31 bad
0.28 10.00 137.29 bad
0.22 10.00 181.41 bad
0.40 6.00 468.11 bad
0.28 4.00 78.49 good
0.20 2.00 28.01 bad
0.21 2.00 40.03 good
0.22 10.00 194.89 good
0.33 6.00 211.54 good
0.31 8.00 404.81 bad
0.39 6.00 192.82 bad
0.18 2.00 41.11 good
0.23 8.00 203.97 bad
0.20 8.00 948.64 bad
0.27 4.00 172.89 bad
0.16 2.00 53.89 bad
0.24 8.00 227.23 good
0.24 2.00 44.83 good
0.19 8.00 218.67 good
0.20 4.00 85.63 bad
0.33 8.00 362.40 bad
0.39 6.00 155.38 bad
0.32 6.00 119.73 good
0.37 6.00 339.26 bad
0.33 6.00 245.77 good
0.32 6.00 74.03 good
0.21 10.00 148.52 good
0.18 10.00 95.85 bad
0.25 8.00 1104.85 good
0.12 2.00 55.29 good
0.21 2.00 59.06 bad
0.31 6.00 77.07 bad
0.43 6.00 204.65 bad
0.16 10.00 278.88 good
0.25 8.00 223.96 bad
0.26 8.00 758.93 bad
0.04 2.00 49.13 bad
0.22 8.00 278.58 bad
0.40 6.00 344.01 good
0.15 8.00 159.36 good
0.33 6.00 147.32 bad
0.13 10.00 599.56 bad
0.20 4.00 87.78 bad
0.28 6.00 188.48 bad
0.33 6.00 116.65 bad
0.18 10.00 118.81 good
0.27 8.00 208.64 bad
0.20 2.00 25.57 bad
0.16 10.00 191.97 good
0.23 8.00 299.63 good
0.46 6.00 128.84 bad
0.28 8.00 282.28 good
0.26 8.00 198.40 good
0.22 8.00 391.57 good
0.34 6.00 297.05 bad
0.26 2.00 65.28 good
0.50 6.00 664.54 bad
0.27 6.00 114.14 good
0.10 10.00 1238.93 good
0.36 6.00 170.95 bad
0.28 6.00 131.59 bad
0.36 6.00 164.81 bad
0.09 10.00 875.52 bad
0.42 6.00 138.45 good
0.39 6.00 387.39 bad
0.20 8.00 75.21 good
0.32 6.00 102.63 bad
0.28 8.00 313.76 bad
0.37 6.00 502.72 good
0.08 10.00 1797.82 good
0.16 10.00 76.64 good
0.22 10.00 319.05 good
0.13 10.00 82.37 good
0.16 10.00 209.65 good
0.28 6.00 73.99 bad
0.25 8.00 212.10 good
0.24 8.00 234.30 bad
0.32 6.00 63.17 bad
0.15 10.00 478.73 good
0.22 2.00 56.35 bad
0.24 8.00 304.97 good
0.19 8.00 311.51 bad
0.15 10.00 364.52 good
0.22 8.00 86.23 bad
0.27 6.00 97.95 bad
0.45 6.00 909.70 bad
0.19 2.00 40.59 good
0.04 2.00 9.99 bad
0.35 6.00 158.29 bad
0.16 10.00 105.22 bad
0.25 6.00 105.28 good