BookScoreCount Mode Kurtosis Class
97
0 2 4 5 6 8 9 10 11 12 13 14 15 17 19 20 23 24 25 27 28 30 33 35 37 38 41 42 43 44 47 51 52 53 54 55 56 57 58 61 63 64 66 67 70 71 72 74 76 77 78 79 81 82 84 86 87 90 92 93 97 98 100 101 102 103 105 108 109 110 111 114 115 117 118 121 122 123 124 125 126 127 129 134 135 136 138 141 142 143 144 146 148 149 151 152 153
568 8.00 200.91 good
47 6.00 267.71 bad
78 6.00 113.07 bad
439 6.00 93.52 good
187 2.00 75.15 good
177 6.00 196.73 bad
51 8.00 110.48 bad
78 8.00 143.84 bad
51 6.00 491.68 bad
25 6.00 114.51 bad
48 6.00 156.17 bad
454 2.00 68.44 good
658 6.00 188.48 bad
36 8.00 80.31 bad
250 10.00 181.41 bad
112 2.00 48.29 good
116 4.00 78.49 good
70 6.00 114.10 bad
11 2.00 28.01 bad
150 2.00 40.03 good
263 8.00 418.19 bad
29 6.00 80.73 bad
192 6.00 163.05 good
1909 2.00 41.11 good
216 8.00 948.64 bad
63 4.00 172.89 bad
670 6.00 389.04 good
686 2.00 74.29 bad
81 2.00 44.83 good
1885 2.00 29.34 good
79 4.00 85.63 bad
133 6.00 339.26 bad
1780 10.00 453.60 bad
22 2.00 31.11 bad
43 6.00 245.77 good
55 6.00 182.02 bad
80 6.00 74.03 good
2109 8.00 94.54 bad
461 10.00 256.16 good
86 8.00 1104.85 good
91 2.00 55.29 good
45 2.00 59.06 bad
21 6.00 204.65 bad
90 10.00 278.88 good
51 2.00 49.13 bad
248 8.00 106.33 bad
956 10.00 259.41 good
46 6.00 393.48 bad
429 8.00 159.36 good
745 10.00 440.27 bad
217 6.00 147.32 bad
531 2.00 65.93 bad
25 6.00 173.53 bad
31 4.00 87.78 bad
21 6.00 116.65 bad
222 6.00 249.84 bad
182 10.00 95.46 bad
16 2.00 25.57 bad
527 10.00 444.03 good
396 8.00 288.02 bad
39 8.00 198.40 good
2113 8.00 391.57 good
42 6.00 297.05 bad
219 10.00 286.97 bad
225 2.00 65.28 good
29 6.00 664.54 bad
339 8.00 385.10 good
5393 10.00 1238.93 good
88 6.00 170.95 bad
112 6.00 131.59 bad
182 8.00 113.09 good
1114 10.00 875.52 bad
282 6.00 125.49 bad
34 6.00 132.92 bad
274 6.00 387.39 bad
59 6.00 102.63 bad
385 8.00 313.76 bad
93 6.00 502.72 good
320 6.00 101.09 good
768 10.00 1797.82 good
353 10.00 76.64 good
387 10.00 319.05 good
2063 10.00 209.65 good
795 8.00 176.74 good
1310 8.00 234.30 bad
68 6.00 63.17 bad
328 2.00 56.35 bad
83 8.00 311.51 bad
2366 10.00 364.52 good
153 8.00 86.23 bad
364 6.00 97.95 bad
2356 8.00 402.15 good
1080 2.00 9.99 bad
674 8.00 113.50 good
638 10.00 105.22 bad
45 2.00 62.68 good
209 6.00 105.28 good