BookWordCount AddListCount Median Class
100
0 2 3 4 5 6 9 11 12 16 17 19 22 23 25 27 28 30 31 33 34 35 36 38 39 40 41 43 46 47 49 50 51 52 56 57 59 61 62 63 64 65 66 67 68 71 72 73 74 75 78 80 82 83 85 86 87 90 92 94 95 96 98 99 100 102 103 105 106 107 110 111 112 113 114 116 117 118 122 123 124 125 127 128 129 130 132 133 134 137 139 140 141 142 143 144 145 147 150 153
177.20 214 6.00 good
48.30 12 6.00 bad
52.30 38 6.00 bad
139.00 22 6.00 bad
158.50 122 6.00 good
59.60 42 6.00 good
21.30 14 6.00 bad
13.40 15 6.00 bad
21.80 12 6.00 bad
135.80 25 6.00 good
33.60 10 6.00 bad
122.40 70 6.00 bad
77.70 61 6.00 bad
122.20 32 4.00 good
35.90 2 4.00 bad
147.20 31 4.00 good
53.00 73 8.00 bad
150.70 9 6.00 bad
78.00 6 6.00 good
178.90 49 6.00 good
154.60 24 6.00 bad
713.10 254 6.00 good
87.00 63 8.00 bad
80.20 19 6.00 bad
22.80 1 2.00 bad
153.10 172 8.00 good
168.40 289 6.00 good
74.40 18 6.00 good
123.50 28 8.00 good
49.70 20 4.00 bad
44.50 13 6.00 bad
51.90 7 6.00 good
84.60 42 6.00 bad
76.10 446 8.00 bad
40.40 13 6.00 good
293.40 551 6.00 bad
133.40 138 6.00 good
17.00 33 8.00 good
49.60 3 4.00 bad
108.60 21 6.00 good
54.40 10 4.00 bad
72.20 22 4.00 bad
34.80 2 6.00 bad
16.80 17 8.00 good
79.60 45 8.00 bad
98.90 119 6.00 bad
390.00 180 8.00 good
68.60 8 8.00 bad
49.30 16 6.00 bad
39.60 8 6.00 good
70.00 57 6.00 bad
144.70 193 10.00 bad
183.00 3 4.00 bad
40.80 22 6.00 bad
87.20 55 4.00 good
129.90 53 8.00 bad
112.10 65 6.00 bad
50.40 4 2.00 bad
116.50 141 8.00 good
63.70 57 8.00 good
99.00 4 6.00 bad
34.10 100 8.00 good
170.60 558 8.00 good
181.90 253 6.00 bad
59.90 8 8.00 bad
78.10 39 6.00 good
21.40 6 6.00 bad
198.70 98 8.00 good
64.40 102 6.00 good
310.00 188 6.00 bad
133.50 31 6.00 bad
148.90 53 6.00 good
107.80 63 6.00 bad
247.80 25 6.00 bad
31.70 218 10.00 bad
118.30 7 6.00 good
59.10 5 6.00 bad
92.20 112 6.00 bad
79.20 126 8.00 bad
153.40 32 6.00 good
223.00 57 6.00 good
65.70 149 10.00 good
34.20 146 8.00 good
296.70 108 8.00 good
322.80 510 8.00 good
46.30 11 6.00 bad
237.20 131 6.00 good
145.80 1 6.00 bad
179.50 168 8.00 good
448.70 303 8.00 good
130.30 206 8.00 good
43.40 7 8.00 bad
25.10 19 8.00 bad
518.00 365 8.00 good
177.70 42 6.00 bad
319.70 103 6.00 bad
62.30 28 6.00 bad
154.00 26 4.00 good
44.60 5 6.00 bad
73.20 50 6.00 good