ThreeStarRate Mode Median Class
101
0 1 3 4 5 6 7 8 10 11 13 16 17 18 19 20 22 23 25 26 28 30 32 36 38 39 40 41 42 43 44 45 47 51 52 53 54 55 56 58 59 60 61 63 64 67 68 69 71 72 73 74 75 76 77 78 84 85 86 89 92 93 97 98 99 100 101 103 106 108 109 111 112 113 114 115 116 117 119 120 121 122 124 125 126 127 128 129 132 134 136 137 138 139 141 144 145 146 149 151 152
0.28 8.00 6.00 good
0.23 8.00 8.00 good
0.27 8.00 6.00 bad
0.33 6.00 6.00 bad
0.26 6.00 6.00 good
0.21 2.00 6.00 good
0.48 6.00 6.00 bad
0.30 6.00 6.00 bad
0.23 8.00 6.00 bad
0.40 6.00 6.00 bad
0.39 6.00 6.00 bad
0.23 6.00 6.00 good
0.20 8.00 6.00 bad
0.28 10.00 6.00 bad
0.22 10.00 6.00 bad
0.15 2.00 4.00 good
0.40 6.00 6.00 bad
0.28 4.00 4.00 good
0.20 2.00 4.00 bad
0.43 6.00 6.00 bad
0.25 8.00 8.00 bad
0.32 6.00 6.00 bad
0.31 8.00 8.00 bad
0.23 8.00 8.00 bad
0.27 4.00 6.00 bad
0.16 2.00 2.00 bad
0.24 8.00 8.00 good
0.34 6.00 6.00 good
0.26 2.00 6.00 bad
0.24 2.00 6.00 good
0.11 2.00 4.00 good
0.30 6.00 6.00 bad
0.20 4.00 4.00 bad
0.37 6.00 6.00 bad
0.15 10.00 8.00 bad
0.14 2.00 4.00 bad
0.33 6.00 6.00 good
0.33 6.00 6.00 bad
0.32 6.00 6.00 good
0.14 10.00 8.00 good
0.21 10.00 6.00 good
0.18 10.00 6.00 bad
0.25 8.00 8.00 good
0.12 2.00 6.00 good
0.21 2.00 4.00 bad
0.16 10.00 8.00 good
0.25 8.00 8.00 bad
0.26 8.00 8.00 bad
0.25 8.00 6.00 bad
0.26 10.00 8.00 good
0.22 8.00 8.00 bad
0.36 6.00 6.00 bad
0.40 6.00 6.00 good
0.15 8.00 8.00 good
0.22 10.00 8.00 bad
0.33 6.00 6.00 bad
0.33 6.00 6.00 bad
0.15 2.00 4.00 good
0.30 6.00 8.00 bad
0.27 8.00 6.00 bad
0.16 10.00 8.00 good
0.26 8.00 8.00 bad
0.26 8.00 8.00 good
0.22 8.00 8.00 good
0.34 6.00 6.00 bad
0.34 6.00 8.00 bad
0.26 10.00 8.00 bad
0.50 6.00 6.00 bad
0.27 6.00 6.00 good
0.10 10.00 10.00 good
0.36 6.00 6.00 bad
0.26 8.00 6.00 good
0.30 6.00 6.00 bad
0.36 6.00 6.00 bad
0.09 10.00 10.00 bad
0.35 6.00 6.00 bad
0.42 6.00 6.00 good
0.45 6.00 6.00 bad
0.20 8.00 8.00 good
0.20 8.00 6.00 good
0.32 6.00 4.00 bad
0.28 8.00 8.00 bad
0.29 6.00 6.00 good
0.08 10.00 10.00 good
0.16 10.00 8.00 good
0.22 10.00 8.00 good
0.13 10.00 8.00 good
0.16 10.00 8.00 good
0.25 8.00 6.00 good
0.21 8.00 8.00 good
0.32 6.00 4.00 bad
0.15 10.00 8.00 good
0.22 2.00 6.00 bad
0.24 8.00 8.00 good
0.19 8.00 8.00 bad
0.27 6.00 6.00 bad
0.45 6.00 6.00 bad
0.27 8.00 8.00 good
0.23 8.00 6.00 good
0.16 10.00 8.00 bad
0.28 2.00 6.00 good