BookScoreCount TwoStarRate ThreeStarRate Class
99
1 3 4 5 7 8 10 11 12 15 16 17 18 19 20 21 22 24 25 26 27 28 29 31 32 33 35 38 39 40 44 46 48 51 56 57 58 60 62 65 66 71 72 73 74 75 77 78 81 83 85 86 87 88 89 91 92 93 94 96 100 102 103 105 106 108 109 110 111 113 115 116 117 118 120 121 122 123 124 125 126 130 131 132 134 136 137 138 139 141 142 143 144 145 146 147 148 152 153
967 0.08 0.23 good
129 0.12 0.27 bad
78 0.09 0.33 bad
439 0.20 0.26 good
27 0.15 0.48 bad
177 0.16 0.30 bad
78 0.26 0.23 bad
51 0.04 0.40 bad
25 0.08 0.44 bad
658 0.13 0.27 bad
119 0.22 0.23 good
36 0.22 0.20 bad
23 0.17 0.28 bad
250 0.18 0.22 bad
112 0.20 0.15 good
44 0.37 0.16 bad
159 0.15 0.40 bad
70 0.21 0.36 bad
11 0.20 0.20 bad
100 0.09 0.43 bad
150 0.17 0.21 good
263 0.11 0.25 bad
290 0.10 0.22 good
44 0.30 0.33 good
292 0.09 0.31 bad
192 0.20 0.29 good
1909 0.12 0.18 good
63 0.35 0.27 bad
20 0.26 0.16 bad
495 0.12 0.24 good
1885 0.07 0.11 good
108 0.07 0.19 good
1248 0.09 0.33 bad
133 0.30 0.37 bad
80 0.20 0.32 good
2109 0.07 0.21 bad
461 0.05 0.14 good
108 0.21 0.18 bad
13 0.50 0.08 bad
82 0.28 0.31 bad
21 0.14 0.43 bad
248 0.12 0.25 bad
956 0.08 0.26 good
19 0.11 0.22 bad
46 0.22 0.36 bad
21 0.10 0.40 good
745 0.07 0.22 bad
217 0.10 0.33 bad
25 0.08 0.54 bad
104 0.17 0.28 bad
356 0.19 0.15 good
222 0.03 0.30 bad
182 0.09 0.23 bad
1636 0.10 0.18 good
145 0.17 0.27 bad
654 0.08 0.16 good
527 0.04 0.16 good
396 0.08 0.26 bad
218 0.11 0.23 good
188 0.11 0.28 good
42 0.02 0.34 bad
225 0.14 0.26 good
29 0.08 0.50 bad
339 0.08 0.19 good
349 0.14 0.27 good
5393 0.02 0.10 good
88 0.14 0.36 bad
112 0.21 0.28 bad
182 0.16 0.26 good
136 0.13 0.36 bad
282 0.19 0.35 bad
19 0.12 0.42 good
34 0.11 0.45 bad
274 0.11 0.39 bad
45 0.18 0.20 good
59 0.30 0.32 bad
385 0.10 0.28 bad
93 0.08 0.37 good
320 0.19 0.29 good
768 0.02 0.08 good
353 0.06 0.16 good
82 0.13 0.28 bad
31 0.41 0.13 good
614 0.14 0.25 good
795 0.12 0.21 good
68 0.24 0.32 bad
1641 0.05 0.15 good
328 0.10 0.22 bad
1100 0.07 0.24 good
83 0.03 0.19 bad
2366 0.05 0.15 good
153 0.21 0.22 bad
364 0.25 0.27 bad
61 0.10 0.45 bad
2356 0.09 0.27 good
208 0.22 0.19 good
1080 0.03 0.04 bad
45 0.19 0.28 good
209 0.22 0.25 good