BookScore FiveStarRate Median Class
97
0 1 3 4 6 7 8 9 10 11 13 17 18 19 21 22 23 26 27 28 30 33 34 35 36 38 40 41 45 46 48 49 50 51 53 54 55 57 58 60 63 65 66 71 73 75 76 78 81 82 83 84 85 87 88 89 90 94 96 97 98 101 102 104 107 108 109 110 113 117 118 119 120 124 125 126 128 129 131 132 133 134 135 137 138 139 140 141 142 144 145 148 149 150 151 152 153
6.4 0.15 6.00 good
7.2 0.25 8.00 good
6.4 0.18 6.00 bad
5.8 0.10 6.00 bad
6.0 0.23 6.00 good
5.8 0.11 6.00 bad
6.5 0.21 6.00 bad
5.4 0.02 6.00 bad
5.8 0.09 6.00 bad
6.9 0.16 6.00 bad
5.5 0.09 6.00 bad
5.6 0.12 6.00 bad
6.5 0.28 6.00 bad
6.7 0.28 6.00 bad
4.6 0.04 4.00 bad
6.5 0.11 6.00 bad
4.7 0.06 4.00 good
6.5 0.19 6.00 bad
4.5 0.05 4.00 good
7.2 0.27 8.00 bad
5.4 0.11 6.00 bad
6.1 0.15 6.00 good
5.1 0.03 6.00 bad
5.5 0.21 6.00 good
6.7 0.19 8.00 bad
5.9 0.13 6.00 bad
6.7 0.19 8.00 good
6.7 0.17 6.00 good
5.8 0.10 6.00 bad
7.1 0.27 8.00 good
6.8 0.17 6.00 bad
5.9 0.10 6.00 bad
5.3 0.07 6.00 good
5.9 0.07 6.00 bad
4.0 0.10 4.00 bad
7.0 0.29 6.00 good
5.6 0.06 6.00 bad
6.2 0.18 6.00 bad
7.5 0.37 8.00 good
6.2 0.23 6.00 bad
6.2 0.30 6.00 good
4.8 0.07 4.00 bad
5.9 0.10 6.00 bad
6.1 0.17 6.00 bad
6.8 0.17 8.00 bad
6.4 0.10 6.00 good
6.8 0.24 8.00 good
6.2 0.16 6.00 bad
5.8 0.13 6.00 bad
5.6 0.22 4.00 bad
6.6 0.22 6.00 bad
5.9 0.14 6.00 bad
5.2 0.10 4.00 good
6.4 0.27 6.00 bad
6.7 0.30 8.00 good
6.4 0.17 6.00 bad
4.0 0.07 2.00 bad
7.0 0.23 8.00 good
6.7 0.17 8.00 good
6.5 0.13 8.00 good
7.3 0.29 8.00 good
7.1 0.27 8.00 bad
5.3 0.08 6.00 good
4.9 0.09 4.00 bad
6.4 0.31 6.00 bad
8.7 0.63 10.00 good
6.0 0.10 6.00 bad
5.8 0.10 6.00 bad
6.1 0.14 6.00 bad
5.5 0.09 6.00 bad
6.5 0.11 6.00 bad
7.3 0.29 8.00 good
5.6 0.11 6.00 good
5.6 0.11 6.00 good
8.9 0.67 10.00 good
6.4 0.30 8.00 good
6.5 0.31 8.00 good
7.3 0.37 8.00 good
4.4 0.06 4.00 good
6.4 0.13 6.00 good
5.9 0.04 6.00 bad
6.5 0.18 8.00 good
7.0 0.26 8.00 bad
7.8 0.38 8.00 good
5.7 0.18 6.00 bad
7.0 0.22 8.00 good
6.4 0.05 8.00 bad
6.9 0.15 8.00 bad
7.8 0.46 8.00 good
5.4 0.09 6.00 bad
6.7 0.08 6.00 bad
3.3 0.08 2.00 bad
6.0 0.15 6.00 good
6.1 0.15 6.00 bad
6.8 0.37 8.00 bad
5.1 0.09 6.00 good
5.7 0.12 6.00 good