BookScore FourStarRate FiveStarRate Class
92
0 1 2 3 4 5 6 8 9 12 13 16 18 19 20 21 25 27 28 29 31 34 38 40 41 43 44 46 47 48 49 50 52 53 54 55 56 57 58 62 66 67 68 69 70 73 74 77 78 80 83 84 85 87 91 92 93 95 96 97 98 100 102 106 107 108 109 112 113 115 116 117 121 123 125 126 127 130 132 133 134 137 139 141 142 144 146 147 149 150 151 153
6.4 0.30 0.15 good
7.2 0.36 0.25 good
6.4 0.24 0.15 bad
6.4 0.27 0.18 bad
5.8 0.25 0.10 bad
5.6 0.21 0.12 good
6.0 0.18 0.23 good
6.5 0.22 0.21 bad
5.4 0.30 0.02 bad
6.0 0.08 0.20 bad
5.5 0.13 0.09 bad
5.7 0.20 0.14 good
6.5 0.14 0.28 bad
6.7 0.22 0.28 bad
5.3 0.20 0.13 good
4.6 0.14 0.04 bad
4.8 0.00 0.20 bad
4.5 0.15 0.05 good
7.2 0.31 0.27 bad
7.1 0.20 0.36 good
5.8 0.19 0.09 good
5.1 0.13 0.03 bad
5.9 0.17 0.13 bad
6.7 0.33 0.19 good
6.7 0.29 0.17 good
5.1 0.14 0.14 good
5.4 0.16 0.23 good
7.1 0.33 0.27 good
5.3 0.22 0.08 bad
6.8 0.33 0.17 bad
5.9 0.23 0.10 bad
5.3 0.14 0.07 good
7.9 0.30 0.42 bad
4.0 0.00 0.10 bad
7.0 0.21 0.29 good
5.6 0.20 0.06 bad
5.3 0.10 0.13 good
6.2 0.29 0.18 bad
7.5 0.30 0.37 good
5.3 0.34 0.00 bad
5.9 0.19 0.10 bad
7.6 0.25 0.42 good
6.8 0.30 0.22 bad
7.4 0.42 0.21 bad
5.9 0.32 0.20 bad
6.8 0.39 0.17 bad
6.1 0.31 0.04 bad
7.6 0.27 0.37 bad
6.2 0.24 0.16 bad
8.3 0.19 0.58 bad
6.6 0.22 0.22 bad
5.9 0.19 0.14 bad
5.2 0.24 0.10 good
6.4 0.19 0.27 bad
7.2 0.28 0.34 good
7.8 0.29 0.42 good
6.9 0.34 0.21 bad
5.5 0.00 0.15 bad
6.7 0.33 0.17 good
6.5 0.40 0.13 good
7.3 0.33 0.29 good
7.0 0.27 0.25 bad
5.3 0.21 0.08 good
6.0 0.24 0.16 good
6.4 0.17 0.31 bad
8.7 0.20 0.63 good
6.0 0.24 0.10 bad
5.4 0.15 0.11 bad
6.1 0.21 0.14 bad
5.5 0.19 0.07 bad
6.0 0.12 0.17 good
5.5 0.14 0.09 bad
4.5 0.08 0.02 bad
7.0 0.30 0.20 good
8.9 0.20 0.67 good
6.4 0.21 0.30 good
7.4 0.26 0.36 good
5.7 0.16 0.17 bad
6.4 0.35 0.13 good
5.9 0.33 0.04 bad
6.5 0.34 0.18 good
7.8 0.33 0.38 good
7.0 0.36 0.22 good
6.9 0.49 0.15 bad
7.8 0.24 0.46 good
5.4 0.18 0.09 bad
7.0 0.37 0.19 good
3.9 0.09 0.02 good
6.0 0.26 0.15 good
6.1 0.20 0.15 bad
6.8 0.19 0.37 bad
5.7 0.22 0.12 good