TwoStarRate FourStarRate Kurtosis Class
94
0 2 6 7 8 9 13 14 15 16 17 22 23 24 26 27 28 29 30 34 36 39 42 43 45 46 48 50 51 52 53 54 55 57 58 59 61 62 63 64 65 67 68 70 71 72 73 75 77 78 79 80 82 84 85 86 87 91 92 93 94 96 97 101 102 105 107 108 109 112 113 117 119 121 123 126 127 128 130 132 133 134 135 136 137 139 140 141 143 146 147 148 151 152
0.15 0.30 200.91 good
0.10 0.24 267.71 bad
0.14 0.18 75.15 good
0.15 0.11 181.37 bad
0.16 0.22 196.73 bad
0.18 0.30 110.48 bad
0.24 0.13 156.17 bad
0.14 0.19 68.44 good
0.13 0.25 188.48 bad
0.22 0.20 87.54 good
0.22 0.23 80.31 bad
0.15 0.28 468.11 bad
0.31 0.08 78.49 good
0.21 0.13 114.10 bad
0.09 0.18 249.04 bad
0.17 0.15 40.03 good
0.11 0.31 418.19 bad
0.10 0.20 194.89 good
0.18 0.14 80.73 bad
0.30 0.13 192.82 bad
0.10 0.34 203.97 bad
0.26 0.05 53.89 bad
0.17 0.20 74.29 bad
0.13 0.14 44.83 good
0.20 0.23 135.14 bad
0.07 0.33 218.67 good
0.09 0.33 362.40 bad
0.28 0.14 119.73 good
0.30 0.21 339.26 bad
0.04 0.30 453.60 bad
0.33 0.00 31.11 bad
0.05 0.21 245.77 good
0.28 0.20 182.02 bad
0.07 0.29 94.54 bad
0.05 0.30 256.16 good
0.21 0.21 148.52 good
0.08 0.44 1104.85 good
0.50 0.34 199.64 bad
0.07 0.20 55.29 good
0.27 0.14 59.06 bad
0.28 0.07 77.07 bad
0.06 0.25 278.88 good
0.11 0.30 223.96 bad
0.10 0.32 49.13 bad
0.12 0.25 106.33 bad
0.08 0.20 259.41 good
0.11 0.39 278.58 bad
0.10 0.30 344.01 good
0.07 0.27 440.27 bad
0.10 0.24 147.32 bad
0.19 0.17 65.93 bad
0.03 0.19 599.56 bad
0.41 0.05 87.78 bad
0.14 0.19 116.65 bad
0.19 0.24 51.21 good
0.03 0.27 249.84 bad
0.09 0.19 95.46 bad
0.08 0.28 191.97 good
0.04 0.29 444.03 good
0.08 0.34 288.02 bad
0.11 0.33 299.63 good
0.11 0.33 282.28 good
0.03 0.40 198.40 good
0.10 0.27 286.97 bad
0.14 0.21 65.28 good
0.08 0.33 385.10 good
0.12 0.17 72.91 bad
0.02 0.20 1238.93 good
0.14 0.24 170.95 bad
0.20 0.15 84.03 bad
0.13 0.21 164.81 bad
0.11 0.14 132.92 bad
0.06 0.33 297.36 good
0.30 0.08 102.63 bad
0.08 0.30 502.72 good
0.06 0.21 76.64 good
0.06 0.26 319.05 good
0.08 0.23 82.37 good
0.13 0.16 73.99 bad
0.14 0.35 212.10 good
0.13 0.33 194.01 bad
0.12 0.34 176.74 good
0.09 0.29 234.30 bad
0.24 0.05 63.17 bad
0.05 0.33 478.73 good
0.07 0.36 304.97 good
0.30 0.54 361.68 bad
0.03 0.49 311.51 bad
0.21 0.24 86.23 bad
0.09 0.37 402.15 good
0.22 0.09 40.59 good
0.03 0.06 9.99 bad
0.07 0.19 105.22 bad
0.19 0.14 62.68 good