BookWordCount BookScoreCount AddListCount Class
93
1 2 3 5 6 7 9 12 16 17 18 19 21 22 25 29 30 31 33 34 35 37 38 39 40 41 42 43 44 45 48 49 50 51 55 58 59 61 67 68 69 70 71 72 73 75 76 78 80 81 83 86 89 90 92 94 95 96 98 101 102 105 106 107 108 110 114 118 119 120 121 124 125 128 129 131 132 133 134 136 137 138 139 140 141 142 144 145 146 147 151 152 153
289.90 967 492 good
48.30 47 12 bad
52.30 129 38 bad
158.50 439 122 good
59.60 187 42 good
38.90 27 8 bad
21.30 51 14 bad
21.80 25 12 bad
135.80 119 25 good
33.60 36 10 bad
24.10 23 7 bad
122.40 250 70 bad
74.10 44 12 bad
77.70 159 61 bad
35.90 11 2 bad
233.90 290 68 good
150.70 29 9 bad
78.00 44 6 good
178.90 192 49 good
154.60 97 24 bad
713.10 1909 254 good
51.30 216 106 bad
80.20 63 19 bad
22.80 20 1 bad
153.10 495 172 good
168.40 670 289 good
300.10 686 215 bad
74.40 81 18 good
296.80 1885 242 good
380.50 299 93 bad
281.40 1248 371 bad
44.50 72 13 bad
51.90 29 7 good
84.60 133 42 bad
106.40 55 11 bad
63.50 461 70 good
133.40 484 138 good
17.00 86 33 good
16.80 90 17 good
79.60 153 45 bad
7.30 20 5 bad
55.40 51 2 bad
98.90 248 119 bad
390.00 956 180 good
68.60 19 8 bad
39.60 21 8 good
46.20 429 110 good
70.00 217 57 bad
144.70 714 193 bad
87.70 25 4 bad
40.80 104 22 bad
129.90 222 53 bad
153.20 145 49 bad
50.40 16 4 bad
116.50 527 141 good
63.70 218 57 good
99.00 13 4 bad
34.10 188 100 good
170.60 2113 558 good
219.60 219 65 bad
78.10 225 39 good
198.70 339 98 good
64.40 349 102 good
310.00 1184 188 bad
446.50 5393 1586 good
133.50 112 31 bad
31.70 1114 218 bad
92.20 274 112 bad
427.70 1575 274 good
85.80 45 15 good
145.90 59 14 bad
223.00 320 57 good
65.70 768 149 good
296.70 607 108 good
322.80 2063 510 good
195.70 31 5 good
237.20 614 131 good
145.80 23 1 bad
179.50 795 168 good
72.70 68 9 bad
448.70 1641 303 good
212.90 328 53 bad
130.30 1100 206 good
43.40 21 7 bad
25.10 83 19 bad
518.00 2366 365 good
319.70 364 103 bad
62.30 61 28 bad
477.20 2356 710 good
154.00 208 26 good
93.00 638 125 bad
163.50 45 12 good
73.20 209 50 good