ThreeStarRate Mode Median Class
99
0 1 3 5 7 9 10 11 12 13 14 15 18 19 20 21 22 23 25 27 31 32 33 34 35 36 39 41 42 44 45 46 48 49 50 52 53 54 55 61 62 63 64 65 66 70 71 73 76 77 78 79 80 82 83 84 85 87 88 90 91 92 93 96 97 99 104 105 106 107 109 110 111 113 114 115 116 117 118 120 121 122 123 125 126 128 130 131 135 137 139 140 141 143 144 145 146 147 148
0.28 8.00 6.00 good
0.23 8.00 8.00 good
0.27 8.00 6.00 bad
0.26 6.00 6.00 good
0.48 6.00 6.00 bad
0.26 8.00 6.00 bad
0.23 8.00 6.00 bad
0.40 6.00 6.00 bad
0.44 6.00 6.00 bad
0.39 6.00 6.00 bad
0.21 2.00 6.00 good
0.27 6.00 6.00 bad
0.28 10.00 6.00 bad
0.22 10.00 6.00 bad
0.15 2.00 4.00 good
0.16 4.00 4.00 bad
0.40 6.00 6.00 bad
0.28 4.00 4.00 good
0.20 2.00 4.00 bad
0.21 2.00 4.00 good
0.33 6.00 6.00 good
0.31 8.00 8.00 bad
0.29 6.00 6.00 good
0.39 6.00 6.00 bad
0.18 2.00 6.00 good
0.23 8.00 8.00 bad
0.16 2.00 2.00 bad
0.34 6.00 6.00 good
0.26 2.00 6.00 bad
0.11 2.00 4.00 good
0.30 6.00 6.00 bad
0.19 8.00 8.00 good
0.33 8.00 6.00 bad
0.39 6.00 6.00 bad
0.32 6.00 6.00 good
0.15 10.00 8.00 bad
0.14 2.00 4.00 bad
0.33 6.00 6.00 good
0.33 6.00 6.00 bad
0.25 8.00 8.00 good
0.08 4.00 4.00 bad
0.12 2.00 6.00 good
0.21 2.00 4.00 bad
0.31 6.00 4.00 bad
0.43 6.00 6.00 bad
0.04 2.00 8.00 bad
0.25 8.00 6.00 bad
0.22 8.00 8.00 bad
0.15 8.00 8.00 good
0.22 10.00 8.00 bad
0.33 6.00 6.00 bad
0.26 2.00 6.00 bad
0.13 10.00 10.00 bad
0.20 4.00 4.00 bad
0.28 6.00 6.00 bad
0.33 6.00 6.00 bad
0.15 2.00 4.00 good
0.23 10.00 6.00 bad
0.18 10.00 8.00 good
0.20 2.00 2.00 bad
0.16 10.00 8.00 good
0.16 10.00 8.00 good
0.26 8.00 8.00 bad
0.28 8.00 8.00 good
0.26 8.00 8.00 good
0.34 6.00 6.00 bad
0.34 6.00 4.00 bad
0.19 8.00 8.00 good
0.27 6.00 6.00 good
0.15 10.00 6.00 bad
0.36 6.00 6.00 bad
0.28 6.00 6.00 bad
0.26 8.00 6.00 good
0.36 6.00 6.00 bad
0.09 10.00 10.00 bad
0.35 6.00 6.00 bad
0.42 6.00 6.00 good
0.45 6.00 6.00 bad
0.39 6.00 6.00 bad
0.20 8.00 6.00 good
0.32 6.00 4.00 bad
0.28 8.00 8.00 bad
0.37 6.00 6.00 good
0.08 10.00 10.00 good
0.16 10.00 8.00 good
0.13 10.00 8.00 good
0.28 6.00 6.00 bad
0.13 4.00 4.00 good
0.24 8.00 8.00 bad
0.15 10.00 8.00 good
0.24 8.00 8.00 good
0.07 8.00 8.00 bad
0.19 8.00 8.00 bad
0.22 8.00 6.00 bad
0.27 6.00 6.00 bad
0.45 6.00 6.00 bad
0.27 8.00 8.00 good
0.19 2.00 4.00 good
0.04 2.00 2.00 bad