BookScoreCount TwoStarRate Kurtosis Class
99
0 3 5 6 9 11 13 17 18 19 20 21 23 24 26 27 28 29 30 33 34 36 38 39 42 43 44 45 46 47 48 49 52 53 54 55 57 60 62 63 64 65 69 72 73 74 75 76 77 78 80 81 82 83 84 85 87 88 89 90 93 94 95 97 98 99 100 101 102 103 105 107 111 114 117 118 120 122 123 125 126 127 128 130 131 133 134 135 136 140 141 143 144 145 146 147 148 149 150
568 0.15 200.91 good
129 0.12 155.27 bad
439 0.20 93.52 good
187 0.14 75.15 good
51 0.18 110.48 bad
51 0.04 491.68 bad
48 0.24 156.17 bad
36 0.22 80.31 bad
23 0.17 137.29 bad
250 0.18 181.41 bad
112 0.20 48.29 good
44 0.37 66.70 bad
116 0.31 78.49 good
70 0.21 114.10 bad
100 0.09 249.04 bad
150 0.17 40.03 good
263 0.11 418.19 bad
290 0.10 194.89 good
29 0.18 80.73 bad
192 0.20 163.05 good
97 0.30 192.82 bad
223 0.10 203.97 bad
63 0.35 172.89 bad
20 0.26 53.89 bad
686 0.17 74.29 bad
81 0.13 44.83 good
1885 0.07 29.34 good
299 0.20 135.14 bad
108 0.07 218.67 good
79 0.28 85.63 bad
1248 0.09 362.40 bad
72 0.10 155.38 bad
1780 0.04 453.60 bad
22 0.33 31.11 bad
43 0.05 245.77 good
55 0.28 182.02 bad
2109 0.07 94.54 bad
108 0.21 95.85 bad
13 0.50 199.64 bad
91 0.07 55.29 good
45 0.27 59.06 bad
82 0.28 77.07 bad
20 0.05 758.93 bad
956 0.08 259.41 good
19 0.11 278.58 bad
46 0.22 393.48 bad
21 0.10 344.01 good
429 0.07 159.36 good
745 0.07 440.27 bad
217 0.10 147.32 bad
714 0.03 599.56 bad
25 0.08 173.53 bad
31 0.41 87.78 bad
104 0.17 188.48 bad
21 0.14 116.65 bad
356 0.19 51.21 good
182 0.09 95.46 bad
1636 0.10 118.81 good
145 0.17 208.64 bad
16 0.13 25.57 bad
396 0.08 288.02 bad
218 0.11 299.63 good
13 0.23 128.84 bad
39 0.03 198.40 good
2113 0.08 391.57 good
942 0.12 243.27 bad
42 0.02 297.05 bad
219 0.10 286.97 bad
225 0.14 65.28 good
29 0.08 664.54 bad
339 0.08 385.10 good
1184 0.12 72.91 bad
182 0.16 113.09 good
1114 0.02 875.52 bad
34 0.11 132.92 bad
274 0.11 387.39 bad
45 0.18 75.21 good
385 0.10 313.76 bad
93 0.08 502.72 good
768 0.02 1797.82 good
353 0.06 76.64 good
387 0.06 319.05 good
607 0.08 82.37 good
82 0.13 73.99 bad
31 0.41 58.14 good
23 0.13 194.01 bad
795 0.12 176.74 good
1310 0.09 234.30 bad
68 0.24 63.17 bad
21 0.30 361.68 bad
83 0.03 311.51 bad
153 0.21 86.23 bad
364 0.25 97.95 bad
61 0.10 909.70 bad
2356 0.09 402.15 good
208 0.22 40.59 good
1080 0.03 9.99 bad
674 0.18 113.50 good
21 0.15 158.29 bad