BookScoreCount TwoStarRate Median Class
95
0 1 2 3 6 7 8 9 12 13 14 15 17 21 23 24 25 26 28 30 31 33 34 38 39 40 41 42 45 46 47 49 50 53 58 62 64 65 67 68 69 71 72 73 74 76 80 83 85 86 87 88 89 91 93 94 95 97 98 99 101 102 103 105 106 110 111 112 113 115 116 118 120 121 123 124 127 128 130 133 134 135 136 137 139 142 143 144 145 147 148 149 151 152 153
568 0.15 6.00 good
967 0.08 8.00 good
47 0.10 6.00 bad
129 0.12 6.00 bad
187 0.14 6.00 good
27 0.15 6.00 bad
177 0.16 6.00 bad
51 0.18 6.00 bad
25 0.08 6.00 bad
48 0.24 6.00 bad
454 0.14 6.00 good
658 0.13 6.00 bad
36 0.22 6.00 bad
44 0.37 4.00 bad
116 0.31 4.00 good
70 0.21 6.00 bad
11 0.20 4.00 bad
100 0.09 6.00 bad
263 0.11 8.00 bad
29 0.18 6.00 bad
44 0.30 6.00 good
192 0.20 6.00 good
97 0.30 6.00 bad
63 0.35 6.00 bad
20 0.26 2.00 bad
495 0.12 8.00 good
670 0.14 6.00 good
686 0.17 6.00 bad
299 0.20 6.00 bad
108 0.07 8.00 good
79 0.28 4.00 bad
72 0.10 6.00 bad
29 0.28 6.00 good
22 0.33 4.00 bad
461 0.05 8.00 good
13 0.50 4.00 bad
45 0.27 4.00 bad
82 0.28 4.00 bad
90 0.06 8.00 good
153 0.11 8.00 bad
20 0.05 8.00 bad
248 0.12 6.00 bad
956 0.08 8.00 good
19 0.11 8.00 bad
46 0.22 6.00 bad
429 0.07 8.00 good
714 0.03 10.00 bad
104 0.17 6.00 bad
356 0.19 4.00 good
222 0.03 8.00 bad
182 0.09 6.00 bad
1636 0.10 8.00 good
145 0.17 6.00 bad
654 0.08 8.00 good
396 0.08 8.00 bad
218 0.11 8.00 good
13 0.23 6.00 bad
39 0.03 8.00 good
2113 0.08 8.00 good
942 0.12 6.00 bad
219 0.10 8.00 bad
225 0.14 6.00 good
29 0.08 6.00 bad
339 0.08 8.00 good
349 0.14 6.00 good
112 0.21 6.00 bad
182 0.16 6.00 good
201 0.20 6.00 bad
136 0.13 6.00 bad
282 0.19 6.00 bad
19 0.12 6.00 good
274 0.11 6.00 bad
45 0.18 6.00 good
59 0.30 4.00 bad
93 0.08 6.00 good
320 0.19 6.00 good
387 0.06 8.00 good
607 0.08 8.00 good
82 0.13 6.00 bad
23 0.13 6.00 bad
795 0.12 8.00 good
1310 0.09 8.00 bad
68 0.24 4.00 bad
1641 0.05 8.00 good
1100 0.07 8.00 good
2366 0.05 8.00 good
153 0.21 6.00 bad
364 0.25 6.00 bad
61 0.10 6.00 bad
208 0.22 4.00 good
1080 0.03 2.00 bad
674 0.18 6.00 good
638 0.07 8.00 bad
45 0.19 6.00 good
209 0.22 6.00 good