BookWordCount FiveStarRate Mode Class
105
2 3 4 5 6 7 8 9 10 11 13 14 18 20 21 22 23 25 27 28 30 31 32 33 34 35 36 38 39 40 41 42 43 44 47 50 51 52 55 56 57 58 61 62 63 65 66 68 69 70 73 74 75 76 78 79 80 81 84 85 87 88 89 92 95 96 97 98 100 104 105 107 108 109 113 114 115 116 117 121 122 123 124 126 127 128 129 130 132 133 134 135 136 137 138 139 140 141 145 146 147 148 149 152 153
48.30 0.15 6.00 bad
52.30 0.18 8.00 bad
139.00 0.10 6.00 bad
158.50 0.12 6.00 good
59.60 0.23 2.00 good
38.90 0.11 6.00 bad
143.50 0.21 6.00 bad
21.30 0.02 8.00 bad
82.50 0.09 8.00 bad
13.40 0.16 6.00 bad
27.50 0.09 6.00 bad
123.80 0.20 2.00 good
24.10 0.28 10.00 bad
82.30 0.13 2.00 good
74.10 0.04 4.00 bad
77.70 0.11 6.00 bad
122.20 0.06 4.00 good
35.90 0.20 2.00 bad
147.20 0.05 2.00 good
53.00 0.27 8.00 bad
150.70 0.11 6.00 bad
78.00 0.09 6.00 good
51.10 0.13 8.00 bad
178.90 0.15 6.00 good
154.60 0.03 6.00 bad
713.10 0.21 2.00 good
87.00 0.19 8.00 bad
80.20 0.13 4.00 bad
22.80 0.00 2.00 bad
153.10 0.19 8.00 good
168.40 0.17 6.00 good
300.10 0.11 2.00 bad
74.40 0.14 2.00 good
296.80 0.23 2.00 good
49.70 0.08 4.00 bad
51.90 0.07 6.00 good
84.60 0.07 6.00 bad
76.10 0.42 10.00 bad
106.40 0.06 6.00 bad
40.40 0.13 6.00 good
293.40 0.18 8.00 bad
63.50 0.37 10.00 good
17.00 0.21 8.00 good
49.60 0.00 4.00 bad
108.60 0.30 2.00 good
72.20 0.07 6.00 bad
34.80 0.10 6.00 bad
79.60 0.22 8.00 bad
7.30 0.21 8.00 bad
55.40 0.20 2.00 bad
68.60 0.17 8.00 bad
49.30 0.04 6.00 bad
39.60 0.10 6.00 good
46.20 0.24 8.00 good
70.00 0.16 6.00 bad
131.20 0.10 2.00 bad
144.70 0.58 10.00 bad
87.70 0.13 6.00 bad
30.00 0.14 6.00 bad
87.20 0.10 2.00 good
112.10 0.27 10.00 bad
315.30 0.30 10.00 good
153.20 0.17 8.00 bad
116.50 0.42 10.00 good
99.00 0.15 6.00 bad
34.10 0.17 8.00 good
22.20 0.13 8.00 good
170.60 0.29 8.00 good
59.90 0.25 6.00 bad
150.50 0.09 6.00 bad
198.70 0.31 8.00 good
310.00 0.31 10.00 bad
446.50 0.63 10.00 good
101.10 0.10 6.00 bad
247.80 0.14 6.00 bad
31.70 0.60 10.00 bad
119.20 0.07 6.00 bad
118.30 0.17 6.00 good
59.10 0.09 6.00 bad
145.90 0.02 6.00 bad
79.20 0.25 8.00 bad
153.40 0.20 6.00 good
223.00 0.11 6.00 good
89.70 0.30 10.00 good
34.20 0.36 10.00 good
296.70 0.31 10.00 good
322.80 0.37 10.00 good
46.30 0.17 6.00 bad
237.20 0.13 8.00 good
145.80 0.04 8.00 bad
179.50 0.18 8.00 good
335.20 0.26 8.00 bad
72.70 0.09 6.00 bad
448.70 0.38 10.00 good
212.90 0.18 2.00 bad
130.30 0.22 8.00 good
43.40 0.05 8.00 bad
25.10 0.15 8.00 bad
62.30 0.08 6.00 bad
477.20 0.19 8.00 good
154.00 0.02 2.00 good
209.90 0.08 2.00 bad
382.10 0.15 8.00 good
163.50 0.09 2.00 good
73.20 0.12 6.00 good