AddListCount TwoStarRate FourStarRate Class
97
1 2 3 5 6 8 9 11 12 15 16 17 18 19 23 25 26 28 29 31 33 34 36 37 38 40 42 44 45 46 47 48 50 51 52 53 55 58 59 60 63 64 65 67 68 71 72 74 76 77 78 79 80 81 82 83 85 87 88 91 99 100 101 102 104 107 108 109 110 112 113 116 117 119 120 122 124 125 126 129 130 131 133 134 135 137 138 140 143 144 146 147 148 149 150 152 153
492 0.08 0.36 good
12 0.10 0.24 bad
38 0.12 0.27 bad
122 0.20 0.21 good
42 0.14 0.18 good
53 0.16 0.22 bad
14 0.18 0.30 bad
15 0.04 0.32 bad
12 0.08 0.08 bad
204 0.13 0.25 bad
25 0.22 0.20 good
10 0.22 0.23 bad
7 0.17 0.14 bad
70 0.18 0.22 bad
32 0.31 0.08 good
2 0.20 0.00 bad
32 0.09 0.18 bad
73 0.11 0.31 bad
68 0.10 0.20 good
6 0.30 0.19 good
49 0.20 0.23 good
24 0.30 0.13 bad
63 0.10 0.34 bad
106 0.03 0.44 bad
19 0.35 0.17 bad
172 0.12 0.33 good
215 0.17 0.20 bad
242 0.07 0.16 good
93 0.20 0.23 bad
28 0.07 0.33 good
20 0.28 0.22 bad
371 0.09 0.33 bad
7 0.28 0.14 good
42 0.30 0.21 bad
446 0.04 0.30 bad
1 0.33 0.00 bad
11 0.28 0.20 bad
70 0.05 0.30 good
138 0.21 0.21 good
19 0.21 0.20 bad
21 0.07 0.20 good
10 0.27 0.14 bad
22 0.28 0.07 bad
17 0.06 0.25 good
45 0.11 0.30 bad
119 0.12 0.25 bad
180 0.08 0.20 good
16 0.22 0.31 bad
110 0.07 0.36 good
183 0.07 0.27 bad
57 0.10 0.24 bad
94 0.19 0.17 bad
193 0.03 0.19 bad
4 0.08 0.08 bad
3 0.41 0.05 bad
22 0.17 0.22 bad
55 0.19 0.24 good
65 0.09 0.19 bad
321 0.10 0.23 good
218 0.08 0.28 good
253 0.12 0.26 bad
8 0.02 0.27 bad
65 0.10 0.27 bad
39 0.14 0.21 good
5 0.31 0.04 bad
188 0.12 0.17 bad
1586 0.02 0.20 good
34 0.14 0.24 bad
31 0.21 0.24 bad
63 0.20 0.15 bad
25 0.13 0.21 bad
7 0.12 0.12 good
5 0.11 0.14 bad
274 0.06 0.33 good
15 0.18 0.25 good
126 0.10 0.29 bad
57 0.19 0.20 good
149 0.02 0.20 good
48 0.06 0.21 good
510 0.07 0.26 good
11 0.13 0.16 bad
5 0.41 0.11 good
1 0.13 0.33 bad
168 0.12 0.34 good
293 0.09 0.29 bad
303 0.05 0.33 good
53 0.10 0.19 bad
7 0.30 0.54 bad
42 0.21 0.24 bad
103 0.25 0.18 bad
710 0.09 0.37 good
26 0.22 0.09 good
54 0.03 0.06 bad
178 0.18 0.26 good
5 0.15 0.20 bad
12 0.19 0.14 good
50 0.22 0.22 good