BookWordCount TwoStarRate FiveStarRate Class
101
0 1 2 3 5 7 8 10 12 13 14 17 22 25 26 27 28 29 32 33 37 38 41 42 43 44 45 47 48 50 53 55 57 60 61 62 63 65 67 68 70 71 72 75 77 78 79 80 81 82 84 85 87 89 90 92 95 96 97 98 99 100 101 102 103 104 105 106 107 109 110 111 113 114 115 117 118 119 122 123 125 127 128 129 131 134 135 137 138 140 141 142 144 145 147 148 149 150 151 152 153
177.20 0.15 0.15 good
289.90 0.08 0.25 good
48.30 0.10 0.15 bad
52.30 0.12 0.18 bad
158.50 0.20 0.12 good
38.90 0.15 0.11 bad
143.50 0.16 0.21 bad
82.50 0.26 0.09 bad
21.80 0.08 0.20 bad
27.50 0.24 0.09 bad
123.80 0.14 0.20 good
33.60 0.22 0.12 bad
77.70 0.15 0.11 bad
35.90 0.20 0.20 bad
62.70 0.09 0.19 bad
147.20 0.17 0.05 good
53.00 0.11 0.27 bad
233.90 0.10 0.36 good
51.10 0.09 0.13 bad
178.90 0.20 0.15 good
51.30 0.03 0.28 bad
80.20 0.35 0.13 bad
168.40 0.14 0.17 good
300.10 0.17 0.11 bad
74.40 0.13 0.14 good
296.80 0.07 0.23 good
380.50 0.20 0.10 bad
49.70 0.28 0.08 bad
281.40 0.09 0.17 bad
51.90 0.28 0.07 good
53.70 0.33 0.10 bad
106.40 0.28 0.06 bad
293.40 0.07 0.18 bad
45.10 0.21 0.23 bad
17.00 0.08 0.21 good
49.60 0.50 0.00 bad
108.60 0.07 0.30 good
72.20 0.28 0.07 bad
16.80 0.06 0.42 good
79.60 0.11 0.22 bad
55.40 0.10 0.20 bad
98.90 0.12 0.17 bad
390.00 0.08 0.35 good
39.60 0.10 0.10 good
1070.70 0.07 0.37 bad
70.00 0.10 0.16 bad
131.20 0.19 0.10 bad
144.70 0.03 0.58 bad
87.70 0.08 0.13 bad
183.00 0.41 0.22 bad
30.00 0.14 0.14 bad
87.20 0.19 0.10 good
112.10 0.09 0.27 bad
153.20 0.17 0.17 bad
50.40 0.13 0.07 bad
116.50 0.04 0.42 good
99.00 0.23 0.15 bad
34.10 0.11 0.17 good
22.20 0.03 0.13 good
170.60 0.08 0.29 good
181.90 0.12 0.17 bad
59.90 0.02 0.25 bad
219.60 0.10 0.27 bad
78.10 0.14 0.08 good
21.40 0.08 0.11 bad
150.50 0.31 0.09 bad
198.70 0.08 0.31 good
64.40 0.14 0.16 good
310.00 0.12 0.31 bad
101.10 0.14 0.10 bad
133.50 0.21 0.10 bad
148.90 0.16 0.12 good
247.80 0.13 0.14 bad
31.70 0.02 0.60 bad
119.20 0.19 0.07 bad
59.10 0.11 0.09 bad
92.20 0.11 0.11 bad
427.70 0.06 0.29 good
79.20 0.10 0.25 bad
153.40 0.08 0.20 good
65.70 0.02 0.67 good
34.20 0.06 0.36 good
296.70 0.08 0.31 good
322.80 0.07 0.37 good
195.70 0.41 0.06 good
179.50 0.12 0.18 good
335.20 0.09 0.26 bad
448.70 0.05 0.38 good
212.90 0.10 0.18 bad
43.40 0.30 0.05 bad
25.10 0.03 0.15 bad
518.00 0.05 0.46 good
319.70 0.25 0.09 bad
62.30 0.10 0.08 bad
154.00 0.22 0.02 good
209.90 0.03 0.08 bad
382.10 0.18 0.15 good
44.60 0.15 0.15 bad
93.00 0.07 0.37 bad
163.50 0.19 0.09 good
73.20 0.22 0.12 good