BookScoreCount TwoStarRate FiveStarRate Class
99
0 1 2 3 4 6 7 9 10 12 13 14 17 18 23 25 26 28 29 30 31 33 34 35 39 40 42 43 45 46 47 48 49 53 55 56 57 58 59 61 62 65 67 69 70 73 74 76 78 79 80 81 83 84 85 87 88 90 91 92 94 95 97 99 100 101 102 103 105 109 111 112 113 114 115 117 119 120 121 122 123 125 126 128 131 134 136 137 138 139 141 142 143 144 147 149 150 151 152
568 0.15 0.15 good
967 0.08 0.25 good
47 0.10 0.15 bad
129 0.12 0.18 bad
78 0.09 0.10 bad
187 0.14 0.23 good
27 0.15 0.11 bad
51 0.18 0.02 bad
78 0.26 0.09 bad
25 0.08 0.20 bad
48 0.24 0.09 bad
454 0.14 0.20 good
36 0.22 0.12 bad
23 0.17 0.28 bad
116 0.31 0.06 good
11 0.20 0.20 bad
100 0.09 0.19 bad
263 0.11 0.27 bad
290 0.10 0.36 good
29 0.18 0.11 bad
44 0.30 0.09 good
192 0.20 0.15 good
97 0.30 0.03 bad
1909 0.12 0.21 good
20 0.26 0.00 bad
495 0.12 0.19 good
686 0.17 0.11 bad
81 0.13 0.14 good
299 0.20 0.10 bad
108 0.07 0.27 good
79 0.28 0.08 bad
1248 0.09 0.17 bad
72 0.10 0.10 bad
22 0.33 0.10 bad
55 0.28 0.06 bad
80 0.20 0.13 good
2109 0.07 0.18 bad
461 0.05 0.37 good
484 0.21 0.25 good
86 0.08 0.21 good
13 0.50 0.00 bad
82 0.28 0.07 bad
90 0.06 0.42 good
20 0.05 0.21 bad
51 0.10 0.20 bad
19 0.11 0.17 bad
46 0.22 0.04 bad
429 0.07 0.24 good
217 0.10 0.16 bad
531 0.19 0.10 bad
714 0.03 0.58 bad
25 0.08 0.13 bad
104 0.17 0.22 bad
21 0.14 0.14 bad
356 0.19 0.10 good
182 0.09 0.27 bad
1636 0.10 0.30 good
16 0.13 0.07 bad
654 0.08 0.34 good
527 0.04 0.42 good
218 0.11 0.23 good
13 0.23 0.15 bad
39 0.03 0.13 good
942 0.12 0.17 bad
42 0.02 0.25 bad
219 0.10 0.27 bad
225 0.14 0.08 good
29 0.08 0.11 bad
339 0.08 0.31 good
88 0.14 0.10 bad
182 0.16 0.12 good
201 0.20 0.11 bad
136 0.13 0.14 bad
1114 0.02 0.60 bad
282 0.19 0.07 bad
34 0.11 0.09 bad
1575 0.06 0.29 good
45 0.18 0.11 good
59 0.30 0.02 bad
385 0.10 0.25 bad
93 0.08 0.20 good
768 0.02 0.67 good
353 0.06 0.30 good
607 0.08 0.31 good
31 0.41 0.06 good
795 0.12 0.18 good
68 0.24 0.09 bad
1641 0.05 0.38 good
328 0.10 0.18 bad
1100 0.07 0.22 good
83 0.03 0.15 bad
2366 0.05 0.46 good
153 0.21 0.10 bad
364 0.25 0.09 bad
208 0.22 0.02 good
674 0.18 0.15 good
21 0.15 0.15 bad
638 0.07 0.37 bad
45 0.19 0.09 good