FourStarRate FiveStarRate Mode Class
97
2 4 5 6 7 11 12 13 14 17 18 19 21 22 23 24 26 29 31 32 33 34 37 38 40 42 43 45 47 48 51 52 53 55 56 57 58 59 60 61 62 63 64 67 68 69 70 71 75 76 77 78 79 81 84 86 87 92 93 94 95 96 97 98 99 100 102 103 104 105 106 107 112 113 114 115 117 118 120 123 125 126 127 129 133 134 136 138 139 142 143 145 146 147 148 152 153
0.24 0.15 6.00 bad
0.25 0.10 6.00 bad
0.21 0.12 6.00 good
0.18 0.23 2.00 good
0.11 0.11 6.00 bad
0.32 0.16 6.00 bad
0.08 0.20 6.00 bad
0.13 0.09 6.00 bad
0.19 0.20 2.00 good
0.23 0.12 8.00 bad
0.14 0.28 10.00 bad
0.22 0.28 10.00 bad
0.14 0.04 4.00 bad
0.28 0.11 6.00 bad
0.08 0.06 4.00 good
0.13 0.11 6.00 bad
0.18 0.19 6.00 bad
0.20 0.36 10.00 good
0.19 0.09 6.00 good
0.39 0.13 8.00 bad
0.23 0.15 6.00 good
0.13 0.03 6.00 bad
0.44 0.28 8.00 bad
0.17 0.13 4.00 bad
0.33 0.19 8.00 good
0.20 0.11 2.00 bad
0.14 0.14 2.00 good
0.23 0.10 6.00 bad
0.22 0.08 4.00 bad
0.33 0.17 8.00 bad
0.21 0.07 6.00 bad
0.30 0.42 10.00 bad
0.00 0.10 2.00 bad
0.20 0.06 6.00 bad
0.10 0.13 6.00 good
0.29 0.18 8.00 bad
0.30 0.37 10.00 good
0.21 0.25 10.00 good
0.20 0.23 10.00 bad
0.44 0.21 8.00 good
0.34 0.00 4.00 bad
0.20 0.30 2.00 good
0.14 0.02 2.00 bad
0.25 0.42 10.00 good
0.30 0.22 8.00 bad
0.42 0.21 8.00 bad
0.32 0.20 2.00 bad
0.25 0.17 8.00 bad
0.30 0.10 6.00 good
0.36 0.24 8.00 good
0.27 0.37 10.00 bad
0.24 0.16 6.00 bad
0.17 0.10 2.00 bad
0.08 0.13 6.00 bad
0.19 0.14 6.00 bad
0.27 0.26 6.00 bad
0.19 0.27 10.00 bad
0.29 0.42 10.00 good
0.34 0.21 8.00 bad
0.33 0.23 8.00 good
0.00 0.15 6.00 bad
0.33 0.17 8.00 good
0.40 0.13 8.00 good
0.33 0.29 8.00 good
0.26 0.17 6.00 bad
0.27 0.25 6.00 bad
0.21 0.08 2.00 good
0.26 0.11 6.00 bad
0.04 0.09 6.00 bad
0.33 0.31 8.00 good
0.24 0.16 6.00 good
0.17 0.31 10.00 bad
0.15 0.11 6.00 bad
0.21 0.14 6.00 bad
0.23 0.60 10.00 bad
0.19 0.07 6.00 bad
0.14 0.09 6.00 bad
0.30 0.11 6.00 bad
0.25 0.11 8.00 good
0.30 0.20 6.00 good
0.20 0.67 10.00 good
0.21 0.30 10.00 good
0.26 0.36 10.00 good
0.26 0.37 10.00 good
0.33 0.04 8.00 bad
0.34 0.18 8.00 good
0.05 0.09 6.00 bad
0.19 0.18 2.00 bad
0.36 0.22 8.00 good
0.24 0.46 10.00 good
0.24 0.10 8.00 bad
0.33 0.08 6.00 bad
0.37 0.19 8.00 good
0.09 0.02 2.00 good
0.06 0.08 2.00 bad
0.14 0.09 2.00 good
0.22 0.12 6.00 good