BookWordCount ThreeStarRate FourStarRate Class
100
2 3 5 6 7 8 9 10 12 14 16 18 19 20 22 23 25 27 29 31 37 38 40 41 42 43 44 45 46 47 48 49 52 53 55 56 58 59 60 61 66 67 68 69 70 74 75 76 78 80 82 83 86 87 88 91 93 96 97 98 99 100 101 102 103 106 107 108 109 110 111 112 113 114 115 116 118 119 122 123 125 126 127 128 130 131 132 133 135 137 138 139 140 143 147 148 149 150 151 152
48.30 0.40 0.24 bad
52.30 0.27 0.27 bad
158.50 0.26 0.21 good
59.60 0.21 0.18 good
38.90 0.48 0.11 bad
143.50 0.30 0.22 bad
21.30 0.26 0.30 bad
82.50 0.23 0.27 bad
21.80 0.44 0.08 bad
123.80 0.21 0.19 good
135.80 0.23 0.20 good
24.10 0.28 0.14 bad
122.40 0.22 0.22 bad
82.30 0.15 0.20 good
77.70 0.40 0.28 bad
122.20 0.28 0.08 good
35.90 0.20 0.00 bad
147.20 0.21 0.15 good
233.90 0.22 0.20 good
78.00 0.33 0.19 good
51.30 0.20 0.44 bad
80.20 0.27 0.17 bad
153.10 0.24 0.33 good
168.40 0.34 0.29 good
300.10 0.26 0.20 bad
74.40 0.24 0.14 good
296.80 0.11 0.16 good
380.50 0.30 0.23 bad
123.50 0.19 0.33 good
49.70 0.20 0.22 bad
281.40 0.33 0.33 bad
44.50 0.39 0.23 bad
76.10 0.15 0.30 bad
53.70 0.14 0.00 bad
106.40 0.33 0.20 bad
40.40 0.32 0.10 good
63.50 0.14 0.30 good
133.40 0.21 0.21 good
45.10 0.18 0.20 bad
17.00 0.25 0.44 good
34.80 0.43 0.19 bad
16.80 0.16 0.25 good
79.60 0.25 0.30 bad
7.30 0.26 0.42 bad
55.40 0.04 0.32 bad
49.30 0.36 0.31 bad
39.60 0.40 0.30 good
46.20 0.15 0.36 good
70.00 0.33 0.24 bad
144.70 0.13 0.19 bad
183.00 0.20 0.05 bad
40.80 0.28 0.22 bad
129.90 0.30 0.27 bad
112.10 0.23 0.19 bad
315.30 0.18 0.23 good
126.20 0.16 0.28 good
90.50 0.26 0.34 bad
34.10 0.28 0.33 good
22.20 0.26 0.40 good
170.60 0.22 0.33 good
181.90 0.34 0.26 bad
59.90 0.34 0.27 bad
219.60 0.26 0.27 bad
78.10 0.26 0.21 good
21.40 0.50 0.26 bad
64.40 0.27 0.24 good
310.00 0.15 0.17 bad
446.50 0.10 0.20 good
101.10 0.36 0.24 bad
133.50 0.28 0.24 bad
148.90 0.26 0.26 good
107.80 0.30 0.15 bad
247.80 0.36 0.21 bad
31.70 0.09 0.23 bad
119.20 0.35 0.19 bad
118.30 0.42 0.12 good
92.20 0.39 0.30 bad
427.70 0.20 0.33 good
79.20 0.28 0.29 bad
153.40 0.37 0.30 good
65.70 0.08 0.20 good
89.70 0.16 0.21 good
34.20 0.22 0.26 good
296.70 0.13 0.23 good
46.30 0.28 0.16 bad
195.70 0.13 0.11 good
237.20 0.25 0.35 good
145.80 0.33 0.33 bad
335.20 0.24 0.29 bad
448.70 0.15 0.33 good
212.90 0.22 0.19 bad
130.30 0.24 0.36 good
43.40 0.07 0.54 bad
177.70 0.22 0.24 bad
154.00 0.19 0.09 good
209.90 0.04 0.06 bad
382.10 0.23 0.26 good
44.60 0.35 0.20 bad
93.00 0.16 0.19 bad
163.50 0.28 0.14 good