FiveStarRate Median Kurtosis Class
96
0 1 6 7 8 9 10 11 13 15 16 17 21 22 25 26 27 29 30 33 34 38 39 41 43 44 45 46 47 49 51 55 57 58 59 60 61 62 63 64 65 66 67 68 69 70 72 73 74 75 76 78 79 82 83 84 85 86 87 88 89 90 91 92 93 94 99 100 101 104 105 106 108 109 110 112 113 115 117 119 120 122 123 126 128 129 133 140 141 144 146 148 149 150 152 153
0.15 6.00 200.91 good
0.25 8.00 406.22 good
0.23 6.00 75.15 good
0.11 6.00 181.37 bad
0.21 6.00 196.73 bad
0.02 6.00 110.48 bad
0.09 6.00 143.84 bad
0.16 6.00 491.68 bad
0.09 6.00 156.17 bad
0.23 6.00 188.48 bad
0.14 6.00 87.54 good
0.12 6.00 80.31 bad
0.04 4.00 66.70 bad
0.11 6.00 468.11 bad
0.20 4.00 28.01 bad
0.19 6.00 249.04 bad
0.05 4.00 40.03 good
0.36 8.00 194.89 good
0.11 6.00 80.73 bad
0.15 6.00 163.05 good
0.03 6.00 192.82 bad
0.13 6.00 172.89 bad
0.00 2.00 53.89 bad
0.17 6.00 389.04 good
0.14 6.00 44.83 good
0.23 4.00 29.34 good
0.10 6.00 135.14 bad
0.27 8.00 218.67 good
0.08 4.00 85.63 bad
0.10 6.00 155.38 bad
0.07 6.00 339.26 bad
0.06 6.00 182.02 bad
0.18 6.00 94.54 bad
0.37 8.00 256.16 good
0.25 6.00 148.52 good
0.23 6.00 95.85 bad
0.21 8.00 1104.85 good
0.00 4.00 199.64 bad
0.30 6.00 55.29 good
0.02 4.00 59.06 bad
0.07 4.00 77.07 bad
0.10 6.00 204.65 bad
0.42 8.00 278.88 good
0.22 8.00 223.96 bad
0.21 8.00 758.93 bad
0.20 8.00 49.13 bad
0.35 8.00 259.41 good
0.17 8.00 278.58 bad
0.04 6.00 393.48 bad
0.10 6.00 344.01 good
0.24 8.00 159.36 good
0.16 6.00 147.32 bad
0.10 6.00 65.93 bad
0.22 4.00 87.78 bad
0.22 6.00 188.48 bad
0.14 6.00 116.65 bad
0.10 4.00 51.21 good
0.26 8.00 249.84 bad
0.27 6.00 95.46 bad
0.30 8.00 118.81 good
0.17 6.00 208.64 bad
0.07 2.00 25.57 bad
0.34 8.00 191.97 good
0.42 8.00 444.03 good
0.21 8.00 288.02 bad
0.23 8.00 299.63 good
0.17 6.00 243.27 bad
0.25 8.00 297.05 bad
0.27 8.00 286.97 bad
0.09 4.00 92.39 bad
0.31 8.00 385.10 good
0.16 6.00 114.14 good
0.63 10.00 1238.93 good
0.10 6.00 170.95 bad
0.10 6.00 131.59 bad
0.11 6.00 84.03 bad
0.14 6.00 164.81 bad
0.07 6.00 125.49 bad
0.09 6.00 132.92 bad
0.29 8.00 297.36 good
0.11 6.00 75.21 good
0.25 8.00 313.76 bad
0.20 6.00 502.72 good
0.30 8.00 76.64 good
0.31 8.00 82.37 good
0.37 8.00 209.65 good
0.04 6.00 194.01 bad
0.05 8.00 361.68 bad
0.15 8.00 311.51 bad
0.09 6.00 97.95 bad
0.19 8.00 402.15 good
0.08 2.00 9.99 bad
0.15 6.00 113.50 good
0.15 6.00 158.29 bad
0.09 6.00 62.68 good
0.12 6.00 105.28 good