BookScoreCount FourStarRate Kurtosis Class
91
1 4 8 12 13 14 18 20 22 23 24 25 26 28 29 30 31 34 35 37 38 39 41 43 46 48 50 51 53 55 56 57 58 59 62 63 64 65 66 68 69 71 74 76 80 81 82 84 85 86 87 88 89 93 94 96 97 99 100 102 103 104 105 106 107 108 112 114 115 116 118 121 124 126 127 128 129 131 134 135 136 137 138 139 141 145 148 150 151 152 153
967 0.36 406.22 good
78 0.25 113.07 bad
177 0.22 196.73 bad
25 0.08 114.51 bad
48 0.13 156.17 bad
454 0.19 68.44 good
23 0.14 137.29 bad
112 0.20 48.29 good
159 0.28 468.11 bad
116 0.08 78.49 good
70 0.13 114.10 bad
11 0.00 28.01 bad
100 0.18 249.04 bad
263 0.31 418.19 bad
290 0.20 194.89 good
29 0.14 80.73 bad
44 0.19 211.54 good
97 0.13 192.82 bad
1909 0.14 41.11 good
216 0.44 948.64 bad
63 0.17 172.89 bad
20 0.05 53.89 bad
670 0.29 389.04 good
81 0.14 44.83 good
108 0.33 218.67 good
1248 0.33 362.40 bad
29 0.14 119.73 good
133 0.21 339.26 bad
22 0.00 31.11 bad
55 0.20 182.02 bad
80 0.10 74.03 good
2109 0.29 94.54 bad
461 0.30 256.16 good
484 0.21 148.52 good
13 0.34 199.64 bad
91 0.20 55.29 good
45 0.14 59.06 bad
82 0.07 77.07 bad
21 0.19 204.65 bad
153 0.30 223.96 bad
20 0.42 758.93 bad
248 0.25 106.33 bad
46 0.31 393.48 bad
429 0.36 159.36 good
714 0.19 599.56 bad
25 0.08 173.53 bad
31 0.05 87.78 bad
21 0.19 116.65 bad
356 0.24 51.21 good
222 0.27 249.84 bad
182 0.19 95.46 bad
1636 0.23 118.81 good
145 0.28 208.64 bad
396 0.34 288.02 bad
218 0.33 299.63 good
188 0.33 282.28 good
39 0.40 198.40 good
942 0.26 243.27 bad
42 0.27 297.05 bad
225 0.21 65.28 good
29 0.26 664.54 bad
25 0.04 92.39 bad
339 0.33 385.10 good
349 0.24 114.14 good
1184 0.17 72.91 bad
5393 0.20 1238.93 good
201 0.15 84.03 bad
1114 0.23 875.52 bad
282 0.19 125.49 bad
19 0.12 138.45 good
274 0.30 387.39 bad
59 0.08 102.63 bad
320 0.20 101.09 good
353 0.21 76.64 good
387 0.26 319.05 good
607 0.23 82.37 good
2063 0.26 209.65 good
31 0.11 58.14 good
795 0.34 176.74 good
1310 0.29 234.30 bad
68 0.05 63.17 bad
1641 0.33 478.73 good
328 0.19 56.35 bad
1100 0.36 304.97 good
83 0.49 311.51 bad
61 0.33 909.70 bad
1080 0.06 9.99 bad
21 0.20 158.29 bad
638 0.19 105.22 bad
45 0.14 62.68 good
209 0.22 105.28 good