BookScore TwoStarRate Kurtosis Class
100
2 3 4 5 6 8 11 12 13 14 15 16 17 18 19 21 22 23 25 26 28 29 30 32 33 35 36 39 40 41 42 43 45 49 51 52 55 61 62 63 64 66 67 68 69 70 71 77 79 80 81 82 83 84 85 87 91 93 95 98 100 101 102 104 105 108 109 110 111 112 113 114 115 116 117 118 121 122 124 125 126 129 131 132 135 136 137 138 139 140 142 143 145 146 147 148 149 150 152 153
6.4 0.10 267.71 bad
6.4 0.12 155.27 bad
5.8 0.09 113.07 bad
5.6 0.20 93.52 good
6.0 0.14 75.15 good
6.5 0.16 196.73 bad
6.9 0.04 491.68 bad
6.0 0.08 114.51 bad
5.5 0.24 156.17 bad
5.9 0.14 68.44 good
6.6 0.13 188.48 bad
5.7 0.22 87.54 good
5.6 0.22 80.31 bad
6.5 0.17 137.29 bad
6.7 0.18 181.41 bad
4.6 0.37 66.70 bad
6.5 0.15 468.11 bad
4.7 0.31 78.49 good
4.8 0.20 28.01 bad
6.5 0.09 249.04 bad
7.2 0.11 418.19 bad
7.1 0.10 194.89 good
5.4 0.18 80.73 bad
6.8 0.09 404.81 bad
6.1 0.20 163.05 good
5.5 0.12 41.11 good
6.7 0.10 203.97 bad
3.5 0.26 53.89 bad
6.7 0.12 227.23 good
6.7 0.14 389.04 good
5.4 0.17 74.29 bad
5.1 0.13 44.83 good
5.8 0.20 135.14 bad
5.9 0.10 155.38 bad
5.9 0.30 339.26 bad
7.9 0.04 453.60 bad
5.6 0.28 182.02 bad
7.5 0.08 1104.85 good
5.3 0.50 199.64 bad
6.2 0.07 55.29 good
4.4 0.27 59.06 bad
5.9 0.14 204.65 bad
7.6 0.06 278.88 good
6.8 0.11 223.96 bad
7.4 0.05 758.93 bad
5.9 0.10 49.13 bad
6.1 0.12 106.33 bad
7.6 0.07 440.27 bad
5.2 0.19 65.93 bad
8.3 0.03 599.56 bad
5.8 0.08 173.53 bad
5.6 0.41 87.78 bad
6.6 0.17 188.48 bad
5.9 0.14 116.65 bad
5.2 0.19 51.21 good
6.4 0.09 95.46 bad
7.2 0.08 191.97 good
6.9 0.08 288.02 bad
5.5 0.23 128.84 bad
7.3 0.08 391.57 good
7.0 0.02 297.05 bad
7.1 0.10 286.97 bad
5.3 0.14 65.28 good
4.9 0.31 92.39 bad
7.4 0.08 385.10 good
8.7 0.02 1238.93 good
6.0 0.14 170.95 bad
5.8 0.21 131.59 bad
5.8 0.16 113.09 good
5.4 0.20 84.03 bad
6.1 0.13 164.81 bad
8.5 0.02 875.52 bad
5.5 0.19 125.49 bad
6.0 0.12 138.45 good
5.5 0.11 132.92 bad
6.5 0.11 387.39 bad
4.5 0.30 102.63 bad
7.0 0.10 313.76 bad
5.6 0.19 101.09 good
8.9 0.02 1797.82 good
6.4 0.06 76.64 good
7.3 0.07 209.65 good
4.4 0.41 58.14 good
6.4 0.14 212.10 good
7.0 0.09 234.30 bad
4.8 0.24 63.17 bad
7.8 0.05 478.73 good
5.7 0.10 56.35 bad
7.0 0.07 304.97 good
6.4 0.30 361.68 bad
7.8 0.05 364.52 good
5.5 0.21 86.23 bad
6.7 0.10 909.70 bad
7.0 0.09 402.15 good
3.9 0.22 40.59 good
3.3 0.03 9.99 bad
6.0 0.18 113.50 good
6.1 0.15 158.29 bad
5.1 0.19 62.68 good
5.7 0.22 105.28 good