BookWordCount FiveStarRate Kurtosis Class
100
0 1 2 4 5 6 8 11 14 15 16 17 19 20 21 22 25 27 28 29 32 34 35 36 38 39 41 42 44 45 46 48 50 52 53 54 55 56 58 60 63 64 66 67 68 69 70 72 73 74 76 78 79 80 82 83 84 85 86 90 91 93 95 96 97 98 100 102 103 105 106 107 108 110 111 112 113 115 116 118 119 120 122 123 125 126 129 130 132 134 136 139 140 141 142 144 146 147 148 150
177.20 0.15 200.91 good
289.90 0.25 406.22 good
48.30 0.15 267.71 bad
139.00 0.10 113.07 bad
158.50 0.12 93.52 good
59.60 0.23 75.15 good
143.50 0.21 196.73 bad
13.40 0.16 491.68 bad
123.80 0.20 68.44 good
257.20 0.23 188.48 bad
135.80 0.14 87.54 good
33.60 0.12 80.31 bad
122.40 0.28 181.41 bad
82.30 0.13 48.29 good
74.10 0.04 66.70 bad
77.70 0.11 468.11 bad
35.90 0.20 28.01 bad
147.20 0.05 40.03 good
53.00 0.27 418.19 bad
233.90 0.36 194.89 good
51.10 0.13 404.81 bad
154.60 0.03 192.82 bad
713.10 0.21 41.11 good
87.00 0.19 203.97 bad
80.20 0.13 172.89 bad
22.80 0.00 53.89 bad
168.40 0.17 389.04 good
300.10 0.11 74.29 bad
296.80 0.23 29.34 good
380.50 0.10 135.14 bad
123.50 0.27 218.67 good
281.40 0.17 362.40 bad
51.90 0.07 119.73 good
76.10 0.42 453.60 bad
53.70 0.10 31.11 bad
13.00 0.29 245.77 good
106.40 0.06 182.02 bad
40.40 0.13 74.03 good
63.50 0.37 256.16 good
45.10 0.23 95.85 bad
108.60 0.30 55.29 good
54.40 0.02 59.06 bad
34.80 0.10 204.65 bad
16.80 0.42 278.88 good
79.60 0.22 223.96 bad
7.30 0.21 758.93 bad
55.40 0.20 49.13 bad
390.00 0.35 259.41 good
68.60 0.17 278.58 bad
49.30 0.04 393.48 bad
46.20 0.24 159.36 good
70.00 0.16 147.32 bad
131.20 0.10 65.93 bad
144.70 0.58 599.56 bad
183.00 0.22 87.78 bad
40.80 0.22 188.48 bad
30.00 0.14 116.65 bad
87.20 0.10 51.21 good
129.90 0.26 249.84 bad
50.40 0.07 25.57 bad
126.20 0.34 191.97 good
90.50 0.21 288.02 bad
99.00 0.15 128.84 bad
34.10 0.17 282.28 good
22.20 0.13 198.40 good
170.60 0.29 391.57 good
59.90 0.25 297.05 bad
78.10 0.08 65.28 good
21.40 0.11 664.54 bad
198.70 0.31 385.10 good
64.40 0.16 114.14 good
310.00 0.31 72.91 bad
446.50 0.63 1238.93 good
133.50 0.10 131.59 bad
148.90 0.12 113.09 good
107.80 0.11 84.03 bad
247.80 0.14 164.81 bad
119.20 0.07 125.49 bad
118.30 0.17 138.45 good
92.20 0.11 387.39 bad
427.70 0.29 297.36 good
85.80 0.11 75.21 good
79.20 0.25 313.76 bad
153.40 0.20 502.72 good
65.70 0.67 1797.82 good
89.70 0.30 76.64 good
322.80 0.37 209.65 good
46.30 0.17 73.99 bad
237.20 0.13 212.10 good
179.50 0.18 176.74 good
72.70 0.09 63.17 bad
130.30 0.22 304.97 good
43.40 0.05 361.68 bad
25.10 0.15 311.51 bad
518.00 0.46 364.52 good
319.70 0.09 97.95 bad
477.20 0.19 402.15 good
154.00 0.02 40.59 good
209.90 0.08 9.99 bad
44.60 0.15 158.29 bad