ThreeStarRate Mode Median Class
95
0 1 4 6 7 8 9 10 13 15 16 17 18 20 21 22 23 25 26 28 29 30 31 32 34 35 37 38 39 40 41 42 47 48 50 53 54 55 59 60 62 64 65 67 68 70 71 72 75 77 78 80 83 84 85 87 88 90 91 98 101 104 105 106 107 110 111 113 114 117 118 119 120 123 124 125 126 127 133 135 136 137 138 139 140 141 142 143 146 147 148 149 150 151 153
0.28 8.00 6.00 good
0.23 8.00 8.00 good
0.33 6.00 6.00 bad
0.21 2.00 6.00 good
0.48 6.00 6.00 bad
0.30 6.00 6.00 bad
0.26 8.00 6.00 bad
0.23 8.00 6.00 bad
0.39 6.00 6.00 bad
0.27 6.00 6.00 bad
0.23 6.00 6.00 good
0.20 8.00 6.00 bad
0.28 10.00 6.00 bad
0.15 2.00 4.00 good
0.16 4.00 4.00 bad
0.40 6.00 6.00 bad
0.28 4.00 4.00 good
0.20 2.00 4.00 bad
0.43 6.00 6.00 bad
0.25 8.00 8.00 bad
0.22 10.00 8.00 good
0.32 6.00 6.00 bad
0.33 6.00 6.00 good
0.31 8.00 8.00 bad
0.39 6.00 6.00 bad
0.18 2.00 6.00 good
0.20 8.00 8.00 bad
0.27 4.00 6.00 bad
0.16 2.00 2.00 bad
0.24 8.00 8.00 good
0.34 6.00 6.00 good
0.26 2.00 6.00 bad
0.20 4.00 4.00 bad
0.33 8.00 6.00 bad
0.32 6.00 6.00 good
0.14 2.00 4.00 bad
0.33 6.00 6.00 good
0.33 6.00 6.00 bad
0.21 10.00 6.00 good
0.18 10.00 6.00 bad
0.08 4.00 4.00 bad
0.21 2.00 4.00 bad
0.31 6.00 4.00 bad
0.16 10.00 8.00 good
0.25 8.00 8.00 bad
0.04 2.00 8.00 bad
0.25 8.00 6.00 bad
0.26 10.00 8.00 good
0.40 6.00 6.00 good
0.22 10.00 8.00 bad
0.33 6.00 6.00 bad
0.13 10.00 10.00 bad
0.28 6.00 6.00 bad
0.33 6.00 6.00 bad
0.15 2.00 4.00 good
0.23 10.00 6.00 bad
0.18 10.00 8.00 good
0.20 2.00 2.00 bad
0.16 10.00 8.00 good
0.22 8.00 8.00 good
0.26 10.00 8.00 bad
0.34 6.00 4.00 bad
0.19 8.00 8.00 good
0.27 6.00 6.00 good
0.15 10.00 6.00 bad
0.28 6.00 6.00 bad
0.26 8.00 6.00 good
0.36 6.00 6.00 bad
0.09 10.00 10.00 bad
0.45 6.00 6.00 bad
0.39 6.00 6.00 bad
0.20 8.00 8.00 good
0.20 8.00 6.00 good
0.37 6.00 6.00 good
0.29 6.00 6.00 good
0.08 10.00 10.00 good
0.16 10.00 8.00 good
0.22 10.00 8.00 good
0.33 8.00 6.00 bad
0.24 8.00 8.00 bad
0.32 6.00 4.00 bad
0.15 10.00 8.00 good
0.22 2.00 6.00 bad
0.24 8.00 8.00 good
0.07 8.00 8.00 bad
0.19 8.00 8.00 bad
0.15 10.00 8.00 good
0.22 8.00 6.00 bad
0.27 8.00 8.00 good
0.19 2.00 4.00 good
0.04 2.00 2.00 bad
0.23 8.00 6.00 good
0.35 6.00 6.00 bad
0.16 10.00 8.00 bad
0.25 6.00 6.00 good