BookScoreCount Mode Kurtosis Class
102
2 3 6 7 8 9 11 12 13 14 18 21 22 24 25 26 29 30 31 34 35 39 41 45 46 47 48 50 51 52 53 54 56 57 59 60 61 62 64 65 66 67 70 73 75 76 77 78 81 82 83 84 85 86 87 88 89 90 92 94 95 97 100 101 102 104 105 106 107 108 109 110 111 113 114 115 118 119 120 121 122 123 124 125 126 128 129 132 135 136 137 138 139 140 141 143 145 146 150 151 152 153
47 6.00 267.71 bad
129 8.00 155.27 bad
187 2.00 75.15 good
27 6.00 181.37 bad
177 6.00 196.73 bad
51 8.00 110.48 bad
51 6.00 491.68 bad
25 6.00 114.51 bad
48 6.00 156.17 bad
454 2.00 68.44 good
23 10.00 137.29 bad
44 4.00 66.70 bad
159 6.00 468.11 bad
70 6.00 114.10 bad
11 2.00 28.01 bad
100 6.00 249.04 bad
290 10.00 194.89 good
29 6.00 80.73 bad
44 6.00 211.54 good
97 6.00 192.82 bad
1909 2.00 41.11 good
20 2.00 53.89 bad
670 6.00 389.04 good
299 6.00 135.14 bad
108 8.00 218.67 good
79 4.00 85.63 bad
1248 8.00 362.40 bad
29 6.00 119.73 good
133 6.00 339.26 bad
1780 10.00 453.60 bad
22 2.00 31.11 bad
43 6.00 245.77 good
80 6.00 74.03 good
2109 8.00 94.54 bad
484 10.00 148.52 good
108 10.00 95.85 bad
86 8.00 1104.85 good
13 4.00 199.64 bad
45 2.00 59.06 bad
82 6.00 77.07 bad
21 6.00 204.65 bad
90 10.00 278.88 good
51 2.00 49.13 bad
19 8.00 278.58 bad
21 6.00 344.01 good
429 8.00 159.36 good
745 10.00 440.27 bad
217 6.00 147.32 bad
25 6.00 173.53 bad
31 4.00 87.78 bad
104 6.00 188.48 bad
21 6.00 116.65 bad
356 2.00 51.21 good
222 6.00 249.84 bad
182 10.00 95.46 bad
1636 10.00 118.81 good
145 8.00 208.64 bad
16 2.00 25.57 bad
527 10.00 444.03 good
218 8.00 299.63 good
13 6.00 128.84 bad
39 8.00 198.40 good
42 6.00 297.05 bad
219 10.00 286.97 bad
225 2.00 65.28 good
25 6.00 92.39 bad
339 8.00 385.10 good
349 6.00 114.14 good
1184 10.00 72.91 bad
5393 10.00 1238.93 good
88 6.00 170.95 bad
112 6.00 131.59 bad
182 8.00 113.09 good
136 6.00 164.81 bad
1114 10.00 875.52 bad
282 6.00 125.49 bad
274 6.00 387.39 bad
1575 8.00 297.36 good
45 8.00 75.21 good
59 6.00 102.63 bad
385 8.00 313.76 bad
93 6.00 502.72 good
320 6.00 101.09 good
768 10.00 1797.82 good
353 10.00 76.64 good
607 10.00 82.37 good
2063 10.00 209.65 good
614 8.00 212.10 good
1310 8.00 234.30 bad
68 6.00 63.17 bad
1641 10.00 478.73 good
328 2.00 56.35 bad
1100 8.00 304.97 good
21 8.00 361.68 bad
83 8.00 311.51 bad
153 8.00 86.23 bad
61 6.00 909.70 bad
2356 8.00 402.15 good
21 6.00 158.29 bad
638 10.00 105.22 bad
45 2.00 62.68 good
209 6.00 105.28 good