BookWordCount ThreeStarRate Mode Class
95
0 3 4 5 8 9 11 13 16 19 21 22 23 25 28 29 30 31 35 37 39 41 43 48 50 51 52 54 55 56 58 60 61 62 63 64 65 68 69 70 71 72 73 74 76 78 79 84 86 87 88 89 91 92 94 95 96 98 99 104 105 106 107 108 109 110 113 114 116 117 118 119 121 122 123 126 127 129 130 131 132 134 135 136 138 140 142 143 144 145 149 150 151 152 153
177.20 0.28 8.00 good
52.30 0.27 8.00 bad
139.00 0.33 6.00 bad
158.50 0.26 6.00 good
143.50 0.30 6.00 bad
21.30 0.26 8.00 bad
13.40 0.40 6.00 bad
27.50 0.39 6.00 bad
135.80 0.23 6.00 good
122.40 0.22 10.00 bad
74.10 0.16 4.00 bad
77.70 0.40 6.00 bad
122.20 0.28 4.00 good
35.90 0.20 2.00 bad
53.00 0.25 8.00 bad
233.90 0.22 10.00 good
150.70 0.32 6.00 bad
78.00 0.33 6.00 good
713.10 0.18 2.00 good
51.30 0.20 8.00 bad
22.80 0.16 2.00 bad
168.40 0.34 6.00 good
74.40 0.24 2.00 good
281.40 0.33 8.00 bad
51.90 0.32 6.00 good
84.60 0.37 6.00 bad
76.10 0.15 10.00 bad
13.00 0.33 6.00 good
106.40 0.33 6.00 bad
40.40 0.32 6.00 good
63.50 0.14 10.00 good
45.10 0.18 10.00 bad
17.00 0.25 8.00 good
49.60 0.08 4.00 bad
108.60 0.12 2.00 good
54.40 0.21 2.00 bad
72.20 0.31 6.00 bad
79.60 0.25 8.00 bad
7.30 0.26 8.00 bad
55.40 0.04 2.00 bad
98.90 0.25 8.00 bad
390.00 0.26 10.00 good
68.60 0.22 8.00 bad
49.30 0.36 6.00 bad
46.20 0.15 8.00 good
70.00 0.33 6.00 bad
131.20 0.26 2.00 bad
30.00 0.33 6.00 bad
129.90 0.30 6.00 bad
112.10 0.23 10.00 bad
315.30 0.18 10.00 good
153.20 0.27 8.00 bad
126.20 0.16 10.00 good
116.50 0.16 10.00 good
63.70 0.23 8.00 good
99.00 0.46 6.00 bad
34.10 0.28 8.00 good
170.60 0.22 8.00 good
181.90 0.34 6.00 bad
150.50 0.34 6.00 bad
198.70 0.19 8.00 good
64.40 0.27 6.00 good
310.00 0.15 10.00 bad
446.50 0.10 10.00 good
101.10 0.36 6.00 bad
133.50 0.28 6.00 bad
247.80 0.36 6.00 bad
31.70 0.09 10.00 bad
118.30 0.42 6.00 good
59.10 0.45 6.00 bad
92.20 0.39 6.00 bad
427.70 0.20 8.00 good
145.90 0.32 6.00 bad
79.20 0.28 8.00 bad
153.40 0.37 6.00 good
89.70 0.16 10.00 good
34.20 0.22 10.00 good
322.80 0.16 10.00 good
46.30 0.28 6.00 bad
195.70 0.13 4.00 good
237.20 0.25 8.00 good
179.50 0.21 8.00 good
335.20 0.24 8.00 bad
72.70 0.32 6.00 bad
212.90 0.22 2.00 bad
43.40 0.07 8.00 bad
518.00 0.15 10.00 good
177.70 0.22 8.00 bad
319.70 0.27 6.00 bad
62.30 0.45 6.00 bad
382.10 0.23 8.00 good
44.60 0.35 6.00 bad
93.00 0.16 10.00 bad
163.50 0.28 2.00 good
73.20 0.25 6.00 good