BookScoreCount FourStarRate FiveStarRate Class
100
1 2 6 7 8 10 11 12 13 16 17 18 19 21 23 24 25 29 30 31 33 34 35 36 39 40 41 44 45 46 48 50 52 54 55 56 58 61 62 63 65 67 68 70 72 73 74 75 76 77 78 79 82 84 85 86 87 88 89 92 93 95 97 98 99 100 102 104 105 106 108 109 110 111 113 115 116 117 121 123 125 128 129 130 133 134 135 137 138 139 140 141 143 144 145 147 148 150 151 152
967 0.36 0.25 good
47 0.24 0.15 bad
187 0.18 0.23 good
27 0.11 0.11 bad
177 0.22 0.21 bad
78 0.27 0.09 bad
51 0.32 0.16 bad
25 0.08 0.20 bad
48 0.13 0.09 bad
119 0.20 0.14 good
36 0.23 0.12 bad
23 0.14 0.28 bad
250 0.22 0.28 bad
44 0.14 0.04 bad
116 0.08 0.06 good
70 0.13 0.11 bad
11 0.00 0.20 bad
290 0.20 0.36 good
29 0.14 0.11 bad
44 0.19 0.09 good
192 0.23 0.15 good
97 0.13 0.03 bad
1909 0.14 0.21 good
223 0.34 0.19 bad
20 0.05 0.00 bad
495 0.33 0.19 good
670 0.29 0.17 good
1885 0.16 0.23 good
299 0.23 0.10 bad
108 0.33 0.27 good
1248 0.33 0.17 bad
29 0.14 0.07 good
1780 0.30 0.42 bad
43 0.21 0.29 good
55 0.20 0.06 bad
80 0.10 0.13 good
461 0.30 0.37 good
86 0.44 0.21 good
13 0.34 0.00 bad
91 0.20 0.30 good
82 0.07 0.07 bad
90 0.25 0.42 good
153 0.30 0.22 bad
51 0.32 0.20 bad
956 0.20 0.35 good
19 0.39 0.17 bad
46 0.31 0.04 bad
21 0.30 0.10 good
429 0.36 0.24 good
745 0.27 0.37 bad
217 0.24 0.16 bad
531 0.17 0.10 bad
31 0.05 0.22 bad
21 0.19 0.14 bad
356 0.24 0.10 good
222 0.27 0.26 bad
182 0.19 0.27 bad
1636 0.23 0.30 good
145 0.28 0.17 bad
527 0.29 0.42 good
396 0.34 0.21 bad
13 0.00 0.15 bad
39 0.40 0.13 good
2113 0.33 0.29 good
942 0.26 0.17 bad
42 0.27 0.25 bad
225 0.21 0.08 good
25 0.04 0.09 bad
339 0.33 0.31 good
349 0.24 0.16 good
5393 0.20 0.63 good
88 0.24 0.10 bad
112 0.24 0.10 bad
182 0.26 0.12 good
136 0.21 0.14 bad
282 0.19 0.07 bad
19 0.12 0.17 good
34 0.14 0.09 bad
59 0.08 0.02 bad
93 0.30 0.20 good
768 0.20 0.67 good
607 0.23 0.31 good
2063 0.26 0.37 good
82 0.16 0.17 bad
23 0.33 0.04 bad
795 0.34 0.18 good
1310 0.29 0.26 bad
1641 0.33 0.38 good
328 0.19 0.18 bad
1100 0.36 0.22 good
21 0.54 0.05 bad
83 0.49 0.15 bad
153 0.24 0.10 bad
364 0.18 0.09 bad
61 0.33 0.08 bad
208 0.09 0.02 good
1080 0.06 0.08 bad
21 0.20 0.15 bad
638 0.19 0.37 bad
45 0.14 0.09 good