AddListCount Mode Kurtosis Class
100
3 4 5 7 9 10 12 13 15 17 19 20 21 22 25 26 27 28 29 31 32 33 34 37 38 40 42 43 44 45 46 47 48 50 51 52 54 55 56 57 58 59 61 63 65 66 67 71 72 73 74 75 76 79 80 81 82 84 89 91 92 95 96 97 100 102 103 104 105 107 108 111 112 113 114 115 117 118 121 123 124 125 126 127 129 130 131 134 139 140 141 143 144 145 146 147 148 149 150 151
38 8.00 155.27 bad
22 6.00 113.07 bad
122 6.00 93.52 good
8 6.00 181.37 bad
14 8.00 110.48 bad
25 8.00 143.84 bad
12 6.00 114.51 bad
9 6.00 156.17 bad
204 6.00 188.48 bad
10 8.00 80.31 bad
70 10.00 181.41 bad
17 2.00 48.29 good
12 4.00 66.70 bad
61 6.00 468.11 bad
2 2.00 28.01 bad
32 6.00 249.04 bad
31 2.00 40.03 good
73 8.00 418.19 bad
68 10.00 194.89 good
6 6.00 211.54 good
111 8.00 404.81 bad
49 6.00 163.05 good
24 6.00 192.82 bad
106 8.00 948.64 bad
19 4.00 172.89 bad
172 8.00 227.23 good
215 2.00 74.29 bad
18 2.00 44.83 good
242 2.00 29.34 good
93 6.00 135.14 bad
28 8.00 218.67 good
20 4.00 85.63 bad
371 8.00 362.40 bad
7 6.00 119.73 good
42 6.00 339.26 bad
446 10.00 453.60 bad
9 6.00 245.77 good
11 6.00 182.02 bad
13 6.00 74.03 good
551 8.00 94.54 bad
70 10.00 256.16 good
138 10.00 148.52 good
33 8.00 1104.85 good
21 2.00 55.29 good
22 6.00 77.07 bad
2 6.00 204.65 bad
17 10.00 278.88 good
119 8.00 106.33 bad
180 10.00 259.41 good
8 8.00 278.58 bad
16 6.00 393.48 bad
8 6.00 344.01 good
110 8.00 159.36 good
94 2.00 65.93 bad
193 10.00 599.56 bad
4 6.00 173.53 bad
3 4.00 87.78 bad
3 6.00 116.65 bad
49 8.00 208.64 bad
218 10.00 191.97 good
141 10.00 444.03 good
4 6.00 128.84 bad
100 8.00 282.28 good
7 8.00 198.40 good
8 6.00 297.05 bad
39 2.00 65.28 good
6 6.00 664.54 bad
5 6.00 92.39 bad
98 8.00 385.10 good
188 10.00 72.91 bad
1586 10.00 1238.93 good
53 8.00 113.09 good
63 6.00 84.03 bad
25 6.00 164.81 bad
218 10.00 875.52 bad
76 6.00 125.49 bad
5 6.00 132.92 bad
112 6.00 387.39 bad
14 6.00 102.63 bad
32 6.00 502.72 good
57 6.00 101.09 good
149 10.00 1797.82 good
48 10.00 76.64 good
146 10.00 319.05 good
510 10.00 209.65 good
11 6.00 73.99 bad
5 4.00 58.14 good
168 8.00 176.74 good
206 8.00 304.97 good
7 8.00 361.68 bad
19 8.00 311.51 bad
42 8.00 86.23 bad
103 6.00 97.95 bad
28 6.00 909.70 bad
710 8.00 402.15 good
26 2.00 40.59 good
54 2.00 9.99 bad
178 8.00 113.50 good
5 6.00 158.29 bad
125 10.00 105.22 bad