AddListCount ThreeStarRate FiveStarRate Class
95
4 5 6 7 9 10 11 12 14 17 18 19 21 24 25 27 28 29 31 33 34 35 37 38 41 45 46 47 48 49 51 53 54 58 60 61 64 65 67 68 69 70 75 76 77 78 79 82 83 84 87 88 89 90 91 92 93 95 97 98 99 102 103 104 105 106 109 110 111 112 115 116 117 118 121 122 123 124 125 126 127 129 130 133 134 135 136 138 139 140 143 147 148 152 153
22 0.33 0.10 bad
122 0.26 0.12 good
42 0.21 0.23 good
8 0.48 0.11 bad
14 0.26 0.02 bad
25 0.23 0.09 bad
15 0.40 0.16 bad
12 0.44 0.20 bad
136 0.21 0.20 good
10 0.20 0.12 bad
7 0.28 0.28 bad
70 0.22 0.28 bad
12 0.16 0.04 bad
23 0.36 0.11 bad
2 0.20 0.20 bad
31 0.21 0.05 good
73 0.25 0.27 bad
68 0.22 0.36 good
6 0.33 0.09 good
49 0.29 0.15 good
24 0.39 0.03 bad
254 0.18 0.21 good
106 0.20 0.28 bad
19 0.27 0.13 bad
289 0.34 0.17 good
93 0.30 0.10 bad
28 0.19 0.27 good
20 0.20 0.08 bad
371 0.33 0.17 bad
13 0.39 0.10 bad
42 0.37 0.07 bad
1 0.14 0.10 bad
9 0.33 0.29 good
70 0.14 0.37 good
19 0.18 0.23 bad
33 0.25 0.21 good
10 0.21 0.02 bad
22 0.31 0.07 bad
17 0.16 0.42 good
45 0.25 0.22 bad
5 0.26 0.21 bad
2 0.04 0.20 bad
8 0.40 0.10 good
110 0.15 0.24 good
183 0.22 0.37 bad
57 0.33 0.16 bad
94 0.26 0.10 bad
3 0.20 0.22 bad
22 0.28 0.22 bad
3 0.33 0.14 bad
65 0.23 0.27 bad
321 0.18 0.30 good
49 0.27 0.17 bad
4 0.20 0.07 bad
218 0.16 0.34 good
141 0.16 0.42 good
121 0.26 0.21 bad
4 0.46 0.15 bad
7 0.26 0.13 good
558 0.22 0.29 good
253 0.34 0.17 bad
39 0.26 0.08 good
6 0.50 0.11 bad
5 0.34 0.09 bad
98 0.19 0.31 good
102 0.27 0.16 good
34 0.36 0.10 bad
31 0.28 0.10 bad
53 0.26 0.12 good
63 0.30 0.11 bad
76 0.35 0.07 bad
7 0.42 0.17 good
5 0.45 0.09 bad
112 0.39 0.11 bad
14 0.32 0.02 bad
126 0.28 0.25 bad
32 0.37 0.20 good
57 0.29 0.11 good
149 0.08 0.67 good
48 0.16 0.30 good
146 0.22 0.36 good
510 0.16 0.37 good
11 0.28 0.17 bad
1 0.33 0.04 bad
168 0.21 0.18 good
293 0.24 0.26 bad
9 0.32 0.09 bad
53 0.22 0.18 bad
206 0.24 0.22 good
7 0.07 0.05 bad
42 0.22 0.10 bad
26 0.19 0.02 good
54 0.04 0.08 bad
12 0.28 0.09 good
50 0.25 0.12 good