TwoStarRate ThreeStarRate Mode Class
93
0 2 3 6 8 9 10 11 12 13 17 19 21 22 23 27 28 29 31 32 33 34 35 41 42 43 45 46 52 53 54 55 56 58 59 60 61 62 63 64 66 67 68 69 70 71 72 73 76 78 79 80 81 83 84 85 87 89 91 92 98 99 100 103 105 106 110 113 114 115 116 120 121 122 123 126 127 130 131 132 133 135 136 139 140 143 144 145 146 147 149 150 151
0.15 0.28 8.00 good
0.10 0.40 6.00 bad
0.12 0.27 8.00 bad
0.14 0.21 2.00 good
0.16 0.30 6.00 bad
0.18 0.26 8.00 bad
0.26 0.23 8.00 bad
0.04 0.40 6.00 bad
0.08 0.44 6.00 bad
0.24 0.39 6.00 bad
0.22 0.20 8.00 bad
0.18 0.22 10.00 bad
0.37 0.16 4.00 bad
0.15 0.40 6.00 bad
0.31 0.28 4.00 good
0.17 0.21 2.00 good
0.11 0.25 8.00 bad
0.10 0.22 10.00 good
0.30 0.33 6.00 good
0.09 0.31 8.00 bad
0.20 0.29 6.00 good
0.30 0.39 6.00 bad
0.12 0.18 2.00 good
0.14 0.34 6.00 good
0.17 0.26 2.00 bad
0.13 0.24 2.00 good
0.20 0.30 6.00 bad
0.07 0.19 8.00 good
0.04 0.15 10.00 bad
0.33 0.14 2.00 bad
0.05 0.33 6.00 good
0.28 0.33 6.00 bad
0.20 0.32 6.00 good
0.05 0.14 10.00 good
0.21 0.21 10.00 good
0.21 0.18 10.00 bad
0.08 0.25 8.00 good
0.50 0.08 4.00 bad
0.07 0.12 2.00 good
0.27 0.21 2.00 bad
0.14 0.43 6.00 bad
0.06 0.16 10.00 good
0.11 0.25 8.00 bad
0.05 0.26 8.00 bad
0.10 0.04 2.00 bad
0.12 0.25 8.00 bad
0.08 0.26 10.00 good
0.11 0.22 8.00 bad
0.07 0.15 8.00 good
0.10 0.33 6.00 bad
0.19 0.26 2.00 bad
0.03 0.13 10.00 bad
0.08 0.54 6.00 bad
0.17 0.28 6.00 bad
0.14 0.33 6.00 bad
0.19 0.15 2.00 good
0.09 0.23 10.00 bad
0.17 0.27 8.00 bad
0.08 0.16 10.00 good
0.04 0.16 10.00 good
0.08 0.22 8.00 good
0.12 0.34 6.00 bad
0.02 0.34 6.00 bad
0.08 0.50 6.00 bad
0.08 0.19 8.00 good
0.14 0.27 6.00 good
0.21 0.28 6.00 bad
0.13 0.36 6.00 bad
0.02 0.09 10.00 bad
0.19 0.35 6.00 bad
0.12 0.42 6.00 good
0.18 0.20 8.00 good
0.30 0.32 6.00 bad
0.10 0.28 8.00 bad
0.08 0.37 6.00 good
0.06 0.16 10.00 good
0.06 0.22 10.00 good
0.13 0.28 6.00 bad
0.41 0.13 4.00 good
0.14 0.25 8.00 good
0.13 0.33 8.00 bad
0.09 0.24 8.00 bad
0.24 0.32 6.00 bad
0.07 0.24 8.00 good
0.30 0.07 8.00 bad
0.21 0.22 8.00 bad
0.25 0.27 6.00 bad
0.10 0.45 6.00 bad
0.09 0.27 8.00 good
0.22 0.19 2.00 good
0.18 0.23 8.00 good
0.15 0.35 6.00 bad
0.07 0.16 10.00 bad