AddListCount FiveStarRate Mode Class
99
2 3 4 5 6 9 10 11 12 13 14 15 16 17 19 20 22 24 25 26 27 31 34 35 37 40 41 42 44 47 50 52 53 57 58 59 62 63 64 65 66 67 69 72 73 74 75 76 78 79 80 82 84 85 86 88 90 91 92 94 95 99 101 102 106 107 108 109 110 111 113 114 115 116 117 119 121 122 123 125 126 128 129 131 136 137 138 140 141 142 144 145 146 147 148 149 150 151 153
12 0.15 6.00 bad
38 0.18 8.00 bad
22 0.10 6.00 bad
122 0.12 6.00 good
42 0.23 2.00 good
14 0.02 8.00 bad
25 0.09 8.00 bad
15 0.16 6.00 bad
12 0.20 6.00 bad
9 0.09 6.00 bad
136 0.20 2.00 good
204 0.23 6.00 bad
25 0.14 6.00 good
10 0.12 8.00 bad
70 0.28 10.00 bad
17 0.13 2.00 good
61 0.11 6.00 bad
23 0.11 6.00 bad
2 0.20 2.00 bad
32 0.19 6.00 bad
31 0.05 2.00 good
6 0.09 6.00 good
24 0.03 6.00 bad
254 0.21 2.00 good
106 0.28 8.00 bad
172 0.19 8.00 good
289 0.17 6.00 good
215 0.11 2.00 bad
242 0.23 2.00 good
20 0.08 4.00 bad
7 0.07 6.00 good
446 0.42 10.00 bad
1 0.10 2.00 bad
551 0.18 8.00 bad
70 0.37 10.00 good
138 0.25 10.00 good
3 0.00 4.00 bad
21 0.30 2.00 good
10 0.02 2.00 bad
22 0.07 6.00 bad
2 0.10 6.00 bad
17 0.42 10.00 good
5 0.21 8.00 bad
180 0.35 10.00 good
8 0.17 8.00 bad
16 0.04 6.00 bad
8 0.10 6.00 good
110 0.24 8.00 good
57 0.16 6.00 bad
94 0.10 2.00 bad
193 0.58 10.00 bad
3 0.22 4.00 bad
3 0.14 6.00 bad
55 0.10 2.00 good
53 0.26 6.00 bad
321 0.30 10.00 good
4 0.07 2.00 bad
218 0.34 10.00 good
141 0.42 10.00 good
57 0.23 8.00 good
4 0.15 6.00 bad
253 0.17 6.00 bad
65 0.27 10.00 bad
39 0.08 2.00 good
102 0.16 6.00 good
188 0.31 10.00 bad
1586 0.63 10.00 good
34 0.10 6.00 bad
31 0.10 6.00 bad
53 0.12 8.00 good
25 0.14 6.00 bad
218 0.60 10.00 bad
76 0.07 6.00 bad
7 0.17 6.00 good
5 0.09 6.00 bad
274 0.29 8.00 good
14 0.02 6.00 bad
126 0.25 8.00 bad
32 0.20 6.00 good
149 0.67 10.00 good
48 0.30 10.00 good
108 0.31 10.00 good
510 0.37 10.00 good
5 0.06 4.00 good
9 0.09 6.00 bad
303 0.38 10.00 good
53 0.18 2.00 bad
7 0.05 8.00 bad
19 0.15 8.00 bad
365 0.46 10.00 good
103 0.09 6.00 bad
28 0.08 6.00 bad
710 0.19 8.00 good
26 0.02 2.00 good
54 0.08 2.00 bad
178 0.15 8.00 good
5 0.15 6.00 bad
125 0.37 10.00 bad
50 0.12 6.00 good