BookWordCount AddListCount TwoStarRate Class
101
0 1 2 3 5 7 8 9 11 12 13 15 16 19 20 21 23 24 25 27 28 30 31 33 35 37 38 39 40 41 43 44 46 49 51 53 54 57 58 59 60 63 66 67 68 69 71 72 74 77 78 79 80 84 85 87 88 89 91 92 93 94 95 96 97 98 99 100 104 105 107 109 110 111 112 113 115 116 117 118 119 122 124 125 126 128 130 131 132 133 135 137 140 141 144 145 147 148 150 152 153
177.20 214 0.15 good
289.90 492 0.08 good
48.30 12 0.10 bad
52.30 38 0.12 bad
158.50 122 0.20 good
38.90 8 0.15 bad
143.50 53 0.16 bad
21.30 14 0.18 bad
13.40 15 0.04 bad
21.80 12 0.08 bad
27.50 9 0.24 bad
257.20 204 0.13 bad
135.80 25 0.22 good
122.40 70 0.18 bad
82.30 17 0.20 good
74.10 12 0.37 bad
122.20 32 0.31 good
74.80 23 0.21 bad
35.90 2 0.20 bad
147.20 31 0.17 good
53.00 73 0.11 bad
150.70 9 0.18 bad
78.00 6 0.30 good
178.90 49 0.20 good
713.10 254 0.12 good
51.30 106 0.03 bad
80.20 19 0.35 bad
22.80 1 0.26 bad
153.10 172 0.12 good
168.40 289 0.14 good
74.40 18 0.13 good
296.80 242 0.07 good
123.50 28 0.07 good
44.50 13 0.10 bad
84.60 42 0.30 bad
53.70 1 0.33 bad
13.00 9 0.05 good
293.40 551 0.07 bad
63.50 70 0.05 good
133.40 138 0.21 good
45.10 19 0.21 bad
108.60 21 0.07 good
34.80 2 0.14 bad
16.80 17 0.06 good
79.60 45 0.11 bad
7.30 5 0.05 bad
98.90 119 0.12 bad
390.00 180 0.08 good
49.30 16 0.22 bad
1070.70 183 0.07 bad
70.00 57 0.10 bad
131.20 94 0.19 bad
144.70 193 0.03 bad
30.00 3 0.14 bad
87.20 55 0.19 good
112.10 65 0.09 bad
315.30 321 0.10 good
153.20 49 0.17 bad
126.20 218 0.08 good
116.50 141 0.04 good
90.50 121 0.08 bad
63.70 57 0.11 good
99.00 4 0.23 bad
34.10 100 0.11 good
22.20 7 0.03 good
170.60 558 0.08 good
181.90 253 0.12 bad
59.90 8 0.02 bad
150.50 5 0.31 bad
198.70 98 0.08 good
310.00 188 0.12 bad
101.10 34 0.14 bad
133.50 31 0.21 bad
148.90 53 0.16 good
107.80 63 0.20 bad
247.80 25 0.13 bad
119.20 76 0.19 bad
118.30 7 0.12 good
59.10 5 0.11 bad
92.20 112 0.11 bad
427.70 274 0.06 good
79.20 126 0.10 bad
223.00 57 0.19 good
65.70 149 0.02 good
89.70 48 0.06 good
296.70 108 0.08 good
46.30 11 0.13 bad
195.70 5 0.41 good
237.20 131 0.14 good
145.80 1 0.13 bad
335.20 293 0.09 bad
448.70 303 0.05 good
43.40 7 0.30 bad
25.10 19 0.03 bad
319.70 103 0.25 bad
62.30 28 0.10 bad
154.00 26 0.22 good
209.90 54 0.03 bad
44.60 5 0.15 bad
163.50 12 0.19 good
73.20 50 0.22 good