BookScore ThreeStarRate Median Class
94
0 2 5 6 7 9 10 11 13 14 15 16 17 18 19 23 24 25 27 28 30 31 32 35 37 39 40 42 43 44 46 51 53 55 57 60 62 65 67 69 70 71 72 73 74 75 77 81 82 83 87 88 90 91 92 93 94 95 96 97 98 99 100 101 102 103 104 106 108 109 111 112 115 116 117 120 122 123 125 127 128 129 130 131 132 136 138 139 143 146 149 150 151 153
6.4 0.28 6.00 good
6.4 0.40 6.00 bad
5.6 0.26 6.00 good
6.0 0.21 6.00 good
5.8 0.48 6.00 bad
5.4 0.26 6.00 bad
5.8 0.23 6.00 bad
6.9 0.40 6.00 bad
5.5 0.39 6.00 bad
5.9 0.21 6.00 good
6.6 0.27 6.00 bad
5.7 0.23 6.00 good
5.6 0.20 6.00 bad
6.5 0.28 6.00 bad
6.7 0.22 6.00 bad
4.7 0.28 4.00 good
5.5 0.36 6.00 bad
4.8 0.20 4.00 bad
4.5 0.21 4.00 good
7.2 0.25 8.00 bad
5.4 0.32 6.00 bad
5.8 0.33 6.00 good
6.8 0.31 8.00 bad
5.5 0.18 6.00 good
7.8 0.20 8.00 bad
3.5 0.16 2.00 bad
6.7 0.24 8.00 good
5.4 0.26 6.00 bad
5.1 0.24 6.00 good
5.4 0.11 4.00 good
7.1 0.19 8.00 good
5.9 0.37 6.00 bad
4.0 0.14 4.00 bad
5.6 0.33 6.00 bad
6.2 0.21 6.00 bad
6.2 0.18 6.00 bad
5.3 0.08 4.00 bad
4.8 0.31 4.00 bad
7.6 0.16 8.00 good
7.4 0.26 8.00 bad
5.9 0.04 8.00 bad
6.1 0.25 6.00 bad
7.3 0.26 8.00 good
6.8 0.22 8.00 bad
6.1 0.36 6.00 bad
6.4 0.40 6.00 good
7.6 0.22 8.00 bad
5.8 0.54 6.00 bad
5.6 0.20 4.00 bad
6.6 0.28 6.00 bad
6.4 0.23 6.00 bad
6.7 0.18 8.00 good
4.0 0.20 2.00 bad
7.2 0.16 8.00 good
7.8 0.16 8.00 good
6.9 0.26 8.00 bad
7.0 0.23 8.00 good
5.5 0.46 6.00 bad
6.7 0.28 8.00 good
6.5 0.26 8.00 good
7.3 0.22 8.00 good
6.5 0.34 6.00 bad
7.0 0.34 8.00 bad
7.1 0.26 8.00 bad
5.3 0.26 6.00 good
6.6 0.50 6.00 bad
4.9 0.34 4.00 bad
6.0 0.27 6.00 good
8.7 0.10 10.00 good
6.0 0.36 6.00 bad
5.8 0.26 6.00 good
5.4 0.30 6.00 bad
5.5 0.35 6.00 bad
6.0 0.42 6.00 good
5.5 0.45 6.00 bad
5.6 0.20 6.00 good
7.0 0.28 8.00 bad
7.0 0.37 6.00 good
8.9 0.08 10.00 good
7.4 0.22 8.00 good
6.5 0.13 8.00 good
7.3 0.16 8.00 good
5.7 0.28 6.00 bad
4.4 0.13 4.00 good
6.4 0.25 6.00 good
4.8 0.32 4.00 bad
5.7 0.22 6.00 bad
7.0 0.24 8.00 good
5.5 0.22 6.00 bad
7.0 0.27 8.00 good
6.0 0.23 6.00 good
6.1 0.35 6.00 bad
6.8 0.16 8.00 bad
5.7 0.25 6.00 good