BookScoreCount Mode Kurtosis Class
103
1 6 7 8 9 10 11 12 13 16 18 19 21 22 24 25 26 29 30 32 34 35 36 37 38 40 41 42 43 44 45 47 48 49 50 56 57 58 59 60 61 62 63 64 65 68 69 71 73 75 77 78 79 80 81 82 83 84 86 87 88 89 90 91 93 94 95 97 100 101 102 105 106 111 113 114 115 119 120 122 123 124 126 127 130 131 132 133 134 135 136 137 140 142 143 145 146 147 148 149 151 152 153
967 8.00 406.22 good
187 2.00 75.15 good
27 6.00 181.37 bad
177 6.00 196.73 bad
51 8.00 110.48 bad
78 8.00 143.84 bad
51 6.00 491.68 bad
25 6.00 114.51 bad
48 6.00 156.17 bad
119 6.00 87.54 good
23 10.00 137.29 bad
250 10.00 181.41 bad
44 4.00 66.70 bad
159 6.00 468.11 bad
70 6.00 114.10 bad
11 2.00 28.01 bad
100 6.00 249.04 bad
290 10.00 194.89 good
29 6.00 80.73 bad
292 8.00 404.81 bad
97 6.00 192.82 bad
1909 2.00 41.11 good
223 8.00 203.97 bad
216 8.00 948.64 bad
63 4.00 172.89 bad
495 8.00 227.23 good
670 6.00 389.04 good
686 2.00 74.29 bad
81 2.00 44.83 good
1885 2.00 29.34 good
299 6.00 135.14 bad
79 4.00 85.63 bad
1248 8.00 362.40 bad
72 6.00 155.38 bad
29 6.00 119.73 good
80 6.00 74.03 good
2109 8.00 94.54 bad
461 10.00 256.16 good
484 10.00 148.52 good
108 10.00 95.85 bad
86 8.00 1104.85 good
13 4.00 199.64 bad
91 2.00 55.29 good
45 2.00 59.06 bad
82 6.00 77.07 bad
153 8.00 223.96 bad
20 8.00 758.93 bad
248 8.00 106.33 bad
19 8.00 278.58 bad
21 6.00 344.01 good
745 10.00 440.27 bad
217 6.00 147.32 bad
531 2.00 65.93 bad
714 10.00 599.56 bad
25 6.00 173.53 bad
31 4.00 87.78 bad
104 6.00 188.48 bad
21 6.00 116.65 bad
222 6.00 249.84 bad
182 10.00 95.46 bad
1636 10.00 118.81 good
145 8.00 208.64 bad
16 2.00 25.57 bad
654 10.00 191.97 good
396 8.00 288.02 bad
218 8.00 299.63 good
13 6.00 128.84 bad
39 8.00 198.40 good
42 6.00 297.05 bad
219 10.00 286.97 bad
225 2.00 65.28 good
339 8.00 385.10 good
349 6.00 114.14 good
182 8.00 113.09 good
136 6.00 164.81 bad
1114 10.00 875.52 bad
282 6.00 125.49 bad
1575 8.00 297.36 good
45 8.00 75.21 good
385 8.00 313.76 bad
93 6.00 502.72 good
320 6.00 101.09 good
353 10.00 76.64 good
387 10.00 319.05 good
82 6.00 73.99 bad
31 4.00 58.14 good
614 8.00 212.10 good
23 8.00 194.01 bad
795 8.00 176.74 good
1310 8.00 234.30 bad
68 6.00 63.17 bad
1641 10.00 478.73 good
21 8.00 361.68 bad
2366 10.00 364.52 good
153 8.00 86.23 bad
61 6.00 909.70 bad
2356 8.00 402.15 good
208 2.00 40.59 good
1080 2.00 9.99 bad
674 8.00 113.50 good
638 10.00 105.22 bad
45 2.00 62.68 good
209 6.00 105.28 good