BookWordCount BookScore Mode Class
106
0 2 3 4 5 6 7 8 10 14 15 16 18 19 20 21 22 23 24 25 29 30 31 32 33 35 36 37 38 40 41 42 44 45 47 48 49 50 52 54 56 57 58 59 60 61 63 65 67 68 71 72 73 74 76 79 80 81 82 83 84 86 90 91 92 93 96 98 99 102 103 104 105 106 107 109 112 113 114 115 116 117 119 120 121 122 123 125 128 129 130 131 132 133 135 137 140 141 143 144 145 147 148 149 150 152
177.20 6.4 8.00 good
48.30 6.4 6.00 bad
52.30 6.4 8.00 bad
139.00 5.8 6.00 bad
158.50 5.6 6.00 good
59.60 6.0 2.00 good
38.90 5.8 6.00 bad
143.50 6.5 6.00 bad
82.50 5.8 8.00 bad
123.80 5.9 2.00 good
257.20 6.6 6.00 bad
135.80 5.7 6.00 good
24.10 6.5 10.00 bad
122.40 6.7 10.00 bad
82.30 5.3 2.00 good
74.10 4.6 4.00 bad
77.70 6.5 6.00 bad
122.20 4.7 4.00 good
74.80 5.5 6.00 bad
35.90 4.8 2.00 bad
233.90 7.1 10.00 good
150.70 5.4 6.00 bad
78.00 5.8 6.00 good
51.10 6.8 8.00 bad
178.90 6.1 6.00 good
713.10 5.5 2.00 good
87.00 6.7 8.00 bad
51.30 7.8 8.00 bad
80.20 5.9 4.00 bad
153.10 6.7 8.00 good
168.40 6.7 6.00 good
300.10 5.4 2.00 bad
296.80 5.4 2.00 good
380.50 5.8 6.00 bad
49.70 5.3 4.00 bad
281.40 6.8 8.00 bad
44.50 5.9 6.00 bad
51.90 5.3 6.00 good
76.10 7.9 10.00 bad
13.00 7.0 6.00 good
40.40 5.3 6.00 good
293.40 6.2 8.00 bad
63.50 7.5 10.00 good
133.40 6.5 10.00 good
45.10 6.2 10.00 bad
17.00 7.5 8.00 good
108.60 6.2 2.00 good
72.20 4.8 6.00 bad
16.80 7.6 10.00 good
79.60 6.8 8.00 bad
98.90 6.1 8.00 bad
390.00 7.3 10.00 good
68.60 6.8 8.00 bad
49.30 6.1 6.00 bad
46.20 6.8 8.00 good
131.20 5.2 2.00 bad
144.70 8.3 10.00 bad
87.70 5.8 6.00 bad
183.00 5.6 4.00 bad
40.80 6.6 6.00 bad
30.00 5.9 6.00 bad
129.90 7.0 6.00 bad
50.40 4.0 2.00 bad
126.20 7.2 10.00 good
116.50 7.8 10.00 good
90.50 6.9 8.00 bad
34.10 6.7 8.00 good
170.60 7.3 8.00 good
181.90 6.5 6.00 bad
78.10 5.3 2.00 good
21.40 6.6 6.00 bad
150.50 4.9 6.00 bad
198.70 7.4 8.00 good
64.40 6.0 6.00 good
310.00 6.4 10.00 bad
101.10 6.0 6.00 bad
107.80 5.4 6.00 bad
247.80 6.1 6.00 bad
31.70 8.5 10.00 bad
119.20 5.5 6.00 bad
118.30 6.0 6.00 good
59.10 5.5 6.00 bad
427.70 7.3 8.00 good
85.80 5.6 8.00 good
145.90 4.5 6.00 bad
79.20 7.0 8.00 bad
153.40 7.0 6.00 good
65.70 8.9 10.00 good
296.70 6.5 10.00 good
322.80 7.3 10.00 good
46.30 5.7 6.00 bad
195.70 4.4 4.00 good
237.20 6.4 8.00 good
145.80 5.9 8.00 bad
335.20 7.0 8.00 bad
448.70 7.8 10.00 good
43.40 6.4 8.00 bad
25.10 6.9 8.00 bad
177.70 5.5 8.00 bad
319.70 5.4 6.00 bad
62.30 6.7 6.00 bad
154.00 3.9 2.00 good
209.90 3.3 2.00 bad
382.10 6.0 8.00 good
44.60 6.1 6.00 bad
163.50 5.1 2.00 good