BookWordCount Median Kurtosis Class
94
1 2 3 4 5 6 7 11 12 13 14 18 21 24 26 28 29 30 33 34 35 37 39 40 41 42 43 45 46 47 50 51 55 57 59 62 64 65 66 67 70 71 75 76 77 78 79 80 81 82 83 84 85 87 89 90 91 95 96 97 98 101 102 103 104 105 106 110 111 113 114 115 116 117 118 119 120 124 127 130 132 133 135 136 138 140 141 142 143 144 146 148 151 152
289.90 8.00 406.22 good
48.30 6.00 267.71 bad
52.30 6.00 155.27 bad
139.00 6.00 113.07 bad
158.50 6.00 93.52 good
59.60 6.00 75.15 good
38.90 6.00 181.37 bad
13.40 6.00 491.68 bad
21.80 6.00 114.51 bad
27.50 6.00 156.17 bad
123.80 6.00 68.44 good
24.10 6.00 137.29 bad
74.10 4.00 66.70 bad
74.80 6.00 114.10 bad
62.70 6.00 249.04 bad
53.00 8.00 418.19 bad
233.90 8.00 194.89 good
150.70 6.00 80.73 bad
178.90 6.00 163.05 good
154.60 6.00 192.82 bad
713.10 6.00 41.11 good
51.30 8.00 948.64 bad
22.80 2.00 53.89 bad
153.10 8.00 227.23 good
168.40 6.00 389.04 good
300.10 6.00 74.29 bad
74.40 6.00 44.83 good
380.50 6.00 135.14 bad
123.50 8.00 218.67 good
49.70 4.00 85.63 bad
51.90 6.00 119.73 good
84.60 6.00 339.26 bad
106.40 6.00 182.02 bad
293.40 6.00 94.54 bad
133.40 6.00 148.52 good
49.60 4.00 199.64 bad
54.40 4.00 59.06 bad
72.20 4.00 77.07 bad
34.80 6.00 204.65 bad
16.80 8.00 278.88 good
55.40 8.00 49.13 bad
98.90 6.00 106.33 bad
39.60 6.00 344.01 good
46.20 8.00 159.36 good
1070.70 8.00 440.27 bad
70.00 6.00 147.32 bad
131.20 6.00 65.93 bad
144.70 10.00 599.56 bad
87.70 6.00 173.53 bad
183.00 4.00 87.78 bad
40.80 6.00 188.48 bad
30.00 6.00 116.65 bad
87.20 4.00 51.21 good
112.10 6.00 95.46 bad
153.20 6.00 208.64 bad
50.40 2.00 25.57 bad
126.20 8.00 191.97 good
99.00 6.00 128.84 bad
34.10 8.00 282.28 good
22.20 8.00 198.40 good
170.60 8.00 391.57 good
219.60 8.00 286.97 bad
78.10 6.00 65.28 good
21.40 6.00 664.54 bad
150.50 4.00 92.39 bad
198.70 8.00 385.10 good
64.40 6.00 114.14 good
133.50 6.00 131.59 bad
148.90 6.00 113.09 good
247.80 6.00 164.81 bad
31.70 10.00 875.52 bad
119.20 6.00 125.49 bad
118.30 6.00 138.45 good
59.10 6.00 132.92 bad
92.20 6.00 387.39 bad
427.70 8.00 297.36 good
85.80 6.00 75.21 good
223.00 6.00 101.09 good
34.20 8.00 319.05 good
46.30 6.00 73.99 bad
237.20 6.00 212.10 good
145.80 6.00 194.01 bad
335.20 8.00 234.30 bad
72.70 4.00 63.17 bad
212.90 6.00 56.35 bad
43.40 8.00 361.68 bad
25.10 8.00 311.51 bad
518.00 8.00 364.52 good
177.70 6.00 86.23 bad
319.70 6.00 97.95 bad
477.20 8.00 402.15 good
209.90 2.00 9.99 bad
93.00 8.00 105.22 bad
163.50 6.00 62.68 good