TwoStarRate ThreeStarRate Mode Class
95
0 1 5 7 10 12 13 15 16 18 19 22 26 27 28 30 32 33 34 35 37 39 40 41 42 43 46 47 49 52 55 56 57 59 60 61 62 63 66 67 68 69 70 72 75 78 79 81 83 84 85 87 89 90 92 93 94 95 96 97 100 102 105 106 108 109 110 115 116 117 118 119 120 121 124 125 126 127 128 129 130 132 133 136 138 140 141 142 143 144 145 147 149 150 152
0.15 0.28 8.00 good
0.08 0.23 8.00 good
0.20 0.26 6.00 good
0.15 0.48 6.00 bad
0.26 0.23 8.00 bad
0.08 0.44 6.00 bad
0.24 0.39 6.00 bad
0.13 0.27 6.00 bad
0.22 0.23 6.00 good
0.17 0.28 10.00 bad
0.18 0.22 10.00 bad
0.15 0.40 6.00 bad
0.09 0.43 6.00 bad
0.17 0.21 2.00 good
0.11 0.25 8.00 bad
0.18 0.32 6.00 bad
0.09 0.31 8.00 bad
0.20 0.29 6.00 good
0.30 0.39 6.00 bad
0.12 0.18 2.00 good
0.03 0.20 8.00 bad
0.26 0.16 2.00 bad
0.12 0.24 8.00 good
0.14 0.34 6.00 good
0.17 0.26 2.00 bad
0.13 0.24 2.00 good
0.07 0.19 8.00 good
0.28 0.20 4.00 bad
0.10 0.39 6.00 bad
0.04 0.15 10.00 bad
0.28 0.33 6.00 bad
0.20 0.32 6.00 good
0.07 0.21 8.00 bad
0.21 0.21 10.00 good
0.21 0.18 10.00 bad
0.08 0.25 8.00 good
0.50 0.08 4.00 bad
0.07 0.12 2.00 good
0.14 0.43 6.00 bad
0.06 0.16 10.00 good
0.11 0.25 8.00 bad
0.05 0.26 8.00 bad
0.10 0.04 2.00 bad
0.08 0.26 10.00 good
0.10 0.40 6.00 good
0.10 0.33 6.00 bad
0.19 0.26 2.00 bad
0.08 0.54 6.00 bad
0.17 0.28 6.00 bad
0.14 0.33 6.00 bad
0.19 0.15 2.00 good
0.09 0.23 10.00 bad
0.17 0.27 8.00 bad
0.13 0.20 2.00 bad
0.04 0.16 10.00 good
0.08 0.26 8.00 bad
0.11 0.23 8.00 good
0.23 0.46 6.00 bad
0.11 0.28 8.00 good
0.03 0.26 8.00 good
0.02 0.34 6.00 bad
0.14 0.26 2.00 good
0.08 0.19 8.00 good
0.14 0.27 6.00 good
0.02 0.10 10.00 good
0.14 0.36 6.00 bad
0.21 0.28 6.00 bad
0.19 0.35 6.00 bad
0.12 0.42 6.00 good
0.11 0.45 6.00 bad
0.11 0.39 6.00 bad
0.06 0.20 8.00 good
0.18 0.20 8.00 good
0.30 0.32 6.00 bad
0.19 0.29 6.00 good
0.02 0.08 10.00 good
0.06 0.16 10.00 good
0.06 0.22 10.00 good
0.08 0.13 10.00 good
0.07 0.16 10.00 good
0.13 0.28 6.00 bad
0.14 0.25 8.00 good
0.13 0.33 8.00 bad
0.24 0.32 6.00 bad
0.10 0.22 2.00 bad
0.30 0.07 8.00 bad
0.03 0.19 8.00 bad
0.05 0.15 10.00 good
0.21 0.22 8.00 bad
0.25 0.27 6.00 bad
0.10 0.45 6.00 bad
0.22 0.19 2.00 good
0.18 0.23 8.00 good
0.15 0.35 6.00 bad
0.19 0.28 2.00 good