AddListCount ThreeStarRate FiveStarRate Class
103
0 1 2 4 5 6 7 9 10 11 12 14 18 22 23 25 26 27 28 31 33 34 36 39 40 45 46 48 49 50 51 54 55 56 57 58 59 60 63 64 65 67 70 71 72 73 74 75 76 77 79 80 81 82 85 86 88 90 91 92 93 95 97 98 100 102 103 104 105 106 109 111 112 115 116 117 120 121 122 123 124 125 126 127 128 129 131 132 133 135 136 138 140 141 143 144 145 146 148 149 150 151 153
214 0.28 0.15 good
492 0.23 0.25 good
12 0.40 0.15 bad
22 0.33 0.10 bad
122 0.26 0.12 good
42 0.21 0.23 good
8 0.48 0.11 bad
14 0.26 0.02 bad
25 0.23 0.09 bad
15 0.40 0.16 bad
12 0.44 0.20 bad
136 0.21 0.20 good
7 0.28 0.28 bad
61 0.40 0.11 bad
32 0.28 0.06 good
2 0.20 0.20 bad
32 0.43 0.19 bad
31 0.21 0.05 good
73 0.25 0.27 bad
6 0.33 0.09 good
49 0.29 0.15 good
24 0.39 0.03 bad
63 0.23 0.19 bad
1 0.16 0.00 bad
172 0.24 0.19 good
93 0.30 0.10 bad
28 0.19 0.27 good
371 0.33 0.17 bad
13 0.39 0.10 bad
7 0.32 0.07 good
42 0.37 0.07 bad
9 0.33 0.29 good
11 0.33 0.06 bad
13 0.32 0.13 good
551 0.21 0.18 bad
70 0.14 0.37 good
138 0.21 0.25 good
19 0.18 0.23 bad
21 0.12 0.30 good
10 0.21 0.02 bad
22 0.31 0.07 bad
17 0.16 0.42 good
2 0.04 0.20 bad
119 0.25 0.17 bad
180 0.26 0.35 good
8 0.22 0.17 bad
16 0.36 0.04 bad
8 0.40 0.10 good
110 0.15 0.24 good
183 0.22 0.37 bad
94 0.26 0.10 bad
193 0.13 0.58 bad
4 0.54 0.13 bad
3 0.20 0.22 bad
55 0.15 0.10 good
53 0.30 0.26 bad
321 0.18 0.30 good
4 0.20 0.07 bad
218 0.16 0.34 good
141 0.16 0.42 good
121 0.26 0.21 bad
4 0.46 0.15 bad
7 0.26 0.13 good
558 0.22 0.29 good
8 0.34 0.25 bad
39 0.26 0.08 good
6 0.50 0.11 bad
5 0.34 0.09 bad
98 0.19 0.31 good
102 0.27 0.16 good
34 0.36 0.10 bad
53 0.26 0.12 good
63 0.30 0.11 bad
76 0.35 0.07 bad
7 0.42 0.17 good
5 0.45 0.09 bad
15 0.20 0.11 good
14 0.32 0.02 bad
126 0.28 0.25 bad
32 0.37 0.20 good
57 0.29 0.11 good
149 0.08 0.67 good
48 0.16 0.30 good
146 0.22 0.36 good
108 0.13 0.31 good
510 0.16 0.37 good
5 0.13 0.06 good
131 0.25 0.13 good
1 0.33 0.04 bad
293 0.24 0.26 bad
9 0.32 0.09 bad
53 0.22 0.18 bad
7 0.07 0.05 bad
19 0.19 0.15 bad
42 0.22 0.10 bad
103 0.27 0.09 bad
28 0.45 0.08 bad
710 0.27 0.19 good
54 0.04 0.08 bad
178 0.23 0.15 good
5 0.35 0.15 bad
125 0.16 0.37 bad
50 0.25 0.12 good