TwoStarRate FiveStarRate Median Class
96
1 2 6 9 10 13 17 18 19 20 21 22 23 24 25 27 28 31 32 33 35 38 39 40 41 42 43 44 45 47 48 49 50 53 56 57 58 59 60 61 64 65 70 71 73 74 77 78 79 80 82 83 85 86 87 88 91 92 93 94 95 96 97 98 99 100 101 102 106 109 110 114 115 116 118 119 120 121 122 123 124 126 129 130 131 135 136 137 138 140 142 144 145 146 149 151
0.08 0.25 8.00 good
0.10 0.15 6.00 bad
0.14 0.23 6.00 good
0.18 0.02 6.00 bad
0.26 0.09 6.00 bad
0.24 0.09 6.00 bad
0.22 0.12 6.00 bad
0.17 0.28 6.00 bad
0.18 0.28 6.00 bad
0.20 0.13 4.00 good
0.37 0.04 4.00 bad
0.15 0.11 6.00 bad
0.31 0.06 4.00 good
0.21 0.11 6.00 bad
0.20 0.20 4.00 bad
0.17 0.05 4.00 good
0.11 0.27 8.00 bad
0.30 0.09 6.00 good
0.09 0.13 8.00 bad
0.20 0.15 6.00 good
0.12 0.21 6.00 good
0.35 0.13 6.00 bad
0.26 0.00 2.00 bad
0.12 0.19 8.00 good
0.14 0.17 6.00 good
0.17 0.11 6.00 bad
0.13 0.14 6.00 good
0.07 0.23 4.00 good
0.20 0.10 6.00 bad
0.28 0.08 4.00 bad
0.09 0.17 6.00 bad
0.10 0.10 6.00 bad
0.28 0.07 6.00 good
0.33 0.10 4.00 bad
0.20 0.13 6.00 good
0.07 0.18 6.00 bad
0.05 0.37 8.00 good
0.21 0.25 6.00 good
0.21 0.23 6.00 bad
0.08 0.21 8.00 good
0.27 0.02 4.00 bad
0.28 0.07 4.00 bad
0.10 0.20 8.00 bad
0.12 0.17 6.00 bad
0.11 0.17 8.00 bad
0.22 0.04 6.00 bad
0.07 0.37 8.00 bad
0.10 0.16 6.00 bad
0.19 0.10 6.00 bad
0.03 0.58 10.00 bad
0.41 0.22 4.00 bad
0.17 0.22 6.00 bad
0.19 0.10 4.00 good
0.03 0.26 8.00 bad
0.09 0.27 6.00 bad
0.10 0.30 8.00 good
0.08 0.34 8.00 good
0.04 0.42 8.00 good
0.08 0.21 8.00 bad
0.11 0.23 8.00 good
0.23 0.15 6.00 bad
0.11 0.17 8.00 good
0.03 0.13 8.00 good
0.08 0.29 8.00 good
0.12 0.17 6.00 bad
0.02 0.25 8.00 bad
0.10 0.27 8.00 bad
0.14 0.08 6.00 good
0.14 0.16 6.00 good
0.14 0.10 6.00 bad
0.21 0.10 6.00 bad
0.02 0.60 10.00 bad
0.19 0.07 6.00 bad
0.12 0.17 6.00 good
0.11 0.11 6.00 bad
0.06 0.29 8.00 good
0.18 0.11 6.00 good
0.30 0.02 4.00 bad
0.10 0.25 8.00 bad
0.08 0.20 6.00 good
0.19 0.11 6.00 good
0.06 0.30 8.00 good
0.07 0.37 8.00 good
0.13 0.17 6.00 bad
0.41 0.06 4.00 good
0.09 0.26 8.00 bad
0.24 0.09 4.00 bad
0.05 0.38 8.00 good
0.10 0.18 6.00 bad
0.30 0.05 8.00 bad
0.05 0.46 8.00 good
0.25 0.09 6.00 bad
0.10 0.08 6.00 bad
0.09 0.19 8.00 good
0.18 0.15 6.00 good
0.07 0.37 8.00 bad