BookWordCount AddListCount Median Class
107
1 2 3 4 5 9 10 11 14 15 16 19 22 23 24 25 26 27 32 33 35 39 40 41 42 43 44 45 46 47 48 52 53 54 55 56 57 58 60 61 62 63 64 65 66 68 69 70 71 73 74 75 76 77 78 80 81 82 87 88 90 91 92 94 95 96 98 101 102 103 104 105 107 108 109 111 112 113 114 115 116 117 118 119 120 121 123 124 125 127 129 130 131 132 133 134 135 137 141 145 146 147 149 150 151 152 153
289.90 492 8.00 good
48.30 12 6.00 bad
52.30 38 6.00 bad
139.00 22 6.00 bad
158.50 122 6.00 good
21.30 14 6.00 bad
82.50 25 6.00 bad
13.40 15 6.00 bad
123.80 136 6.00 good
257.20 204 6.00 bad
135.80 25 6.00 good
122.40 70 6.00 bad
77.70 61 6.00 bad
122.20 32 4.00 good
74.80 23 6.00 bad
35.90 2 4.00 bad
62.70 32 6.00 bad
147.20 31 4.00 good
51.10 111 8.00 bad
178.90 49 6.00 good
713.10 254 6.00 good
22.80 1 2.00 bad
153.10 172 8.00 good
168.40 289 6.00 good
300.10 215 6.00 bad
74.40 18 6.00 good
296.80 242 4.00 good
380.50 93 6.00 bad
123.50 28 8.00 good
49.70 20 4.00 bad
281.40 371 6.00 bad
76.10 446 8.00 bad
53.70 1 4.00 bad
13.00 9 6.00 good
106.40 11 6.00 bad
40.40 13 6.00 good
293.40 551 6.00 bad
63.50 70 8.00 good
45.10 19 6.00 bad
17.00 33 8.00 good
49.60 3 4.00 bad
108.60 21 6.00 good
54.40 10 4.00 bad
72.20 22 4.00 bad
34.80 2 6.00 bad
79.60 45 8.00 bad
7.30 5 8.00 bad
55.40 2 8.00 bad
98.90 119 6.00 bad
68.60 8 8.00 bad
49.30 16 6.00 bad
39.60 8 6.00 good
46.20 110 8.00 good
1070.70 183 8.00 bad
70.00 57 6.00 bad
144.70 193 10.00 bad
87.70 4 6.00 bad
183.00 3 4.00 bad
112.10 65 6.00 bad
315.30 321 8.00 good
50.40 4 2.00 bad
126.20 218 8.00 good
116.50 141 8.00 good
63.70 57 8.00 good
99.00 4 6.00 bad
34.10 100 8.00 good
170.60 558 8.00 good
219.60 65 8.00 bad
78.10 39 6.00 good
21.40 6 6.00 bad
150.50 5 4.00 bad
198.70 98 8.00 good
310.00 188 6.00 bad
446.50 1586 10.00 good
101.10 34 6.00 bad
148.90 53 6.00 good
107.80 63 6.00 bad
247.80 25 6.00 bad
31.70 218 10.00 bad
119.20 76 6.00 bad
118.30 7 6.00 good
59.10 5 6.00 bad
92.20 112 6.00 bad
427.70 274 8.00 good
85.80 15 6.00 good
145.90 14 4.00 bad
153.40 32 6.00 good
223.00 57 6.00 good
65.70 149 10.00 good
34.20 146 8.00 good
322.80 510 8.00 good
46.30 11 6.00 bad
195.70 5 4.00 good
237.20 131 6.00 good
145.80 1 6.00 bad
179.50 168 8.00 good
335.20 293 8.00 bad
448.70 303 8.00 good
25.10 19 8.00 bad
62.30 28 6.00 bad
477.20 710 8.00 good
154.00 26 4.00 good
382.10 178 6.00 good
44.60 5 6.00 bad
93.00 125 8.00 bad
163.50 12 6.00 good
73.20 50 6.00 good