BookScore ThreeStarRate Median Class
92
0 4 5 7 8 13 14 15 17 20 21 22 23 25 27 29 30 32 33 35 37 39 40 41 42 43 44 45 46 50 51 52 54 56 58 60 61 64 65 66 67 69 70 71 72 73 74 75 76 77 78 79 82 83 87 89 91 92 93 94 95 97 100 101 102 104 108 109 110 112 114 115 116 117 119 120 121 123 125 127 128 130 132 134 136 137 138 139 140 144 146 150
6.4 0.28 6.00 good
5.8 0.33 6.00 bad
5.6 0.26 6.00 good
5.8 0.48 6.00 bad
6.5 0.30 6.00 bad
5.5 0.39 6.00 bad
5.9 0.21 6.00 good
6.6 0.27 6.00 bad
5.6 0.20 6.00 bad
5.3 0.15 4.00 good
4.6 0.16 4.00 bad
6.5 0.40 6.00 bad
4.7 0.28 4.00 good
4.8 0.20 4.00 bad
4.5 0.21 4.00 good
7.1 0.22 8.00 good
5.4 0.32 6.00 bad
6.8 0.31 8.00 bad
6.1 0.29 6.00 good
5.5 0.18 6.00 good
7.8 0.20 8.00 bad
3.5 0.16 2.00 bad
6.7 0.24 8.00 good
6.7 0.34 6.00 good
5.4 0.26 6.00 bad
5.1 0.24 6.00 good
5.4 0.11 4.00 good
5.8 0.30 6.00 bad
7.1 0.19 8.00 good
5.3 0.32 6.00 good
5.9 0.37 6.00 bad
7.9 0.15 8.00 bad
7.0 0.33 6.00 good
5.3 0.32 6.00 good
7.5 0.14 8.00 good
6.2 0.18 6.00 bad
7.5 0.25 8.00 good
4.4 0.21 4.00 bad
4.8 0.31 4.00 bad
5.9 0.43 6.00 bad
7.6 0.16 8.00 good
7.4 0.26 8.00 bad
5.9 0.04 8.00 bad
6.1 0.25 6.00 bad
7.3 0.26 8.00 good
6.8 0.22 8.00 bad
6.1 0.36 6.00 bad
6.4 0.40 6.00 good
6.8 0.15 8.00 good
7.6 0.22 8.00 bad
6.2 0.33 6.00 bad
5.2 0.26 6.00 bad
5.6 0.20 4.00 bad
6.6 0.28 6.00 bad
6.4 0.23 6.00 bad
6.4 0.27 6.00 bad
7.2 0.16 8.00 good
7.8 0.16 8.00 good
6.9 0.26 8.00 bad
7.0 0.23 8.00 good
5.5 0.46 6.00 bad
6.5 0.26 8.00 good
7.0 0.34 8.00 bad
7.1 0.26 8.00 bad
5.3 0.26 6.00 good
4.9 0.34 4.00 bad
8.7 0.10 10.00 good
6.0 0.36 6.00 bad
5.8 0.28 6.00 bad
5.4 0.30 6.00 bad
8.5 0.09 10.00 bad
5.5 0.35 6.00 bad
6.0 0.42 6.00 good
5.5 0.45 6.00 bad
7.3 0.20 8.00 good
5.6 0.20 6.00 good
4.5 0.32 4.00 bad
7.0 0.37 6.00 good
8.9 0.08 10.00 good
7.4 0.22 8.00 good
6.5 0.13 8.00 good
5.7 0.28 6.00 bad
6.4 0.25 6.00 good
6.5 0.21 8.00 good
4.8 0.32 4.00 bad
7.8 0.15 8.00 good
5.7 0.22 6.00 bad
7.0 0.24 8.00 good
6.4 0.07 8.00 bad
5.4 0.27 6.00 bad
7.0 0.27 8.00 good
6.1 0.35 6.00 bad