BookScoreCount Mode Kurtosis Class
93
0 1 3 4 10 12 15 17 18 19 20 21 22 24 25 26 27 29 30 34 35 36 37 38 39 40 41 42 43 44 47 48 50 51 52 55 57 58 60 63 64 65 67 69 71 72 73 75 78 79 81 83 84 87 88 90 92 95 96 98 100 102 104 105 106 107 109 111 112 113 114 115 116 117 118 121 122 123 124 125 126 131 134 136 137 140 141 145 146 149 150 151 152
568 8.00 200.91 good
967 8.00 406.22 good
129 8.00 155.27 bad
78 6.00 113.07 bad
78 8.00 143.84 bad
25 6.00 114.51 bad
658 6.00 188.48 bad
36 8.00 80.31 bad
23 10.00 137.29 bad
250 10.00 181.41 bad
112 2.00 48.29 good
44 4.00 66.70 bad
159 6.00 468.11 bad
70 6.00 114.10 bad
11 2.00 28.01 bad
100 6.00 249.04 bad
150 2.00 40.03 good
290 10.00 194.89 good
29 6.00 80.73 bad
97 6.00 192.82 bad
1909 2.00 41.11 good
223 8.00 203.97 bad
216 8.00 948.64 bad
63 4.00 172.89 bad
20 2.00 53.89 bad
495 8.00 227.23 good
670 6.00 389.04 good
686 2.00 74.29 bad
81 2.00 44.83 good
1885 2.00 29.34 good
79 4.00 85.63 bad
1248 8.00 362.40 bad
29 6.00 119.73 good
133 6.00 339.26 bad
1780 10.00 453.60 bad
55 6.00 182.02 bad
2109 8.00 94.54 bad
461 10.00 256.16 good
108 10.00 95.85 bad
91 2.00 55.29 good
45 2.00 59.06 bad
82 6.00 77.07 bad
90 10.00 278.88 good
20 8.00 758.93 bad
248 8.00 106.33 bad
956 10.00 259.41 good
19 8.00 278.58 bad
21 6.00 344.01 good
217 6.00 147.32 bad
531 2.00 65.93 bad
25 6.00 173.53 bad
104 6.00 188.48 bad
21 6.00 116.65 bad
182 10.00 95.46 bad
1636 10.00 118.81 good
16 2.00 25.57 bad
527 10.00 444.03 good
13 6.00 128.84 bad
188 8.00 282.28 good
2113 8.00 391.57 good
42 6.00 297.05 bad
225 2.00 65.28 good
25 6.00 92.39 bad
339 8.00 385.10 good
349 6.00 114.14 good
1184 10.00 72.91 bad
88 6.00 170.95 bad
182 8.00 113.09 good
201 6.00 84.03 bad
136 6.00 164.81 bad
1114 10.00 875.52 bad
282 6.00 125.49 bad
19 6.00 138.45 good
34 6.00 132.92 bad
274 6.00 387.39 bad
59 6.00 102.63 bad
385 8.00 313.76 bad
93 6.00 502.72 good
320 6.00 101.09 good
768 10.00 1797.82 good
353 10.00 76.64 good
31 4.00 58.14 good
795 8.00 176.74 good
68 6.00 63.17 bad
1641 10.00 478.73 good
21 8.00 361.68 bad
83 8.00 311.51 bad
61 6.00 909.70 bad
2356 8.00 402.15 good
674 8.00 113.50 good
21 6.00 158.29 bad
638 10.00 105.22 bad
45 2.00 62.68 good