BookWordCount AddListCount Median Class
99
1 2 3 4 5 6 7 9 10 13 16 17 18 19 21 22 24 25 26 27 28 29 32 33 35 38 39 40 41 42 45 47 48 49 50 51 52 53 54 55 56 59 60 62 63 65 67 69 74 76 77 79 80 83 84 86 88 89 90 91 92 95 96 97 98 99 103 104 105 106 107 109 110 111 112 114 115 118 119 120 122 123 125 128 130 132 134 136 137 138 139 140 141 142 143 144 146 147 149
289.90 492 8.00 good
48.30 12 6.00 bad
52.30 38 6.00 bad
139.00 22 6.00 bad
158.50 122 6.00 good
59.60 42 6.00 good
38.90 8 6.00 bad
21.30 14 6.00 bad
82.50 25 6.00 bad
27.50 9 6.00 bad
135.80 25 6.00 good
33.60 10 6.00 bad
24.10 7 6.00 bad
122.40 70 6.00 bad
74.10 12 4.00 bad
77.70 61 6.00 bad
74.80 23 6.00 bad
35.90 2 4.00 bad
62.70 32 6.00 bad
147.20 31 4.00 good
53.00 73 8.00 bad
233.90 68 8.00 good
51.10 111 8.00 bad
178.90 49 6.00 good
713.10 254 6.00 good
80.20 19 6.00 bad
22.80 1 2.00 bad
153.10 172 8.00 good
168.40 289 6.00 good
300.10 215 6.00 bad
380.50 93 6.00 bad
49.70 20 4.00 bad
281.40 371 6.00 bad
44.50 13 6.00 bad
51.90 7 6.00 good
84.60 42 6.00 bad
76.10 446 8.00 bad
53.70 1 4.00 bad
13.00 9 6.00 good
106.40 11 6.00 bad
40.40 13 6.00 good
133.40 138 6.00 good
45.10 19 6.00 bad
49.60 3 4.00 bad
108.60 21 6.00 good
72.20 22 4.00 bad
16.80 17 8.00 good
7.30 5 8.00 bad
49.30 16 6.00 bad
46.20 110 8.00 good
1070.70 183 8.00 bad
131.20 94 6.00 bad
144.70 193 10.00 bad
40.80 22 6.00 bad
30.00 3 6.00 bad
129.90 53 8.00 bad
315.30 321 8.00 good
153.20 49 6.00 bad
50.40 4 2.00 bad
126.20 218 8.00 good
116.50 141 8.00 good
99.00 4 6.00 bad
34.10 100 8.00 good
22.20 7 8.00 good
170.60 558 8.00 good
181.90 253 6.00 bad
21.40 6 6.00 bad
150.50 5 4.00 bad
198.70 98 8.00 good
64.40 102 6.00 good
310.00 188 6.00 bad
101.10 34 6.00 bad
133.50 31 6.00 bad
148.90 53 6.00 good
107.80 63 6.00 bad
31.70 218 10.00 bad
119.20 76 6.00 bad
92.20 112 6.00 bad
427.70 274 8.00 good
85.80 15 6.00 good
79.20 126 8.00 bad
153.40 32 6.00 good
65.70 149 10.00 good
296.70 108 8.00 good
46.30 11 6.00 bad
237.20 131 6.00 good
179.50 168 8.00 good
72.70 9 4.00 bad
448.70 303 8.00 good
212.90 53 6.00 bad
130.30 206 8.00 good
43.40 7 8.00 bad
25.10 19 8.00 bad
518.00 365 8.00 good
177.70 42 6.00 bad
319.70 103 6.00 bad
477.20 710 8.00 good
154.00 26 4.00 good
382.10 178 6.00 good