BookScore AddListCount Mode Class
102
2 4 6 7 8 11 12 13 17 18 20 21 22 23 24 25 26 27 28 29 30 31 32 35 36 37 38 39 41 43 47 49 50 52 53 54 55 58 59 60 61 62 63 65 66 67 68 69 71 72 75 76 79 80 83 84 85 86 88 89 91 92 93 94 95 97 98 99 100 101 102 103 104 105 108 109 110 113 114 116 118 119 121 122 123 124 126 130 131 134 136 137 139 140 141 142 144 147 149 150 151 153
6.4 12 6.00 bad
5.8 22 6.00 bad
6.0 42 2.00 good
5.8 8 6.00 bad
6.5 53 6.00 bad
6.9 15 6.00 bad
6.0 12 6.00 bad
5.5 9 6.00 bad
5.6 10 8.00 bad
6.5 7 10.00 bad
5.3 17 2.00 good
4.6 12 4.00 bad
6.5 61 6.00 bad
4.7 32 4.00 good
5.5 23 6.00 bad
4.8 2 2.00 bad
6.5 32 6.00 bad
4.5 31 2.00 good
7.2 73 8.00 bad
7.1 68 10.00 good
5.4 9 6.00 bad
5.8 6 6.00 good
6.8 111 8.00 bad
5.5 254 2.00 good
6.7 63 8.00 bad
7.8 106 8.00 bad
5.9 19 4.00 bad
3.5 1 2.00 bad
6.7 289 6.00 good
5.1 18 2.00 good
5.3 20 4.00 bad
5.9 13 6.00 bad
5.3 7 6.00 good
7.9 446 10.00 bad
4.0 1 2.00 bad
7.0 9 6.00 good
5.6 11 6.00 bad
7.5 70 10.00 good
6.5 138 10.00 good
6.2 19 10.00 bad
7.5 33 8.00 good
5.3 3 4.00 bad
6.2 21 2.00 good
4.8 22 6.00 bad
5.9 2 6.00 bad
7.6 17 10.00 good
6.8 45 8.00 bad
7.4 5 8.00 bad
6.1 119 8.00 bad
7.3 180 10.00 good
6.4 8 6.00 good
6.8 110 8.00 good
5.2 94 2.00 bad
8.3 193 10.00 bad
6.6 22 6.00 bad
5.9 3 6.00 bad
5.2 55 2.00 good
7.0 53 6.00 bad
6.7 321 10.00 good
6.4 49 8.00 bad
7.2 218 10.00 good
7.8 141 10.00 good
6.9 121 8.00 bad
7.0 57 8.00 good
5.5 4 6.00 bad
6.5 7 8.00 good
7.3 558 8.00 good
6.5 253 6.00 bad
7.0 8 6.00 bad
7.1 65 10.00 bad
5.3 39 2.00 good
6.6 6 6.00 bad
4.9 5 6.00 bad
7.4 98 8.00 good
8.7 1586 10.00 good
6.0 34 6.00 bad
5.8 31 6.00 bad
6.1 25 6.00 bad
8.5 218 10.00 bad
6.0 7 6.00 good
6.5 112 6.00 bad
7.3 274 8.00 good
4.5 14 6.00 bad
7.0 126 8.00 bad
7.0 32 6.00 good
5.6 57 6.00 good
6.4 48 10.00 good
5.7 11 6.00 bad
4.4 5 4.00 good
6.5 168 8.00 good
4.8 9 6.00 bad
7.8 303 10.00 good
7.0 206 8.00 good
6.4 7 8.00 bad
6.9 19 8.00 bad
7.8 365 10.00 good
5.4 103 6.00 bad
3.9 26 2.00 good
6.0 178 8.00 good
6.1 5 6.00 bad
6.8 125 10.00 bad
5.7 50 6.00 good