ThreeStarRate FourStarRate FiveStarRate Class
93
1 2 3 5 6 7 10 11 12 13 15 16 17 18 19 21 23 26 27 29 30 31 32 33 35 36 42 45 46 49 51 52 53 55 56 57 58 59 60 61 62 64 65 66 68 69 70 71 74 75 76 77 78 79 82 83 84 90 92 93 94 96 97 98 104 105 106 110 111 112 113 117 120 121 122 124 126 127 128 130 131 132 133 134 141 142 145 146 148 149 150 151 152
0.23 0.36 0.25 good
0.40 0.24 0.15 bad
0.27 0.27 0.18 bad
0.26 0.21 0.12 good
0.21 0.18 0.23 good
0.48 0.11 0.11 bad
0.23 0.27 0.09 bad
0.40 0.32 0.16 bad
0.44 0.08 0.20 bad
0.39 0.13 0.09 bad
0.27 0.25 0.23 bad
0.23 0.20 0.14 good
0.20 0.23 0.12 bad
0.28 0.14 0.28 bad
0.22 0.22 0.28 bad
0.16 0.14 0.04 bad
0.28 0.08 0.06 good
0.43 0.18 0.19 bad
0.21 0.15 0.05 good
0.22 0.20 0.36 good
0.32 0.14 0.11 bad
0.33 0.19 0.09 good
0.31 0.39 0.13 bad
0.29 0.23 0.15 good
0.18 0.14 0.21 good
0.23 0.34 0.19 bad
0.26 0.20 0.11 bad
0.30 0.23 0.10 bad
0.19 0.33 0.27 good
0.39 0.23 0.10 bad
0.37 0.21 0.07 bad
0.15 0.30 0.42 bad
0.14 0.00 0.10 bad
0.33 0.20 0.06 bad
0.32 0.10 0.13 good
0.21 0.29 0.18 bad
0.14 0.30 0.37 good
0.21 0.21 0.25 good
0.18 0.20 0.23 bad
0.25 0.44 0.21 good
0.08 0.34 0.00 bad
0.21 0.14 0.02 bad
0.31 0.07 0.07 bad
0.43 0.19 0.10 bad
0.25 0.30 0.22 bad
0.26 0.42 0.21 bad
0.04 0.32 0.20 bad
0.25 0.25 0.17 bad
0.36 0.31 0.04 bad
0.40 0.30 0.10 good
0.15 0.36 0.24 good
0.22 0.27 0.37 bad
0.33 0.24 0.16 bad
0.26 0.17 0.10 bad
0.20 0.05 0.22 bad
0.28 0.22 0.22 bad
0.33 0.19 0.14 bad
0.20 0.07 0.07 bad
0.16 0.29 0.42 good
0.26 0.34 0.21 bad
0.23 0.33 0.23 good
0.28 0.33 0.17 good
0.26 0.40 0.13 good
0.22 0.33 0.29 good
0.34 0.04 0.09 bad
0.19 0.33 0.31 good
0.27 0.24 0.16 good
0.28 0.24 0.10 bad
0.26 0.26 0.12 good
0.30 0.15 0.11 bad
0.36 0.21 0.14 bad
0.45 0.14 0.09 bad
0.20 0.25 0.11 good
0.32 0.08 0.02 bad
0.28 0.29 0.25 bad
0.29 0.20 0.11 good
0.16 0.21 0.30 good
0.22 0.26 0.36 good
0.13 0.23 0.31 good
0.28 0.16 0.17 bad
0.13 0.11 0.06 good
0.25 0.35 0.13 good
0.33 0.33 0.04 bad
0.21 0.34 0.18 good
0.19 0.49 0.15 bad
0.15 0.24 0.46 good
0.45 0.33 0.08 bad
0.27 0.37 0.19 good
0.04 0.06 0.08 bad
0.23 0.26 0.15 good
0.35 0.20 0.15 bad
0.16 0.19 0.37 bad
0.28 0.14 0.09 good