BookScore TwoStarRate Mode Class
96
0 1 2 3 5 7 8 11 12 14 16 17 18 21 22 23 24 25 26 27 29 31 32 33 34 35 37 38 41 43 44 45 46 47 50 51 53 57 59 61 62 65 68 70 71 72 73 74 76 77 78 80 81 83 84 85 86 87 91 92 93 98 102 103 104 105 106 107 108 113 114 115 116 117 118 119 123 125 126 127 128 132 133 135 136 137 138 139 141 144 145 146 148 149 150 151
6.4 0.15 8.00 good
7.2 0.08 8.00 good
6.4 0.10 6.00 bad
6.4 0.12 8.00 bad
5.6 0.20 6.00 good
5.8 0.15 6.00 bad
6.5 0.16 6.00 bad
6.9 0.04 6.00 bad
6.0 0.08 6.00 bad
5.9 0.14 2.00 good
5.7 0.22 6.00 good
5.6 0.22 8.00 bad
6.5 0.17 10.00 bad
4.6 0.37 4.00 bad
6.5 0.15 6.00 bad
4.7 0.31 4.00 good
5.5 0.21 6.00 bad
4.8 0.20 2.00 bad
6.5 0.09 6.00 bad
4.5 0.17 2.00 good
7.1 0.10 10.00 good
5.8 0.30 6.00 good
6.8 0.09 8.00 bad
6.1 0.20 6.00 good
5.1 0.30 6.00 bad
5.5 0.12 2.00 good
7.8 0.03 8.00 bad
5.9 0.35 4.00 bad
6.7 0.14 6.00 good
5.1 0.13 2.00 good
5.4 0.07 2.00 good
5.8 0.20 6.00 bad
7.1 0.07 8.00 good
5.3 0.28 4.00 bad
5.3 0.28 6.00 good
5.9 0.30 6.00 bad
4.0 0.33 2.00 bad
6.2 0.07 8.00 bad
6.5 0.21 10.00 good
7.5 0.08 8.00 good
5.3 0.50 4.00 bad
4.8 0.28 6.00 bad
6.8 0.11 8.00 bad
5.9 0.10 2.00 bad
6.1 0.12 8.00 bad
7.3 0.08 10.00 good
6.8 0.11 8.00 bad
6.1 0.22 6.00 bad
6.8 0.07 8.00 good
7.6 0.07 10.00 bad
6.2 0.10 6.00 bad
8.3 0.03 10.00 bad
5.8 0.08 6.00 bad
6.6 0.17 6.00 bad
5.9 0.14 6.00 bad
5.2 0.19 2.00 good
7.0 0.03 6.00 bad
6.4 0.09 10.00 bad
7.2 0.08 10.00 good
7.8 0.04 10.00 good
6.9 0.08 8.00 bad
7.3 0.08 8.00 good
5.3 0.14 2.00 good
6.6 0.08 6.00 bad
4.9 0.31 6.00 bad
7.4 0.08 8.00 good
6.0 0.14 6.00 good
6.4 0.12 10.00 bad
8.7 0.02 10.00 good
6.1 0.13 6.00 bad
8.5 0.02 10.00 bad
5.5 0.19 6.00 bad
6.0 0.12 6.00 good
5.5 0.11 6.00 bad
6.5 0.11 6.00 bad
7.3 0.06 8.00 good
7.0 0.08 6.00 good
8.9 0.02 10.00 good
6.4 0.06 10.00 good
7.4 0.06 10.00 good
6.5 0.08 10.00 good
6.4 0.14 8.00 good
5.9 0.13 8.00 bad
7.0 0.09 8.00 bad
4.8 0.24 6.00 bad
7.8 0.05 10.00 good
5.7 0.10 2.00 bad
7.0 0.07 8.00 good
6.9 0.03 8.00 bad
5.4 0.25 6.00 bad
6.7 0.10 6.00 bad
7.0 0.09 8.00 good
3.3 0.03 2.00 bad
6.0 0.18 8.00 good
6.1 0.15 6.00 bad
6.8 0.07 10.00 bad