TwoStarRate FourStarRate FiveStarRate Class
95
0 3 4 8 9 10 12 13 14 15 16 17 23 24 25 27 28 29 30 31 32 36 37 38 39 41 45 46 47 48 49 50 51 53 55 57 58 59 60 61 63 65 66 70 72 73 76 78 79 82 84 85 88 89 95 96 97 99 100 101 104 106 108 109 110 111 112 113 114 115 116 118 119 120 122 125 126 127 128 130 131 132 133 134 136 137 139 140 141 143 144 146 147 149 153
0.15 0.30 0.15 good
0.12 0.27 0.18 bad
0.09 0.25 0.10 bad
0.16 0.22 0.21 bad
0.18 0.30 0.02 bad
0.26 0.27 0.09 bad
0.08 0.08 0.20 bad
0.24 0.13 0.09 bad
0.14 0.19 0.20 good
0.13 0.25 0.23 bad
0.22 0.20 0.14 good
0.22 0.23 0.12 bad
0.31 0.08 0.06 good
0.21 0.13 0.11 bad
0.20 0.00 0.20 bad
0.17 0.15 0.05 good
0.11 0.31 0.27 bad
0.10 0.20 0.36 good
0.18 0.14 0.11 bad
0.30 0.19 0.09 good
0.09 0.39 0.13 bad
0.10 0.34 0.19 bad
0.03 0.44 0.28 bad
0.35 0.17 0.13 bad
0.26 0.05 0.00 bad
0.14 0.29 0.17 good
0.20 0.23 0.10 bad
0.07 0.33 0.27 good
0.28 0.22 0.08 bad
0.09 0.33 0.17 bad
0.10 0.23 0.10 bad
0.28 0.14 0.07 good
0.30 0.21 0.07 bad
0.33 0.00 0.10 bad
0.28 0.20 0.06 bad
0.07 0.29 0.18 bad
0.05 0.30 0.37 good
0.21 0.21 0.25 good
0.21 0.20 0.23 bad
0.08 0.44 0.21 good
0.07 0.20 0.30 good
0.28 0.07 0.07 bad
0.14 0.19 0.10 bad
0.10 0.32 0.20 bad
0.08 0.20 0.35 good
0.11 0.39 0.17 bad
0.07 0.36 0.24 good
0.10 0.24 0.16 bad
0.19 0.17 0.10 bad
0.41 0.05 0.22 bad
0.14 0.19 0.14 bad
0.19 0.24 0.10 good
0.10 0.23 0.30 good
0.17 0.28 0.17 bad
0.23 0.00 0.15 bad
0.11 0.33 0.17 good
0.03 0.40 0.13 good
0.12 0.26 0.17 bad
0.02 0.27 0.25 bad
0.10 0.27 0.27 bad
0.31 0.04 0.09 bad
0.14 0.24 0.16 good
0.02 0.20 0.63 good
0.14 0.24 0.10 bad
0.21 0.24 0.10 bad
0.16 0.26 0.12 good
0.20 0.15 0.11 bad
0.13 0.21 0.14 bad
0.02 0.23 0.60 bad
0.19 0.19 0.07 bad
0.12 0.12 0.17 good
0.11 0.30 0.11 bad
0.06 0.33 0.29 good
0.18 0.25 0.11 good
0.10 0.29 0.25 bad
0.02 0.20 0.67 good
0.06 0.21 0.30 good
0.06 0.26 0.36 good
0.08 0.23 0.31 good
0.13 0.16 0.17 bad
0.41 0.11 0.06 good
0.14 0.35 0.13 good
0.13 0.33 0.04 bad
0.12 0.34 0.18 good
0.24 0.05 0.09 bad
0.05 0.33 0.38 good
0.07 0.36 0.22 good
0.30 0.54 0.05 bad
0.03 0.49 0.15 bad
0.21 0.24 0.10 bad
0.25 0.18 0.09 bad
0.09 0.37 0.19 good
0.22 0.09 0.02 good
0.18 0.26 0.15 good
0.22 0.22 0.12 good