AddListCount Median Kurtosis Class
101
0 1 4 5 6 10 12 13 14 15 16 17 18 20 21 22 25 26 27 30 31 32 34 35 37 39 41 43 44 45 46 48 51 54 55 57 58 61 62 63 64 65 68 69 70 71 72 74 76 78 80 81 83 84 85 86 87 90 91 92 93 95 97 98 99 101 103 104 105 107 110 111 112 113 114 115 116 117 118 120 121 123 124 125 126 127 129 132 133 134 135 136 137 138 140 141 142 144 145 148 150
214 6.00 200.91 good
492 8.00 406.22 good
22 6.00 113.07 bad
122 6.00 93.52 good
42 6.00 75.15 good
25 6.00 143.84 bad
12 6.00 114.51 bad
9 6.00 156.17 bad
136 6.00 68.44 good
204 6.00 188.48 bad
25 6.00 87.54 good
10 6.00 80.31 bad
7 6.00 137.29 bad
17 4.00 48.29 good
12 4.00 66.70 bad
61 6.00 468.11 bad
2 4.00 28.01 bad
32 6.00 249.04 bad
31 4.00 40.03 good
9 6.00 80.73 bad
6 6.00 211.54 good
111 8.00 404.81 bad
24 6.00 192.82 bad
254 6.00 41.11 good
106 8.00 948.64 bad
1 2.00 53.89 bad
289 6.00 389.04 good
18 6.00 44.83 good
242 4.00 29.34 good
93 6.00 135.14 bad
28 8.00 218.67 good
371 6.00 362.40 bad
42 6.00 339.26 bad
9 6.00 245.77 good
11 6.00 182.02 bad
551 6.00 94.54 bad
70 8.00 256.16 good
33 8.00 1104.85 good
3 4.00 199.64 bad
21 6.00 55.29 good
10 4.00 59.06 bad
22 4.00 77.07 bad
45 8.00 223.96 bad
5 8.00 758.93 bad
2 8.00 49.13 bad
119 6.00 106.33 bad
180 8.00 259.41 good
16 6.00 393.48 bad
110 8.00 159.36 good
57 6.00 147.32 bad
193 10.00 599.56 bad
4 6.00 173.53 bad
22 6.00 188.48 bad
3 6.00 116.65 bad
55 4.00 51.21 good
53 8.00 249.84 bad
65 6.00 95.46 bad
4 2.00 25.57 bad
218 8.00 191.97 good
141 8.00 444.03 good
121 8.00 288.02 bad
4 6.00 128.84 bad
7 8.00 198.40 good
558 8.00 391.57 good
253 6.00 243.27 bad
65 8.00 286.97 bad
6 6.00 664.54 bad
5 4.00 92.39 bad
98 8.00 385.10 good
188 6.00 72.91 bad
31 6.00 131.59 bad
53 6.00 113.09 good
63 6.00 84.03 bad
25 6.00 164.81 bad
218 10.00 875.52 bad
76 6.00 125.49 bad
7 6.00 138.45 good
5 6.00 132.92 bad
112 6.00 387.39 bad
15 6.00 75.21 good
14 4.00 102.63 bad
32 6.00 502.72 good
57 6.00 101.09 good
149 10.00 1797.82 good
48 8.00 76.64 good
146 8.00 319.05 good
510 8.00 209.65 good
131 6.00 212.10 good
1 6.00 194.01 bad
168 8.00 176.74 good
293 8.00 234.30 bad
9 4.00 63.17 bad
303 8.00 478.73 good
53 6.00 56.35 bad
7 8.00 361.68 bad
19 8.00 311.51 bad
365 8.00 364.52 good
103 6.00 97.95 bad
28 6.00 909.70 bad
54 2.00 9.99 bad
5 6.00 158.29 bad