AddListCount FiveStarRate Median Class
95
0 1 6 7 9 10 11 13 14 15 16 17 18 19 21 23 26 27 28 31 33 35 36 38 39 41 42 43 44 45 49 50 51 53 54 57 58 61 63 64 66 67 68 69 70 71 73 74 76 77 79 80 81 83 84 85 87 89 90 91 92 94 95 96 97 98 99 100 102 103 104 108 110 112 113 115 117 119 120 123 124 127 128 129 133 135 136 139 142 144 145 146 148 150 153
214 0.15 6.00 good
492 0.25 8.00 good
42 0.23 6.00 good
8 0.11 6.00 bad
14 0.02 6.00 bad
25 0.09 6.00 bad
15 0.16 6.00 bad
9 0.09 6.00 bad
136 0.20 6.00 good
204 0.23 6.00 bad
25 0.14 6.00 good
10 0.12 6.00 bad
7 0.28 6.00 bad
70 0.28 6.00 bad
12 0.04 4.00 bad
32 0.06 4.00 good
32 0.19 6.00 bad
31 0.05 4.00 good
73 0.27 8.00 bad
6 0.09 6.00 good
49 0.15 6.00 good
254 0.21 6.00 good
63 0.19 8.00 bad
19 0.13 6.00 bad
1 0.00 2.00 bad
289 0.17 6.00 good
215 0.11 6.00 bad
18 0.14 6.00 good
242 0.23 4.00 good
93 0.10 6.00 bad
13 0.10 6.00 bad
7 0.07 6.00 good
42 0.07 6.00 bad
1 0.10 4.00 bad
9 0.29 6.00 good
551 0.18 6.00 bad
70 0.37 8.00 good
33 0.21 8.00 good
21 0.30 6.00 good
10 0.02 4.00 bad
2 0.10 6.00 bad
17 0.42 8.00 good
45 0.22 8.00 bad
5 0.21 8.00 bad
2 0.20 8.00 bad
119 0.17 6.00 bad
8 0.17 8.00 bad
16 0.04 6.00 bad
110 0.24 8.00 good
183 0.37 8.00 bad
94 0.10 6.00 bad
193 0.58 10.00 bad
4 0.13 6.00 bad
22 0.22 6.00 bad
3 0.14 6.00 bad
55 0.10 4.00 good
65 0.27 6.00 bad
49 0.17 6.00 bad
4 0.07 2.00 bad
218 0.34 8.00 good
141 0.42 8.00 good
57 0.23 8.00 good
4 0.15 6.00 bad
100 0.17 8.00 good
7 0.13 8.00 good
558 0.29 8.00 good
253 0.17 6.00 bad
8 0.25 8.00 bad
39 0.08 6.00 good
6 0.11 6.00 bad
5 0.09 4.00 bad
1586 0.63 10.00 good
31 0.10 6.00 bad
63 0.11 6.00 bad
25 0.14 6.00 bad
76 0.07 6.00 bad
5 0.09 6.00 bad
274 0.29 8.00 good
15 0.11 6.00 good
32 0.20 6.00 good
57 0.11 6.00 good
146 0.36 8.00 good
108 0.31 8.00 good
510 0.37 8.00 good
1 0.04 6.00 bad
293 0.26 8.00 bad
9 0.09 4.00 bad
206 0.22 8.00 good
365 0.46 8.00 good
103 0.09 6.00 bad
28 0.08 6.00 bad
710 0.19 8.00 good
54 0.08 2.00 bad
5 0.15 6.00 bad
50 0.12 6.00 good