BookScoreCount ThreeStarRate FiveStarRate Class
97
0 1 2 3 5 8 9 11 13 14 15 17 18 19 21 23 25 26 29 30 32 33 38 39 40 42 43 44 46 47 50 51 52 53 54 55 56 57 58 59 60 63 64 65 66 67 68 69 71 73 74 78 79 80 81 83 84 86 89 90 91 93 94 95 96 98 99 100 103 104 105 106 109 110 111 112 113 114 115 116 117 120 121 123 126 128 130 131 133 135 136 137 138 139 141 147 149
568 0.28 0.15 good
967 0.23 0.25 good
47 0.40 0.15 bad
129 0.27 0.18 bad
439 0.26 0.12 good
177 0.30 0.21 bad
51 0.26 0.02 bad
51 0.40 0.16 bad
48 0.39 0.09 bad
454 0.21 0.20 good
658 0.27 0.23 bad
36 0.20 0.12 bad
23 0.28 0.28 bad
250 0.22 0.28 bad
44 0.16 0.04 bad
116 0.28 0.06 good
11 0.20 0.20 bad
100 0.43 0.19 bad
290 0.22 0.36 good
29 0.32 0.11 bad
292 0.31 0.13 bad
192 0.29 0.15 good
63 0.27 0.13 bad
20 0.16 0.00 bad
495 0.24 0.19 good
686 0.26 0.11 bad
81 0.24 0.14 good
1885 0.11 0.23 good
108 0.19 0.27 good
79 0.20 0.08 bad
29 0.32 0.07 good
133 0.37 0.07 bad
1780 0.15 0.42 bad
22 0.14 0.10 bad
43 0.33 0.29 good
55 0.33 0.06 bad
80 0.32 0.13 good
2109 0.21 0.18 bad
461 0.14 0.37 good
484 0.21 0.25 good
108 0.18 0.23 bad
91 0.12 0.30 good
45 0.21 0.02 bad
82 0.31 0.07 bad
21 0.43 0.10 bad
90 0.16 0.42 good
153 0.25 0.22 bad
20 0.26 0.21 bad
248 0.25 0.17 bad
19 0.22 0.17 bad
46 0.36 0.04 bad
217 0.33 0.16 bad
531 0.26 0.10 bad
714 0.13 0.58 bad
25 0.54 0.13 bad
104 0.28 0.22 bad
21 0.33 0.14 bad
222 0.30 0.26 bad
145 0.27 0.17 bad
16 0.20 0.07 bad
654 0.16 0.34 good
396 0.26 0.21 bad
218 0.23 0.23 good
13 0.46 0.15 bad
188 0.28 0.17 good
2113 0.22 0.29 good
942 0.34 0.17 bad
42 0.34 0.25 bad
29 0.50 0.11 bad
25 0.34 0.09 bad
339 0.19 0.31 good
349 0.27 0.16 good
88 0.36 0.10 bad
112 0.28 0.10 bad
182 0.26 0.12 good
201 0.30 0.11 bad
136 0.36 0.14 bad
1114 0.09 0.60 bad
282 0.35 0.07 bad
19 0.42 0.17 good
34 0.45 0.09 bad
45 0.20 0.11 good
59 0.32 0.02 bad
93 0.37 0.20 good
353 0.16 0.30 good
607 0.13 0.31 good
82 0.28 0.17 bad
31 0.13 0.06 good
23 0.33 0.04 bad
1310 0.24 0.26 bad
68 0.32 0.09 bad
1641 0.15 0.38 good
328 0.22 0.18 bad
1100 0.24 0.22 good
83 0.19 0.15 bad
208 0.19 0.02 good
674 0.23 0.15 good