TwoStarRate ThreeStarRate Median Class
102
2 4 5 8 9 10 12 14 15 17 18 20 21 22 25 28 29 31 32 33 35 37 38 40 42 46 47 50 51 52 53 54 56 58 61 62 64 66 68 69 70 73 74 75 76 77 78 79 80 81 82 83 84 85 87 93 94 95 96 97 98 99 100 101 103 104 106 107 109 110 112 114 115 116 117 118 119 120 122 123 124 126 127 129 132 133 134 135 136 139 141 143 144 145 146 147 148 149 150 151 152 153
0.10 0.40 6.00 bad
0.09 0.33 6.00 bad
0.20 0.26 6.00 good
0.16 0.30 6.00 bad
0.18 0.26 6.00 bad
0.26 0.23 6.00 bad
0.08 0.44 6.00 bad
0.14 0.21 6.00 good
0.13 0.27 6.00 bad
0.22 0.20 6.00 bad
0.17 0.28 6.00 bad
0.20 0.15 4.00 good
0.37 0.16 4.00 bad
0.15 0.40 6.00 bad
0.20 0.20 4.00 bad
0.11 0.25 8.00 bad
0.10 0.22 8.00 good
0.30 0.33 6.00 good
0.09 0.31 8.00 bad
0.20 0.29 6.00 good
0.12 0.18 6.00 good
0.03 0.20 8.00 bad
0.35 0.27 6.00 bad
0.12 0.24 8.00 good
0.17 0.26 6.00 bad
0.07 0.19 8.00 good
0.28 0.20 4.00 bad
0.28 0.32 6.00 good
0.30 0.37 6.00 bad
0.04 0.15 8.00 bad
0.33 0.14 4.00 bad
0.05 0.33 6.00 good
0.20 0.32 6.00 good
0.05 0.14 8.00 good
0.08 0.25 8.00 good
0.50 0.08 4.00 bad
0.27 0.21 4.00 bad
0.14 0.43 6.00 bad
0.11 0.25 8.00 bad
0.05 0.26 8.00 bad
0.10 0.04 8.00 bad
0.11 0.22 8.00 bad
0.22 0.36 6.00 bad
0.10 0.40 6.00 good
0.07 0.15 8.00 good
0.07 0.22 8.00 bad
0.10 0.33 6.00 bad
0.19 0.26 6.00 bad
0.03 0.13 10.00 bad
0.08 0.54 6.00 bad
0.41 0.20 4.00 bad
0.17 0.28 6.00 bad
0.14 0.33 6.00 bad
0.19 0.15 4.00 good
0.09 0.23 6.00 bad
0.08 0.26 8.00 bad
0.11 0.23 8.00 good
0.23 0.46 6.00 bad
0.11 0.28 8.00 good
0.03 0.26 8.00 good
0.08 0.22 8.00 good
0.12 0.34 6.00 bad
0.02 0.34 8.00 bad
0.10 0.26 8.00 bad
0.08 0.50 6.00 bad
0.31 0.34 4.00 bad
0.14 0.27 6.00 good
0.12 0.15 6.00 bad
0.14 0.36 6.00 bad
0.21 0.28 6.00 bad
0.20 0.30 6.00 bad
0.02 0.09 10.00 bad
0.19 0.35 6.00 bad
0.12 0.42 6.00 good
0.11 0.45 6.00 bad
0.11 0.39 6.00 bad
0.06 0.20 8.00 good
0.18 0.20 6.00 good
0.10 0.28 8.00 bad
0.08 0.37 6.00 good
0.19 0.29 6.00 good
0.06 0.16 8.00 good
0.06 0.22 8.00 good
0.07 0.16 8.00 good
0.14 0.25 6.00 good
0.13 0.33 6.00 bad
0.12 0.21 8.00 good
0.09 0.24 8.00 bad
0.24 0.32 4.00 bad
0.07 0.24 8.00 good
0.03 0.19 8.00 bad
0.21 0.22 6.00 bad
0.25 0.27 6.00 bad
0.10 0.45 6.00 bad
0.09 0.27 8.00 good
0.22 0.19 4.00 good
0.03 0.04 2.00 bad
0.18 0.23 6.00 good
0.15 0.35 6.00 bad
0.07 0.16 8.00 bad
0.19 0.28 6.00 good
0.22 0.25 6.00 good