FourStarRate FiveStarRate Kurtosis Class
92
0 1 2 5 6 8 10 11 15 16 18 19 22 26 28 29 31 32 33 36 39 43 44 45 46 47 48 49 50 57 59 61 62 63 64 65 66 69 71 74 75 76 77 78 79 80 81 83 86 87 88 91 92 93 94 95 96 98 99 101 108 110 111 112 113 114 115 116 117 118 119 120 123 124 125 126 129 130 131 132 133 135 136 138 140 143 144 145 150 151 152 153
0.30 0.15 200.91 good
0.36 0.25 406.22 good
0.24 0.15 267.71 bad
0.21 0.12 93.52 good
0.18 0.23 75.15 good
0.22 0.21 196.73 bad
0.27 0.09 143.84 bad
0.32 0.16 491.68 bad
0.25 0.23 188.48 bad
0.20 0.14 87.54 good
0.14 0.28 137.29 bad
0.22 0.28 181.41 bad
0.28 0.11 468.11 bad
0.18 0.19 249.04 bad
0.31 0.27 418.19 bad
0.20 0.36 194.89 good
0.19 0.09 211.54 good
0.39 0.13 404.81 bad
0.23 0.15 163.05 good
0.34 0.19 203.97 bad
0.05 0.00 53.89 bad
0.14 0.14 44.83 good
0.16 0.23 29.34 good
0.23 0.10 135.14 bad
0.33 0.27 218.67 good
0.22 0.08 85.63 bad
0.33 0.17 362.40 bad
0.23 0.10 155.38 bad
0.14 0.07 119.73 good
0.29 0.18 94.54 bad
0.21 0.25 148.52 good
0.44 0.21 1104.85 good
0.34 0.00 199.64 bad
0.20 0.30 55.29 good
0.14 0.02 59.06 bad
0.07 0.07 77.07 bad
0.19 0.10 204.65 bad
0.42 0.21 758.93 bad
0.25 0.17 106.33 bad
0.31 0.04 393.48 bad
0.30 0.10 344.01 good
0.36 0.24 159.36 good
0.27 0.37 440.27 bad
0.24 0.16 147.32 bad
0.17 0.10 65.93 bad
0.19 0.58 599.56 bad
0.08 0.13 173.53 bad
0.22 0.22 188.48 bad
0.27 0.26 249.84 bad
0.19 0.27 95.46 bad
0.23 0.30 118.81 good
0.28 0.34 191.97 good
0.29 0.42 444.03 good
0.34 0.21 288.02 bad
0.33 0.23 299.63 good
0.00 0.15 128.84 bad
0.33 0.17 282.28 good
0.33 0.29 391.57 good
0.26 0.17 243.27 bad
0.27 0.27 286.97 bad
0.20 0.63 1238.93 good
0.24 0.10 131.59 bad
0.26 0.12 113.09 good
0.15 0.11 84.03 bad
0.21 0.14 164.81 bad
0.23 0.60 875.52 bad
0.19 0.07 125.49 bad
0.12 0.17 138.45 good
0.14 0.09 132.92 bad
0.30 0.11 387.39 bad
0.33 0.29 297.36 good
0.25 0.11 75.21 good
0.30 0.20 502.72 good
0.20 0.11 101.09 good
0.20 0.67 1797.82 good
0.21 0.30 76.64 good
0.26 0.37 209.65 good
0.16 0.17 73.99 bad
0.11 0.06 58.14 good
0.35 0.13 212.10 good
0.33 0.04 194.01 bad
0.29 0.26 234.30 bad
0.05 0.09 63.17 bad
0.19 0.18 56.35 bad
0.54 0.05 361.68 bad
0.24 0.10 86.23 bad
0.18 0.09 97.95 bad
0.33 0.08 909.70 bad
0.20 0.15 158.29 bad
0.19 0.37 105.22 bad
0.14 0.09 62.68 good
0.22 0.12 105.28 good