TwoStarRate ThreeStarRate Kurtosis Class
94
1 2 7 8 9 10 11 12 13 14 15 16 20 21 22 24 25 30 32 34 38 40 41 44 45 46 47 49 50 55 56 57 59 62 63 64 65 68 73 74 75 76 78 79 80 81 82 84 86 87 88 89 90 91 95 96 97 99 101 102 103 104 106 108 109 110 111 112 113 114 115 117 118 122 123 124 125 128 129 130 131 133 135 137 138 140 142 143 145 146 147 148 149 151
0.08 0.23 406.22 good
0.10 0.40 267.71 bad
0.15 0.48 181.37 bad
0.16 0.30 196.73 bad
0.18 0.26 110.48 bad
0.26 0.23 143.84 bad
0.04 0.40 491.68 bad
0.08 0.44 114.51 bad
0.24 0.39 156.17 bad
0.14 0.21 68.44 good
0.13 0.27 188.48 bad
0.22 0.23 87.54 good
0.20 0.15 48.29 good
0.37 0.16 66.70 bad
0.15 0.40 468.11 bad
0.21 0.36 114.10 bad
0.20 0.20 28.01 bad
0.18 0.32 80.73 bad
0.09 0.31 404.81 bad
0.30 0.39 192.82 bad
0.35 0.27 172.89 bad
0.12 0.24 227.23 good
0.14 0.34 389.04 good
0.07 0.11 29.34 good
0.20 0.30 135.14 bad
0.07 0.19 218.67 good
0.28 0.20 85.63 bad
0.10 0.39 155.38 bad
0.28 0.32 119.73 good
0.28 0.33 182.02 bad
0.20 0.32 74.03 good
0.07 0.21 94.54 bad
0.21 0.21 148.52 good
0.50 0.08 199.64 bad
0.07 0.12 55.29 good
0.27 0.21 59.06 bad
0.28 0.31 77.07 bad
0.11 0.25 223.96 bad
0.11 0.22 278.58 bad
0.22 0.36 393.48 bad
0.10 0.40 344.01 good
0.07 0.15 159.36 good
0.10 0.33 147.32 bad
0.19 0.26 65.93 bad
0.03 0.13 599.56 bad
0.08 0.54 173.53 bad
0.41 0.20 87.78 bad
0.14 0.33 116.65 bad
0.03 0.30 249.84 bad
0.09 0.23 95.46 bad
0.10 0.18 118.81 good
0.17 0.27 208.64 bad
0.13 0.20 25.57 bad
0.08 0.16 191.97 good
0.23 0.46 128.84 bad
0.11 0.28 282.28 good
0.03 0.26 198.40 good
0.12 0.34 243.27 bad
0.10 0.26 286.97 bad
0.14 0.26 65.28 good
0.08 0.50 664.54 bad
0.31 0.34 92.39 bad
0.14 0.27 114.14 good
0.02 0.10 1238.93 good
0.14 0.36 170.95 bad
0.21 0.28 131.59 bad
0.16 0.26 113.09 good
0.20 0.30 84.03 bad
0.13 0.36 164.81 bad
0.02 0.09 875.52 bad
0.19 0.35 125.49 bad
0.11 0.45 132.92 bad
0.11 0.39 387.39 bad
0.10 0.28 313.76 bad
0.08 0.37 502.72 good
0.19 0.29 101.09 good
0.02 0.08 1797.82 good
0.08 0.13 82.37 good
0.07 0.16 209.65 good
0.13 0.28 73.99 bad
0.41 0.13 58.14 good
0.13 0.33 194.01 bad
0.09 0.24 234.30 bad
0.05 0.15 478.73 good
0.10 0.22 56.35 bad
0.30 0.07 361.68 bad
0.05 0.15 364.52 good
0.21 0.22 86.23 bad
0.10 0.45 909.70 bad
0.09 0.27 402.15 good
0.22 0.19 40.59 good
0.03 0.04 9.99 bad
0.18 0.23 113.50 good
0.07 0.16 105.22 bad