FourStarRate Median Kurtosis Class
99
0 1 2 5 7 9 10 11 12 14 18 20 22 23 24 26 27 28 29 32 34 36 37 38 39 40 42 43 44 46 47 48 50 52 53 54 55 56 57 59 60 62 64 65 66 68 70 71 75 77 79 80 82 84 86 87 88 90 92 94 96 97 99 102 103 106 107 108 110 112 114 116 117 119 120 121 123 124 125 126 128 129 130 131 132 133 134 135 136 137 138 140 142 144 145 147 148 149 150
0.30 6.00 200.91 good
0.36 8.00 406.22 good
0.24 6.00 267.71 bad
0.21 6.00 93.52 good
0.11 6.00 181.37 bad
0.30 6.00 110.48 bad
0.27 6.00 143.84 bad
0.32 6.00 491.68 bad
0.08 6.00 114.51 bad
0.19 6.00 68.44 good
0.14 6.00 137.29 bad
0.20 4.00 48.29 good
0.28 6.00 468.11 bad
0.08 4.00 78.49 good
0.13 6.00 114.10 bad
0.18 6.00 249.04 bad
0.15 4.00 40.03 good
0.31 8.00 418.19 bad
0.20 8.00 194.89 good
0.39 8.00 404.81 bad
0.13 6.00 192.82 bad
0.34 8.00 203.97 bad
0.44 8.00 948.64 bad
0.17 6.00 172.89 bad
0.05 2.00 53.89 bad
0.33 8.00 227.23 good
0.20 6.00 74.29 bad
0.14 6.00 44.83 good
0.16 4.00 29.34 good
0.33 8.00 218.67 good
0.22 4.00 85.63 bad
0.33 6.00 362.40 bad
0.14 6.00 119.73 good
0.30 8.00 453.60 bad
0.00 4.00 31.11 bad
0.21 6.00 245.77 good
0.20 6.00 182.02 bad
0.10 6.00 74.03 good
0.29 6.00 94.54 bad
0.21 6.00 148.52 good
0.20 6.00 95.85 bad
0.34 4.00 199.64 bad
0.14 4.00 59.06 bad
0.07 4.00 77.07 bad
0.19 6.00 204.65 bad
0.30 8.00 223.96 bad
0.32 8.00 49.13 bad
0.25 6.00 106.33 bad
0.30 6.00 344.01 good
0.27 8.00 440.27 bad
0.17 6.00 65.93 bad
0.19 10.00 599.56 bad
0.05 4.00 87.78 bad
0.19 6.00 116.65 bad
0.27 8.00 249.84 bad
0.19 6.00 95.46 bad
0.23 8.00 118.81 good
0.07 2.00 25.57 bad
0.29 8.00 444.03 good
0.33 8.00 299.63 good
0.33 8.00 282.28 good
0.40 8.00 198.40 good
0.26 6.00 243.27 bad
0.21 6.00 65.28 good
0.26 6.00 664.54 bad
0.24 6.00 114.14 good
0.17 6.00 72.91 bad
0.20 10.00 1238.93 good
0.24 6.00 131.59 bad
0.15 6.00 84.03 bad
0.23 10.00 875.52 bad
0.12 6.00 138.45 good
0.14 6.00 132.92 bad
0.33 8.00 297.36 good
0.25 6.00 75.21 good
0.08 4.00 102.63 bad
0.30 6.00 502.72 good
0.20 6.00 101.09 good
0.20 10.00 1797.82 good
0.21 8.00 76.64 good
0.23 8.00 82.37 good
0.26 8.00 209.65 good
0.16 6.00 73.99 bad
0.11 4.00 58.14 good
0.35 6.00 212.10 good
0.33 6.00 194.01 bad
0.34 8.00 176.74 good
0.29 8.00 234.30 bad
0.05 4.00 63.17 bad
0.33 8.00 478.73 good
0.19 6.00 56.35 bad
0.54 8.00 361.68 bad
0.24 8.00 364.52 good
0.18 6.00 97.95 bad
0.33 6.00 909.70 bad
0.09 4.00 40.59 good
0.06 2.00 9.99 bad
0.26 6.00 113.50 good
0.20 6.00 158.29 bad