BookWordCount FiveStarRate Median Class
99
0 1 2 3 6 8 9 12 13 14 15 16 18 21 24 28 29 32 34 36 38 39 40 41 42 43 44 46 48 49 50 51 52 53 56 57 59 60 61 62 63 67 68 69 72 74 75 76 77 78 80 81 84 85 86 87 91 92 93 94 95 96 97 98 99 100 101 103 104 105 106 109 111 112 113 116 117 118 119 122 123 125 126 127 128 129 130 133 135 139 140 142 143 144 145 146 147 151 152
177.20 0.15 6.00 good
289.90 0.25 8.00 good
48.30 0.15 6.00 bad
52.30 0.18 6.00 bad
59.60 0.23 6.00 good
143.50 0.21 6.00 bad
21.30 0.02 6.00 bad
21.80 0.20 6.00 bad
27.50 0.09 6.00 bad
123.80 0.20 6.00 good
257.20 0.23 6.00 bad
135.80 0.14 6.00 good
24.10 0.28 6.00 bad
74.10 0.04 4.00 bad
74.80 0.11 6.00 bad
53.00 0.27 8.00 bad
233.90 0.36 8.00 good
51.10 0.13 8.00 bad
154.60 0.03 6.00 bad
87.00 0.19 8.00 bad
80.20 0.13 6.00 bad
22.80 0.00 2.00 bad
153.10 0.19 8.00 good
168.40 0.17 6.00 good
300.10 0.11 6.00 bad
74.40 0.14 6.00 good
296.80 0.23 4.00 good
123.50 0.27 8.00 good
281.40 0.17 6.00 bad
44.50 0.10 6.00 bad
51.90 0.07 6.00 good
84.60 0.07 6.00 bad
76.10 0.42 8.00 bad
53.70 0.10 4.00 bad
40.40 0.13 6.00 good
293.40 0.18 6.00 bad
133.40 0.25 6.00 good
45.10 0.23 6.00 bad
17.00 0.21 8.00 good
49.60 0.00 4.00 bad
108.60 0.30 6.00 good
16.80 0.42 8.00 good
79.60 0.22 8.00 bad
7.30 0.21 8.00 bad
390.00 0.35 8.00 good
49.30 0.04 6.00 bad
39.60 0.10 6.00 good
46.20 0.24 8.00 good
1070.70 0.37 8.00 bad
70.00 0.16 6.00 bad
144.70 0.58 10.00 bad
87.70 0.13 6.00 bad
30.00 0.14 6.00 bad
87.20 0.10 4.00 good
129.90 0.26 8.00 bad
112.10 0.27 6.00 bad
126.20 0.34 8.00 good
116.50 0.42 8.00 good
90.50 0.21 8.00 bad
63.70 0.23 8.00 good
99.00 0.15 6.00 bad
34.10 0.17 8.00 good
22.20 0.13 8.00 good
170.60 0.29 8.00 good
181.90 0.17 6.00 bad
59.90 0.25 8.00 bad
219.60 0.27 8.00 bad
21.40 0.11 6.00 bad
150.50 0.09 4.00 bad
198.70 0.31 8.00 good
64.40 0.16 6.00 good
101.10 0.10 6.00 bad
148.90 0.12 6.00 good
107.80 0.11 6.00 bad
247.80 0.14 6.00 bad
118.30 0.17 6.00 good
59.10 0.09 6.00 bad
92.20 0.11 6.00 bad
427.70 0.29 8.00 good
79.20 0.25 8.00 bad
153.40 0.20 6.00 good
65.70 0.67 10.00 good
89.70 0.30 8.00 good
34.20 0.36 8.00 good
296.70 0.31 8.00 good
322.80 0.37 8.00 good
46.30 0.17 6.00 bad
145.80 0.04 6.00 bad
335.20 0.26 8.00 bad
130.30 0.22 8.00 good
43.40 0.05 8.00 bad
518.00 0.46 8.00 good
177.70 0.10 6.00 bad
319.70 0.09 6.00 bad
62.30 0.08 6.00 bad
477.20 0.19 8.00 good
154.00 0.02 4.00 good
93.00 0.37 8.00 bad
163.50 0.09 6.00 good