AddListCount ThreeStarRate Median Class
99
1 4 5 7 8 9 10 11 14 15 16 18 19 22 24 26 27 28 29 30 31 32 33 34 35 37 40 43 44 45 47 48 50 51 52 53 54 56 57 58 60 61 62 63 64 66 67 70 72 73 75 77 78 79 81 82 84 87 88 90 93 94 95 96 97 99 101 102 104 105 107 108 109 110 111 114 115 116 117 120 121 124 131 134 135 136 138 139 141 142 143 144 145 148 149 150 151 152 153
492 0.23 8.00 good
22 0.33 6.00 bad
122 0.26 6.00 good
8 0.48 6.00 bad
53 0.30 6.00 bad
14 0.26 6.00 bad
25 0.23 6.00 bad
15 0.40 6.00 bad
136 0.21 6.00 good
204 0.27 6.00 bad
25 0.23 6.00 good
7 0.28 6.00 bad
70 0.22 6.00 bad
61 0.40 6.00 bad
23 0.36 6.00 bad
32 0.43 6.00 bad
31 0.21 4.00 good
73 0.25 8.00 bad
68 0.22 8.00 good
9 0.32 6.00 bad
6 0.33 6.00 good
111 0.31 8.00 bad
49 0.29 6.00 good
24 0.39 6.00 bad
254 0.18 6.00 good
106 0.20 8.00 bad
172 0.24 8.00 good
18 0.24 6.00 good
242 0.11 4.00 good
93 0.30 6.00 bad
20 0.20 4.00 bad
371 0.33 6.00 bad
7 0.32 6.00 good
42 0.37 6.00 bad
446 0.15 8.00 bad
1 0.14 4.00 bad
9 0.33 6.00 good
13 0.32 6.00 good
551 0.21 6.00 bad
70 0.14 8.00 good
19 0.18 6.00 bad
33 0.25 8.00 good
3 0.08 4.00 bad
21 0.12 6.00 good
10 0.21 4.00 bad
2 0.43 6.00 bad
17 0.16 8.00 good
2 0.04 8.00 bad
180 0.26 8.00 good
8 0.22 8.00 bad
8 0.40 6.00 good
183 0.22 8.00 bad
57 0.33 6.00 bad
94 0.26 6.00 bad
4 0.54 6.00 bad
3 0.20 4.00 bad
3 0.33 6.00 bad
65 0.23 6.00 bad
321 0.18 8.00 good
4 0.20 2.00 bad
121 0.26 8.00 bad
57 0.23 8.00 good
4 0.46 6.00 bad
100 0.28 8.00 good
7 0.26 8.00 good
253 0.34 6.00 bad
65 0.26 8.00 bad
39 0.26 6.00 good
5 0.34 4.00 bad
98 0.19 8.00 good
188 0.15 6.00 bad
1586 0.10 10.00 good
34 0.36 6.00 bad
31 0.28 6.00 bad
53 0.26 6.00 good
218 0.09 10.00 bad
76 0.35 6.00 bad
7 0.42 6.00 good
5 0.45 6.00 bad
15 0.20 6.00 good
14 0.32 4.00 bad
57 0.29 6.00 good
5 0.13 4.00 good
168 0.21 8.00 good
293 0.24 8.00 bad
9 0.32 4.00 bad
53 0.22 6.00 bad
206 0.24 8.00 good
19 0.19 8.00 bad
365 0.15 8.00 good
42 0.22 6.00 bad
103 0.27 6.00 bad
28 0.45 6.00 bad
54 0.04 2.00 bad
178 0.23 6.00 good
5 0.35 6.00 bad
125 0.16 8.00 bad
12 0.28 6.00 good
50 0.25 6.00 good