TwoStarRate ThreeStarRate Kurtosis Class
96
0 1 2 4 5 6 7 8 13 14 16 17 18 21 22 24 27 29 32 33 35 37 41 43 44 46 47 48 49 51 52 53 54 56 57 58 59 61 62 63 64 66 67 70 71 73 74 75 76 77 80 81 82 83 85 89 90 93 95 97 98 99 101 102 103 104 105 106 110 111 112 113 114 115 116 117 118 119 120 121 125 126 130 131 132 133 134 135 136 139 141 146 147 149 150 152
0.15 0.28 200.91 good
0.08 0.23 406.22 good
0.10 0.40 267.71 bad
0.09 0.33 113.07 bad
0.20 0.26 93.52 good
0.14 0.21 75.15 good
0.15 0.48 181.37 bad
0.16 0.30 196.73 bad
0.24 0.39 156.17 bad
0.14 0.21 68.44 good
0.22 0.23 87.54 good
0.22 0.20 80.31 bad
0.17 0.28 137.29 bad
0.37 0.16 66.70 bad
0.15 0.40 468.11 bad
0.21 0.36 114.10 bad
0.17 0.21 40.03 good
0.10 0.22 194.89 good
0.09 0.31 404.81 bad
0.20 0.29 163.05 good
0.12 0.18 41.11 good
0.03 0.20 948.64 bad
0.14 0.34 389.04 good
0.13 0.24 44.83 good
0.07 0.11 29.34 good
0.07 0.19 218.67 good
0.28 0.20 85.63 bad
0.09 0.33 362.40 bad
0.10 0.39 155.38 bad
0.30 0.37 339.26 bad
0.04 0.15 453.60 bad
0.33 0.14 31.11 bad
0.05 0.33 245.77 good
0.20 0.32 74.03 good
0.07 0.21 94.54 bad
0.05 0.14 256.16 good
0.21 0.21 148.52 good
0.08 0.25 1104.85 good
0.50 0.08 199.64 bad
0.07 0.12 55.29 good
0.27 0.21 59.06 bad
0.14 0.43 204.65 bad
0.06 0.16 278.88 good
0.10 0.04 49.13 bad
0.12 0.25 106.33 bad
0.11 0.22 278.58 bad
0.22 0.36 393.48 bad
0.10 0.40 344.01 good
0.07 0.15 159.36 good
0.07 0.22 440.27 bad
0.03 0.13 599.56 bad
0.08 0.54 173.53 bad
0.41 0.20 87.78 bad
0.17 0.28 188.48 bad
0.19 0.15 51.21 good
0.17 0.27 208.64 bad
0.13 0.20 25.57 bad
0.08 0.26 288.02 bad
0.23 0.46 128.84 bad
0.03 0.26 198.40 good
0.08 0.22 391.57 good
0.12 0.34 243.27 bad
0.10 0.26 286.97 bad
0.14 0.26 65.28 good
0.08 0.50 664.54 bad
0.31 0.34 92.39 bad
0.08 0.19 385.10 good
0.14 0.27 114.14 good
0.21 0.28 131.59 bad
0.16 0.26 113.09 good
0.20 0.30 84.03 bad
0.13 0.36 164.81 bad
0.02 0.09 875.52 bad
0.19 0.35 125.49 bad
0.12 0.42 138.45 good
0.11 0.45 132.92 bad
0.11 0.39 387.39 bad
0.06 0.20 297.36 good
0.18 0.20 75.21 good
0.30 0.32 102.63 bad
0.02 0.08 1797.82 good
0.06 0.16 76.64 good
0.13 0.28 73.99 bad
0.41 0.13 58.14 good
0.14 0.25 212.10 good
0.13 0.33 194.01 bad
0.12 0.21 176.74 good
0.09 0.24 234.30 bad
0.24 0.32 63.17 bad
0.07 0.24 304.97 good
0.03 0.19 311.51 bad
0.09 0.27 402.15 good
0.22 0.19 40.59 good
0.18 0.23 113.50 good
0.15 0.35 158.29 bad
0.19 0.28 62.68 good