BookScore FiveStarRate Kurtosis Class
101
0 1 2 3 4 6 7 8 11 15 17 18 19 22 23 26 27 28 29 32 34 35 36 39 40 46 48 49 50 51 53 55 56 57 58 59 61 62 63 65 66 67 70 71 72 74 75 78 80 81 82 85 87 88 89 90 91 93 94 95 96 97 98 99 100 102 103 107 108 109 111 112 114 116 117 120 121 123 126 127 128 129 130 131 132 134 136 138 140 141 142 143 144 145 146 147 148 149 150 151 152
6.4 0.15 200.91 good
7.2 0.25 406.22 good
6.4 0.15 267.71 bad
6.4 0.18 155.27 bad
5.8 0.10 113.07 bad
6.0 0.23 75.15 good
5.8 0.11 181.37 bad
6.5 0.21 196.73 bad
6.9 0.16 491.68 bad
6.6 0.23 188.48 bad
5.6 0.12 80.31 bad
6.5 0.28 137.29 bad
6.7 0.28 181.41 bad
6.5 0.11 468.11 bad
4.7 0.06 78.49 good
6.5 0.19 249.04 bad
4.5 0.05 40.03 good
7.2 0.27 418.19 bad
7.1 0.36 194.89 good
6.8 0.13 404.81 bad
5.1 0.03 192.82 bad
5.5 0.21 41.11 good
6.7 0.19 203.97 bad
3.5 0.00 53.89 bad
6.7 0.19 227.23 good
7.1 0.27 218.67 good
6.8 0.17 362.40 bad
5.9 0.10 155.38 bad
5.3 0.07 119.73 good
5.9 0.07 339.26 bad
4.0 0.10 31.11 bad
5.6 0.06 182.02 bad
5.3 0.13 74.03 good
6.2 0.18 94.54 bad
7.5 0.37 256.16 good
6.5 0.25 148.52 good
7.5 0.21 1104.85 good
5.3 0.00 199.64 bad
6.2 0.30 55.29 good
4.8 0.07 77.07 bad
5.9 0.10 204.65 bad
7.6 0.42 278.88 good
5.9 0.20 49.13 bad
6.1 0.17 106.33 bad
7.3 0.35 259.41 good
6.1 0.04 393.48 bad
6.4 0.10 344.01 good
6.2 0.16 147.32 bad
8.3 0.58 599.56 bad
5.8 0.13 173.53 bad
5.6 0.22 87.78 bad
5.2 0.10 51.21 good
6.4 0.27 95.46 bad
6.7 0.30 118.81 good
6.4 0.17 208.64 bad
4.0 0.07 25.57 bad
7.2 0.34 191.97 good
6.9 0.21 288.02 bad
7.0 0.23 299.63 good
5.5 0.15 128.84 bad
6.7 0.17 282.28 good
6.5 0.13 198.40 good
7.3 0.29 391.57 good
6.5 0.17 243.27 bad
7.0 0.25 297.05 bad
5.3 0.08 65.28 good
6.6 0.11 664.54 bad
6.4 0.31 72.91 bad
8.7 0.63 1238.93 good
6.0 0.10 170.95 bad
5.8 0.12 113.09 good
5.4 0.11 84.03 bad
8.5 0.60 875.52 bad
6.0 0.17 138.45 good
5.5 0.09 132.92 bad
5.6 0.11 75.21 good
4.5 0.02 102.63 bad
7.0 0.20 502.72 good
6.4 0.30 76.64 good
7.4 0.36 319.05 good
6.5 0.31 82.37 good
7.3 0.37 209.65 good
5.7 0.17 73.99 bad
4.4 0.06 58.14 good
6.4 0.13 212.10 good
6.5 0.18 176.74 good
4.8 0.09 63.17 bad
5.7 0.18 56.35 bad
6.4 0.05 361.68 bad
6.9 0.15 311.51 bad
7.8 0.46 364.52 good
5.5 0.10 86.23 bad
5.4 0.09 97.95 bad
6.7 0.08 909.70 bad
7.0 0.19 402.15 good
3.9 0.02 40.59 good
3.3 0.08 9.99 bad
6.0 0.15 113.50 good
6.1 0.15 158.29 bad
6.8 0.37 105.22 bad
5.1 0.09 62.68 good