BookWordCount TwoStarRate FiveStarRate Class
100
1 2 5 6 7 9 11 12 13 14 15 18 20 21 22 23 24 25 27 30 34 35 37 38 39 41 43 44 45 46 47 49 50 52 53 54 56 59 60 61 62 65 66 67 68 69 70 71 73 74 76 77 78 83 84 86 89 90 91 93 94 98 99 100 102 103 104 105 106 108 109 110 112 113 114 115 116 119 121 122 123 124 125 128 129 132 133 134 136 137 138 139 140 142 144 146 149 150 151 152
289.90 0.08 0.25 good
48.30 0.10 0.15 bad
158.50 0.20 0.12 good
59.60 0.14 0.23 good
38.90 0.15 0.11 bad
21.30 0.18 0.02 bad
13.40 0.04 0.16 bad
21.80 0.08 0.20 bad
27.50 0.24 0.09 bad
123.80 0.14 0.20 good
257.20 0.13 0.23 bad
24.10 0.17 0.28 bad
82.30 0.20 0.13 good
74.10 0.37 0.04 bad
77.70 0.15 0.11 bad
122.20 0.31 0.06 good
74.80 0.21 0.11 bad
35.90 0.20 0.20 bad
147.20 0.17 0.05 good
150.70 0.18 0.11 bad
154.60 0.30 0.03 bad
713.10 0.12 0.21 good
51.30 0.03 0.28 bad
80.20 0.35 0.13 bad
22.80 0.26 0.00 bad
168.40 0.14 0.17 good
74.40 0.13 0.14 good
296.80 0.07 0.23 good
380.50 0.20 0.10 bad
123.50 0.07 0.27 good
49.70 0.28 0.08 bad
44.50 0.10 0.10 bad
51.90 0.28 0.07 good
76.10 0.04 0.42 bad
53.70 0.33 0.10 bad
13.00 0.05 0.29 good
40.40 0.20 0.13 good
133.40 0.21 0.25 good
45.10 0.21 0.23 bad
17.00 0.08 0.21 good
49.60 0.50 0.00 bad
72.20 0.28 0.07 bad
34.80 0.14 0.10 bad
16.80 0.06 0.42 good
79.60 0.11 0.22 bad
7.30 0.05 0.21 bad
55.40 0.10 0.20 bad
98.90 0.12 0.17 bad
68.60 0.11 0.17 bad
49.30 0.22 0.04 bad
46.20 0.07 0.24 good
1070.70 0.07 0.37 bad
70.00 0.10 0.16 bad
40.80 0.17 0.22 bad
30.00 0.14 0.14 bad
129.90 0.03 0.26 bad
153.20 0.17 0.17 bad
50.40 0.13 0.07 bad
126.20 0.08 0.34 good
90.50 0.08 0.21 bad
63.70 0.11 0.23 good
170.60 0.08 0.29 good
181.90 0.12 0.17 bad
59.90 0.02 0.25 bad
78.10 0.14 0.08 good
21.40 0.08 0.11 bad
150.50 0.31 0.09 bad
198.70 0.08 0.31 good
64.40 0.14 0.16 good
446.50 0.02 0.63 good
101.10 0.14 0.10 bad
133.50 0.21 0.10 bad
107.80 0.20 0.11 bad
247.80 0.13 0.14 bad
31.70 0.02 0.60 bad
119.20 0.19 0.07 bad
118.30 0.12 0.17 good
427.70 0.06 0.29 good
145.90 0.30 0.02 bad
79.20 0.10 0.25 bad
153.40 0.08 0.20 good
223.00 0.19 0.11 good
65.70 0.02 0.67 good
296.70 0.08 0.31 good
322.80 0.07 0.37 good
237.20 0.14 0.13 good
145.80 0.13 0.04 bad
179.50 0.12 0.18 good
72.70 0.24 0.09 bad
448.70 0.05 0.38 good
212.90 0.10 0.18 bad
130.30 0.07 0.22 good
43.40 0.30 0.05 bad
518.00 0.05 0.46 good
319.70 0.25 0.09 bad
477.20 0.09 0.19 good
382.10 0.18 0.15 good
44.60 0.15 0.15 bad
93.00 0.07 0.37 bad
163.50 0.19 0.09 good