Mode Median Kurtosis Class
95
0 1 4 5 8 11 13 15 16 17 19 20 21 22 24 25 27 28 31 32 35 36 37 38 41 42 43 45 46 47 49 52 53 56 57 58 60 62 63 66 67 68 71 72 74 76 77 79 80 81 83 84 85 86 87 89 90 91 92 95 96 97 99 100 101 102 103 104 107 109 111 112 116 117 118 120 121 122 123 124 125 126 127 128 132 133 136 137 138 139 140 141 142 144 145
8.00 6.00 200.91 good
8.00 8.00 406.22 good
6.00 6.00 113.07 bad
6.00 6.00 93.52 good
6.00 6.00 196.73 bad
6.00 6.00 491.68 bad
6.00 6.00 156.17 bad
6.00 6.00 188.48 bad
6.00 6.00 87.54 good
8.00 6.00 80.31 bad
10.00 6.00 181.41 bad
2.00 4.00 48.29 good
4.00 4.00 66.70 bad
6.00 6.00 468.11 bad
6.00 6.00 114.10 bad
2.00 4.00 28.01 bad
2.00 4.00 40.03 good
8.00 8.00 418.19 bad
6.00 6.00 211.54 good
8.00 8.00 404.81 bad
2.00 6.00 41.11 good
8.00 8.00 203.97 bad
8.00 8.00 948.64 bad
4.00 6.00 172.89 bad
6.00 6.00 389.04 good
2.00 6.00 74.29 bad
2.00 6.00 44.83 good
6.00 6.00 135.14 bad
8.00 8.00 218.67 good
4.00 4.00 85.63 bad
6.00 6.00 155.38 bad
10.00 8.00 453.60 bad
2.00 4.00 31.11 bad
6.00 6.00 74.03 good
8.00 6.00 94.54 bad
10.00 8.00 256.16 good
10.00 6.00 95.85 bad
4.00 4.00 199.64 bad
2.00 6.00 55.29 good
6.00 6.00 204.65 bad
10.00 8.00 278.88 good
8.00 8.00 223.96 bad
8.00 6.00 106.33 bad
10.00 8.00 259.41 good
6.00 6.00 393.48 bad
8.00 8.00 159.36 good
10.00 8.00 440.27 bad
2.00 6.00 65.93 bad
10.00 10.00 599.56 bad
6.00 6.00 173.53 bad
6.00 6.00 188.48 bad
6.00 6.00 116.65 bad
2.00 4.00 51.21 good
6.00 8.00 249.84 bad
10.00 6.00 95.46 bad
8.00 6.00 208.64 bad
2.00 2.00 25.57 bad
10.00 8.00 191.97 good
10.00 8.00 444.03 good
6.00 6.00 128.84 bad
8.00 8.00 282.28 good
8.00 8.00 198.40 good
6.00 6.00 243.27 bad
6.00 8.00 297.05 bad
10.00 8.00 286.97 bad
2.00 6.00 65.28 good
6.00 6.00 664.54 bad
6.00 4.00 92.39 bad
10.00 6.00 72.91 bad
6.00 6.00 170.95 bad
8.00 6.00 113.09 good
6.00 6.00 84.03 bad
6.00 6.00 138.45 good
6.00 6.00 132.92 bad
6.00 6.00 387.39 bad
8.00 6.00 75.21 good
6.00 4.00 102.63 bad
8.00 8.00 313.76 bad
6.00 6.00 502.72 good
6.00 6.00 101.09 good
10.00 10.00 1797.82 good
10.00 8.00 76.64 good
10.00 8.00 319.05 good
10.00 8.00 82.37 good
8.00 6.00 212.10 good
8.00 6.00 194.01 bad
6.00 4.00 63.17 bad
10.00 8.00 478.73 good
2.00 6.00 56.35 bad
8.00 8.00 304.97 good
8.00 8.00 361.68 bad
8.00 8.00 311.51 bad
10.00 8.00 364.52 good
6.00 6.00 97.95 bad
6.00 6.00 909.70 bad