BookWordCount BookScoreCount Median Class
97
0 1 3 4 5 6 7 8 10 11 12 14 16 17 18 19 21 23 24 27 30 31 32 36 37 38 39 40 42 43 44 48 50 51 53 57 58 59 60 63 64 65 66 67 72 73 74 75 76 79 80 81 82 83 85 86 88 92 93 94 95 96 97 98 103 104 105 107 108 109 111 112 116 120 121 123 128 131 132 133 134 136 138 139 141 142 143 144 145 146 147 148 149 150 151 152 153
177.20 568 6.00 good
289.90 967 8.00 good
52.30 129 6.00 bad
139.00 78 6.00 bad
158.50 439 6.00 good
59.60 187 6.00 good
38.90 27 6.00 bad
143.50 177 6.00 bad
82.50 78 6.00 bad
13.40 51 6.00 bad
21.80 25 6.00 bad
123.80 454 6.00 good
135.80 119 6.00 good
33.60 36 6.00 bad
24.10 23 6.00 bad
122.40 250 6.00 bad
74.10 44 4.00 bad
122.20 116 4.00 good
74.80 70 6.00 bad
147.20 150 4.00 good
150.70 29 6.00 bad
78.00 44 6.00 good
51.10 292 8.00 bad
87.00 223 8.00 bad
51.30 216 8.00 bad
80.20 63 6.00 bad
22.80 20 2.00 bad
153.10 495 8.00 good
300.10 686 6.00 bad
74.40 81 6.00 good
296.80 1885 4.00 good
281.40 1248 6.00 bad
51.90 29 6.00 good
84.60 133 6.00 bad
53.70 22 4.00 bad
293.40 2109 6.00 bad
63.50 461 8.00 good
133.40 484 6.00 good
45.10 108 6.00 bad
108.60 91 6.00 good
54.40 45 4.00 bad
72.20 82 4.00 bad
34.80 21 6.00 bad
16.80 90 8.00 good
390.00 956 8.00 good
68.60 19 8.00 bad
49.30 46 6.00 bad
39.60 21 6.00 good
46.20 429 8.00 good
131.20 531 6.00 bad
144.70 714 10.00 bad
87.70 25 6.00 bad
183.00 31 4.00 bad
40.80 104 6.00 bad
87.20 356 4.00 good
129.90 222 8.00 bad
315.30 1636 8.00 good
116.50 527 8.00 good
90.50 396 8.00 bad
63.70 218 8.00 good
99.00 13 6.00 bad
34.10 188 8.00 good
22.20 39 8.00 good
170.60 2113 8.00 good
21.40 29 6.00 bad
150.50 25 4.00 bad
198.70 339 8.00 good
310.00 1184 6.00 bad
446.50 5393 10.00 good
101.10 88 6.00 bad
148.90 182 6.00 good
107.80 201 6.00 bad
118.30 19 6.00 good
85.80 45 6.00 good
145.90 59 4.00 bad
153.40 93 6.00 good
296.70 607 8.00 good
195.70 31 4.00 good
237.20 614 6.00 good
145.80 23 6.00 bad
179.50 795 8.00 good
72.70 68 4.00 bad
212.90 328 6.00 bad
130.30 1100 8.00 good
25.10 83 8.00 bad
518.00 2366 8.00 good
177.70 153 6.00 bad
319.70 364 6.00 bad
62.30 61 6.00 bad
477.20 2356 8.00 good
154.00 208 4.00 good
209.90 1080 2.00 bad
382.10 674 6.00 good
44.60 21 6.00 bad
93.00 638 8.00 bad
163.50 45 6.00 good
73.20 209 6.00 good