BookScore BookScoreCount FourStarRate Class
97
0 6 7 8 10 11 12 14 15 17 18 20 22 25 26 28 29 30 33 35 36 37 40 41 42 43 44 47 49 50 51 52 55 56 57 59 60 61 62 63 64 65 66 68 70 72 74 75 77 78 82 83 84 86 87 88 93 94 96 99 100 101 102 103 104 105 107 108 109 112 115 116 117 118 120 121 122 123 125 126 127 128 130 134 135 136 138 140 141 143 144 145 147 149 151 152 153
6.4 568 0.30 good
6.0 187 0.18 good
5.8 27 0.11 bad
6.5 177 0.22 bad
5.8 78 0.27 bad
6.9 51 0.32 bad
6.0 25 0.08 bad
5.9 454 0.19 good
6.6 658 0.25 bad
5.6 36 0.23 bad
6.5 23 0.14 bad
5.3 112 0.20 good
6.5 159 0.28 bad
4.8 11 0.00 bad
6.5 100 0.18 bad
7.2 263 0.31 bad
7.1 290 0.20 good
5.4 29 0.14 bad
6.1 192 0.23 good
5.5 1909 0.14 good
6.7 223 0.34 bad
7.8 216 0.44 bad
6.7 495 0.33 good
6.7 670 0.29 good
5.4 686 0.20 bad
5.1 81 0.14 good
5.4 1885 0.16 good
5.3 79 0.22 bad
5.9 72 0.23 bad
5.3 29 0.14 good
5.9 133 0.21 bad
7.9 1780 0.30 bad
5.6 55 0.20 bad
5.3 80 0.10 good
6.2 2109 0.29 bad
6.5 484 0.21 good
6.2 108 0.20 bad
7.5 86 0.44 good
5.3 13 0.34 bad
6.2 91 0.20 good
4.4 45 0.14 bad
4.8 82 0.07 bad
5.9 21 0.19 bad
6.8 153 0.30 bad
5.9 51 0.32 bad
7.3 956 0.20 good
6.1 46 0.31 bad
6.4 21 0.30 good
7.6 745 0.27 bad
6.2 217 0.24 bad
5.6 31 0.05 bad
6.6 104 0.22 bad
5.9 21 0.19 bad
7.0 222 0.27 bad
6.4 182 0.19 bad
6.7 1636 0.23 good
6.9 396 0.34 bad
7.0 218 0.33 good
6.7 188 0.33 good
6.5 942 0.26 bad
7.0 42 0.27 bad
7.1 219 0.27 bad
5.3 225 0.21 good
6.6 29 0.26 bad
4.9 25 0.04 bad
7.4 339 0.33 good
6.4 1184 0.17 bad
8.7 5393 0.20 good
6.0 88 0.24 bad
5.4 201 0.15 bad
5.5 282 0.19 bad
6.0 19 0.12 good
5.5 34 0.14 bad
6.5 274 0.30 bad
5.6 45 0.25 good
4.5 59 0.08 bad
7.0 385 0.29 bad
7.0 93 0.30 good
8.9 768 0.20 good
6.4 353 0.21 good
7.4 387 0.26 good
6.5 607 0.23 good
5.7 82 0.16 bad
6.5 795 0.34 good
7.0 1310 0.29 bad
4.8 68 0.05 bad
5.7 328 0.19 bad
6.4 21 0.54 bad
6.9 83 0.49 bad
5.5 153 0.24 bad
5.4 364 0.18 bad
6.7 61 0.33 bad
3.9 208 0.09 good
6.0 674 0.26 good
6.8 638 0.19 bad
5.1 45 0.14 good
5.7 209 0.22 good