BookScore AddListCount TwoStarRate Class
94
1 3 4 5 10 11 12 14 15 16 17 18 19 21 22 29 30 32 34 39 40 41 42 43 44 46 47 50 51 53 54 55 56 57 60 62 63 65 66 68 69 71 72 74 76 78 80 81 82 83 84 92 93 95 96 98 99 101 102 104 105 106 110 111 112 113 114 115 118 120 121 122 124 125 126 127 128 129 130 132 133 136 137 138 140 141 142 143 145 146 148 150 151 152
7.2 492 0.08 good
6.4 38 0.12 bad
5.8 22 0.09 bad
5.6 122 0.20 good
5.8 25 0.26 bad
6.9 15 0.04 bad
6.0 12 0.08 bad
5.9 136 0.14 good
6.6 204 0.13 bad
5.7 25 0.22 good
5.6 10 0.22 bad
6.5 7 0.17 bad
6.7 70 0.18 bad
4.6 12 0.37 bad
6.5 61 0.15 bad
7.1 68 0.10 good
5.4 9 0.18 bad
6.8 111 0.09 bad
5.1 24 0.30 bad
3.5 1 0.26 bad
6.7 172 0.12 good
6.7 289 0.14 good
5.4 215 0.17 bad
5.1 18 0.13 good
5.4 242 0.07 good
7.1 28 0.07 good
5.3 20 0.28 bad
5.3 7 0.28 good
5.9 42 0.30 bad
4.0 1 0.33 bad
7.0 9 0.05 good
5.6 11 0.28 bad
5.3 13 0.20 good
6.2 551 0.07 bad
6.2 19 0.21 bad
5.3 3 0.50 bad
6.2 21 0.07 good
4.8 22 0.28 bad
5.9 2 0.14 bad
6.8 45 0.11 bad
7.4 5 0.05 bad
6.1 119 0.12 bad
7.3 180 0.08 good
6.1 16 0.22 bad
6.8 110 0.07 good
6.2 57 0.10 bad
8.3 193 0.03 bad
5.8 4 0.08 bad
5.6 3 0.41 bad
6.6 22 0.17 bad
5.9 3 0.14 bad
7.8 141 0.04 good
6.9 121 0.08 bad
5.5 4 0.23 bad
6.7 100 0.11 good
7.3 558 0.08 good
6.5 253 0.12 bad
7.1 65 0.10 bad
5.3 39 0.14 good
4.9 5 0.31 bad
7.4 98 0.08 good
6.0 102 0.14 good
5.8 31 0.21 bad
5.8 53 0.16 good
5.4 63 0.20 bad
6.1 25 0.13 bad
8.5 218 0.02 bad
5.5 76 0.19 bad
6.5 112 0.11 bad
5.6 15 0.18 good
4.5 14 0.30 bad
7.0 126 0.10 bad
5.6 57 0.19 good
8.9 149 0.02 good
6.4 48 0.06 good
7.4 146 0.06 good
6.5 108 0.08 good
7.3 510 0.07 good
5.7 11 0.13 bad
6.4 131 0.14 good
5.9 1 0.13 bad
4.8 9 0.24 bad
7.8 303 0.05 good
5.7 53 0.10 bad
6.4 7 0.30 bad
6.9 19 0.03 bad
7.8 365 0.05 good
5.5 42 0.21 bad
6.7 28 0.10 bad
7.0 710 0.09 good
3.3 54 0.03 bad
6.1 5 0.15 bad
6.8 125 0.07 bad
5.1 12 0.19 good