BookWordCount ThreeStarRate FiveStarRate Class
94
1 3 5 9 11 12 13 14 15 16 17 18 19 20 22 23 24 25 28 29 30 33 35 39 40 41 43 44 45 51 55 56 57 58 59 61 62 64 65 66 68 69 71 72 73 75 76 78 79 80 81 83 85 89 90 92 93 94 97 99 101 102 103 106 108 109 110 111 112 116 119 120 121 123 124 125 126 127 129 130 131 134 135 136 137 138 140 144 145 147 148 150 151 152
289.90 0.23 0.25 good
52.30 0.27 0.18 bad
158.50 0.26 0.12 good
21.30 0.26 0.02 bad
13.40 0.40 0.16 bad
21.80 0.44 0.20 bad
27.50 0.39 0.09 bad
123.80 0.21 0.20 good
257.20 0.27 0.23 bad
135.80 0.23 0.14 good
33.60 0.20 0.12 bad
24.10 0.28 0.28 bad
122.40 0.22 0.28 bad
82.30 0.15 0.13 good
77.70 0.40 0.11 bad
122.20 0.28 0.06 good
74.80 0.36 0.11 bad
35.90 0.20 0.20 bad
53.00 0.25 0.27 bad
233.90 0.22 0.36 good
150.70 0.32 0.11 bad
178.90 0.29 0.15 good
713.10 0.18 0.21 good
22.80 0.16 0.00 bad
153.10 0.24 0.19 good
168.40 0.34 0.17 good
74.40 0.24 0.14 good
296.80 0.11 0.23 good
380.50 0.30 0.10 bad
84.60 0.37 0.07 bad
106.40 0.33 0.06 bad
40.40 0.32 0.13 good
293.40 0.21 0.18 bad
63.50 0.14 0.37 good
133.40 0.21 0.25 good
17.00 0.25 0.21 good
49.60 0.08 0.00 bad
54.40 0.21 0.02 bad
72.20 0.31 0.07 bad
34.80 0.43 0.10 bad
79.60 0.25 0.22 bad
7.30 0.26 0.21 bad
98.90 0.25 0.17 bad
390.00 0.26 0.35 good
68.60 0.22 0.17 bad
39.60 0.40 0.10 good
46.20 0.15 0.24 good
70.00 0.33 0.16 bad
131.20 0.26 0.10 bad
144.70 0.13 0.58 bad
87.70 0.54 0.13 bad
40.80 0.28 0.22 bad
87.20 0.15 0.10 good
153.20 0.27 0.17 bad
50.40 0.20 0.07 bad
116.50 0.16 0.42 good
90.50 0.26 0.21 bad
63.70 0.23 0.23 good
22.20 0.26 0.13 good
181.90 0.34 0.17 bad
219.60 0.26 0.27 bad
78.10 0.26 0.08 good
21.40 0.50 0.11 bad
64.40 0.27 0.16 good
446.50 0.10 0.63 good
101.10 0.36 0.10 bad
133.50 0.28 0.10 bad
148.90 0.26 0.12 good
107.80 0.30 0.11 bad
118.30 0.42 0.17 good
427.70 0.20 0.29 good
85.80 0.20 0.11 good
145.90 0.32 0.02 bad
153.40 0.37 0.20 good
223.00 0.29 0.11 good
65.70 0.08 0.67 good
89.70 0.16 0.30 good
34.20 0.22 0.36 good
322.80 0.16 0.37 good
46.30 0.28 0.17 bad
195.70 0.13 0.06 good
179.50 0.21 0.18 good
335.20 0.24 0.26 bad
72.70 0.32 0.09 bad
448.70 0.15 0.38 good
212.90 0.22 0.18 bad
43.40 0.07 0.05 bad
319.70 0.27 0.09 bad
62.30 0.45 0.08 bad
154.00 0.19 0.02 good
209.90 0.04 0.08 bad
44.60 0.35 0.15 bad
93.00 0.16 0.37 bad
163.50 0.28 0.09 good