BookScore BookScoreCount Kurtosis Class
96
0 1 2 3 4 6 7 8 10 13 15 18 21 22 24 26 27 28 30 31 34 35 37 38 39 40 42 43 45 49 51 52 53 55 57 58 59 60 63 64 65 68 70 71 73 74 75 79 80 82 83 84 86 87 94 96 97 100 101 102 104 105 106 107 108 109 111 117 118 119 120 122 123 124 127 128 129 131 132 133 135 137 138 139 140 141 142 143 144 145 148 149 150 151 152 153
6.4 568 200.91 good
7.2 967 406.22 good
6.4 47 267.71 bad
6.4 129 155.27 bad
5.8 78 113.07 bad
6.0 187 75.15 good
5.8 27 181.37 bad
6.5 177 196.73 bad
5.8 78 143.84 bad
5.5 48 156.17 bad
6.6 658 188.48 bad
6.5 23 137.29 bad
4.6 44 66.70 bad
6.5 159 468.11 bad
5.5 70 114.10 bad
6.5 100 249.04 bad
4.5 150 40.03 good
7.2 263 418.19 bad
5.4 29 80.73 bad
5.8 44 211.54 good
5.1 97 192.82 bad
5.5 1909 41.11 good
7.8 216 948.64 bad
5.9 63 172.89 bad
3.5 20 53.89 bad
6.7 495 227.23 good
5.4 686 74.29 bad
5.1 81 44.83 good
5.8 299 135.14 bad
5.9 72 155.38 bad
5.9 133 339.26 bad
7.9 1780 453.60 bad
4.0 22 31.11 bad
5.6 55 182.02 bad
6.2 2109 94.54 bad
7.5 461 256.16 good
6.5 484 148.52 good
6.2 108 95.85 bad
6.2 91 55.29 good
4.4 45 59.06 bad
4.8 82 77.07 bad
6.8 153 223.96 bad
5.9 51 49.13 bad
6.1 248 106.33 bad
6.8 19 278.58 bad
6.1 46 393.48 bad
6.4 21 344.01 good
5.2 531 65.93 bad
8.3 714 599.56 bad
5.6 31 87.78 bad
6.6 104 188.48 bad
5.9 21 116.65 bad
7.0 222 249.84 bad
6.4 182 95.46 bad
7.0 218 299.63 good
6.7 188 282.28 good
6.5 39 198.40 good
7.0 42 297.05 bad
7.1 219 286.97 bad
5.3 225 65.28 good
4.9 25 92.39 bad
7.4 339 385.10 good
6.0 349 114.14 good
6.4 1184 72.91 bad
8.7 5393 1238.93 good
6.0 88 170.95 bad
5.8 182 113.09 good
5.5 34 132.92 bad
6.5 274 387.39 bad
7.3 1575 297.36 good
5.6 45 75.21 good
7.0 385 313.76 bad
7.0 93 502.72 good
5.6 320 101.09 good
7.4 387 319.05 good
6.5 607 82.37 good
7.3 2063 209.65 good
4.4 31 58.14 good
6.4 614 212.10 good
5.9 23 194.01 bad
7.0 1310 234.30 bad
7.8 1641 478.73 good
5.7 328 56.35 bad
7.0 1100 304.97 good
6.4 21 361.68 bad
6.9 83 311.51 bad
7.8 2366 364.52 good
5.5 153 86.23 bad
5.4 364 97.95 bad
6.7 61 909.70 bad
3.3 1080 9.99 bad
6.0 674 113.50 good
6.1 21 158.29 bad
6.8 638 105.22 bad
5.1 45 62.68 good
5.7 209 105.28 good