AddListCount FourStarRate Median Class
96
1 2 3 6 7 8 11 13 14 16 18 19 21 23 25 26 28 31 32 33 35 36 37 38 39 41 42 43 45 46 47 49 50 51 53 54 58 61 62 65 66 67 69 70 71 72 74 75 76 79 81 82 83 87 88 90 91 92 93 94 95 97 100 102 105 108 109 110 111 112 115 117 118 119 120 121 122 123 124 125 126 127 128 130 131 134 135 138 139 141 142 146 147 148 149 153
492 0.36 8.00 good
12 0.24 6.00 bad
38 0.27 6.00 bad
42 0.18 6.00 good
8 0.11 6.00 bad
53 0.22 6.00 bad
15 0.32 6.00 bad
9 0.13 6.00 bad
136 0.19 6.00 good
25 0.20 6.00 good
7 0.14 6.00 bad
70 0.22 6.00 bad
12 0.14 4.00 bad
32 0.08 4.00 good
2 0.00 4.00 bad
32 0.18 6.00 bad
73 0.31 8.00 bad
6 0.19 6.00 good
111 0.39 8.00 bad
49 0.23 6.00 good
254 0.14 6.00 good
63 0.34 8.00 bad
106 0.44 8.00 bad
19 0.17 6.00 bad
1 0.05 2.00 bad
289 0.29 6.00 good
215 0.20 6.00 bad
18 0.14 6.00 good
93 0.23 6.00 bad
28 0.33 8.00 good
20 0.22 4.00 bad
13 0.23 6.00 bad
7 0.14 6.00 good
42 0.21 6.00 bad
1 0.00 4.00 bad
9 0.21 6.00 good
70 0.30 8.00 good
33 0.44 8.00 good
3 0.34 4.00 bad
22 0.07 4.00 bad
2 0.19 6.00 bad
17 0.25 8.00 good
5 0.42 8.00 bad
2 0.32 8.00 bad
119 0.25 6.00 bad
180 0.20 8.00 good
16 0.31 6.00 bad
8 0.30 6.00 good
110 0.36 8.00 good
94 0.17 6.00 bad
4 0.08 6.00 bad
3 0.05 4.00 bad
22 0.22 6.00 bad
65 0.19 6.00 bad
321 0.23 8.00 good
4 0.07 2.00 bad
218 0.28 8.00 good
141 0.29 8.00 good
121 0.34 8.00 bad
57 0.33 8.00 good
4 0.00 6.00 bad
7 0.40 8.00 good
8 0.27 8.00 bad
39 0.21 6.00 good
98 0.33 8.00 good
1586 0.20 10.00 good
34 0.24 6.00 bad
31 0.24 6.00 bad
53 0.26 6.00 good
63 0.15 6.00 bad
76 0.19 6.00 bad
5 0.14 6.00 bad
112 0.30 6.00 bad
274 0.33 8.00 good
15 0.25 6.00 good
14 0.08 4.00 bad
126 0.29 8.00 bad
32 0.30 6.00 good
57 0.20 6.00 good
149 0.20 10.00 good
48 0.21 8.00 good
146 0.26 8.00 good
108 0.23 8.00 good
11 0.16 6.00 bad
5 0.11 4.00 good
168 0.34 8.00 good
293 0.29 8.00 bad
53 0.19 6.00 bad
206 0.36 8.00 good
19 0.49 8.00 bad
365 0.24 8.00 good
710 0.37 8.00 good
26 0.09 4.00 good
54 0.06 2.00 bad
178 0.26 6.00 good
50 0.22 6.00 good