BookScoreCount FiveStarRate Mode Class
95
0 1 2 3 5 8 11 13 14 15 16 18 21 22 23 24 25 26 27 28 29 30 31 32 34 36 38 39 40 41 45 46 47 48 50 51 54 55 56 59 60 61 62 64 67 68 69 70 72 74 75 77 82 84 85 87 88 90 91 92 93 94 95 97 98 102 105 109 110 111 113 115 117 118 119 120 122 125 126 127 128 130 131 133 134 137 139 141 143 146 147 150 151 152 153
568 0.15 8.00 good
967 0.25 8.00 good
47 0.15 6.00 bad
129 0.18 8.00 bad
439 0.12 6.00 good
177 0.21 6.00 bad
51 0.16 6.00 bad
48 0.09 6.00 bad
454 0.20 2.00 good
658 0.23 6.00 bad
119 0.14 6.00 good
23 0.28 10.00 bad
44 0.04 4.00 bad
159 0.11 6.00 bad
116 0.06 4.00 good
70 0.11 6.00 bad
11 0.20 2.00 bad
100 0.19 6.00 bad
150 0.05 2.00 good
263 0.27 8.00 bad
290 0.36 10.00 good
29 0.11 6.00 bad
44 0.09 6.00 good
292 0.13 8.00 bad
97 0.03 6.00 bad
223 0.19 8.00 bad
63 0.13 4.00 bad
20 0.00 2.00 bad
495 0.19 8.00 good
670 0.17 6.00 good
299 0.10 6.00 bad
108 0.27 8.00 good
79 0.08 4.00 bad
1248 0.17 8.00 bad
29 0.07 6.00 good
133 0.07 6.00 bad
43 0.29 6.00 good
55 0.06 6.00 bad
80 0.13 6.00 good
484 0.25 10.00 good
108 0.23 10.00 bad
86 0.21 8.00 good
13 0.00 4.00 bad
45 0.02 2.00 bad
90 0.42 10.00 good
153 0.22 8.00 bad
20 0.21 8.00 bad
51 0.20 2.00 bad
956 0.35 10.00 good
46 0.04 6.00 bad
21 0.10 6.00 good
745 0.37 10.00 bad
31 0.22 4.00 bad
21 0.14 6.00 bad
356 0.10 2.00 good
182 0.27 10.00 bad
1636 0.30 10.00 good
16 0.07 2.00 bad
654 0.34 10.00 good
527 0.42 10.00 good
396 0.21 8.00 bad
218 0.23 8.00 good
13 0.15 6.00 bad
39 0.13 8.00 good
2113 0.29 8.00 good
225 0.08 2.00 good
339 0.31 8.00 good
88 0.10 6.00 bad
112 0.10 6.00 bad
182 0.12 8.00 good
136 0.14 6.00 bad
282 0.07 6.00 bad
34 0.09 6.00 bad
274 0.11 6.00 bad
1575 0.29 8.00 good
45 0.11 8.00 good
385 0.25 8.00 bad
768 0.67 10.00 good
353 0.30 10.00 good
387 0.36 10.00 good
607 0.31 10.00 good
82 0.17 6.00 bad
31 0.06 4.00 good
23 0.04 8.00 bad
795 0.18 8.00 good
1641 0.38 10.00 good
1100 0.22 8.00 good
83 0.15 8.00 bad
153 0.10 8.00 bad
2356 0.19 8.00 good
208 0.02 2.00 good
21 0.15 6.00 bad
638 0.37 10.00 bad
45 0.09 2.00 good
209 0.12 6.00 good