BookScoreCount AddListCount Median Class
97
0 1 3 4 5 6 7 9 10 12 14 15 16 19 20 22 24 25 26 27 28 29 31 32 33 35 40 42 43 44 45 46 50 51 52 54 55 56 59 61 62 64 65 66 67 68 69 70 72 74 76 77 79 80 82 83 85 88 91 94 95 98 101 102 103 106 108 109 111 112 113 116 118 119 120 123 124 125 127 129 131 132 135 137 138 139 140 142 144 145 146 147 148 149 150 151 153
568 214 6.00 good
967 492 8.00 good
129 38 6.00 bad
78 22 6.00 bad
439 122 6.00 good
187 42 6.00 good
27 8 6.00 bad
51 14 6.00 bad
78 25 6.00 bad
25 12 6.00 bad
454 136 6.00 good
658 204 6.00 bad
119 25 6.00 good
250 70 6.00 bad
112 17 4.00 good
159 61 6.00 bad
70 23 6.00 bad
11 2 4.00 bad
100 32 6.00 bad
150 31 4.00 good
263 73 8.00 bad
290 68 8.00 good
44 6 6.00 good
292 111 8.00 bad
192 49 6.00 good
1909 254 6.00 good
495 172 8.00 good
686 215 6.00 bad
81 18 6.00 good
1885 242 4.00 good
299 93 6.00 bad
108 28 8.00 good
29 7 6.00 good
133 42 6.00 bad
1780 446 8.00 bad
43 9 6.00 good
55 11 6.00 bad
80 13 6.00 good
484 138 6.00 good
86 33 8.00 good
13 3 4.00 bad
45 10 4.00 bad
82 22 4.00 bad
21 2 6.00 bad
90 17 8.00 good
153 45 8.00 bad
20 5 8.00 bad
51 2 8.00 bad
956 180 8.00 good
46 16 6.00 bad
429 110 8.00 good
745 183 8.00 bad
531 94 6.00 bad
714 193 10.00 bad
31 3 4.00 bad
104 22 6.00 bad
356 55 4.00 good
1636 321 8.00 good
654 218 8.00 good
218 57 8.00 good
13 4 6.00 bad
2113 558 8.00 good
219 65 8.00 bad
225 39 6.00 good
29 6 6.00 bad
349 102 6.00 good
5393 1586 10.00 good
88 34 6.00 bad
182 53 6.00 good
201 63 6.00 bad
136 25 6.00 bad
19 7 6.00 good
274 112 6.00 bad
1575 274 8.00 good
45 15 6.00 good
93 32 6.00 good
320 57 6.00 good
768 149 10.00 good
387 146 8.00 good
2063 510 8.00 good
31 5 4.00 good
614 131 6.00 good
1310 293 8.00 bad
1641 303 8.00 good
328 53 6.00 bad
1100 206 8.00 good
21 7 8.00 bad
2366 365 8.00 good
364 103 6.00 bad
61 28 6.00 bad
2356 710 8.00 good
208 26 4.00 good
1080 54 2.00 bad
674 178 6.00 good
21 5 6.00 bad
638 125 8.00 bad
209 50 6.00 good