BookScore ThreeStarRate FourStarRate Class
105
1 2 3 4 5 6 7 8 11 12 13 14 15 16 17 18 19 21 22 23 24 25 28 29 31 32 33 34 35 36 37 40 41 42 43 46 47 48 50 51 53 57 60 61 64 67 68 70 71 72 75 76 77 78 80 81 82 84 85 86 87 88 90 91 92 93 95 97 99 100 101 102 106 107 108 109 110 112 114 115 116 118 119 121 122 123 124 127 128 129 130 132 133 135 136 138 143 145 146 147 148 149 150 152 153
7.2 0.23 0.36 good
6.4 0.40 0.24 bad
6.4 0.27 0.27 bad
5.8 0.33 0.25 bad
5.6 0.26 0.21 good
6.0 0.21 0.18 good
5.8 0.48 0.11 bad
6.5 0.30 0.22 bad
6.9 0.40 0.32 bad
6.0 0.44 0.08 bad
5.5 0.39 0.13 bad
5.9 0.21 0.19 good
6.6 0.27 0.25 bad
5.7 0.23 0.20 good
5.6 0.20 0.23 bad
6.5 0.28 0.14 bad
6.7 0.22 0.22 bad
4.6 0.16 0.14 bad
6.5 0.40 0.28 bad
4.7 0.28 0.08 good
5.5 0.36 0.13 bad
4.8 0.20 0.00 bad
7.2 0.25 0.31 bad
7.1 0.22 0.20 good
5.8 0.33 0.19 good
6.8 0.31 0.39 bad
6.1 0.29 0.23 good
5.1 0.39 0.13 bad
5.5 0.18 0.14 good
6.7 0.23 0.34 bad
7.8 0.20 0.44 bad
6.7 0.24 0.33 good
6.7 0.34 0.29 good
5.4 0.26 0.20 bad
5.1 0.24 0.14 good
7.1 0.19 0.33 good
5.3 0.20 0.22 bad
6.8 0.33 0.33 bad
5.3 0.32 0.14 good
5.9 0.37 0.21 bad
4.0 0.14 0.00 bad
6.2 0.21 0.29 bad
6.2 0.18 0.20 bad
7.5 0.25 0.44 good
4.4 0.21 0.14 bad
7.6 0.16 0.25 good
6.8 0.25 0.30 bad
5.9 0.04 0.32 bad
6.1 0.25 0.25 bad
7.3 0.26 0.20 good
6.4 0.40 0.30 good
6.8 0.15 0.36 good
7.6 0.22 0.27 bad
6.2 0.33 0.24 bad
8.3 0.13 0.19 bad
5.8 0.54 0.08 bad
5.6 0.20 0.05 bad
5.9 0.33 0.19 bad
5.2 0.15 0.24 good
7.0 0.30 0.27 bad
6.4 0.23 0.19 bad
6.7 0.18 0.23 good
4.0 0.20 0.07 bad
7.2 0.16 0.28 good
7.8 0.16 0.29 good
6.9 0.26 0.34 bad
5.5 0.46 0.00 bad
6.5 0.26 0.40 good
6.5 0.34 0.26 bad
7.0 0.34 0.27 bad
7.1 0.26 0.27 bad
5.3 0.26 0.21 good
6.0 0.27 0.24 good
6.4 0.15 0.17 bad
8.7 0.10 0.20 good
6.0 0.36 0.24 bad
5.8 0.28 0.24 bad
5.4 0.30 0.15 bad
8.5 0.09 0.23 bad
5.5 0.35 0.19 bad
6.0 0.42 0.12 good
6.5 0.39 0.30 bad
7.3 0.20 0.33 good
4.5 0.32 0.08 bad
7.0 0.28 0.29 bad
7.0 0.37 0.30 good
5.6 0.29 0.20 good
7.4 0.22 0.26 good
6.5 0.13 0.23 good
7.3 0.16 0.26 good
5.7 0.28 0.16 bad
6.4 0.25 0.35 good
5.9 0.33 0.33 bad
7.0 0.24 0.29 bad
4.8 0.32 0.05 bad
5.7 0.22 0.19 bad
5.5 0.22 0.24 bad
6.7 0.45 0.33 bad
7.0 0.27 0.37 good
3.9 0.19 0.09 good
3.3 0.04 0.06 bad
6.0 0.23 0.26 good
6.1 0.35 0.20 bad
5.1 0.28 0.14 good
5.7 0.25 0.22 good