BookWordCount TwoStarRate Mode Class
100
1 2 4 5 9 11 12 13 14 19 20 23 24 25 26 28 29 30 31 34 37 40 42 45 46 47 48 49 50 51 52 56 58 60 61 62 66 67 68 69 70 71 72 75 78 79 80 83 84 85 86 89 90 91 92 93 94 95 97 98 99 100 101 102 105 106 107 108 109 110 111 112 114 115 117 119 120 123 125 126 128 129 131 132 133 134 135 136 137 138 139 142 143 146 148 149 150 151 152 153
289.90 0.08 8.00 good
48.30 0.10 6.00 bad
139.00 0.09 6.00 bad
158.50 0.20 6.00 good
21.30 0.18 8.00 bad
13.40 0.04 6.00 bad
21.80 0.08 6.00 bad
27.50 0.24 6.00 bad
123.80 0.14 2.00 good
122.40 0.18 10.00 bad
82.30 0.20 2.00 good
122.20 0.31 4.00 good
74.80 0.21 6.00 bad
35.90 0.20 2.00 bad
62.70 0.09 6.00 bad
53.00 0.11 8.00 bad
233.90 0.10 10.00 good
150.70 0.18 6.00 bad
78.00 0.30 6.00 good
154.60 0.30 6.00 bad
51.30 0.03 8.00 bad
153.10 0.12 8.00 good
300.10 0.17 2.00 bad
380.50 0.20 6.00 bad
123.50 0.07 8.00 good
49.70 0.28 4.00 bad
281.40 0.09 8.00 bad
44.50 0.10 6.00 bad
51.90 0.28 6.00 good
84.60 0.30 6.00 bad
76.10 0.04 10.00 bad
40.40 0.20 6.00 good
63.50 0.05 10.00 good
45.10 0.21 10.00 bad
17.00 0.08 8.00 good
49.60 0.50 4.00 bad
34.80 0.14 6.00 bad
16.80 0.06 10.00 good
79.60 0.11 8.00 bad
7.30 0.05 8.00 bad
55.40 0.10 2.00 bad
98.90 0.12 8.00 bad
390.00 0.08 10.00 good
39.60 0.10 6.00 good
70.00 0.10 6.00 bad
131.20 0.19 2.00 bad
144.70 0.03 10.00 bad
40.80 0.17 6.00 bad
30.00 0.14 6.00 bad
87.20 0.19 2.00 good
129.90 0.03 6.00 bad
153.20 0.17 8.00 bad
50.40 0.13 2.00 bad
126.20 0.08 10.00 good
116.50 0.04 10.00 good
90.50 0.08 8.00 bad
63.70 0.11 8.00 good
99.00 0.23 6.00 bad
22.20 0.03 8.00 good
170.60 0.08 8.00 good
181.90 0.12 6.00 bad
59.90 0.02 6.00 bad
219.60 0.10 10.00 bad
78.10 0.14 2.00 good
198.70 0.08 8.00 good
64.40 0.14 6.00 good
310.00 0.12 10.00 bad
446.50 0.02 10.00 good
101.10 0.14 6.00 bad
133.50 0.21 6.00 bad
148.90 0.16 8.00 good
107.80 0.20 6.00 bad
31.70 0.02 10.00 bad
119.20 0.19 6.00 bad
59.10 0.11 6.00 bad
427.70 0.06 8.00 good
85.80 0.18 8.00 good
153.40 0.08 6.00 good
65.70 0.02 10.00 good
89.70 0.06 10.00 good
296.70 0.08 10.00 good
322.80 0.07 10.00 good
195.70 0.41 4.00 good
237.20 0.14 8.00 good
145.80 0.13 8.00 bad
179.50 0.12 8.00 good
335.20 0.09 8.00 bad
72.70 0.24 6.00 bad
448.70 0.05 10.00 good
212.90 0.10 2.00 bad
130.30 0.07 8.00 good
518.00 0.05 10.00 good
177.70 0.21 8.00 bad
477.20 0.09 8.00 good
209.90 0.03 2.00 bad
382.10 0.18 8.00 good
44.60 0.15 6.00 bad
93.00 0.07 10.00 bad
163.50 0.19 2.00 good
73.20 0.22 6.00 good