BookWordCount ThreeStarRate Median Class
93
0 6 7 8 10 13 14 15 16 17 19 22 23 25 27 30 31 33 35 38 40 43 44 46 47 48 49 50 51 53 55 56 59 61 63 66 68 70 71 72 73 76 79 80 83 84 85 87 88 89 93 94 95 98 99 100 101 102 103 104 106 107 108 110 111 113 114 115 116 118 119 120 122 123 124 125 126 127 130 131 132 133 134 135 137 138 140 142 145 146 150 151 152
177.20 0.28 6.00 good
59.60 0.21 6.00 good
38.90 0.48 6.00 bad
143.50 0.30 6.00 bad
82.50 0.23 6.00 bad
27.50 0.39 6.00 bad
123.80 0.21 6.00 good
257.20 0.27 6.00 bad
135.80 0.23 6.00 good
33.60 0.20 6.00 bad
122.40 0.22 6.00 bad
77.70 0.40 6.00 bad
122.20 0.28 4.00 good
35.90 0.20 4.00 bad
147.20 0.21 4.00 good
150.70 0.32 6.00 bad
78.00 0.33 6.00 good
178.90 0.29 6.00 good
713.10 0.18 6.00 good
80.20 0.27 6.00 bad
153.10 0.24 8.00 good
74.40 0.24 6.00 good
296.80 0.11 4.00 good
123.50 0.19 8.00 good
49.70 0.20 4.00 bad
281.40 0.33 6.00 bad
44.50 0.39 6.00 bad
51.90 0.32 6.00 good
84.60 0.37 6.00 bad
53.70 0.14 4.00 bad
106.40 0.33 6.00 bad
40.40 0.32 6.00 good
133.40 0.21 6.00 good
17.00 0.25 8.00 good
108.60 0.12 6.00 good
34.80 0.43 6.00 bad
79.60 0.25 8.00 bad
55.40 0.04 8.00 bad
98.90 0.25 6.00 bad
390.00 0.26 8.00 good
68.60 0.22 8.00 bad
46.20 0.15 8.00 good
131.20 0.26 6.00 bad
144.70 0.13 10.00 bad
40.80 0.28 6.00 bad
30.00 0.33 6.00 bad
87.20 0.15 4.00 good
112.10 0.23 6.00 bad
315.30 0.18 8.00 good
153.20 0.27 6.00 bad
90.50 0.26 8.00 bad
63.70 0.23 8.00 good
99.00 0.46 6.00 bad
170.60 0.22 8.00 good
181.90 0.34 6.00 bad
59.90 0.34 8.00 bad
219.60 0.26 8.00 bad
78.10 0.26 6.00 good
21.40 0.50 6.00 bad
150.50 0.34 4.00 bad
64.40 0.27 6.00 good
310.00 0.15 6.00 bad
446.50 0.10 10.00 good
133.50 0.28 6.00 bad
148.90 0.26 6.00 good
247.80 0.36 6.00 bad
31.70 0.09 10.00 bad
119.20 0.35 6.00 bad
118.30 0.42 6.00 good
92.20 0.39 6.00 bad
427.70 0.20 8.00 good
85.80 0.20 6.00 good
79.20 0.28 8.00 bad
153.40 0.37 6.00 good
223.00 0.29 6.00 good
65.70 0.08 10.00 good
89.70 0.16 8.00 good
34.20 0.22 8.00 good
46.30 0.28 6.00 bad
195.70 0.13 4.00 good
237.20 0.25 6.00 good
145.80 0.33 6.00 bad
179.50 0.21 8.00 good
335.20 0.24 8.00 bad
448.70 0.15 8.00 good
212.90 0.22 6.00 bad
43.40 0.07 8.00 bad
518.00 0.15 8.00 good
62.30 0.45 6.00 bad
477.20 0.27 8.00 good
44.60 0.35 6.00 bad
93.00 0.16 8.00 bad
163.50 0.28 6.00 good