BookScore Mode Kurtosis Class
100
3 4 5 6 7 9 10 14 15 17 18 19 21 22 23 26 28 29 30 31 33 35 36 38 39 40 41 42 43 44 49 51 54 55 56 57 58 61 63 64 65 68 71 72 74 76 77 78 80 83 84 85 86 87 88 89 90 91 92 93 95 96 97 98 99 102 103 104 105 106 107 109 110 111 112 115 117 118 119 120 123 124 125 126 127 128 129 131 132 133 136 137 138 139 142 145 146 149 151 152
6.4 8.00 155.27 bad
5.8 6.00 113.07 bad
5.6 6.00 93.52 good
6.0 2.00 75.15 good
5.8 6.00 181.37 bad
5.4 8.00 110.48 bad
5.8 8.00 143.84 bad
5.9 2.00 68.44 good
6.6 6.00 188.48 bad
5.6 8.00 80.31 bad
6.5 10.00 137.29 bad
6.7 10.00 181.41 bad
4.6 4.00 66.70 bad
6.5 6.00 468.11 bad
4.7 4.00 78.49 good
6.5 6.00 249.04 bad
7.2 8.00 418.19 bad
7.1 10.00 194.89 good
5.4 6.00 80.73 bad
5.8 6.00 211.54 good
6.1 6.00 163.05 good
5.5 2.00 41.11 good
6.7 8.00 203.97 bad
5.9 4.00 172.89 bad
3.5 2.00 53.89 bad
6.7 8.00 227.23 good
6.7 6.00 389.04 good
5.4 2.00 74.29 bad
5.1 2.00 44.83 good
5.4 2.00 29.34 good
5.9 6.00 155.38 bad
5.9 6.00 339.26 bad
7.0 6.00 245.77 good
5.6 6.00 182.02 bad
5.3 6.00 74.03 good
6.2 8.00 94.54 bad
7.5 10.00 256.16 good
7.5 8.00 1104.85 good
6.2 2.00 55.29 good
4.4 2.00 59.06 bad
4.8 6.00 77.07 bad
6.8 8.00 223.96 bad
6.1 8.00 106.33 bad
7.3 10.00 259.41 good
6.1 6.00 393.48 bad
6.8 8.00 159.36 good
7.6 10.00 440.27 bad
6.2 6.00 147.32 bad
8.3 10.00 599.56 bad
6.6 6.00 188.48 bad
5.9 6.00 116.65 bad
5.2 2.00 51.21 good
7.0 6.00 249.84 bad
6.4 10.00 95.46 bad
6.7 10.00 118.81 good
6.4 8.00 208.64 bad
4.0 2.00 25.57 bad
7.2 10.00 191.97 good
7.8 10.00 444.03 good
6.9 8.00 288.02 bad
5.5 6.00 128.84 bad
6.7 8.00 282.28 good
6.5 8.00 198.40 good
7.3 8.00 391.57 good
6.5 6.00 243.27 bad
5.3 2.00 65.28 good
6.6 6.00 664.54 bad
4.9 6.00 92.39 bad
7.4 8.00 385.10 good
6.0 6.00 114.14 good
6.4 10.00 72.91 bad
6.0 6.00 170.95 bad
5.8 6.00 131.59 bad
5.8 8.00 113.09 good
5.4 6.00 84.03 bad
5.5 6.00 125.49 bad
5.5 6.00 132.92 bad
6.5 6.00 387.39 bad
7.3 8.00 297.36 good
5.6 8.00 75.21 good
7.0 6.00 502.72 good
5.6 6.00 101.09 good
8.9 10.00 1797.82 good
6.4 10.00 76.64 good
7.4 10.00 319.05 good
6.5 10.00 82.37 good
7.3 10.00 209.65 good
4.4 4.00 58.14 good
6.4 8.00 212.10 good
5.9 8.00 194.01 bad
4.8 6.00 63.17 bad
7.8 10.00 478.73 good
5.7 2.00 56.35 bad
7.0 8.00 304.97 good
7.8 10.00 364.52 good
6.7 6.00 909.70 bad
7.0 8.00 402.15 good
6.0 8.00 113.50 good
6.8 10.00 105.22 bad
5.1 2.00 62.68 good