TwoStarRate Mode Median Class
95
0 2 3 4 6 7 8 10 12 13 15 16 17 18 19 20 21 25 26 27 29 31 35 36 37 38 40 41 42 44 45 46 48 49 50 51 54 56 58 59 60 61 62 63 64 65 67 68 69 71 73 77 78 79 82 83 84 88 89 93 94 95 99 100 103 104 105 107 108 111 112 113 116 119 123 125 126 128 129 131 132 133 134 135 136 140 141 142 145 146 147 150 151 152 153
0.15 8.00 6.00 good
0.10 6.00 6.00 bad
0.12 8.00 6.00 bad
0.09 6.00 6.00 bad
0.14 2.00 6.00 good
0.15 6.00 6.00 bad
0.16 6.00 6.00 bad
0.26 8.00 6.00 bad
0.08 6.00 6.00 bad
0.24 6.00 6.00 bad
0.13 6.00 6.00 bad
0.22 6.00 6.00 good
0.22 8.00 6.00 bad
0.17 10.00 6.00 bad
0.18 10.00 6.00 bad
0.20 2.00 4.00 good
0.37 4.00 4.00 bad
0.20 2.00 4.00 bad
0.09 6.00 6.00 bad
0.17 2.00 4.00 good
0.10 10.00 8.00 good
0.30 6.00 6.00 good
0.12 2.00 6.00 good
0.10 8.00 8.00 bad
0.03 8.00 8.00 bad
0.35 4.00 6.00 bad
0.12 8.00 8.00 good
0.14 6.00 6.00 good
0.17 2.00 6.00 bad
0.07 2.00 4.00 good
0.20 6.00 6.00 bad
0.07 8.00 8.00 good
0.09 8.00 6.00 bad
0.10 6.00 6.00 bad
0.28 6.00 6.00 good
0.30 6.00 6.00 bad
0.05 6.00 6.00 good
0.20 6.00 6.00 good
0.05 10.00 8.00 good
0.21 10.00 6.00 good
0.21 10.00 6.00 bad
0.08 8.00 8.00 good
0.50 4.00 4.00 bad
0.07 2.00 6.00 good
0.27 2.00 4.00 bad
0.28 6.00 4.00 bad
0.06 10.00 8.00 good
0.11 8.00 8.00 bad
0.05 8.00 8.00 bad
0.12 8.00 6.00 bad
0.11 8.00 8.00 bad
0.07 10.00 8.00 bad
0.10 6.00 6.00 bad
0.19 2.00 6.00 bad
0.41 4.00 4.00 bad
0.17 6.00 6.00 bad
0.14 6.00 6.00 bad
0.10 10.00 8.00 good
0.17 8.00 6.00 bad
0.08 8.00 8.00 bad
0.11 8.00 8.00 good
0.23 6.00 6.00 bad
0.12 6.00 6.00 bad
0.02 6.00 8.00 bad
0.08 6.00 6.00 bad
0.31 6.00 4.00 bad
0.08 8.00 8.00 good
0.12 10.00 6.00 bad
0.02 10.00 10.00 good
0.16 8.00 6.00 good
0.20 6.00 6.00 bad
0.13 6.00 6.00 bad
0.12 6.00 6.00 good
0.06 8.00 8.00 good
0.08 6.00 6.00 good
0.02 10.00 10.00 good
0.06 10.00 8.00 good
0.08 10.00 8.00 good
0.07 10.00 8.00 good
0.41 4.00 4.00 good
0.14 8.00 6.00 good
0.13 8.00 6.00 bad
0.12 8.00 8.00 good
0.09 8.00 8.00 bad
0.24 6.00 4.00 bad
0.30 8.00 8.00 bad
0.03 8.00 8.00 bad
0.05 10.00 8.00 good
0.10 6.00 6.00 bad
0.09 8.00 8.00 good
0.22 2.00 4.00 good
0.15 6.00 6.00 bad
0.07 10.00 8.00 bad
0.19 2.00 6.00 good
0.22 6.00 6.00 good