BookScoreCount ThreeStarRate FiveStarRate Class
92
0 1 2 3 5 6 8 11 13 16 18 22 23 24 28 29 32 33 34 35 36 38 39 40 43 44 45 47 48 49 51 53 54 55 57 59 61 67 68 69 70 72 73 74 80 81 82 84 86 87 88 89 90 93 94 96 99 100 101 102 103 105 106 107 108 109 110 112 114 115 117 118 119 120 121 123 124 125 127 130 131 133 135 136 137 139 143 144 146 147 148 150
568 0.28 0.15 good
967 0.23 0.25 good
47 0.40 0.15 bad
129 0.27 0.18 bad
439 0.26 0.12 good
187 0.21 0.23 good
177 0.30 0.21 bad
51 0.40 0.16 bad
48 0.39 0.09 bad
119 0.23 0.14 good
23 0.28 0.28 bad
159 0.40 0.11 bad
116 0.28 0.06 good
70 0.36 0.11 bad
263 0.25 0.27 bad
290 0.22 0.36 good
292 0.31 0.13 bad
192 0.29 0.15 good
97 0.39 0.03 bad
1909 0.18 0.21 good
223 0.23 0.19 bad
63 0.27 0.13 bad
20 0.16 0.00 bad
495 0.24 0.19 good
81 0.24 0.14 good
1885 0.11 0.23 good
299 0.30 0.10 bad
79 0.20 0.08 bad
1248 0.33 0.17 bad
72 0.39 0.10 bad
133 0.37 0.07 bad
22 0.14 0.10 bad
43 0.33 0.29 good
55 0.33 0.06 bad
2109 0.21 0.18 bad
484 0.21 0.25 good
86 0.25 0.21 good
90 0.16 0.42 good
153 0.25 0.22 bad
20 0.26 0.21 bad
51 0.04 0.20 bad
956 0.26 0.35 good
19 0.22 0.17 bad
46 0.36 0.04 bad
714 0.13 0.58 bad
25 0.54 0.13 bad
31 0.20 0.22 bad
21 0.33 0.14 bad
222 0.30 0.26 bad
182 0.23 0.27 bad
1636 0.18 0.30 good
145 0.27 0.17 bad
16 0.20 0.07 bad
396 0.26 0.21 bad
218 0.23 0.23 good
188 0.28 0.17 good
942 0.34 0.17 bad
42 0.34 0.25 bad
219 0.26 0.27 bad
225 0.26 0.08 good
29 0.50 0.11 bad
339 0.19 0.31 good
349 0.27 0.16 good
1184 0.15 0.31 bad
5393 0.10 0.63 good
88 0.36 0.10 bad
112 0.28 0.10 bad
201 0.30 0.11 bad
1114 0.09 0.60 bad
282 0.35 0.07 bad
34 0.45 0.09 bad
274 0.39 0.11 bad
1575 0.20 0.29 good
45 0.20 0.11 good
59 0.32 0.02 bad
93 0.37 0.20 good
320 0.29 0.11 good
768 0.08 0.67 good
387 0.22 0.36 good
82 0.28 0.17 bad
31 0.13 0.06 good
23 0.33 0.04 bad
1310 0.24 0.26 bad
68 0.32 0.09 bad
1641 0.15 0.38 good
1100 0.24 0.22 good
153 0.22 0.10 bad
364 0.27 0.09 bad
2356 0.27 0.19 good
208 0.19 0.02 good
1080 0.04 0.08 bad
21 0.35 0.15 bad