FourStarRate FiveStarRate Kurtosis Class
103
0 1 2 3 4 6 7 8 9 10 11 12 14 15 16 19 20 22 23 24 25 26 27 28 29 30 31 32 34 35 36 39 40 42 43 44 45 46 48 51 53 54 56 58 62 64 65 68 69 71 73 74 75 76 79 80 81 82 83 85 86 87 88 91 93 95 96 97 99 101 102 103 104 105 106 109 110 111 112 115 116 118 119 121 122 123 125 126 128 129 130 131 132 133 134 135 137 140 142 144 145 148 149
0.30 0.15 200.91 good
0.36 0.25 406.22 good
0.24 0.15 267.71 bad
0.27 0.18 155.27 bad
0.25 0.10 113.07 bad
0.18 0.23 75.15 good
0.11 0.11 181.37 bad
0.22 0.21 196.73 bad
0.30 0.02 110.48 bad
0.27 0.09 143.84 bad
0.32 0.16 491.68 bad
0.08 0.20 114.51 bad
0.19 0.20 68.44 good
0.25 0.23 188.48 bad
0.20 0.14 87.54 good
0.22 0.28 181.41 bad
0.20 0.13 48.29 good
0.28 0.11 468.11 bad
0.08 0.06 78.49 good
0.13 0.11 114.10 bad
0.00 0.20 28.01 bad
0.18 0.19 249.04 bad
0.15 0.05 40.03 good
0.31 0.27 418.19 bad
0.20 0.36 194.89 good
0.14 0.11 80.73 bad
0.19 0.09 211.54 good
0.39 0.13 404.81 bad
0.13 0.03 192.82 bad
0.14 0.21 41.11 good
0.34 0.19 203.97 bad
0.05 0.00 53.89 bad
0.33 0.19 227.23 good
0.20 0.11 74.29 bad
0.14 0.14 44.83 good
0.16 0.23 29.34 good
0.23 0.10 135.14 bad
0.33 0.27 218.67 good
0.33 0.17 362.40 bad
0.21 0.07 339.26 bad
0.00 0.10 31.11 bad
0.21 0.29 245.77 good
0.10 0.13 74.03 good
0.30 0.37 256.16 good
0.34 0.00 199.64 bad
0.14 0.02 59.06 bad
0.07 0.07 77.07 bad
0.30 0.22 223.96 bad
0.42 0.21 758.93 bad
0.25 0.17 106.33 bad
0.39 0.17 278.58 bad
0.31 0.04 393.48 bad
0.30 0.10 344.01 good
0.36 0.24 159.36 good
0.17 0.10 65.93 bad
0.19 0.58 599.56 bad
0.08 0.13 173.53 bad
0.05 0.22 87.78 bad
0.22 0.22 188.48 bad
0.24 0.10 51.21 good
0.27 0.26 249.84 bad
0.19 0.27 95.46 bad
0.23 0.30 118.81 good
0.28 0.34 191.97 good
0.34 0.21 288.02 bad
0.00 0.15 128.84 bad
0.33 0.17 282.28 good
0.40 0.13 198.40 good
0.26 0.17 243.27 bad
0.27 0.27 286.97 bad
0.21 0.08 65.28 good
0.26 0.11 664.54 bad
0.04 0.09 92.39 bad
0.33 0.31 385.10 good
0.24 0.16 114.14 good
0.24 0.10 170.95 bad
0.24 0.10 131.59 bad
0.26 0.12 113.09 good
0.15 0.11 84.03 bad
0.19 0.07 125.49 bad
0.12 0.17 138.45 good
0.30 0.11 387.39 bad
0.33 0.29 297.36 good
0.08 0.02 102.63 bad
0.29 0.25 313.76 bad
0.30 0.20 502.72 good
0.20 0.67 1797.82 good
0.21 0.30 76.64 good
0.23 0.31 82.37 good
0.26 0.37 209.65 good
0.16 0.17 73.99 bad
0.11 0.06 58.14 good
0.35 0.13 212.10 good
0.33 0.04 194.01 bad
0.34 0.18 176.74 good
0.29 0.26 234.30 bad
0.33 0.38 478.73 good
0.54 0.05 361.68 bad
0.24 0.46 364.52 good
0.18 0.09 97.95 bad
0.33 0.08 909.70 bad
0.06 0.08 9.99 bad
0.26 0.15 113.50 good