BookScore BookScoreCount ThreeStarRate Class
95
2 3 4 8 11 12 16 18 19 22 23 27 28 29 31 32 33 34 36 37 39 40 41 43 44 46 49 50 51 54 56 57 61 62 64 65 66 67 68 69 70 71 72 73 77 78 79 80 81 82 83 86 89 90 91 94 97 98 100 101 103 104 106 107 108 109 110 112 113 115 118 119 120 121 124 125 127 128 129 131 132 133 134 135 137 141 142 143 144 145 147 148 150 151 152
6.4 47 0.40 bad
6.4 129 0.27 bad
5.8 78 0.33 bad
6.5 177 0.30 bad
6.9 51 0.40 bad
6.0 25 0.44 bad
5.7 119 0.23 good
6.5 23 0.28 bad
6.7 250 0.22 bad
6.5 159 0.40 bad
4.7 116 0.28 good
4.5 150 0.21 good
7.2 263 0.25 bad
7.1 290 0.22 good
5.8 44 0.33 good
6.8 292 0.31 bad
6.1 192 0.29 good
5.1 97 0.39 bad
6.7 223 0.23 bad
7.8 216 0.20 bad
3.5 20 0.16 bad
6.7 495 0.24 good
6.7 670 0.34 good
5.1 81 0.24 good
5.4 1885 0.11 good
7.1 108 0.19 good
5.9 72 0.39 bad
5.3 29 0.32 good
5.9 133 0.37 bad
7.0 43 0.33 good
5.3 80 0.32 good
6.2 2109 0.21 bad
7.5 86 0.25 good
5.3 13 0.08 bad
4.4 45 0.21 bad
4.8 82 0.31 bad
5.9 21 0.43 bad
7.6 90 0.16 good
6.8 153 0.25 bad
7.4 20 0.26 bad
5.9 51 0.04 bad
6.1 248 0.25 bad
7.3 956 0.26 good
6.8 19 0.22 bad
7.6 745 0.22 bad
6.2 217 0.33 bad
5.2 531 0.26 bad
8.3 714 0.13 bad
5.8 25 0.54 bad
5.6 31 0.20 bad
6.6 104 0.28 bad
7.0 222 0.30 bad
6.4 145 0.27 bad
4.0 16 0.20 bad
7.2 654 0.16 good
7.0 218 0.23 good
6.5 39 0.26 good
7.3 2113 0.22 good
7.0 42 0.34 bad
7.1 219 0.26 bad
6.6 29 0.50 bad
4.9 25 0.34 bad
6.0 349 0.27 good
6.4 1184 0.15 bad
8.7 5393 0.10 good
6.0 88 0.36 bad
5.8 112 0.28 bad
5.4 201 0.30 bad
6.1 136 0.36 bad
5.5 282 0.35 bad
6.5 274 0.39 bad
7.3 1575 0.20 good
5.6 45 0.20 good
4.5 59 0.32 bad
5.6 320 0.29 good
8.9 768 0.08 good
7.4 387 0.22 good
6.5 607 0.13 good
7.3 2063 0.16 good
4.4 31 0.13 good
6.4 614 0.25 good
5.9 23 0.33 bad
6.5 795 0.21 good
7.0 1310 0.24 bad
7.8 1641 0.15 good
6.9 83 0.19 bad
7.8 2366 0.15 good
5.5 153 0.22 bad
5.4 364 0.27 bad
6.7 61 0.45 bad
3.9 208 0.19 good
3.3 1080 0.04 bad
6.1 21 0.35 bad
6.8 638 0.16 bad
5.1 45 0.28 good