BookScoreCount Median Kurtosis Class
99
2 3 4 7 8 9 11 12 14 15 19 20 21 22 23 24 25 26 28 29 30 32 33 34 36 37 41 42 43 44 45 47 48 49 51 53 55 56 59 62 63 64 65 66 67 68 70 72 73 75 81 84 86 89 90 91 93 94 96 97 98 99 100 101 104 106 107 108 109 110 111 112 113 114 115 117 118 119 120 121 122 123 124 128 130 131 133 135 136 138 139 142 144 145 147 148 149 151 153
47 6.00 267.71 bad
129 6.00 155.27 bad
78 6.00 113.07 bad
27 6.00 181.37 bad
177 6.00 196.73 bad
51 6.00 110.48 bad
51 6.00 491.68 bad
25 6.00 114.51 bad
454 6.00 68.44 good
658 6.00 188.48 bad
250 6.00 181.41 bad
112 4.00 48.29 good
44 4.00 66.70 bad
159 6.00 468.11 bad
116 4.00 78.49 good
70 6.00 114.10 bad
11 4.00 28.01 bad
100 6.00 249.04 bad
263 8.00 418.19 bad
290 8.00 194.89 good
29 6.00 80.73 bad
292 8.00 404.81 bad
192 6.00 163.05 good
97 6.00 192.82 bad
223 8.00 203.97 bad
216 8.00 948.64 bad
670 6.00 389.04 good
686 6.00 74.29 bad
81 6.00 44.83 good
1885 4.00 29.34 good
299 6.00 135.14 bad
79 4.00 85.63 bad
1248 6.00 362.40 bad
72 6.00 155.38 bad
133 6.00 339.26 bad
22 4.00 31.11 bad
55 6.00 182.02 bad
80 6.00 74.03 good
484 6.00 148.52 good
13 4.00 199.64 bad
91 6.00 55.29 good
45 4.00 59.06 bad
82 4.00 77.07 bad
21 6.00 204.65 bad
90 8.00 278.88 good
153 8.00 223.96 bad
51 8.00 49.13 bad
956 8.00 259.41 good
19 8.00 278.58 bad
21 6.00 344.01 good
25 6.00 173.53 bad
21 6.00 116.65 bad
222 8.00 249.84 bad
145 6.00 208.64 bad
16 2.00 25.57 bad
654 8.00 191.97 good
396 8.00 288.02 bad
218 8.00 299.63 good
188 8.00 282.28 good
39 8.00 198.40 good
2113 8.00 391.57 good
942 6.00 243.27 bad
42 8.00 297.05 bad
219 8.00 286.97 bad
25 4.00 92.39 bad
349 6.00 114.14 good
1184 6.00 72.91 bad
5393 10.00 1238.93 good
88 6.00 170.95 bad
112 6.00 131.59 bad
182 6.00 113.09 good
201 6.00 84.03 bad
136 6.00 164.81 bad
1114 10.00 875.52 bad
282 6.00 125.49 bad
34 6.00 132.92 bad
274 6.00 387.39 bad
1575 8.00 297.36 good
45 6.00 75.21 good
59 4.00 102.63 bad
385 8.00 313.76 bad
93 6.00 502.72 good
320 6.00 101.09 good
607 8.00 82.37 good
82 6.00 73.99 bad
31 4.00 58.14 good
23 6.00 194.01 bad
1310 8.00 234.30 bad
68 4.00 63.17 bad
328 6.00 56.35 bad
1100 8.00 304.97 good
2366 8.00 364.52 good
364 6.00 97.95 bad
61 6.00 909.70 bad
208 4.00 40.59 good
1080 2.00 9.99 bad
674 6.00 113.50 good
638 8.00 105.22 bad
209 6.00 105.28 good