BookScore AddListCount ThreeStarRate Class
98
0 1 8 9 10 11 12 13 15 16 17 18 19 20 21 23 24 25 26 29 30 36 37 38 39 40 42 43 45 48 49 50 51 52 54 55 56 57 58 59 60 61 65 69 70 71 73 74 75 80 81 82 84 85 86 87 88 90 91 92 98 101 103 104 105 106 110 112 113 114 115 116 118 119 120 121 122 123 125 126 127 129 131 132 133 136 138 139 140 141 142 144 146 147 148 150 152 153
6.4 214 0.28 good
7.2 492 0.23 good
6.5 53 0.30 bad
5.4 14 0.26 bad
5.8 25 0.23 bad
6.9 15 0.40 bad
6.0 12 0.44 bad
5.5 9 0.39 bad
6.6 204 0.27 bad
5.7 25 0.23 good
5.6 10 0.20 bad
6.5 7 0.28 bad
6.7 70 0.22 bad
5.3 17 0.15 good
4.6 12 0.16 bad
4.7 32 0.28 good
5.5 23 0.36 bad
4.8 2 0.20 bad
6.5 32 0.43 bad
7.1 68 0.22 good
5.4 9 0.32 bad
6.7 63 0.23 bad
7.8 106 0.20 bad
5.9 19 0.27 bad
3.5 1 0.16 bad
6.7 172 0.24 good
5.4 215 0.26 bad
5.1 18 0.24 good
5.8 93 0.30 bad
6.8 371 0.33 bad
5.9 13 0.39 bad
5.3 7 0.32 good
5.9 42 0.37 bad
7.9 446 0.15 bad
7.0 9 0.33 good
5.6 11 0.33 bad
5.3 13 0.32 good
6.2 551 0.21 bad
7.5 70 0.14 good
6.5 138 0.21 good
6.2 19 0.18 bad
7.5 33 0.25 good
4.8 22 0.31 bad
7.4 5 0.26 bad
5.9 2 0.04 bad
6.1 119 0.25 bad
6.8 8 0.22 bad
6.1 16 0.36 bad
6.4 8 0.40 good
8.3 193 0.13 bad
5.8 4 0.54 bad
5.6 3 0.20 bad
5.9 3 0.33 bad
5.2 55 0.15 good
7.0 53 0.30 bad
6.4 65 0.23 bad
6.7 321 0.18 good
4.0 4 0.20 bad
7.2 218 0.16 good
7.8 141 0.16 good
7.3 558 0.22 good
7.1 65 0.26 bad
6.6 6 0.50 bad
4.9 5 0.34 bad
7.4 98 0.19 good
6.0 102 0.27 good
5.8 31 0.28 bad
5.4 63 0.30 bad
6.1 25 0.36 bad
8.5 218 0.09 bad
5.5 76 0.35 bad
6.0 7 0.42 good
6.5 112 0.39 bad
7.3 274 0.20 good
5.6 15 0.20 good
4.5 14 0.32 bad
7.0 126 0.28 bad
7.0 32 0.37 good
8.9 149 0.08 good
6.4 48 0.16 good
7.4 146 0.22 good
7.3 510 0.16 good
4.4 5 0.13 good
6.4 131 0.25 good
5.9 1 0.33 bad
4.8 9 0.32 bad
5.7 53 0.22 bad
7.0 206 0.24 good
6.4 7 0.07 bad
6.9 19 0.19 bad
7.8 365 0.15 good
5.4 103 0.27 bad
7.0 710 0.27 good
3.9 26 0.19 good
3.3 54 0.04 bad
6.1 5 0.35 bad
5.1 12 0.28 good
5.7 50 0.25 good