ThreeStarRate FiveStarRate Kurtosis Class
98
0 1 2 3 5 6 7 10 11 12 13 18 21 22 26 27 29 30 31 32 33 34 35 37 38 41 42 43 48 50 51 53 54 56 57 58 59 60 62 63 64 67 69 70 72 73 76 80 81 84 85 87 89 91 92 93 94 95 96 97 98 99 100 101 102 103 104 105 107 109 110 112 113 114 115 117 121 123 124 125 126 129 130 132 133 135 136 137 138 139 140 141 142 146 147 150 151 152
0.28 0.15 200.91 good
0.23 0.25 406.22 good
0.40 0.15 267.71 bad
0.27 0.18 155.27 bad
0.26 0.12 93.52 good
0.21 0.23 75.15 good
0.48 0.11 181.37 bad
0.23 0.09 143.84 bad
0.40 0.16 491.68 bad
0.44 0.20 114.51 bad
0.39 0.09 156.17 bad
0.28 0.28 137.29 bad
0.16 0.04 66.70 bad
0.40 0.11 468.11 bad
0.43 0.19 249.04 bad
0.21 0.05 40.03 good
0.22 0.36 194.89 good
0.32 0.11 80.73 bad
0.33 0.09 211.54 good
0.31 0.13 404.81 bad
0.29 0.15 163.05 good
0.39 0.03 192.82 bad
0.18 0.21 41.11 good
0.20 0.28 948.64 bad
0.27 0.13 172.89 bad
0.34 0.17 389.04 good
0.26 0.11 74.29 bad
0.24 0.14 44.83 good
0.33 0.17 362.40 bad
0.32 0.07 119.73 good
0.37 0.07 339.26 bad
0.14 0.10 31.11 bad
0.33 0.29 245.77 good
0.32 0.13 74.03 good
0.21 0.18 94.54 bad
0.14 0.37 256.16 good
0.21 0.25 148.52 good
0.18 0.23 95.85 bad
0.08 0.00 199.64 bad
0.12 0.30 55.29 good
0.21 0.02 59.06 bad
0.16 0.42 278.88 good
0.26 0.21 758.93 bad
0.04 0.20 49.13 bad
0.26 0.35 259.41 good
0.22 0.17 278.58 bad
0.15 0.24 159.36 good
0.13 0.58 599.56 bad
0.54 0.13 173.53 bad
0.33 0.14 116.65 bad
0.15 0.10 51.21 good
0.23 0.27 95.46 bad
0.27 0.17 208.64 bad
0.16 0.34 191.97 good
0.16 0.42 444.03 good
0.26 0.21 288.02 bad
0.23 0.23 299.63 good
0.46 0.15 128.84 bad
0.28 0.17 282.28 good
0.26 0.13 198.40 good
0.22 0.29 391.57 good
0.34 0.17 243.27 bad
0.34 0.25 297.05 bad
0.26 0.27 286.97 bad
0.26 0.08 65.28 good
0.50 0.11 664.54 bad
0.34 0.09 92.39 bad
0.19 0.31 385.10 good
0.15 0.31 72.91 bad
0.36 0.10 170.95 bad
0.28 0.10 131.59 bad
0.30 0.11 84.03 bad
0.36 0.14 164.81 bad
0.09 0.60 875.52 bad
0.35 0.07 125.49 bad
0.45 0.09 132.92 bad
0.32 0.02 102.63 bad
0.37 0.20 502.72 good
0.29 0.11 101.09 good
0.08 0.67 1797.82 good
0.16 0.30 76.64 good
0.16 0.37 209.65 good
0.28 0.17 73.99 bad
0.25 0.13 212.10 good
0.33 0.04 194.01 bad
0.24 0.26 234.30 bad
0.32 0.09 63.17 bad
0.15 0.38 478.73 good
0.22 0.18 56.35 bad
0.24 0.22 304.97 good
0.07 0.05 361.68 bad
0.19 0.15 311.51 bad
0.15 0.46 364.52 good
0.27 0.19 402.15 good
0.19 0.02 40.59 good
0.35 0.15 158.29 bad
0.16 0.37 105.22 bad
0.28 0.09 62.68 good