BookScoreCount FiveStarRate Kurtosis Class
105
0 1 3 7 10 11 12 14 15 16 17 18 19 22 24 25 26 27 28 29 32 34 36 37 38 39 40 43 44 45 47 48 49 50 51 53 54 57 59 60 61 62 63 64 65 67 68 69 70 71 72 74 75 77 78 79 82 83 84 85 88 91 92 94 95 96 98 99 100 101 102 103 104 107 108 110 111 112 113 114 115 116 119 120 121 122 124 125 126 127 128 129 130 135 136 139 140 142 145 146 147 149 150 151 152
568 0.15 200.91 good
967 0.25 406.22 good
129 0.18 155.27 bad
27 0.11 181.37 bad
78 0.09 143.84 bad
51 0.16 491.68 bad
25 0.20 114.51 bad
454 0.20 68.44 good
658 0.23 188.48 bad
119 0.14 87.54 good
36 0.12 80.31 bad
23 0.28 137.29 bad
250 0.28 181.41 bad
159 0.11 468.11 bad
70 0.11 114.10 bad
11 0.20 28.01 bad
100 0.19 249.04 bad
150 0.05 40.03 good
263 0.27 418.19 bad
290 0.36 194.89 good
292 0.13 404.81 bad
97 0.03 192.82 bad
223 0.19 203.97 bad
216 0.28 948.64 bad
63 0.13 172.89 bad
20 0.00 53.89 bad
495 0.19 227.23 good
81 0.14 44.83 good
1885 0.23 29.34 good
299 0.10 135.14 bad
79 0.08 85.63 bad
1248 0.17 362.40 bad
72 0.10 155.38 bad
29 0.07 119.73 good
133 0.07 339.26 bad
22 0.10 31.11 bad
43 0.29 245.77 good
2109 0.18 94.54 bad
484 0.25 148.52 good
108 0.23 95.85 bad
86 0.21 1104.85 good
13 0.00 199.64 bad
91 0.30 55.29 good
45 0.02 59.06 bad
82 0.07 77.07 bad
90 0.42 278.88 good
153 0.22 223.96 bad
20 0.21 758.93 bad
51 0.20 49.13 bad
248 0.17 106.33 bad
956 0.35 259.41 good
46 0.04 393.48 bad
21 0.10 344.01 good
745 0.37 440.27 bad
217 0.16 147.32 bad
531 0.10 65.93 bad
31 0.22 87.78 bad
104 0.22 188.48 bad
21 0.14 116.65 bad
356 0.10 51.21 good
1636 0.30 118.81 good
654 0.34 191.97 good
527 0.42 444.03 good
218 0.23 299.63 good
13 0.15 128.84 bad
188 0.17 282.28 good
2113 0.29 391.57 good
942 0.17 243.27 bad
42 0.25 297.05 bad
219 0.27 286.97 bad
225 0.08 65.28 good
29 0.11 664.54 bad
25 0.09 92.39 bad
1184 0.31 72.91 bad
5393 0.63 1238.93 good
112 0.10 131.59 bad
182 0.12 113.09 good
201 0.11 84.03 bad
136 0.14 164.81 bad
1114 0.60 875.52 bad
282 0.07 125.49 bad
19 0.17 138.45 good
1575 0.29 297.36 good
45 0.11 75.21 good
59 0.02 102.63 bad
385 0.25 313.76 bad
320 0.11 101.09 good
768 0.67 1797.82 good
353 0.30 76.64 good
387 0.36 319.05 good
607 0.31 82.37 good
2063 0.37 209.65 good
82 0.17 73.99 bad
1310 0.26 234.30 bad
68 0.09 63.17 bad
1100 0.22 304.97 good
21 0.05 361.68 bad
2366 0.46 364.52 good
61 0.08 909.70 bad
2356 0.19 402.15 good
208 0.02 40.59 good
674 0.15 113.50 good
21 0.15 158.29 bad
638 0.37 105.22 bad
45 0.09 62.68 good