BookScoreCount ThreeStarRate Kurtosis Class
95
0 2 4 7 10 11 13 14 18 21 22 23 24 25 28 32 33 34 36 37 39 40 42 43 46 47 48 49 51 53 54 55 56 57 58 59 61 62 63 64 65 66 67 68 69 70 72 73 74 75 76 79 81 83 86 87 88 89 90 91 93 94 95 96 97 98 101 102 103 105 108 109 110 112 114 117 118 121 124 126 128 129 130 132 133 137 139 140 144 145 146 147 148 149 152
568 0.28 200.91 good
47 0.40 267.71 bad
78 0.33 113.07 bad
27 0.48 181.37 bad
78 0.23 143.84 bad
51 0.40 491.68 bad
48 0.39 156.17 bad
454 0.21 68.44 good
23 0.28 137.29 bad
44 0.16 66.70 bad
159 0.40 468.11 bad
116 0.28 78.49 good
70 0.36 114.10 bad
11 0.20 28.01 bad
263 0.25 418.19 bad
292 0.31 404.81 bad
192 0.29 163.05 good
97 0.39 192.82 bad
223 0.23 203.97 bad
216 0.20 948.64 bad
20 0.16 53.89 bad
495 0.24 227.23 good
686 0.26 74.29 bad
81 0.24 44.83 good
108 0.19 218.67 good
79 0.20 85.63 bad
1248 0.33 362.40 bad
72 0.39 155.38 bad
133 0.37 339.26 bad
22 0.14 31.11 bad
43 0.33 245.77 good
55 0.33 182.02 bad
80 0.32 74.03 good
2109 0.21 94.54 bad
461 0.14 256.16 good
484 0.21 148.52 good
86 0.25 1104.85 good
13 0.08 199.64 bad
91 0.12 55.29 good
45 0.21 59.06 bad
82 0.31 77.07 bad
21 0.43 204.65 bad
90 0.16 278.88 good
153 0.25 223.96 bad
20 0.26 758.93 bad
51 0.04 49.13 bad
956 0.26 259.41 good
19 0.22 278.58 bad
46 0.36 393.48 bad
21 0.40 344.01 good
429 0.15 159.36 good
531 0.26 65.93 bad
25 0.54 173.53 bad
104 0.28 188.48 bad
222 0.30 249.84 bad
182 0.23 95.46 bad
1636 0.18 118.81 good
145 0.27 208.64 bad
16 0.20 25.57 bad
654 0.16 191.97 good
396 0.26 288.02 bad
218 0.23 299.63 good
13 0.46 128.84 bad
188 0.28 282.28 good
39 0.26 198.40 good
2113 0.22 391.57 good
219 0.26 286.97 bad
225 0.26 65.28 good
29 0.50 664.54 bad
339 0.19 385.10 good
5393 0.10 1238.93 good
88 0.36 170.95 bad
112 0.28 131.59 bad
201 0.30 84.03 bad
1114 0.09 875.52 bad
34 0.45 132.92 bad
274 0.39 387.39 bad
59 0.32 102.63 bad
320 0.29 101.09 good
353 0.16 76.64 good
607 0.13 82.37 good
2063 0.16 209.65 good
82 0.28 73.99 bad
614 0.25 212.10 good
23 0.33 194.01 bad
1641 0.15 478.73 good
1100 0.24 304.97 good
21 0.07 361.68 bad
364 0.27 97.95 bad
61 0.45 909.70 bad
2356 0.27 402.15 good
208 0.19 40.59 good
1080 0.04 9.99 bad
674 0.23 113.50 good
45 0.28 62.68 good