FourStarRate FiveStarRate Kurtosis Class
98
1 2 3 8 9 10 11 12 13 14 15 16 17 18 20 22 23 24 25 26 27 30 31 32 33 35 37 38 41 44 46 47 48 52 53 56 57 59 61 62 64 66 67 68 69 70 71 72 74 76 77 78 79 80 82 84 87 89 90 91 92 93 96 97 99 100 102 103 104 106 107 108 112 113 114 116 117 118 119 120 121 122 123 125 126 129 130 131 134 137 139 140 141 142 147 149 150 151
0.36 0.25 406.22 good
0.24 0.15 267.71 bad
0.27 0.18 155.27 bad
0.22 0.21 196.73 bad
0.30 0.02 110.48 bad
0.27 0.09 143.84 bad
0.32 0.16 491.68 bad
0.08 0.20 114.51 bad
0.13 0.09 156.17 bad
0.19 0.20 68.44 good
0.25 0.23 188.48 bad
0.20 0.14 87.54 good
0.23 0.12 80.31 bad
0.14 0.28 137.29 bad
0.20 0.13 48.29 good
0.28 0.11 468.11 bad
0.08 0.06 78.49 good
0.13 0.11 114.10 bad
0.00 0.20 28.01 bad
0.18 0.19 249.04 bad
0.15 0.05 40.03 good
0.14 0.11 80.73 bad
0.19 0.09 211.54 good
0.39 0.13 404.81 bad
0.23 0.15 163.05 good
0.14 0.21 41.11 good
0.44 0.28 948.64 bad
0.17 0.13 172.89 bad
0.29 0.17 389.04 good
0.16 0.23 29.34 good
0.33 0.27 218.67 good
0.22 0.08 85.63 bad
0.33 0.17 362.40 bad
0.30 0.42 453.60 bad
0.00 0.10 31.11 bad
0.10 0.13 74.03 good
0.29 0.18 94.54 bad
0.21 0.25 148.52 good
0.44 0.21 1104.85 good
0.34 0.00 199.64 bad
0.14 0.02 59.06 bad
0.19 0.10 204.65 bad
0.25 0.42 278.88 good
0.30 0.22 223.96 bad
0.42 0.21 758.93 bad
0.32 0.20 49.13 bad
0.25 0.17 106.33 bad
0.20 0.35 259.41 good
0.31 0.04 393.48 bad
0.36 0.24 159.36 good
0.27 0.37 440.27 bad
0.24 0.16 147.32 bad
0.17 0.10 65.93 bad
0.19 0.58 599.56 bad
0.05 0.22 87.78 bad
0.19 0.14 116.65 bad
0.19 0.27 95.46 bad
0.28 0.17 208.64 bad
0.07 0.07 25.57 bad
0.28 0.34 191.97 good
0.29 0.42 444.03 good
0.34 0.21 288.02 bad
0.33 0.17 282.28 good
0.40 0.13 198.40 good
0.26 0.17 243.27 bad
0.27 0.25 297.05 bad
0.21 0.08 65.28 good
0.26 0.11 664.54 bad
0.04 0.09 92.39 bad
0.24 0.16 114.14 good
0.17 0.31 72.91 bad
0.20 0.63 1238.93 good
0.15 0.11 84.03 bad
0.21 0.14 164.81 bad
0.23 0.60 875.52 bad
0.12 0.17 138.45 good
0.14 0.09 132.92 bad
0.30 0.11 387.39 bad
0.33 0.29 297.36 good
0.25 0.11 75.21 good
0.08 0.02 102.63 bad
0.29 0.25 313.76 bad
0.30 0.20 502.72 good
0.20 0.67 1797.82 good
0.21 0.30 76.64 good
0.26 0.37 209.65 good
0.16 0.17 73.99 bad
0.11 0.06 58.14 good
0.34 0.18 176.74 good
0.33 0.38 478.73 good
0.36 0.22 304.97 good
0.54 0.05 361.68 bad
0.49 0.15 311.51 bad
0.24 0.46 364.52 good
0.09 0.02 40.59 good
0.26 0.15 113.50 good
0.20 0.15 158.29 bad
0.19 0.37 105.22 bad