ThreeStarRate FiveStarRate Median Class
91
0 2 8 10 11 12 13 14 15 18 20 23 24 25 26 28 29 30 31 32 36 38 39 40 41 43 44 46 47 49 50 51 52 53 54 57 59 60 61 62 64 66 68 69 70 71 73 74 76 79 80 81 83 85 86 89 94 95 96 97 99 100 103 104 105 107 108 109 110 112 115 117 118 119 120 125 127 128 134 135 137 138 139 143 144 147 148 149 151 152 153
0.28 0.15 6.00 good
0.40 0.15 6.00 bad
0.30 0.21 6.00 bad
0.23 0.09 6.00 bad
0.40 0.16 6.00 bad
0.44 0.20 6.00 bad
0.39 0.09 6.00 bad
0.21 0.20 6.00 good
0.27 0.23 6.00 bad
0.28 0.28 6.00 bad
0.15 0.13 4.00 good
0.28 0.06 4.00 good
0.36 0.11 6.00 bad
0.20 0.20 4.00 bad
0.43 0.19 6.00 bad
0.25 0.27 8.00 bad
0.22 0.36 8.00 good
0.32 0.11 6.00 bad
0.33 0.09 6.00 good
0.31 0.13 8.00 bad
0.23 0.19 8.00 bad
0.27 0.13 6.00 bad
0.16 0.00 2.00 bad
0.24 0.19 8.00 good
0.34 0.17 6.00 good
0.24 0.14 6.00 good
0.11 0.23 4.00 good
0.19 0.27 8.00 good
0.20 0.08 4.00 bad
0.39 0.10 6.00 bad
0.32 0.07 6.00 good
0.37 0.07 6.00 bad
0.15 0.42 8.00 bad
0.14 0.10 4.00 bad
0.33 0.29 6.00 good
0.21 0.18 6.00 bad
0.21 0.25 6.00 good
0.18 0.23 6.00 bad
0.25 0.21 8.00 good
0.08 0.00 4.00 bad
0.21 0.02 4.00 bad
0.43 0.10 6.00 bad
0.25 0.22 8.00 bad
0.26 0.21 8.00 bad
0.04 0.20 8.00 bad
0.25 0.17 6.00 bad
0.22 0.17 8.00 bad
0.36 0.04 6.00 bad
0.15 0.24 8.00 good
0.26 0.10 6.00 bad
0.13 0.58 10.00 bad
0.54 0.13 6.00 bad
0.28 0.22 6.00 bad
0.15 0.10 4.00 good
0.30 0.26 8.00 bad
0.27 0.17 6.00 bad
0.23 0.23 8.00 good
0.46 0.15 6.00 bad
0.28 0.17 8.00 good
0.26 0.13 8.00 good
0.34 0.17 6.00 bad
0.34 0.25 8.00 bad
0.50 0.11 6.00 bad
0.34 0.09 4.00 bad
0.19 0.31 8.00 good
0.15 0.31 6.00 bad
0.10 0.63 10.00 good
0.36 0.10 6.00 bad
0.28 0.10 6.00 bad
0.30 0.11 6.00 bad
0.35 0.07 6.00 bad
0.45 0.09 6.00 bad
0.39 0.11 6.00 bad
0.20 0.29 8.00 good
0.20 0.11 6.00 good
0.08 0.67 10.00 good
0.22 0.36 8.00 good
0.13 0.31 8.00 good
0.21 0.18 8.00 good
0.24 0.26 8.00 bad
0.15 0.38 8.00 good
0.22 0.18 6.00 bad
0.24 0.22 8.00 good
0.22 0.10 6.00 bad
0.27 0.09 6.00 bad
0.19 0.02 4.00 good
0.04 0.08 2.00 bad
0.23 0.15 6.00 good
0.16 0.37 8.00 bad
0.28 0.09 6.00 good
0.25 0.12 6.00 good