AddListCount FiveStarRate Mode Class
91
2 5 8 9 12 14 16 17 18 23 24 25 27 28 29 30 32 34 35 36 38 43 45 46 48 49 50 51 54 56 59 61 62 63 65 67 68 69 70 73 79 80 82 84 85 86 88 89 90 91 92 96 97 99 100 102 104 105 106 107 110 111 112 113 114 116 117 118 119 120 121 122 124 125 129 131 134 135 136 139 141 142 144 146 147 148 149 150 151 152 153
12 0.15 6.00 bad
122 0.12 6.00 good
53 0.21 6.00 bad
14 0.02 8.00 bad
12 0.20 6.00 bad
136 0.20 2.00 good
25 0.14 6.00 good
10 0.12 8.00 bad
7 0.28 10.00 bad
32 0.06 4.00 good
23 0.11 6.00 bad
2 0.20 2.00 bad
31 0.05 2.00 good
73 0.27 8.00 bad
68 0.36 10.00 good
9 0.11 6.00 bad
111 0.13 8.00 bad
24 0.03 6.00 bad
254 0.21 2.00 good
63 0.19 8.00 bad
19 0.13 4.00 bad
18 0.14 2.00 good
93 0.10 6.00 bad
28 0.27 8.00 good
371 0.17 8.00 bad
13 0.10 6.00 bad
7 0.07 6.00 good
42 0.07 6.00 bad
9 0.29 6.00 good
13 0.13 6.00 good
138 0.25 10.00 good
33 0.21 8.00 good
3 0.00 4.00 bad
21 0.30 2.00 good
22 0.07 6.00 bad
17 0.42 10.00 good
45 0.22 8.00 bad
5 0.21 8.00 bad
2 0.20 2.00 bad
8 0.17 8.00 bad
94 0.10 2.00 bad
193 0.58 10.00 bad
3 0.22 4.00 bad
3 0.14 6.00 bad
55 0.10 2.00 good
53 0.26 6.00 bad
321 0.30 10.00 good
49 0.17 8.00 bad
4 0.07 2.00 bad
218 0.34 10.00 good
141 0.42 10.00 good
100 0.17 8.00 good
7 0.13 8.00 good
253 0.17 6.00 bad
8 0.25 6.00 bad
39 0.08 2.00 good
5 0.09 6.00 bad
98 0.31 8.00 good
102 0.16 6.00 good
188 0.31 10.00 bad
31 0.10 6.00 bad
53 0.12 8.00 good
63 0.11 6.00 bad
25 0.14 6.00 bad
218 0.60 10.00 bad
7 0.17 6.00 good
5 0.09 6.00 bad
112 0.11 6.00 bad
274 0.29 8.00 good
15 0.11 8.00 good
14 0.02 6.00 bad
126 0.25 8.00 bad
57 0.11 6.00 good
149 0.67 10.00 good
510 0.37 10.00 good
5 0.06 4.00 good
168 0.18 8.00 good
293 0.26 8.00 bad
9 0.09 6.00 bad
206 0.22 8.00 good
19 0.15 8.00 bad
365 0.46 10.00 good
103 0.09 6.00 bad
710 0.19 8.00 good
26 0.02 2.00 good
54 0.08 2.00 bad
178 0.15 8.00 good
5 0.15 6.00 bad
125 0.37 10.00 bad
12 0.09 2.00 good
50 0.12 6.00 good