AddListCount TwoStarRate Kurtosis Class
101
0 1 3 5 6 7 8 9 12 13 14 15 18 19 20 21 24 25 26 27 28 29 31 32 34 37 38 39 40 41 42 43 44 45 46 47 48 49 51 53 54 56 58 60 61 66 68 69 70 71 73 75 80 82 87 88 90 92 95 96 97 98 99 100 101 102 103 104 105 106 107 109 110 111 112 113 114 115 117 119 121 122 124 125 126 127 129 130 131 133 134 136 139 141 144 145 147 148 150 151 152
214 0.15 200.91 good
492 0.08 406.22 good
38 0.12 155.27 bad
122 0.20 93.52 good
42 0.14 75.15 good
8 0.15 181.37 bad
53 0.16 196.73 bad
14 0.18 110.48 bad
12 0.08 114.51 bad
9 0.24 156.17 bad
136 0.14 68.44 good
204 0.13 188.48 bad
7 0.17 137.29 bad
70 0.18 181.41 bad
17 0.20 48.29 good
12 0.37 66.70 bad
23 0.21 114.10 bad
2 0.20 28.01 bad
32 0.09 249.04 bad
31 0.17 40.03 good
73 0.11 418.19 bad
68 0.10 194.89 good
6 0.30 211.54 good
111 0.09 404.81 bad
24 0.30 192.82 bad
106 0.03 948.64 bad
19 0.35 172.89 bad
1 0.26 53.89 bad
172 0.12 227.23 good
289 0.14 389.04 good
215 0.17 74.29 bad
18 0.13 44.83 good
242 0.07 29.34 good
93 0.20 135.14 bad
28 0.07 218.67 good
20 0.28 85.63 bad
371 0.09 362.40 bad
13 0.10 155.38 bad
42 0.30 339.26 bad
1 0.33 31.11 bad
9 0.05 245.77 good
13 0.20 74.03 good
70 0.05 256.16 good
19 0.21 95.85 bad
33 0.08 1104.85 good
2 0.14 204.65 bad
45 0.11 223.96 bad
5 0.05 758.93 bad
2 0.10 49.13 bad
119 0.12 106.33 bad
8 0.11 278.58 bad
8 0.10 344.01 good
193 0.03 599.56 bad
3 0.41 87.78 bad
65 0.09 95.46 bad
321 0.10 118.81 good
4 0.13 25.57 bad
141 0.04 444.03 good
4 0.23 128.84 bad
100 0.11 282.28 good
7 0.03 198.40 good
558 0.08 391.57 good
253 0.12 243.27 bad
8 0.02 297.05 bad
65 0.10 286.97 bad
39 0.14 65.28 good
6 0.08 664.54 bad
5 0.31 92.39 bad
98 0.08 385.10 good
102 0.14 114.14 good
188 0.12 72.91 bad
34 0.14 170.95 bad
31 0.21 131.59 bad
53 0.16 113.09 good
63 0.20 84.03 bad
25 0.13 164.81 bad
218 0.02 875.52 bad
76 0.19 125.49 bad
5 0.11 132.92 bad
274 0.06 297.36 good
14 0.30 102.63 bad
126 0.10 313.76 bad
57 0.19 101.09 good
149 0.02 1797.82 good
48 0.06 76.64 good
146 0.06 319.05 good
510 0.07 209.65 good
11 0.13 73.99 bad
5 0.41 58.14 good
1 0.13 194.01 bad
168 0.12 176.74 good
9 0.24 63.17 bad
206 0.07 304.97 good
19 0.03 311.51 bad
103 0.25 97.95 bad
28 0.10 909.70 bad
26 0.22 40.59 good
54 0.03 9.99 bad
5 0.15 158.29 bad
125 0.07 105.22 bad
12 0.19 62.68 good