BookWordCount TwoStarRate Mode Class
97
1 4 6 8 9 10 11 12 13 14 16 17 18 20 22 25 27 28 29 30 31 32 33 37 40 41 42 44 45 46 47 48 49 50 51 53 54 56 58 62 63 65 66 67 68 69 71 73 77 79 81 84 85 86 88 89 91 92 94 95 97 98 99 101 104 107 109 110 112 113 115 116 118 119 121 122 123 124 126 127 128 130 131 132 134 136 137 138 139 141 142 143 144 147 148 149 150
289.90 0.08 8.00 good
139.00 0.09 6.00 bad
59.60 0.14 2.00 good
143.50 0.16 6.00 bad
21.30 0.18 8.00 bad
82.50 0.26 8.00 bad
13.40 0.04 6.00 bad
21.80 0.08 6.00 bad
27.50 0.24 6.00 bad
123.80 0.14 2.00 good
135.80 0.22 6.00 good
33.60 0.22 8.00 bad
24.10 0.17 10.00 bad
82.30 0.20 2.00 good
77.70 0.15 6.00 bad
35.90 0.20 2.00 bad
147.20 0.17 2.00 good
53.00 0.11 8.00 bad
233.90 0.10 10.00 good
150.70 0.18 6.00 bad
78.00 0.30 6.00 good
51.10 0.09 8.00 bad
178.90 0.20 6.00 good
51.30 0.03 8.00 bad
153.10 0.12 8.00 good
168.40 0.14 6.00 good
300.10 0.17 2.00 bad
296.80 0.07 2.00 good
380.50 0.20 6.00 bad
123.50 0.07 8.00 good
49.70 0.28 4.00 bad
281.40 0.09 8.00 bad
44.50 0.10 6.00 bad
51.90 0.28 6.00 good
84.60 0.30 6.00 bad
53.70 0.33 2.00 bad
13.00 0.05 6.00 good
40.40 0.20 6.00 good
63.50 0.05 10.00 good
49.60 0.50 4.00 bad
108.60 0.07 2.00 good
72.20 0.28 6.00 bad
34.80 0.14 6.00 bad
16.80 0.06 10.00 good
79.60 0.11 8.00 bad
7.30 0.05 8.00 bad
98.90 0.12 8.00 bad
68.60 0.11 8.00 bad
1070.70 0.07 10.00 bad
131.20 0.19 2.00 bad
87.70 0.08 6.00 bad
30.00 0.14 6.00 bad
87.20 0.19 2.00 good
129.90 0.03 6.00 bad
315.30 0.10 10.00 good
153.20 0.17 8.00 bad
126.20 0.08 10.00 good
116.50 0.04 10.00 good
63.70 0.11 8.00 good
99.00 0.23 6.00 bad
22.20 0.03 8.00 good
170.60 0.08 8.00 good
181.90 0.12 6.00 bad
219.60 0.10 10.00 bad
150.50 0.31 6.00 bad
310.00 0.12 10.00 bad
101.10 0.14 6.00 bad
133.50 0.21 6.00 bad
107.80 0.20 6.00 bad
247.80 0.13 6.00 bad
119.20 0.19 6.00 bad
118.30 0.12 6.00 good
92.20 0.11 6.00 bad
427.70 0.06 8.00 good
145.90 0.30 6.00 bad
79.20 0.10 8.00 bad
153.40 0.08 6.00 good
223.00 0.19 6.00 good
89.70 0.06 10.00 good
34.20 0.06 10.00 good
296.70 0.08 10.00 good
46.30 0.13 6.00 bad
195.70 0.41 4.00 good
237.20 0.14 8.00 good
179.50 0.12 8.00 good
72.70 0.24 6.00 bad
448.70 0.05 10.00 good
212.90 0.10 2.00 bad
130.30 0.07 8.00 good
25.10 0.03 8.00 bad
518.00 0.05 10.00 good
177.70 0.21 8.00 bad
319.70 0.25 6.00 bad
154.00 0.22 2.00 good
209.90 0.03 2.00 bad
382.10 0.18 8.00 good
44.60 0.15 6.00 bad