TwoStarRate FourStarRate Mode Class
96
0 1 3 4 5 6 7 9 10 11 13 15 18 19 20 21 23 27 28 29 30 31 32 33 35 36 37 38 39 40 41 42 43 44 45 46 47 49 50 51 56 58 59 61 62 63 64 66 67 68 71 72 73 75 76 78 80 85 88 89 91 92 93 95 98 100 101 102 103 106 108 109 110 112 114 115 117 121 124 125 126 127 128 131 134 137 138 140 141 142 143 144 147 148 150 152
0.15 0.30 8.00 good
0.08 0.36 8.00 good
0.12 0.27 8.00 bad
0.09 0.25 6.00 bad
0.20 0.21 6.00 good
0.14 0.18 2.00 good
0.15 0.11 6.00 bad
0.18 0.30 8.00 bad
0.26 0.27 8.00 bad
0.04 0.32 6.00 bad
0.24 0.13 6.00 bad
0.13 0.25 6.00 bad
0.17 0.14 10.00 bad
0.18 0.22 10.00 bad
0.20 0.20 2.00 good
0.37 0.14 4.00 bad
0.31 0.08 4.00 good
0.17 0.15 2.00 good
0.11 0.31 8.00 bad
0.10 0.20 10.00 good
0.18 0.14 6.00 bad
0.30 0.19 6.00 good
0.09 0.39 8.00 bad
0.20 0.23 6.00 good
0.12 0.14 2.00 good
0.10 0.34 8.00 bad
0.03 0.44 8.00 bad
0.35 0.17 4.00 bad
0.26 0.05 2.00 bad
0.12 0.33 8.00 good
0.14 0.29 6.00 good
0.17 0.20 2.00 bad
0.13 0.14 2.00 good
0.07 0.16 2.00 good
0.20 0.23 6.00 bad
0.07 0.33 8.00 good
0.28 0.22 4.00 bad
0.10 0.23 6.00 bad
0.28 0.14 6.00 good
0.30 0.21 6.00 bad
0.20 0.10 6.00 good
0.05 0.30 10.00 good
0.21 0.21 10.00 good
0.08 0.44 8.00 good
0.50 0.34 4.00 bad
0.07 0.20 2.00 good
0.27 0.14 2.00 bad
0.14 0.19 6.00 bad
0.06 0.25 10.00 good
0.11 0.30 8.00 bad
0.12 0.25 8.00 bad
0.08 0.20 10.00 good
0.11 0.39 8.00 bad
0.10 0.30 6.00 good
0.07 0.36 8.00 good
0.10 0.24 6.00 bad
0.03 0.19 10.00 bad
0.19 0.24 2.00 good
0.10 0.23 10.00 good
0.17 0.28 8.00 bad
0.08 0.28 10.00 good
0.04 0.29 10.00 good
0.08 0.34 8.00 bad
0.23 0.00 6.00 bad
0.08 0.33 8.00 good
0.02 0.27 6.00 bad
0.10 0.27 10.00 bad
0.14 0.21 2.00 good
0.08 0.26 6.00 bad
0.14 0.24 6.00 good
0.02 0.20 10.00 good
0.14 0.24 6.00 bad
0.21 0.24 6.00 bad
0.20 0.15 6.00 bad
0.02 0.23 10.00 bad
0.19 0.19 6.00 bad
0.11 0.14 6.00 bad
0.30 0.08 6.00 bad
0.19 0.20 6.00 good
0.02 0.20 10.00 good
0.06 0.21 10.00 good
0.06 0.26 10.00 good
0.08 0.23 10.00 good
0.41 0.11 4.00 good
0.12 0.34 8.00 good
0.05 0.33 10.00 good
0.10 0.19 2.00 bad
0.30 0.54 8.00 bad
0.03 0.49 8.00 bad
0.05 0.24 10.00 good
0.21 0.24 8.00 bad
0.25 0.18 6.00 bad
0.22 0.09 2.00 good
0.03 0.06 2.00 bad
0.15 0.20 6.00 bad
0.19 0.14 2.00 good