BookScoreCount AddListCount ThreeStarRate Class
101
3 5 6 7 8 9 10 11 13 14 15 21 22 23 24 25 26 29 30 32 33 34 37 38 39 40 41 42 43 44 45 46 47 48 49 50 53 58 59 61 62 64 67 70 71 72 73 74 76 77 78 79 80 81 82 83 84 85 87 90 91 92 93 94 95 96 97 99 100 101 102 103 104 105 106 108 111 112 113 114 115 116 119 120 122 123 124 125 126 128 129 131 133 134 136 137 139 144 145 150 153
129 38 0.27 bad
439 122 0.26 good
187 42 0.21 good
27 8 0.48 bad
177 53 0.30 bad
51 14 0.26 bad
78 25 0.23 bad
51 15 0.40 bad
48 9 0.39 bad
454 136 0.21 good
658 204 0.27 bad
44 12 0.16 bad
159 61 0.40 bad
116 32 0.28 good
70 23 0.36 bad
11 2 0.20 bad
100 32 0.43 bad
290 68 0.22 good
29 9 0.32 bad
292 111 0.31 bad
192 49 0.29 good
97 24 0.39 bad
216 106 0.20 bad
63 19 0.27 bad
20 1 0.16 bad
495 172 0.24 good
670 289 0.34 good
686 215 0.26 bad
81 18 0.24 good
1885 242 0.11 good
299 93 0.30 bad
108 28 0.19 good
79 20 0.20 bad
1248 371 0.33 bad
72 13 0.39 bad
29 7 0.32 good
22 1 0.14 bad
461 70 0.14 good
484 138 0.21 good
86 33 0.25 good
13 3 0.08 bad
45 10 0.21 bad
90 17 0.16 good
51 2 0.04 bad
248 119 0.25 bad
956 180 0.26 good
19 8 0.22 bad
46 16 0.36 bad
429 110 0.15 good
745 183 0.22 bad
217 57 0.33 bad
531 94 0.26 bad
714 193 0.13 bad
25 4 0.54 bad
31 3 0.20 bad
104 22 0.28 bad
21 3 0.33 bad
356 55 0.15 good
182 65 0.23 bad
16 4 0.20 bad
654 218 0.16 good
527 141 0.16 good
396 121 0.26 bad
218 57 0.23 good
13 4 0.46 bad
188 100 0.28 good
39 7 0.26 good
942 253 0.34 bad
42 8 0.34 bad
219 65 0.26 bad
225 39 0.26 good
29 6 0.50 bad
25 5 0.34 bad
339 98 0.19 good
349 102 0.27 good
5393 1586 0.10 good
182 53 0.26 good
201 63 0.30 bad
136 25 0.36 bad
1114 218 0.09 bad
282 76 0.35 bad
19 7 0.42 good
1575 274 0.20 good
45 15 0.20 good
385 126 0.28 bad
93 32 0.37 good
320 57 0.29 good
768 149 0.08 good
353 48 0.16 good
607 108 0.13 good
2063 510 0.16 good
31 5 0.13 good
23 1 0.33 bad
795 168 0.21 good
68 9 0.32 bad
1641 303 0.15 good
1100 206 0.24 good
364 103 0.27 bad
61 28 0.45 bad
21 5 0.35 bad
209 50 0.25 good