AddListCount ThreeStarRate FiveStarRate Class
93
3 4 5 7 8 10 11 14 15 19 22 24 25 26 28 32 35 36 37 39 41 43 46 48 49 50 51 52 53 55 57 58 59 61 62 63 64 65 68 71 72 73 74 79 80 81 82 83 84 85 87 88 89 90 94 95 96 98 99 103 107 108 110 111 112 113 114 115 117 118 119 120 121 123 124 125 128 129 130 134 135 136 138 139 141 143 144 145 146 149 150 151 153
38 0.27 0.18 bad
22 0.33 0.10 bad
122 0.26 0.12 good
8 0.48 0.11 bad
53 0.30 0.21 bad
25 0.23 0.09 bad
15 0.40 0.16 bad
136 0.21 0.20 good
204 0.27 0.23 bad
70 0.22 0.28 bad
61 0.40 0.11 bad
23 0.36 0.11 bad
2 0.20 0.20 bad
32 0.43 0.19 bad
73 0.25 0.27 bad
111 0.31 0.13 bad
254 0.18 0.21 good
63 0.23 0.19 bad
106 0.20 0.28 bad
1 0.16 0.00 bad
289 0.34 0.17 good
18 0.24 0.14 good
28 0.19 0.27 good
371 0.33 0.17 bad
13 0.39 0.10 bad
7 0.32 0.07 good
42 0.37 0.07 bad
446 0.15 0.42 bad
1 0.14 0.10 bad
11 0.33 0.06 bad
551 0.21 0.18 bad
70 0.14 0.37 good
138 0.21 0.25 good
33 0.25 0.21 good
3 0.08 0.00 bad
21 0.12 0.30 good
10 0.21 0.02 bad
22 0.31 0.07 bad
45 0.25 0.22 bad
119 0.25 0.17 bad
180 0.26 0.35 good
8 0.22 0.17 bad
16 0.36 0.04 bad
94 0.26 0.10 bad
193 0.13 0.58 bad
4 0.54 0.13 bad
3 0.20 0.22 bad
22 0.28 0.22 bad
3 0.33 0.14 bad
55 0.15 0.10 good
65 0.23 0.27 bad
321 0.18 0.30 good
49 0.27 0.17 bad
4 0.20 0.07 bad
57 0.23 0.23 good
4 0.46 0.15 bad
100 0.28 0.17 good
558 0.22 0.29 good
253 0.34 0.17 bad
6 0.50 0.11 bad
188 0.15 0.31 bad
1586 0.10 0.63 good
31 0.28 0.10 bad
53 0.26 0.12 good
63 0.30 0.11 bad
25 0.36 0.14 bad
218 0.09 0.60 bad
76 0.35 0.07 bad
5 0.45 0.09 bad
112 0.39 0.11 bad
274 0.20 0.29 good
15 0.20 0.11 good
14 0.32 0.02 bad
32 0.37 0.20 good
57 0.29 0.11 good
149 0.08 0.67 good
108 0.13 0.31 good
510 0.16 0.37 good
11 0.28 0.17 bad
168 0.21 0.18 good
293 0.24 0.26 bad
9 0.32 0.09 bad
53 0.22 0.18 bad
206 0.24 0.22 good
19 0.19 0.15 bad
42 0.22 0.10 bad
103 0.27 0.09 bad
28 0.45 0.08 bad
710 0.27 0.19 good
178 0.23 0.15 good
5 0.35 0.15 bad
125 0.16 0.37 bad
50 0.25 0.12 good