BookScoreCount FourStarRate Median Class
94
0 2 4 8 10 11 12 13 15 16 17 19 20 21 24 25 27 29 32 34 35 36 37 38 43 44 45 46 48 49 50 52 53 54 57 58 59 65 66 67 68 69 70 74 75 77 78 81 82 83 84 87 88 90 91 92 93 95 96 97 98 99 101 104 105 106 108 109 110 111 112 114 115 116 118 121 123 126 129 130 131 132 134 135 136 139 140 141 144 145 147 150 151 152
568 0.30 6.00 good
47 0.24 6.00 bad
78 0.25 6.00 bad
177 0.22 6.00 bad
78 0.27 6.00 bad
51 0.32 6.00 bad
25 0.08 6.00 bad
48 0.13 6.00 bad
658 0.25 6.00 bad
119 0.20 6.00 good
36 0.23 6.00 bad
250 0.22 6.00 bad
112 0.20 4.00 good
44 0.14 4.00 bad
70 0.13 6.00 bad
11 0.00 4.00 bad
150 0.15 4.00 good
290 0.20 8.00 good
292 0.39 8.00 bad
97 0.13 6.00 bad
1909 0.14 6.00 good
223 0.34 8.00 bad
216 0.44 8.00 bad
63 0.17 6.00 bad
81 0.14 6.00 good
1885 0.16 4.00 good
299 0.23 6.00 bad
108 0.33 8.00 good
1248 0.33 6.00 bad
72 0.23 6.00 bad
29 0.14 6.00 good
1780 0.30 8.00 bad
22 0.00 4.00 bad
43 0.21 6.00 good
2109 0.29 6.00 bad
461 0.30 8.00 good
484 0.21 6.00 good
82 0.07 4.00 bad
21 0.19 6.00 bad
90 0.25 8.00 good
153 0.30 8.00 bad
20 0.42 8.00 bad
51 0.32 8.00 bad
46 0.31 6.00 bad
21 0.30 6.00 good
745 0.27 8.00 bad
217 0.24 6.00 bad
25 0.08 6.00 bad
31 0.05 4.00 bad
104 0.22 6.00 bad
21 0.19 6.00 bad
182 0.19 6.00 bad
1636 0.23 8.00 good
16 0.07 2.00 bad
654 0.28 8.00 good
527 0.29 8.00 good
396 0.34 8.00 bad
13 0.00 6.00 bad
188 0.33 8.00 good
39 0.40 8.00 good
2113 0.33 8.00 good
942 0.26 6.00 bad
219 0.27 8.00 bad
25 0.04 4.00 bad
339 0.33 8.00 good
349 0.24 6.00 good
5393 0.20 10.00 good
88 0.24 6.00 bad
112 0.24 6.00 bad
182 0.26 6.00 good
201 0.15 6.00 bad
1114 0.23 10.00 bad
282 0.19 6.00 bad
19 0.12 6.00 good
274 0.30 6.00 bad
59 0.08 4.00 bad
93 0.30 6.00 good
353 0.21 8.00 good
2063 0.26 8.00 good
82 0.16 6.00 bad
31 0.11 4.00 good
614 0.35 6.00 good
795 0.34 8.00 good
1310 0.29 8.00 bad
68 0.05 4.00 bad
1100 0.36 8.00 good
21 0.54 8.00 bad
83 0.49 8.00 bad
364 0.18 6.00 bad
61 0.33 6.00 bad
208 0.09 4.00 good
21 0.20 6.00 bad
638 0.19 8.00 bad
45 0.14 6.00 good