ThreeStarRate FiveStarRate Median Class
100
0 2 4 6 7 8 11 13 16 17 19 21 23 24 25 26 28 29 31 32 33 34 38 39 40 41 42 44 45 46 47 48 52 53 54 55 57 59 62 63 64 66 67 69 70 72 74 76 77 78 79 80 81 82 83 84 85 86 88 91 92 94 95 96 98 99 100 102 103 106 107 108 109 111 112 114 115 119 120 121 122 125 127 129 131 132 133 135 139 140 142 143 146 147 148 149 150 151 152 153
0.28 0.15 6.00 good
0.40 0.15 6.00 bad
0.33 0.10 6.00 bad
0.21 0.23 6.00 good
0.48 0.11 6.00 bad
0.30 0.21 6.00 bad
0.40 0.16 6.00 bad
0.39 0.09 6.00 bad
0.23 0.14 6.00 good
0.20 0.12 6.00 bad
0.22 0.28 6.00 bad
0.16 0.04 4.00 bad
0.28 0.06 4.00 good
0.36 0.11 6.00 bad
0.20 0.20 4.00 bad
0.43 0.19 6.00 bad
0.25 0.27 8.00 bad
0.22 0.36 8.00 good
0.33 0.09 6.00 good
0.31 0.13 8.00 bad
0.29 0.15 6.00 good
0.39 0.03 6.00 bad
0.27 0.13 6.00 bad
0.16 0.00 2.00 bad
0.24 0.19 8.00 good
0.34 0.17 6.00 good
0.26 0.11 6.00 bad
0.11 0.23 4.00 good
0.30 0.10 6.00 bad
0.19 0.27 8.00 good
0.20 0.08 4.00 bad
0.33 0.17 6.00 bad
0.15 0.42 8.00 bad
0.14 0.10 4.00 bad
0.33 0.29 6.00 good
0.33 0.06 6.00 bad
0.21 0.18 6.00 bad
0.21 0.25 6.00 good
0.08 0.00 4.00 bad
0.12 0.30 6.00 good
0.21 0.02 4.00 bad
0.43 0.10 6.00 bad
0.16 0.42 8.00 good
0.26 0.21 8.00 bad
0.04 0.20 8.00 bad
0.26 0.35 8.00 good
0.36 0.04 6.00 bad
0.15 0.24 8.00 good
0.22 0.37 8.00 bad
0.33 0.16 6.00 bad
0.26 0.10 6.00 bad
0.13 0.58 10.00 bad
0.54 0.13 6.00 bad
0.20 0.22 4.00 bad
0.28 0.22 6.00 bad
0.33 0.14 6.00 bad
0.15 0.10 4.00 good
0.30 0.26 8.00 bad
0.18 0.30 8.00 good
0.16 0.34 8.00 good
0.16 0.42 8.00 good
0.23 0.23 8.00 good
0.46 0.15 6.00 bad
0.28 0.17 8.00 good
0.22 0.29 8.00 good
0.34 0.17 6.00 bad
0.34 0.25 8.00 bad
0.26 0.08 6.00 good
0.50 0.11 6.00 bad
0.27 0.16 6.00 good
0.15 0.31 6.00 bad
0.10 0.63 10.00 good
0.36 0.10 6.00 bad
0.26 0.12 6.00 good
0.30 0.11 6.00 bad
0.09 0.60 10.00 bad
0.35 0.07 6.00 bad
0.20 0.29 8.00 good
0.20 0.11 6.00 good
0.32 0.02 4.00 bad
0.28 0.25 8.00 bad
0.08 0.67 10.00 good
0.22 0.36 8.00 good
0.16 0.37 8.00 good
0.13 0.06 4.00 good
0.25 0.13 6.00 good
0.33 0.04 6.00 bad
0.24 0.26 8.00 bad
0.24 0.22 8.00 good
0.07 0.05 8.00 bad
0.15 0.46 8.00 good
0.22 0.10 6.00 bad
0.27 0.19 8.00 good
0.19 0.02 4.00 good
0.04 0.08 2.00 bad
0.23 0.15 6.00 good
0.35 0.15 6.00 bad
0.16 0.37 8.00 bad
0.28 0.09 6.00 good
0.25 0.12 6.00 good