BookScoreCount ThreeStarRate FiveStarRate Class
99
1 4 5 6 7 8 10 11 15 16 17 18 19 20 21 22 23 25 26 27 28 31 32 35 36 38 39 40 41 42 45 46 49 50 51 53 54 57 59 63 64 66 67 68 69 70 71 74 75 77 78 79 80 85 87 90 92 94 96 97 99 100 101 102 103 104 105 107 108 109 111 112 114 115 116 117 119 120 123 124 125 128 129 130 132 133 136 137 138 141 142 144 145 146 147 149 150 151 153
967 0.23 0.25 good
78 0.33 0.10 bad
439 0.26 0.12 good
187 0.21 0.23 good
27 0.48 0.11 bad
177 0.30 0.21 bad
78 0.23 0.09 bad
51 0.40 0.16 bad
658 0.27 0.23 bad
119 0.23 0.14 good
36 0.20 0.12 bad
23 0.28 0.28 bad
250 0.22 0.28 bad
112 0.15 0.13 good
44 0.16 0.04 bad
159 0.40 0.11 bad
116 0.28 0.06 good
11 0.20 0.20 bad
100 0.43 0.19 bad
150 0.21 0.05 good
263 0.25 0.27 bad
44 0.33 0.09 good
292 0.31 0.13 bad
1909 0.18 0.21 good
223 0.23 0.19 bad
63 0.27 0.13 bad
20 0.16 0.00 bad
495 0.24 0.19 good
670 0.34 0.17 good
686 0.26 0.11 bad
299 0.30 0.10 bad
108 0.19 0.27 good
72 0.39 0.10 bad
29 0.32 0.07 good
133 0.37 0.07 bad
22 0.14 0.10 bad
43 0.33 0.29 good
2109 0.21 0.18 bad
484 0.21 0.25 good
91 0.12 0.30 good
45 0.21 0.02 bad
21 0.43 0.10 bad
90 0.16 0.42 good
153 0.25 0.22 bad
20 0.26 0.21 bad
51 0.04 0.20 bad
248 0.25 0.17 bad
46 0.36 0.04 bad
21 0.40 0.10 good
745 0.22 0.37 bad
217 0.33 0.16 bad
531 0.26 0.10 bad
714 0.13 0.58 bad
356 0.15 0.10 good
182 0.23 0.27 bad
16 0.20 0.07 bad
527 0.16 0.42 good
218 0.23 0.23 good
188 0.28 0.17 good
39 0.26 0.13 good
942 0.34 0.17 bad
42 0.34 0.25 bad
219 0.26 0.27 bad
225 0.26 0.08 good
29 0.50 0.11 bad
25 0.34 0.09 bad
339 0.19 0.31 good
1184 0.15 0.31 bad
5393 0.10 0.63 good
88 0.36 0.10 bad
182 0.26 0.12 good
201 0.30 0.11 bad
1114 0.09 0.60 bad
282 0.35 0.07 bad
19 0.42 0.17 good
34 0.45 0.09 bad
1575 0.20 0.29 good
45 0.20 0.11 good
93 0.37 0.20 good
320 0.29 0.11 good
768 0.08 0.67 good
607 0.13 0.31 good
2063 0.16 0.37 good
82 0.28 0.17 bad
614 0.25 0.13 good
23 0.33 0.04 bad
68 0.32 0.09 bad
1641 0.15 0.38 good
328 0.22 0.18 bad
83 0.19 0.15 bad
2366 0.15 0.46 good
364 0.27 0.09 bad
61 0.45 0.08 bad
2356 0.27 0.19 good
208 0.19 0.02 good
674 0.23 0.15 good
21 0.35 0.15 bad
638 0.16 0.37 bad
209 0.25 0.12 good