BookWordCount FourStarRate Mode Class
98
2 3 4 5 10 11 12 14 15 16 17 19 23 24 27 30 31 32 33 34 39 40 41 43 44 45 46 50 51 52 54 57 58 60 62 64 65 66 67 68 70 71 74 75 76 78 79 80 81 82 83 84 86 88 89 90 91 92 94 95 96 97 98 99 101 103 104 106 107 109 110 112 113 114 115 117 118 119 120 121 123 124 125 127 128 129 130 131 134 137 139 140 143 145 146 149 150 153
48.30 0.24 6.00 bad
52.30 0.27 8.00 bad
139.00 0.25 6.00 bad
158.50 0.21 6.00 good
82.50 0.27 8.00 bad
13.40 0.32 6.00 bad
21.80 0.08 6.00 bad
123.80 0.19 2.00 good
257.20 0.25 6.00 bad
135.80 0.20 6.00 good
33.60 0.23 8.00 bad
122.40 0.22 10.00 bad
122.20 0.08 4.00 good
74.80 0.13 6.00 bad
147.20 0.15 2.00 good
150.70 0.14 6.00 bad
78.00 0.19 6.00 good
51.10 0.39 8.00 bad
178.90 0.23 6.00 good
154.60 0.13 6.00 bad
22.80 0.05 2.00 bad
153.10 0.33 8.00 good
168.40 0.29 6.00 good
74.40 0.14 2.00 good
296.80 0.16 2.00 good
380.50 0.23 6.00 bad
123.50 0.33 8.00 good
51.90 0.14 6.00 good
84.60 0.21 6.00 bad
76.10 0.30 10.00 bad
13.00 0.21 6.00 good
293.40 0.29 8.00 bad
63.50 0.30 10.00 good
45.10 0.20 10.00 bad
49.60 0.34 4.00 bad
54.40 0.14 2.00 bad
72.20 0.07 6.00 bad
34.80 0.19 6.00 bad
16.80 0.25 10.00 good
79.60 0.30 8.00 bad
55.40 0.32 2.00 bad
98.90 0.25 8.00 bad
49.30 0.31 6.00 bad
39.60 0.30 6.00 good
46.20 0.36 8.00 good
70.00 0.24 6.00 bad
131.20 0.17 2.00 bad
144.70 0.19 10.00 bad
87.70 0.08 6.00 bad
183.00 0.05 4.00 bad
40.80 0.22 6.00 bad
30.00 0.19 6.00 bad
129.90 0.27 6.00 bad
315.30 0.23 10.00 good
153.20 0.28 8.00 bad
50.40 0.07 2.00 bad
126.20 0.28 10.00 good
116.50 0.29 10.00 good
63.70 0.33 8.00 good
99.00 0.00 6.00 bad
34.10 0.33 8.00 good
22.20 0.40 8.00 good
170.60 0.33 8.00 good
181.90 0.26 6.00 bad
219.60 0.27 10.00 bad
21.40 0.26 6.00 bad
150.50 0.04 6.00 bad
64.40 0.24 6.00 good
310.00 0.17 10.00 bad
101.10 0.24 6.00 bad
133.50 0.24 6.00 bad
107.80 0.15 6.00 bad
247.80 0.21 6.00 bad
31.70 0.23 10.00 bad
119.20 0.19 6.00 bad
59.10 0.14 6.00 bad
92.20 0.30 6.00 bad
427.70 0.33 8.00 good
85.80 0.25 8.00 good
145.90 0.08 6.00 bad
153.40 0.30 6.00 good
223.00 0.20 6.00 good
65.70 0.20 10.00 good
34.20 0.26 10.00 good
296.70 0.23 10.00 good
322.80 0.26 10.00 good
46.30 0.16 6.00 bad
195.70 0.11 4.00 good
179.50 0.34 8.00 good
448.70 0.33 10.00 good
130.30 0.36 8.00 good
43.40 0.54 8.00 bad
177.70 0.24 8.00 bad
62.30 0.33 6.00 bad
477.20 0.37 8.00 good
382.10 0.26 8.00 good
44.60 0.20 6.00 bad
73.20 0.22 6.00 good