BookScoreCount FourStarRate FiveStarRate Class
95
1 3 5 6 7 8 9 10 11 12 13 14 15 17 20 22 23 24 26 28 29 31 33 34 36 39 41 44 45 46 47 48 50 54 55 56 59 63 64 65 66 67 68 71 72 75 77 78 81 82 83 87 90 91 92 93 96 98 101 102 104 106 107 108 110 111 112 113 114 115 117 118 119 120 121 122 123 125 128 130 131 132 133 134 135 136 139 141 142 143 145 146 148 149 152
967 0.36 0.25 good
129 0.27 0.18 bad
439 0.21 0.12 good
187 0.18 0.23 good
27 0.11 0.11 bad
177 0.22 0.21 bad
51 0.30 0.02 bad
78 0.27 0.09 bad
51 0.32 0.16 bad
25 0.08 0.20 bad
48 0.13 0.09 bad
454 0.19 0.20 good
658 0.25 0.23 bad
36 0.23 0.12 bad
112 0.20 0.13 good
159 0.28 0.11 bad
116 0.08 0.06 good
70 0.13 0.11 bad
100 0.18 0.19 bad
263 0.31 0.27 bad
290 0.20 0.36 good
44 0.19 0.09 good
192 0.23 0.15 good
97 0.13 0.03 bad
223 0.34 0.19 bad
20 0.05 0.00 bad
670 0.29 0.17 good
1885 0.16 0.23 good
299 0.23 0.10 bad
108 0.33 0.27 good
79 0.22 0.08 bad
1248 0.33 0.17 bad
29 0.14 0.07 good
43 0.21 0.29 good
55 0.20 0.06 bad
80 0.10 0.13 good
484 0.21 0.25 good
91 0.20 0.30 good
45 0.14 0.02 bad
82 0.07 0.07 bad
21 0.19 0.10 bad
90 0.25 0.42 good
153 0.30 0.22 bad
248 0.25 0.17 bad
956 0.20 0.35 good
21 0.30 0.10 good
745 0.27 0.37 bad
217 0.24 0.16 bad
25 0.08 0.13 bad
31 0.05 0.22 bad
104 0.22 0.22 bad
182 0.19 0.27 bad
16 0.07 0.07 bad
654 0.28 0.34 good
527 0.29 0.42 good
396 0.34 0.21 bad
188 0.33 0.17 good
2113 0.33 0.29 good
219 0.27 0.27 bad
225 0.21 0.08 good
25 0.04 0.09 bad
349 0.24 0.16 good
1184 0.17 0.31 bad
5393 0.20 0.63 good
112 0.24 0.10 bad
182 0.26 0.12 good
201 0.15 0.11 bad
136 0.21 0.14 bad
1114 0.23 0.60 bad
282 0.19 0.07 bad
34 0.14 0.09 bad
274 0.30 0.11 bad
1575 0.33 0.29 good
45 0.25 0.11 good
59 0.08 0.02 bad
385 0.29 0.25 bad
93 0.30 0.20 good
768 0.20 0.67 good
607 0.23 0.31 good
82 0.16 0.17 bad
31 0.11 0.06 good
614 0.35 0.13 good
23 0.33 0.04 bad
795 0.34 0.18 good
1310 0.29 0.26 bad
68 0.05 0.09 bad
1100 0.36 0.22 good
83 0.49 0.15 bad
2366 0.24 0.46 good
153 0.24 0.10 bad
61 0.33 0.08 bad
2356 0.37 0.19 good
1080 0.06 0.08 bad
674 0.26 0.15 good
45 0.14 0.09 good