AddListCount TwoStarRate Median Class
97
3 5 6 7 8 9 10 11 13 14 17 18 19 21 23 25 26 28 30 31 33 35 36 37 39 41 43 44 50 51 52 55 57 58 61 63 64 65 67 71 73 74 76 77 78 79 80 82 83 84 86 87 89 95 96 97 98 99 100 101 102 103 104 105 106 107 109 110 111 112 115 116 118 121 122 123 124 125 126 127 130 133 134 135 136 137 139 141 142 144 146 147 148 149 150 151 153
38 0.12 6.00 bad
122 0.20 6.00 good
42 0.14 6.00 good
8 0.15 6.00 bad
53 0.16 6.00 bad
14 0.18 6.00 bad
25 0.26 6.00 bad
15 0.04 6.00 bad
9 0.24 6.00 bad
136 0.14 6.00 good
10 0.22 6.00 bad
7 0.17 6.00 bad
70 0.18 6.00 bad
12 0.37 4.00 bad
32 0.31 4.00 good
2 0.20 4.00 bad
32 0.09 6.00 bad
73 0.11 8.00 bad
9 0.18 6.00 bad
6 0.30 6.00 good
49 0.20 6.00 good
254 0.12 6.00 good
63 0.10 8.00 bad
106 0.03 8.00 bad
1 0.26 2.00 bad
289 0.14 6.00 good
18 0.13 6.00 good
242 0.07 4.00 good
7 0.28 6.00 good
42 0.30 6.00 bad
446 0.04 8.00 bad
11 0.28 6.00 bad
551 0.07 6.00 bad
70 0.05 8.00 good
33 0.08 8.00 good
21 0.07 6.00 good
10 0.27 4.00 bad
22 0.28 4.00 bad
17 0.06 8.00 good
119 0.12 6.00 bad
8 0.11 8.00 bad
16 0.22 6.00 bad
110 0.07 8.00 good
183 0.07 8.00 bad
57 0.10 6.00 bad
94 0.19 6.00 bad
193 0.03 10.00 bad
3 0.41 4.00 bad
22 0.17 6.00 bad
3 0.14 6.00 bad
53 0.03 8.00 bad
65 0.09 6.00 bad
49 0.17 6.00 bad
4 0.23 6.00 bad
100 0.11 8.00 good
7 0.03 8.00 good
558 0.08 8.00 good
253 0.12 6.00 bad
8 0.02 8.00 bad
65 0.10 8.00 bad
39 0.14 6.00 good
6 0.08 6.00 bad
5 0.31 4.00 bad
98 0.08 8.00 good
102 0.14 6.00 good
188 0.12 6.00 bad
34 0.14 6.00 bad
31 0.21 6.00 bad
53 0.16 6.00 good
63 0.20 6.00 bad
76 0.19 6.00 bad
7 0.12 6.00 good
112 0.11 6.00 bad
14 0.30 4.00 bad
126 0.10 8.00 bad
32 0.08 6.00 good
57 0.19 6.00 good
149 0.02 10.00 good
48 0.06 8.00 good
146 0.06 8.00 good
11 0.13 6.00 bad
1 0.13 6.00 bad
168 0.12 8.00 good
293 0.09 8.00 bad
9 0.24 4.00 bad
303 0.05 8.00 good
206 0.07 8.00 good
19 0.03 8.00 bad
365 0.05 8.00 good
103 0.25 6.00 bad
710 0.09 8.00 good
26 0.22 4.00 good
54 0.03 2.00 bad
178 0.18 6.00 good
5 0.15 6.00 bad
125 0.07 8.00 bad
50 0.22 6.00 good