BookScore TwoStarRate ThreeStarRate Class
97
1 2 3 4 7 8 10 11 13 15 16 17 18 19 20 21 22 25 26 27 28 29 30 31 32 33 34 36 37 38 39 40 41 42 46 49 50 52 53 54 55 58 59 61 62 63 64 65 68 69 72 73 75 76 77 83 84 85 86 87 88 89 93 94 100 101 103 104 107 108 109 111 112 113 114 115 116 117 118 120 121 122 123 125 127 129 134 135 138 139 142 144 148 149 150 151 153
7.2 0.08 0.23 good
6.4 0.10 0.40 bad
6.4 0.12 0.27 bad
5.8 0.09 0.33 bad
5.8 0.15 0.48 bad
6.5 0.16 0.30 bad
5.8 0.26 0.23 bad
6.9 0.04 0.40 bad
5.5 0.24 0.39 bad
6.6 0.13 0.27 bad
5.7 0.22 0.23 good
5.6 0.22 0.20 bad
6.5 0.17 0.28 bad
6.7 0.18 0.22 bad
5.3 0.20 0.15 good
4.6 0.37 0.16 bad
6.5 0.15 0.40 bad
4.8 0.20 0.20 bad
6.5 0.09 0.43 bad
4.5 0.17 0.21 good
7.2 0.11 0.25 bad
7.1 0.10 0.22 good
5.4 0.18 0.32 bad
5.8 0.30 0.33 good
6.8 0.09 0.31 bad
6.1 0.20 0.29 good
5.1 0.30 0.39 bad
6.7 0.10 0.23 bad
7.8 0.03 0.20 bad
5.9 0.35 0.27 bad
3.5 0.26 0.16 bad
6.7 0.12 0.24 good
6.7 0.14 0.34 good
5.4 0.17 0.26 bad
7.1 0.07 0.19 good
5.9 0.10 0.39 bad
5.3 0.28 0.32 good
7.9 0.04 0.15 bad
4.0 0.33 0.14 bad
7.0 0.05 0.33 good
5.6 0.28 0.33 bad
7.5 0.05 0.14 good
6.5 0.21 0.21 good
7.5 0.08 0.25 good
5.3 0.50 0.08 bad
6.2 0.07 0.12 good
4.4 0.27 0.21 bad
4.8 0.28 0.31 bad
6.8 0.11 0.25 bad
7.4 0.05 0.26 bad
7.3 0.08 0.26 good
6.8 0.11 0.22 bad
6.4 0.10 0.40 good
6.8 0.07 0.15 good
7.6 0.07 0.22 bad
6.6 0.17 0.28 bad
5.9 0.14 0.33 bad
5.2 0.19 0.15 good
7.0 0.03 0.30 bad
6.4 0.09 0.23 bad
6.7 0.10 0.18 good
6.4 0.17 0.27 bad
6.9 0.08 0.26 bad
7.0 0.11 0.23 good
7.0 0.02 0.34 bad
7.1 0.10 0.26 bad
6.6 0.08 0.50 bad
4.9 0.31 0.34 bad
6.4 0.12 0.15 bad
8.7 0.02 0.10 good
6.0 0.14 0.36 bad
5.8 0.16 0.26 good
5.4 0.20 0.30 bad
6.1 0.13 0.36 bad
8.5 0.02 0.09 bad
5.5 0.19 0.35 bad
6.0 0.12 0.42 good
5.5 0.11 0.45 bad
6.5 0.11 0.39 bad
5.6 0.18 0.20 good
4.5 0.30 0.32 bad
7.0 0.10 0.28 bad
7.0 0.08 0.37 good
8.9 0.02 0.08 good
7.4 0.06 0.22 good
7.3 0.07 0.16 good
6.5 0.12 0.21 good
7.0 0.09 0.24 bad
5.7 0.10 0.22 bad
7.0 0.07 0.24 good
7.8 0.05 0.15 good
5.4 0.25 0.27 bad
3.3 0.03 0.04 bad
6.0 0.18 0.23 good
6.1 0.15 0.35 bad
6.8 0.07 0.16 bad
5.7 0.22 0.25 good