BookWordCount FiveStarRate Kurtosis Class
98
0 2 3 7 8 9 10 11 15 16 17 22 23 24 26 28 29 30 32 33 34 35 36 37 38 39 40 41 43 44 45 46 47 48 51 53 55 57 58 59 60 61 62 63 68 69 70 71 72 75 76 78 79 80 81 83 84 85 86 87 88 89 91 93 94 99 101 104 105 106 113 114 115 117 119 120 121 122 123 124 129 130 131 132 133 135 136 139 140 145 146 147 148 149 150 151 152 153
177.20 0.15 200.91 good
48.30 0.15 267.71 bad
52.30 0.18 155.27 bad
38.90 0.11 181.37 bad
143.50 0.21 196.73 bad
21.30 0.02 110.48 bad
82.50 0.09 143.84 bad
13.40 0.16 491.68 bad
257.20 0.23 188.48 bad
135.80 0.14 87.54 good
33.60 0.12 80.31 bad
77.70 0.11 468.11 bad
122.20 0.06 78.49 good
74.80 0.11 114.10 bad
62.70 0.19 249.04 bad
53.00 0.27 418.19 bad
233.90 0.36 194.89 good
150.70 0.11 80.73 bad
51.10 0.13 404.81 bad
178.90 0.15 163.05 good
154.60 0.03 192.82 bad
713.10 0.21 41.11 good
87.00 0.19 203.97 bad
51.30 0.28 948.64 bad
80.20 0.13 172.89 bad
22.80 0.00 53.89 bad
153.10 0.19 227.23 good
168.40 0.17 389.04 good
74.40 0.14 44.83 good
296.80 0.23 29.34 good
380.50 0.10 135.14 bad
123.50 0.27 218.67 good
49.70 0.08 85.63 bad
281.40 0.17 362.40 bad
84.60 0.07 339.26 bad
53.70 0.10 31.11 bad
106.40 0.06 182.02 bad
293.40 0.18 94.54 bad
63.50 0.37 256.16 good
133.40 0.25 148.52 good
45.10 0.23 95.85 bad
17.00 0.21 1104.85 good
49.60 0.00 199.64 bad
108.60 0.30 55.29 good
79.60 0.22 223.96 bad
7.30 0.21 758.93 bad
55.40 0.20 49.13 bad
98.90 0.17 106.33 bad
390.00 0.35 259.41 good
39.60 0.10 344.01 good
46.20 0.24 159.36 good
70.00 0.16 147.32 bad
131.20 0.10 65.93 bad
144.70 0.58 599.56 bad
87.70 0.13 173.53 bad
40.80 0.22 188.48 bad
30.00 0.14 116.65 bad
87.20 0.10 51.21 good
129.90 0.26 249.84 bad
112.10 0.27 95.46 bad
315.30 0.30 118.81 good
153.20 0.17 208.64 bad
126.20 0.34 191.97 good
90.50 0.21 288.02 bad
63.70 0.23 299.63 good
181.90 0.17 243.27 bad
219.60 0.27 286.97 bad
150.50 0.09 92.39 bad
198.70 0.31 385.10 good
64.40 0.16 114.14 good
247.80 0.14 164.81 bad
31.70 0.60 875.52 bad
119.20 0.07 125.49 bad
59.10 0.09 132.92 bad
427.70 0.29 297.36 good
85.80 0.11 75.21 good
145.90 0.02 102.63 bad
79.20 0.25 313.76 bad
153.40 0.20 502.72 good
223.00 0.11 101.09 good
322.80 0.37 209.65 good
46.30 0.17 73.99 bad
195.70 0.06 58.14 good
237.20 0.13 212.10 good
145.80 0.04 194.01 bad
335.20 0.26 234.30 bad
72.70 0.09 63.17 bad
130.30 0.22 304.97 good
43.40 0.05 361.68 bad
62.30 0.08 909.70 bad
477.20 0.19 402.15 good
154.00 0.02 40.59 good
209.90 0.08 9.99 bad
382.10 0.15 113.50 good
44.60 0.15 158.29 bad
93.00 0.37 105.22 bad
163.50 0.09 62.68 good
73.20 0.12 105.28 good