BookScore TwoStarRate Kurtosis Class
99
3 4 5 6 7 9 11 15 17 21 23 24 26 29 30 31 32 35 36 37 39 40 42 43 50 51 52 54 55 56 58 59 60 61 62 64 66 67 69 70 71 72 73 74 75 76 77 78 79 82 83 84 85 87 88 89 92 93 94 97 99 101 102 103 105 106 108 109 110 111 113 115 116 117 118 119 121 123 124 125 127 128 129 130 131 132 133 134 136 138 141 142 143 147 148 149 150 152 153
6.4 0.12 155.27 bad
5.8 0.09 113.07 bad
5.6 0.20 93.52 good
6.0 0.14 75.15 good
5.8 0.15 181.37 bad
5.4 0.18 110.48 bad
6.9 0.04 491.68 bad
6.6 0.13 188.48 bad
5.6 0.22 80.31 bad
4.6 0.37 66.70 bad
4.7 0.31 78.49 good
5.5 0.21 114.10 bad
6.5 0.09 249.04 bad
7.1 0.10 194.89 good
5.4 0.18 80.73 bad
5.8 0.30 211.54 good
6.8 0.09 404.81 bad
5.5 0.12 41.11 good
6.7 0.10 203.97 bad
7.8 0.03 948.64 bad
3.5 0.26 53.89 bad
6.7 0.12 227.23 good
5.4 0.17 74.29 bad
5.1 0.13 44.83 good
5.3 0.28 119.73 good
5.9 0.30 339.26 bad
7.9 0.04 453.60 bad
7.0 0.05 245.77 good
5.6 0.28 182.02 bad
5.3 0.20 74.03 good
7.5 0.05 256.16 good
6.5 0.21 148.52 good
6.2 0.21 95.85 bad
7.5 0.08 1104.85 good
5.3 0.50 199.64 bad
4.4 0.27 59.06 bad
5.9 0.14 204.65 bad
7.6 0.06 278.88 good
7.4 0.05 758.93 bad
5.9 0.10 49.13 bad
6.1 0.12 106.33 bad
7.3 0.08 259.41 good
6.8 0.11 278.58 bad
6.1 0.22 393.48 bad
6.4 0.10 344.01 good
6.8 0.07 159.36 good
7.6 0.07 440.27 bad
6.2 0.10 147.32 bad
5.2 0.19 65.93 bad
5.6 0.41 87.78 bad
6.6 0.17 188.48 bad
5.9 0.14 116.65 bad
5.2 0.19 51.21 good
6.4 0.09 95.46 bad
6.7 0.10 118.81 good
6.4 0.17 208.64 bad
7.8 0.04 444.03 good
6.9 0.08 288.02 bad
7.0 0.11 299.63 good
6.5 0.03 198.40 good
6.5 0.12 243.27 bad
7.1 0.10 286.97 bad
5.3 0.14 65.28 good
6.6 0.08 664.54 bad
7.4 0.08 385.10 good
6.0 0.14 114.14 good
8.7 0.02 1238.93 good
6.0 0.14 170.95 bad
5.8 0.21 131.59 bad
5.8 0.16 113.09 good
6.1 0.13 164.81 bad
5.5 0.19 125.49 bad
6.0 0.12 138.45 good
5.5 0.11 132.92 bad
6.5 0.11 387.39 bad
7.3 0.06 297.36 good
4.5 0.30 102.63 bad
7.0 0.08 502.72 good
5.6 0.19 101.09 good
8.9 0.02 1797.82 good
7.4 0.06 319.05 good
6.5 0.08 82.37 good
7.3 0.07 209.65 good
5.7 0.13 73.99 bad
4.4 0.41 58.14 good
6.4 0.14 212.10 good
5.9 0.13 194.01 bad
6.5 0.12 176.74 good
4.8 0.24 63.17 bad
5.7 0.10 56.35 bad
6.9 0.03 311.51 bad
7.8 0.05 364.52 good
5.5 0.21 86.23 bad
3.9 0.22 40.59 good
3.3 0.03 9.99 bad
6.0 0.18 113.50 good
6.1 0.15 158.29 bad
5.1 0.19 62.68 good
5.7 0.22 105.28 good