ThreeStarRate FiveStarRate Kurtosis Class
98
0 1 3 4 5 6 7 8 10 13 15 17 18 20 21 26 27 28 29 30 32 33 35 39 40 42 43 44 45 46 47 49 56 57 59 62 63 65 66 69 70 71 72 73 76 77 78 82 83 86 87 88 89 90 91 92 93 94 95 96 99 105 106 108 112 113 114 115 118 119 120 121 122 123 124 125 127 128 129 130 131 134 135 136 137 138 139 140 141 143 144 146 147 148 149 150 152 153
0.28 0.15 200.91 good
0.23 0.25 406.22 good
0.27 0.18 155.27 bad
0.33 0.10 113.07 bad
0.26 0.12 93.52 good
0.21 0.23 75.15 good
0.48 0.11 181.37 bad
0.30 0.21 196.73 bad
0.23 0.09 143.84 bad
0.39 0.09 156.17 bad
0.27 0.23 188.48 bad
0.20 0.12 80.31 bad
0.28 0.28 137.29 bad
0.15 0.13 48.29 good
0.16 0.04 66.70 bad
0.43 0.19 249.04 bad
0.21 0.05 40.03 good
0.25 0.27 418.19 bad
0.22 0.36 194.89 good
0.32 0.11 80.73 bad
0.31 0.13 404.81 bad
0.29 0.15 163.05 good
0.18 0.21 41.11 good
0.16 0.00 53.89 bad
0.24 0.19 227.23 good
0.26 0.11 74.29 bad
0.24 0.14 44.83 good
0.11 0.23 29.34 good
0.30 0.10 135.14 bad
0.19 0.27 218.67 good
0.20 0.08 85.63 bad
0.39 0.10 155.38 bad
0.32 0.13 74.03 good
0.21 0.18 94.54 bad
0.21 0.25 148.52 good
0.08 0.00 199.64 bad
0.12 0.30 55.29 good
0.31 0.07 77.07 bad
0.43 0.10 204.65 bad
0.26 0.21 758.93 bad
0.04 0.20 49.13 bad
0.25 0.17 106.33 bad
0.26 0.35 259.41 good
0.22 0.17 278.58 bad
0.15 0.24 159.36 good
0.22 0.37 440.27 bad
0.33 0.16 147.32 bad
0.20 0.22 87.78 bad
0.28 0.22 188.48 bad
0.30 0.26 249.84 bad
0.23 0.27 95.46 bad
0.18 0.30 118.81 good
0.27 0.17 208.64 bad
0.20 0.07 25.57 bad
0.16 0.34 191.97 good
0.16 0.42 444.03 good
0.26 0.21 288.02 bad
0.23 0.23 299.63 good
0.46 0.15 128.84 bad
0.28 0.17 282.28 good
0.34 0.17 243.27 bad
0.19 0.31 385.10 good
0.27 0.16 114.14 good
0.10 0.63 1238.93 good
0.30 0.11 84.03 bad
0.36 0.14 164.81 bad
0.09 0.60 875.52 bad
0.35 0.07 125.49 bad
0.39 0.11 387.39 bad
0.20 0.29 297.36 good
0.20 0.11 75.21 good
0.32 0.02 102.63 bad
0.28 0.25 313.76 bad
0.37 0.20 502.72 good
0.29 0.11 101.09 good
0.08 0.67 1797.82 good
0.22 0.36 319.05 good
0.13 0.31 82.37 good
0.16 0.37 209.65 good
0.28 0.17 73.99 bad
0.13 0.06 58.14 good
0.21 0.18 176.74 good
0.24 0.26 234.30 bad
0.32 0.09 63.17 bad
0.15 0.38 478.73 good
0.22 0.18 56.35 bad
0.24 0.22 304.97 good
0.07 0.05 361.68 bad
0.19 0.15 311.51 bad
0.22 0.10 86.23 bad
0.27 0.09 97.95 bad
0.27 0.19 402.15 good
0.19 0.02 40.59 good
0.04 0.08 9.99 bad
0.23 0.15 113.50 good
0.35 0.15 158.29 bad
0.28 0.09 62.68 good
0.25 0.12 105.28 good