AddListCount ThreeStarRate FourStarRate Class
98
1 3 7 8 9 12 14 15 16 17 18 19 23 24 27 28 29 31 34 35 36 38 39 40 41 42 45 46 47 49 51 52 54 55 56 57 58 59 60 62 63 64 65 66 70 72 74 75 78 79 80 83 85 87 88 89 90 94 95 96 97 98 99 103 104 108 110 111 112 113 114 116 118 119 120 123 124 125 126 127 129 130 132 133 136 138 139 140 141 142 143 144 145 146 148 150 151 152
492 0.23 0.36 good
38 0.27 0.27 bad
8 0.48 0.11 bad
53 0.30 0.22 bad
14 0.26 0.30 bad
12 0.44 0.08 bad
136 0.21 0.19 good
204 0.27 0.25 bad
25 0.23 0.20 good
10 0.20 0.23 bad
7 0.28 0.14 bad
70 0.22 0.22 bad
32 0.28 0.08 good
23 0.36 0.13 bad
31 0.21 0.15 good
73 0.25 0.31 bad
68 0.22 0.20 good
6 0.33 0.19 good
24 0.39 0.13 bad
254 0.18 0.14 good
63 0.23 0.34 bad
19 0.27 0.17 bad
1 0.16 0.05 bad
172 0.24 0.33 good
289 0.34 0.29 good
215 0.26 0.20 bad
93 0.30 0.23 bad
28 0.19 0.33 good
20 0.20 0.22 bad
13 0.39 0.23 bad
42 0.37 0.21 bad
446 0.15 0.30 bad
9 0.33 0.21 good
11 0.33 0.20 bad
13 0.32 0.10 good
551 0.21 0.29 bad
70 0.14 0.30 good
138 0.21 0.21 good
19 0.18 0.20 bad
3 0.08 0.34 bad
21 0.12 0.20 good
10 0.21 0.14 bad
22 0.31 0.07 bad
2 0.43 0.19 bad
2 0.04 0.32 bad
180 0.26 0.20 good
16 0.36 0.31 bad
8 0.40 0.30 good
57 0.33 0.24 bad
94 0.26 0.17 bad
193 0.13 0.19 bad
22 0.28 0.22 bad
55 0.15 0.24 good
65 0.23 0.19 bad
321 0.18 0.23 good
49 0.27 0.28 bad
4 0.20 0.07 bad
57 0.23 0.33 good
4 0.46 0.00 bad
100 0.28 0.33 good
7 0.26 0.40 good
558 0.22 0.33 good
253 0.34 0.26 bad
6 0.50 0.26 bad
5 0.34 0.04 bad
1586 0.10 0.20 good
31 0.28 0.24 bad
53 0.26 0.26 good
63 0.30 0.15 bad
25 0.36 0.21 bad
218 0.09 0.23 bad
7 0.42 0.12 good
112 0.39 0.30 bad
274 0.20 0.33 good
15 0.20 0.25 good
32 0.37 0.30 good
57 0.29 0.20 good
149 0.08 0.20 good
48 0.16 0.21 good
146 0.22 0.26 good
510 0.16 0.26 good
11 0.28 0.16 bad
131 0.25 0.35 good
1 0.33 0.33 bad
9 0.32 0.05 bad
53 0.22 0.19 bad
206 0.24 0.36 good
7 0.07 0.54 bad
19 0.19 0.49 bad
365 0.15 0.24 good
42 0.22 0.24 bad
103 0.27 0.18 bad
28 0.45 0.33 bad
710 0.27 0.37 good
54 0.04 0.06 bad
5 0.35 0.20 bad
125 0.16 0.19 bad
12 0.28 0.14 good