BookScore ThreeStarRate FiveStarRate Class
97
0 1 2 3 4 6 8 10 11 15 16 21 22 23 26 27 28 29 30 31 32 33 34 35 36 37 39 42 44 45 46 47 48 49 50 51 52 53 55 58 60 62 64 65 66 67 68 69 70 71 73 77 81 82 84 87 88 89 91 92 96 97 98 99 100 102 103 105 110 114 116 117 120 121 122 123 124 125 126 127 129 130 131 133 134 135 136 137 140 141 143 145 147 148 149 150 151
6.4 0.28 0.15 good
7.2 0.23 0.25 good
6.4 0.40 0.15 bad
6.4 0.27 0.18 bad
5.8 0.33 0.10 bad
6.0 0.21 0.23 good
6.5 0.30 0.21 bad
5.8 0.23 0.09 bad
6.9 0.40 0.16 bad
6.6 0.27 0.23 bad
5.7 0.23 0.14 good
4.6 0.16 0.04 bad
6.5 0.40 0.11 bad
4.7 0.28 0.06 good
6.5 0.43 0.19 bad
4.5 0.21 0.05 good
7.2 0.25 0.27 bad
7.1 0.22 0.36 good
5.4 0.32 0.11 bad
5.8 0.33 0.09 good
6.8 0.31 0.13 bad
6.1 0.29 0.15 good
5.1 0.39 0.03 bad
5.5 0.18 0.21 good
6.7 0.23 0.19 bad
7.8 0.20 0.28 bad
3.5 0.16 0.00 bad
5.4 0.26 0.11 bad
5.4 0.11 0.23 good
5.8 0.30 0.10 bad
7.1 0.19 0.27 good
5.3 0.20 0.08 bad
6.8 0.33 0.17 bad
5.9 0.39 0.10 bad
5.3 0.32 0.07 good
5.9 0.37 0.07 bad
7.9 0.15 0.42 bad
4.0 0.14 0.10 bad
5.6 0.33 0.06 bad
7.5 0.14 0.37 good
6.2 0.18 0.23 bad
5.3 0.08 0.00 bad
4.4 0.21 0.02 bad
4.8 0.31 0.07 bad
5.9 0.43 0.10 bad
7.6 0.16 0.42 good
6.8 0.25 0.22 bad
7.4 0.26 0.21 bad
5.9 0.04 0.20 bad
6.1 0.25 0.17 bad
6.8 0.22 0.17 bad
7.6 0.22 0.37 bad
5.8 0.54 0.13 bad
5.6 0.20 0.22 bad
5.9 0.33 0.14 bad
6.4 0.23 0.27 bad
6.7 0.18 0.30 good
6.4 0.27 0.17 bad
7.2 0.16 0.34 good
7.8 0.16 0.42 good
6.7 0.28 0.17 good
6.5 0.26 0.13 good
7.3 0.22 0.29 good
6.5 0.34 0.17 bad
7.0 0.34 0.25 bad
5.3 0.26 0.08 good
6.6 0.50 0.11 bad
7.4 0.19 0.31 good
5.8 0.28 0.10 bad
8.5 0.09 0.60 bad
6.0 0.42 0.17 good
5.5 0.45 0.09 bad
5.6 0.20 0.11 good
4.5 0.32 0.02 bad
7.0 0.28 0.25 bad
7.0 0.37 0.20 good
5.6 0.29 0.11 good
8.9 0.08 0.67 good
6.4 0.16 0.30 good
7.4 0.22 0.36 good
7.3 0.16 0.37 good
5.7 0.28 0.17 bad
4.4 0.13 0.06 good
5.9 0.33 0.04 bad
6.5 0.21 0.18 good
7.0 0.24 0.26 bad
4.8 0.32 0.09 bad
7.8 0.15 0.38 good
6.4 0.07 0.05 bad
6.9 0.19 0.15 bad
5.5 0.22 0.10 bad
6.7 0.45 0.08 bad
3.9 0.19 0.02 good
3.3 0.04 0.08 bad
6.0 0.23 0.15 good
6.1 0.35 0.15 bad
6.8 0.16 0.37 bad