BookWordCount ThreeStarRate Median Class
93
4 7 9 10 12 17 18 19 23 24 25 27 28 30 31 32 34 37 38 39 41 42 43 46 47 48 49 53 54 55 56 57 58 60 61 63 64 66 67 70 71 72 74 75 76 77 78 84 87 88 89 90 91 93 94 95 96 97 98 99 102 103 104 106 107 108 109 110 111 112 113 114 115 116 117 119 121 123 124 125 129 131 133 135 136 137 138 139 141 142 144 145 146
139.00 0.33 6.00 bad
38.90 0.48 6.00 bad
21.30 0.26 6.00 bad
82.50 0.23 6.00 bad
21.80 0.44 6.00 bad
33.60 0.20 6.00 bad
24.10 0.28 6.00 bad
122.40 0.22 6.00 bad
122.20 0.28 4.00 good
74.80 0.36 6.00 bad
35.90 0.20 4.00 bad
147.20 0.21 4.00 good
53.00 0.25 8.00 bad
150.70 0.32 6.00 bad
78.00 0.33 6.00 good
51.10 0.31 8.00 bad
154.60 0.39 6.00 bad
51.30 0.20 8.00 bad
80.20 0.27 6.00 bad
22.80 0.16 2.00 bad
168.40 0.34 6.00 good
300.10 0.26 6.00 bad
74.40 0.24 6.00 good
123.50 0.19 8.00 good
49.70 0.20 4.00 bad
281.40 0.33 6.00 bad
44.50 0.39 6.00 bad
53.70 0.14 4.00 bad
13.00 0.33 6.00 good
106.40 0.33 6.00 bad
40.40 0.32 6.00 good
293.40 0.21 6.00 bad
63.50 0.14 8.00 good
45.10 0.18 6.00 bad
17.00 0.25 8.00 good
108.60 0.12 6.00 good
54.40 0.21 4.00 bad
34.80 0.43 6.00 bad
16.80 0.16 8.00 good
55.40 0.04 8.00 bad
98.90 0.25 6.00 bad
390.00 0.26 8.00 good
49.30 0.36 6.00 bad
39.60 0.40 6.00 good
46.20 0.15 8.00 good
1070.70 0.22 8.00 bad
70.00 0.33 6.00 bad
30.00 0.33 6.00 bad
112.10 0.23 6.00 bad
315.30 0.18 8.00 good
153.20 0.27 6.00 bad
50.40 0.20 2.00 bad
126.20 0.16 8.00 good
90.50 0.26 8.00 bad
63.70 0.23 8.00 good
99.00 0.46 6.00 bad
34.10 0.28 8.00 good
22.20 0.26 8.00 good
170.60 0.22 8.00 good
181.90 0.34 6.00 bad
78.10 0.26 6.00 good
21.40 0.50 6.00 bad
150.50 0.34 4.00 bad
64.40 0.27 6.00 good
310.00 0.15 6.00 bad
446.50 0.10 10.00 good
101.10 0.36 6.00 bad
133.50 0.28 6.00 bad
148.90 0.26 6.00 good
107.80 0.30 6.00 bad
247.80 0.36 6.00 bad
31.70 0.09 10.00 bad
119.20 0.35 6.00 bad
118.30 0.42 6.00 good
59.10 0.45 6.00 bad
427.70 0.20 8.00 good
145.90 0.32 4.00 bad
153.40 0.37 6.00 good
223.00 0.29 6.00 good
65.70 0.08 10.00 good
322.80 0.16 8.00 good
195.70 0.13 4.00 good
145.80 0.33 6.00 bad
335.20 0.24 8.00 bad
72.70 0.32 4.00 bad
448.70 0.15 8.00 good
212.90 0.22 6.00 bad
130.30 0.24 8.00 good
25.10 0.19 8.00 bad
518.00 0.15 8.00 good
319.70 0.27 6.00 bad
62.30 0.45 6.00 bad
477.20 0.27 8.00 good