BookScoreCount TwoStarRate Mode Class
90
5 6 9 10 11 13 14 17 18 20 21 23 26 28 29 30 31 32 33 34 35 41 42 44 45 47 48 51 52 54 55 57 58 61 62 63 64 65 66 67 69 71 73 75 76 77 78 79 81 83 85 86 87 89 91 92 94 95 99 100 103 108 110 111 112 113 114 115 116 119 120 121 127 128 129 130 132 133 137 138 139 141 142 143 146 147 150 151 152 153
439 0.20 6.00 good
187 0.14 2.00 good
51 0.18 8.00 bad
78 0.26 8.00 bad
51 0.04 6.00 bad
48 0.24 6.00 bad
454 0.14 2.00 good
36 0.22 8.00 bad
23 0.17 10.00 bad
112 0.20 2.00 good
44 0.37 4.00 bad
116 0.31 4.00 good
100 0.09 6.00 bad
263 0.11 8.00 bad
290 0.10 10.00 good
29 0.18 6.00 bad
44 0.30 6.00 good
292 0.09 8.00 bad
192 0.20 6.00 good
97 0.30 6.00 bad
1909 0.12 2.00 good
670 0.14 6.00 good
686 0.17 2.00 bad
1885 0.07 2.00 good
299 0.20 6.00 bad
79 0.28 4.00 bad
1248 0.09 8.00 bad
133 0.30 6.00 bad
1780 0.04 10.00 bad
43 0.05 6.00 good
55 0.28 6.00 bad
2109 0.07 8.00 bad
461 0.05 10.00 good
86 0.08 8.00 good
13 0.50 4.00 bad
91 0.07 2.00 good
45 0.27 2.00 bad
82 0.28 6.00 bad
21 0.14 6.00 bad
90 0.06 10.00 good
20 0.05 8.00 bad
248 0.12 8.00 bad
19 0.11 8.00 bad
21 0.10 6.00 good
429 0.07 8.00 good
745 0.07 10.00 bad
217 0.10 6.00 bad
531 0.19 2.00 bad
25 0.08 6.00 bad
104 0.17 6.00 bad
356 0.19 2.00 good
222 0.03 6.00 bad
182 0.09 10.00 bad
145 0.17 8.00 bad
654 0.08 10.00 good
527 0.04 10.00 good
218 0.11 8.00 good
13 0.23 6.00 bad
942 0.12 6.00 bad
42 0.02 6.00 bad
29 0.08 6.00 bad
5393 0.02 10.00 good
112 0.21 6.00 bad
182 0.16 8.00 good
201 0.20 6.00 bad
136 0.13 6.00 bad
1114 0.02 10.00 bad
282 0.19 6.00 bad
19 0.12 6.00 good
1575 0.06 8.00 good
45 0.18 8.00 good
59 0.30 6.00 bad
387 0.06 10.00 good
607 0.08 10.00 good
2063 0.07 10.00 good
82 0.13 6.00 bad
614 0.14 8.00 good
23 0.13 8.00 bad
1641 0.05 10.00 good
328 0.10 2.00 bad
1100 0.07 8.00 good
83 0.03 8.00 bad
2366 0.05 10.00 good
153 0.21 8.00 bad
2356 0.09 8.00 good
208 0.22 2.00 good
21 0.15 6.00 bad
638 0.07 10.00 bad
45 0.19 2.00 good
209 0.22 6.00 good