BookScoreCount AddListCount Median Class
97
1 2 3 5 6 9 10 11 15 16 17 18 19 21 22 23 24 26 29 30 32 33 35 36 39 41 42 43 44 46 49 50 55 56 57 58 60 64 65 66 68 69 73 74 75 76 77 79 81 82 86 87 88 90 91 92 93 96 98 99 102 104 106 107 109 110 111 112 114 115 116 117 121 124 125 126 128 129 130 133 134 135 136 137 138 139 140 141 142 143 144 145 149 150 151 152 153
967 492 8.00 good
47 12 6.00 bad
129 38 6.00 bad
439 122 6.00 good
187 42 6.00 good
51 14 6.00 bad
78 25 6.00 bad
51 15 6.00 bad
658 204 6.00 bad
119 25 6.00 good
36 10 6.00 bad
23 7 6.00 bad
250 70 6.00 bad
44 12 4.00 bad
159 61 6.00 bad
116 32 4.00 good
70 23 6.00 bad
100 32 6.00 bad
290 68 8.00 good
29 9 6.00 bad
292 111 8.00 bad
192 49 6.00 good
1909 254 6.00 good
223 63 8.00 bad
20 1 2.00 bad
670 289 6.00 good
686 215 6.00 bad
81 18 6.00 good
1885 242 4.00 good
108 28 8.00 good
72 13 6.00 bad
29 7 6.00 good
55 11 6.00 bad
80 13 6.00 good
2109 551 6.00 bad
461 70 8.00 good
108 19 6.00 bad
45 10 4.00 bad
82 22 4.00 bad
21 2 6.00 bad
153 45 8.00 bad
20 5 8.00 bad
19 8 8.00 bad
46 16 6.00 bad
21 8 6.00 good
429 110 8.00 good
745 183 8.00 bad
531 94 6.00 bad
25 4 6.00 bad
31 3 4.00 bad
222 53 8.00 bad
182 65 6.00 bad
1636 321 8.00 good
16 4 2.00 bad
654 218 8.00 good
527 141 8.00 good
396 121 8.00 bad
188 100 8.00 good
2113 558 8.00 good
942 253 6.00 bad
225 39 6.00 good
25 5 4.00 bad
349 102 6.00 good
1184 188 6.00 bad
88 34 6.00 bad
112 31 6.00 bad
182 53 6.00 good
201 63 6.00 bad
1114 218 10.00 bad
282 76 6.00 bad
19 7 6.00 good
34 5 6.00 bad
59 14 4.00 bad
320 57 6.00 good
768 149 10.00 good
353 48 8.00 good
607 108 8.00 good
2063 510 8.00 good
82 11 6.00 bad
23 1 6.00 bad
795 168 8.00 good
1310 293 8.00 bad
68 9 4.00 bad
1641 303 8.00 good
328 53 6.00 bad
1100 206 8.00 good
21 7 8.00 bad
83 19 8.00 bad
2366 365 8.00 good
153 42 6.00 bad
364 103 6.00 bad
61 28 6.00 bad
674 178 6.00 good
21 5 6.00 bad
638 125 8.00 bad
45 12 6.00 good
209 50 6.00 good