BookWordCount ThreeStarRate Mode Class
103
0 2 3 4 5 7 9 10 11 12 13 14 15 19 20 22 23 24 26 29 30 31 32 33 35 36 37 40 43 45 46 47 49 50 52 53 54 59 60 61 62 65 66 67 69 71 73 74 76 78 80 81 82 83 85 86 87 88 89 90 92 95 96 98 100 101 103 104 105 106 108 109 110 111 114 117 118 119 120 121 122 123 126 127 128 129 131 132 133 134 137 138 139 140 142 143 144 145 146 147 149 151 152
177.20 0.28 8.00 good
48.30 0.40 6.00 bad
52.30 0.27 8.00 bad
139.00 0.33 6.00 bad
158.50 0.26 6.00 good
38.90 0.48 6.00 bad
21.30 0.26 8.00 bad
82.50 0.23 8.00 bad
13.40 0.40 6.00 bad
21.80 0.44 6.00 bad
27.50 0.39 6.00 bad
123.80 0.21 2.00 good
257.20 0.27 6.00 bad
122.40 0.22 10.00 bad
82.30 0.15 2.00 good
77.70 0.40 6.00 bad
122.20 0.28 4.00 good
74.80 0.36 6.00 bad
62.70 0.43 6.00 bad
233.90 0.22 10.00 good
150.70 0.32 6.00 bad
78.00 0.33 6.00 good
51.10 0.31 8.00 bad
178.90 0.29 6.00 good
713.10 0.18 2.00 good
87.00 0.23 8.00 bad
51.30 0.20 8.00 bad
153.10 0.24 8.00 good
74.40 0.24 2.00 good
380.50 0.30 6.00 bad
123.50 0.19 8.00 good
49.70 0.20 4.00 bad
44.50 0.39 6.00 bad
51.90 0.32 6.00 good
76.10 0.15 10.00 bad
53.70 0.14 2.00 bad
13.00 0.33 6.00 good
133.40 0.21 10.00 good
45.10 0.18 10.00 bad
17.00 0.25 8.00 good
49.60 0.08 4.00 bad
72.20 0.31 6.00 bad
34.80 0.43 6.00 bad
16.80 0.16 10.00 good
7.30 0.26 8.00 bad
98.90 0.25 8.00 bad
68.60 0.22 8.00 bad
49.30 0.36 6.00 bad
46.20 0.15 8.00 good
70.00 0.33 6.00 bad
144.70 0.13 10.00 bad
87.70 0.54 6.00 bad
183.00 0.20 4.00 bad
40.80 0.28 6.00 bad
87.20 0.15 2.00 good
129.90 0.30 6.00 bad
112.10 0.23 10.00 bad
315.30 0.18 10.00 good
153.20 0.27 8.00 bad
50.40 0.20 2.00 bad
116.50 0.16 10.00 good
99.00 0.46 6.00 bad
34.10 0.28 8.00 good
170.60 0.22 8.00 good
59.90 0.34 6.00 bad
219.60 0.26 10.00 bad
21.40 0.50 6.00 bad
150.50 0.34 6.00 bad
198.70 0.19 8.00 good
64.40 0.27 6.00 good
446.50 0.10 10.00 good
101.10 0.36 6.00 bad
133.50 0.28 6.00 bad
148.90 0.26 8.00 good
31.70 0.09 10.00 bad
59.10 0.45 6.00 bad
92.20 0.39 6.00 bad
427.70 0.20 8.00 good
85.80 0.20 8.00 good
145.90 0.32 6.00 bad
79.20 0.28 8.00 bad
153.40 0.37 6.00 good
89.70 0.16 10.00 good
34.20 0.22 10.00 good
296.70 0.13 10.00 good
322.80 0.16 10.00 good
195.70 0.13 4.00 good
237.20 0.25 8.00 good
145.80 0.33 8.00 bad
179.50 0.21 8.00 good
448.70 0.15 10.00 good
212.90 0.22 2.00 bad
130.30 0.24 8.00 good
43.40 0.07 8.00 bad
518.00 0.15 10.00 good
177.70 0.22 8.00 bad
319.70 0.27 6.00 bad
62.30 0.45 6.00 bad
477.20 0.27 8.00 good
154.00 0.19 2.00 good
382.10 0.23 8.00 good
93.00 0.16 10.00 bad
163.50 0.28 2.00 good