BookWordCount TwoStarRate Mode Class
88
2 3 4 11 12 13 14 17 18 19 20 21 22 23 24 26 28 30 31 32 33 34 39 40 41 43 44 47 52 54 58 60 64 65 68 69 70 71 72 73 74 76 77 78 80 81 82 83 85 86 88 89 90 91 94 96 98 99 101 102 103 104 105 106 107 108 109 111 112 114 120 121 122 123 125 131 132 135 136 137 138 139 140 142 144 145 146 149
48.30 0.10 6.00 bad
52.30 0.12 8.00 bad
139.00 0.09 6.00 bad
13.40 0.04 6.00 bad
21.80 0.08 6.00 bad
27.50 0.24 6.00 bad
123.80 0.14 2.00 good
33.60 0.22 8.00 bad
24.10 0.17 10.00 bad
122.40 0.18 10.00 bad
82.30 0.20 2.00 good
74.10 0.37 4.00 bad
77.70 0.15 6.00 bad
122.20 0.31 4.00 good
74.80 0.21 6.00 bad
62.70 0.09 6.00 bad
53.00 0.11 8.00 bad
150.70 0.18 6.00 bad
78.00 0.30 6.00 good
51.10 0.09 8.00 bad
178.90 0.20 6.00 good
154.60 0.30 6.00 bad
22.80 0.26 2.00 bad
153.10 0.12 8.00 good
168.40 0.14 6.00 good
74.40 0.13 2.00 good
296.80 0.07 2.00 good
49.70 0.28 4.00 bad
76.10 0.04 10.00 bad
13.00 0.05 6.00 good
63.50 0.05 10.00 good
45.10 0.21 10.00 bad
54.40 0.27 2.00 bad
72.20 0.28 6.00 bad
79.60 0.11 8.00 bad
7.30 0.05 8.00 bad
55.40 0.10 2.00 bad
98.90 0.12 8.00 bad
390.00 0.08 10.00 good
68.60 0.11 8.00 bad
49.30 0.22 6.00 bad
46.20 0.07 8.00 good
1070.70 0.07 10.00 bad
70.00 0.10 6.00 bad
144.70 0.03 10.00 bad
87.70 0.08 6.00 bad
183.00 0.41 4.00 bad
40.80 0.17 6.00 bad
87.20 0.19 2.00 good
129.90 0.03 6.00 bad
315.30 0.10 10.00 good
153.20 0.17 8.00 bad
50.40 0.13 2.00 bad
126.20 0.08 10.00 good
63.70 0.11 8.00 good
34.10 0.11 8.00 good
170.60 0.08 8.00 good
181.90 0.12 6.00 bad
219.60 0.10 10.00 bad
78.10 0.14 2.00 good
21.40 0.08 6.00 bad
150.50 0.31 6.00 bad
198.70 0.08 8.00 good
64.40 0.14 6.00 good
310.00 0.12 10.00 bad
446.50 0.02 10.00 good
101.10 0.14 6.00 bad
148.90 0.16 8.00 good
107.80 0.20 6.00 bad
31.70 0.02 10.00 bad
85.80 0.18 8.00 good
145.90 0.30 6.00 bad
79.20 0.10 8.00 bad
153.40 0.08 6.00 good
65.70 0.02 10.00 good
195.70 0.41 4.00 good
237.20 0.14 8.00 good
335.20 0.09 8.00 bad
72.70 0.24 6.00 bad
448.70 0.05 10.00 good
212.90 0.10 2.00 bad
130.30 0.07 8.00 good
43.40 0.30 8.00 bad
518.00 0.05 10.00 good
319.70 0.25 6.00 bad
62.30 0.10 6.00 bad
477.20 0.09 8.00 good
382.10 0.18 8.00 good