BookScore AddListCount FiveStarRate Class
93
2 6 7 8 9 12 13 14 16 18 20 21 27 29 31 33 36 37 38 39 43 46 48 51 52 53 54 56 57 58 59 61 62 63 64 65 66 67 68 70 72 73 74 75 77 78 81 82 83 84 86 88 90 91 92 93 94 96 97 98 100 101 102 104 105 106 108 109 110 112 113 115 116 118 119 120 121 122 123 125 130 132 133 134 136 137 139 140 141 144 145 149 153
6.4 12 0.15 bad
6.0 42 0.23 good
5.8 8 0.11 bad
6.5 53 0.21 bad
5.4 14 0.02 bad
6.0 12 0.20 bad
5.5 9 0.09 bad
5.9 136 0.20 good
5.7 25 0.14 good
6.5 7 0.28 bad
5.3 17 0.13 good
4.6 12 0.04 bad
4.5 31 0.05 good
7.1 68 0.36 good
5.8 6 0.09 good
6.1 49 0.15 good
6.7 63 0.19 bad
7.8 106 0.28 bad
5.9 19 0.13 bad
3.5 1 0.00 bad
5.1 18 0.14 good
7.1 28 0.27 good
6.8 371 0.17 bad
5.9 42 0.07 bad
7.9 446 0.42 bad
4.0 1 0.10 bad
7.0 9 0.29 good
5.3 13 0.13 good
6.2 551 0.18 bad
7.5 70 0.37 good
6.5 138 0.25 good
7.5 33 0.21 good
5.3 3 0.00 bad
6.2 21 0.30 good
4.4 10 0.02 bad
4.8 22 0.07 bad
5.9 2 0.10 bad
7.6 17 0.42 good
6.8 45 0.22 bad
5.9 2 0.20 bad
7.3 180 0.35 good
6.8 8 0.17 bad
6.1 16 0.04 bad
6.4 8 0.10 good
7.6 183 0.37 bad
6.2 57 0.16 bad
5.8 4 0.13 bad
5.6 3 0.22 bad
6.6 22 0.22 bad
5.9 3 0.14 bad
7.0 53 0.26 bad
6.7 321 0.30 good
4.0 4 0.07 bad
7.2 218 0.34 good
7.8 141 0.42 good
6.9 121 0.21 bad
7.0 57 0.23 good
6.7 100 0.17 good
6.5 7 0.13 good
7.3 558 0.29 good
7.0 8 0.25 bad
7.1 65 0.27 bad
5.3 39 0.08 good
4.9 5 0.09 bad
7.4 98 0.31 good
6.0 102 0.16 good
8.7 1586 0.63 good
6.0 34 0.10 bad
5.8 31 0.10 bad
5.4 63 0.11 bad
6.1 25 0.14 bad
5.5 76 0.07 bad
6.0 7 0.17 good
6.5 112 0.11 bad
7.3 274 0.29 good
5.6 15 0.11 good
4.5 14 0.02 bad
7.0 126 0.25 bad
7.0 32 0.20 good
8.9 149 0.67 good
5.7 11 0.17 bad
6.4 131 0.13 good
5.9 1 0.04 bad
6.5 168 0.18 good
4.8 9 0.09 bad
7.8 303 0.38 good
7.0 206 0.22 good
6.4 7 0.05 bad
6.9 19 0.15 bad
5.4 103 0.09 bad
6.7 28 0.08 bad
6.0 178 0.15 good
5.7 50 0.12 good