BookWordCount BookScore AddListCount Class
100
0 2 3 4 5 6 7 8 9 10 11 12 13 15 16 17 18 19 20 21 22 23 25 27 31 32 33 34 35 36 40 42 43 46 47 48 56 58 59 60 63 64 66 67 68 69 70 72 73 77 78 81 83 87 88 89 93 95 96 97 98 99 100 101 102 103 104 106 109 110 111 112 115 116 117 120 121 123 125 128 131 132 133 134 135 137 138 139 140 141 142 143 144 145 146 147 148 149 150 151
177.20 6.4 214 good
48.30 6.4 12 bad
52.30 6.4 38 bad
139.00 5.8 22 bad
158.50 5.6 122 good
59.60 6.0 42 good
38.90 5.8 8 bad
143.50 6.5 53 bad
21.30 5.4 14 bad
82.50 5.8 25 bad
13.40 6.9 15 bad
21.80 6.0 12 bad
27.50 5.5 9 bad
257.20 6.6 204 bad
135.80 5.7 25 good
33.60 5.6 10 bad
24.10 6.5 7 bad
122.40 6.7 70 bad
82.30 5.3 17 good
74.10 4.6 12 bad
77.70 6.5 61 bad
122.20 4.7 32 good
35.90 4.8 2 bad
147.20 4.5 31 good
78.00 5.8 6 good
51.10 6.8 111 bad
178.90 6.1 49 good
154.60 5.1 24 bad
713.10 5.5 254 good
87.00 6.7 63 bad
153.10 6.7 172 good
300.10 5.4 215 bad
74.40 5.1 18 good
123.50 7.1 28 good
49.70 5.3 20 bad
281.40 6.8 371 bad
40.40 5.3 13 good
63.50 7.5 70 good
133.40 6.5 138 good
45.10 6.2 19 bad
108.60 6.2 21 good
54.40 4.4 10 bad
34.80 5.9 2 bad
16.80 7.6 17 good
79.60 6.8 45 bad
7.30 7.4 5 bad
55.40 5.9 2 bad
390.00 7.3 180 good
68.60 6.8 8 bad
1070.70 7.6 183 bad
70.00 6.2 57 bad
87.70 5.8 4 bad
40.80 6.6 22 bad
112.10 6.4 65 bad
315.30 6.7 321 good
153.20 6.4 49 bad
90.50 6.9 121 bad
99.00 5.5 4 bad
34.10 6.7 100 good
22.20 6.5 7 good
170.60 7.3 558 good
181.90 6.5 253 bad
59.90 7.0 8 bad
219.60 7.1 65 bad
78.10 5.3 39 good
21.40 6.6 6 bad
150.50 4.9 5 bad
64.40 6.0 102 good
101.10 6.0 34 bad
133.50 5.8 31 bad
148.90 5.8 53 good
107.80 5.4 63 bad
119.20 5.5 76 bad
118.30 6.0 7 good
59.10 5.5 5 bad
85.80 5.6 15 good
145.90 4.5 14 bad
153.40 7.0 32 good
65.70 8.9 149 good
296.70 6.5 108 good
195.70 4.4 5 good
237.20 6.4 131 good
145.80 5.9 1 bad
179.50 6.5 168 good
335.20 7.0 293 bad
448.70 7.8 303 good
212.90 5.7 53 bad
130.30 7.0 206 good
43.40 6.4 7 bad
25.10 6.9 19 bad
518.00 7.8 365 good
177.70 5.5 42 bad
319.70 5.4 103 bad
62.30 6.7 28 bad
477.20 7.0 710 good
154.00 3.9 26 good
209.90 3.3 54 bad
382.10 6.0 178 good
44.60 6.1 5 bad
93.00 6.8 125 bad