BookScoreCount FourStarRate FiveStarRate Class
98
0 1 2 5 9 10 11 13 14 15 19 20 21 22 24 25 27 28 29 32 35 36 37 38 40 41 42 43 46 47 50 52 54 55 56 57 61 63 65 67 68 69 70 71 72 73 78 79 80 81 82 85 86 87 88 90 91 92 93 96 98 100 101 106 107 108 109 110 112 116 117 118 120 121 122 123 124 125 126 127 129 130 132 133 134 135 136 137 138 139 140 142 144 145 146 147 151 152
568 0.30 0.15 good
967 0.36 0.25 good
47 0.24 0.15 bad
439 0.21 0.12 good
51 0.30 0.02 bad
78 0.27 0.09 bad
51 0.32 0.16 bad
48 0.13 0.09 bad
454 0.19 0.20 good
658 0.25 0.23 bad
250 0.22 0.28 bad
112 0.20 0.13 good
44 0.14 0.04 bad
159 0.28 0.11 bad
70 0.13 0.11 bad
11 0.00 0.20 bad
150 0.15 0.05 good
263 0.31 0.27 bad
290 0.20 0.36 good
292 0.39 0.13 bad
1909 0.14 0.21 good
223 0.34 0.19 bad
216 0.44 0.28 bad
63 0.17 0.13 bad
495 0.33 0.19 good
670 0.29 0.17 good
686 0.20 0.11 bad
81 0.14 0.14 good
108 0.33 0.27 good
79 0.22 0.08 bad
29 0.14 0.07 good
1780 0.30 0.42 bad
43 0.21 0.29 good
55 0.20 0.06 bad
80 0.10 0.13 good
2109 0.29 0.18 bad
86 0.44 0.21 good
91 0.20 0.30 good
82 0.07 0.07 bad
90 0.25 0.42 good
153 0.30 0.22 bad
20 0.42 0.21 bad
51 0.32 0.20 bad
248 0.25 0.17 bad
956 0.20 0.35 good
19 0.39 0.17 bad
217 0.24 0.16 bad
531 0.17 0.10 bad
714 0.19 0.58 bad
25 0.08 0.13 bad
31 0.05 0.22 bad
356 0.24 0.10 good
222 0.27 0.26 bad
182 0.19 0.27 bad
1636 0.23 0.30 good
16 0.07 0.07 bad
654 0.28 0.34 good
527 0.29 0.42 good
396 0.34 0.21 bad
188 0.33 0.17 good
2113 0.33 0.29 good
42 0.27 0.25 bad
219 0.27 0.27 bad
349 0.24 0.16 good
1184 0.17 0.31 bad
5393 0.20 0.63 good
88 0.24 0.10 bad
112 0.24 0.10 bad
201 0.15 0.11 bad
19 0.12 0.17 good
34 0.14 0.09 bad
274 0.30 0.11 bad
45 0.25 0.11 good
59 0.08 0.02 bad
385 0.29 0.25 bad
93 0.30 0.20 good
320 0.20 0.11 good
768 0.20 0.67 good
353 0.21 0.30 good
387 0.26 0.36 good
2063 0.26 0.37 good
82 0.16 0.17 bad
614 0.35 0.13 good
23 0.33 0.04 bad
795 0.34 0.18 good
1310 0.29 0.26 bad
68 0.05 0.09 bad
1641 0.33 0.38 good
328 0.19 0.18 bad
1100 0.36 0.22 good
21 0.54 0.05 bad
2366 0.24 0.46 good
364 0.18 0.09 bad
61 0.33 0.08 bad
2356 0.37 0.19 good
208 0.09 0.02 good
638 0.19 0.37 bad
45 0.14 0.09 good