BookScore FiveStarRate Kurtosis Class
95
1 2 4 5 7 8 10 11 13 14 15 16 17 19 21 23 24 25 27 31 32 33 37 39 41 43 44 45 47 48 50 55 56 57 58 59 61 63 64 65 68 69 75 76 77 79 81 82 83 84 85 87 91 92 93 94 95 96 97 100 101 102 104 105 107 108 109 110 111 115 116 117 118 119 120 121 122 123 128 129 130 131 133 134 136 138 140 144 146 147 148 149 150 152 153
7.2 0.25 406.22 good
6.4 0.15 267.71 bad
5.8 0.10 113.07 bad
5.6 0.12 93.52 good
5.8 0.11 181.37 bad
6.5 0.21 196.73 bad
5.8 0.09 143.84 bad
6.9 0.16 491.68 bad
5.5 0.09 156.17 bad
5.9 0.20 68.44 good
6.6 0.23 188.48 bad
5.7 0.14 87.54 good
5.6 0.12 80.31 bad
6.7 0.28 181.41 bad
4.6 0.04 66.70 bad
4.7 0.06 78.49 good
5.5 0.11 114.10 bad
4.8 0.20 28.01 bad
4.5 0.05 40.03 good
5.8 0.09 211.54 good
6.8 0.13 404.81 bad
6.1 0.15 163.05 good
7.8 0.28 948.64 bad
3.5 0.00 53.89 bad
6.7 0.17 389.04 good
5.1 0.14 44.83 good
5.4 0.23 29.34 good
5.8 0.10 135.14 bad
5.3 0.08 85.63 bad
6.8 0.17 362.40 bad
5.3 0.07 119.73 good
5.6 0.06 182.02 bad
5.3 0.13 74.03 good
6.2 0.18 94.54 bad
7.5 0.37 256.16 good
6.5 0.25 148.52 good
7.5 0.21 1104.85 good
6.2 0.30 55.29 good
4.4 0.02 59.06 bad
4.8 0.07 77.07 bad
6.8 0.22 223.96 bad
7.4 0.21 758.93 bad
6.4 0.10 344.01 good
6.8 0.24 159.36 good
7.6 0.37 440.27 bad
5.2 0.10 65.93 bad
5.8 0.13 173.53 bad
5.6 0.22 87.78 bad
6.6 0.22 188.48 bad
5.9 0.14 116.65 bad
5.2 0.10 51.21 good
6.4 0.27 95.46 bad
7.2 0.34 191.97 good
7.8 0.42 444.03 good
6.9 0.21 288.02 bad
7.0 0.23 299.63 good
5.5 0.15 128.84 bad
6.7 0.17 282.28 good
6.5 0.13 198.40 good
7.0 0.25 297.05 bad
7.1 0.27 286.97 bad
5.3 0.08 65.28 good
4.9 0.09 92.39 bad
7.4 0.31 385.10 good
6.4 0.31 72.91 bad
8.7 0.63 1238.93 good
6.0 0.10 170.95 bad
5.8 0.10 131.59 bad
5.8 0.12 113.09 good
5.5 0.07 125.49 bad
6.0 0.17 138.45 good
5.5 0.09 132.92 bad
6.5 0.11 387.39 bad
7.3 0.29 297.36 good
5.6 0.11 75.21 good
4.5 0.02 102.63 bad
7.0 0.25 313.76 bad
7.0 0.20 502.72 good
6.5 0.31 82.37 good
7.3 0.37 209.65 good
5.7 0.17 73.99 bad
4.4 0.06 58.14 good
5.9 0.04 194.01 bad
6.5 0.18 176.74 good
4.8 0.09 63.17 bad
5.7 0.18 56.35 bad
6.4 0.05 361.68 bad
5.4 0.09 97.95 bad
7.0 0.19 402.15 good
3.9 0.02 40.59 good
3.3 0.08 9.99 bad
6.0 0.15 113.50 good
6.1 0.15 158.29 bad
5.1 0.09 62.68 good
5.7 0.12 105.28 good