ThreeStarRate FourStarRate Mode Class
99
1 2 3 4 5 6 9 11 12 13 15 16 18 19 20 22 26 27 28 29 30 32 33 35 36 37 39 42 44 45 47 50 51 52 54 56 57 58 62 63 64 65 66 70 71 72 73 75 76 78 80 83 84 85 87 89 90 91 92 93 94 98 99 100 101 102 103 105 107 109 110 111 112 114 117 118 121 122 123 125 128 129 130 131 132 134 135 136 137 138 139 143 145 146 148 149 150 151 152
0.23 0.36 8.00 good
0.40 0.24 6.00 bad
0.27 0.27 8.00 bad
0.33 0.25 6.00 bad
0.26 0.21 6.00 good
0.21 0.18 2.00 good
0.26 0.30 8.00 bad
0.40 0.32 6.00 bad
0.44 0.08 6.00 bad
0.39 0.13 6.00 bad
0.27 0.25 6.00 bad
0.23 0.20 6.00 good
0.28 0.14 10.00 bad
0.22 0.22 10.00 bad
0.15 0.20 2.00 good
0.40 0.28 6.00 bad
0.43 0.18 6.00 bad
0.21 0.15 2.00 good
0.25 0.31 8.00 bad
0.22 0.20 10.00 good
0.32 0.14 6.00 bad
0.31 0.39 8.00 bad
0.29 0.23 6.00 good
0.18 0.14 2.00 good
0.23 0.34 8.00 bad
0.20 0.44 8.00 bad
0.16 0.05 2.00 bad
0.26 0.20 2.00 bad
0.11 0.16 2.00 good
0.30 0.23 6.00 bad
0.20 0.22 4.00 bad
0.32 0.14 6.00 good
0.37 0.21 6.00 bad
0.15 0.30 10.00 bad
0.33 0.21 6.00 good
0.32 0.10 6.00 good
0.21 0.29 8.00 bad
0.14 0.30 10.00 good
0.08 0.34 4.00 bad
0.12 0.20 2.00 good
0.21 0.14 2.00 bad
0.31 0.07 6.00 bad
0.43 0.19 6.00 bad
0.04 0.32 2.00 bad
0.25 0.25 8.00 bad
0.26 0.20 10.00 good
0.22 0.39 8.00 bad
0.40 0.30 6.00 good
0.15 0.36 8.00 good
0.33 0.24 6.00 bad
0.13 0.19 10.00 bad
0.28 0.22 6.00 bad
0.33 0.19 6.00 bad
0.15 0.24 2.00 good
0.23 0.19 10.00 bad
0.27 0.28 8.00 bad
0.20 0.07 2.00 bad
0.16 0.28 10.00 good
0.16 0.29 10.00 good
0.26 0.34 8.00 bad
0.23 0.33 8.00 good
0.22 0.33 8.00 good
0.34 0.26 6.00 bad
0.34 0.27 6.00 bad
0.26 0.27 10.00 bad
0.26 0.21 2.00 good
0.50 0.26 6.00 bad
0.19 0.33 8.00 good
0.15 0.17 10.00 bad
0.36 0.24 6.00 bad
0.28 0.24 6.00 bad
0.26 0.26 8.00 good
0.30 0.15 6.00 bad
0.09 0.23 10.00 bad
0.45 0.14 6.00 bad
0.39 0.30 6.00 bad
0.32 0.08 6.00 bad
0.28 0.29 8.00 bad
0.37 0.30 6.00 good
0.08 0.20 10.00 good
0.13 0.23 10.00 good
0.16 0.26 10.00 good
0.28 0.16 6.00 bad
0.13 0.11 4.00 good
0.25 0.35 8.00 good
0.21 0.34 8.00 good
0.24 0.29 8.00 bad
0.32 0.05 6.00 bad
0.15 0.33 10.00 good
0.22 0.19 2.00 bad
0.24 0.36 8.00 good
0.22 0.24 8.00 bad
0.45 0.33 6.00 bad
0.27 0.37 8.00 good
0.04 0.06 2.00 bad
0.23 0.26 8.00 good
0.35 0.20 6.00 bad
0.16 0.19 10.00 bad
0.28 0.14 2.00 good