BookWordCount BookScore BookScoreCount Class
90
0 1 10 11 12 13 14 15 16 21 25 26 27 30 34 36 37 38 39 40 41 43 45 48 50 51 58 59 62 64 67 68 69 70 72 73 77 78 79 80 81 82 83 84 85 86 87 88 89 90 91 92 95 96 97 98 99 100 103 105 106 107 108 109 110 112 114 117 118 120 121 122 124 125 126 128 130 131 133 135 136 139 140 141 142 144 148 150 152 153
177.20 6.4 568 good
289.90 7.2 967 good
82.50 5.8 78 bad
13.40 6.9 51 bad
21.80 6.0 25 bad
27.50 5.5 48 bad
123.80 5.9 454 good
257.20 6.6 658 bad
135.80 5.7 119 good
74.10 4.6 44 bad
35.90 4.8 11 bad
62.70 6.5 100 bad
147.20 4.5 150 good
150.70 5.4 29 bad
154.60 5.1 97 bad
87.00 6.7 223 bad
51.30 7.8 216 bad
80.20 5.9 63 bad
22.80 3.5 20 bad
153.10 6.7 495 good
168.40 6.7 670 good
74.40 5.1 81 good
380.50 5.8 299 bad
281.40 6.8 1248 bad
51.90 5.3 29 good
84.60 5.9 133 bad
63.50 7.5 461 good
133.40 6.5 484 good
49.60 5.3 13 bad
54.40 4.4 45 bad
16.80 7.6 90 good
79.60 6.8 153 bad
7.30 7.4 20 bad
55.40 5.9 51 bad
390.00 7.3 956 good
68.60 6.8 19 bad
1070.70 7.6 745 bad
70.00 6.2 217 bad
131.20 5.2 531 bad
144.70 8.3 714 bad
87.70 5.8 25 bad
183.00 5.6 31 bad
40.80 6.6 104 bad
30.00 5.9 21 bad
87.20 5.2 356 good
129.90 7.0 222 bad
112.10 6.4 182 bad
315.30 6.7 1636 good
153.20 6.4 145 bad
50.40 4.0 16 bad
126.20 7.2 654 good
116.50 7.8 527 good
99.00 5.5 13 bad
34.10 6.7 188 good
22.20 6.5 39 good
170.60 7.3 2113 good
181.90 6.5 942 bad
59.90 7.0 42 bad
21.40 6.6 29 bad
198.70 7.4 339 good
64.40 6.0 349 good
310.00 6.4 1184 bad
446.50 8.7 5393 good
101.10 6.0 88 bad
133.50 5.8 112 bad
107.80 5.4 201 bad
31.70 8.5 1114 bad
59.10 5.5 34 bad
92.20 6.5 274 bad
85.80 5.6 45 good
145.90 4.5 59 bad
79.20 7.0 385 bad
223.00 5.6 320 good
65.70 8.9 768 good
89.70 6.4 353 good
296.70 6.5 607 good
46.30 5.7 82 bad
195.70 4.4 31 good
145.80 5.9 23 bad
335.20 7.0 1310 bad
72.70 4.8 68 bad
130.30 7.0 1100 good
43.40 6.4 21 bad
25.10 6.9 83 bad
518.00 7.8 2366 good
319.70 5.4 364 bad
209.90 3.3 1080 bad
44.60 6.1 21 bad
163.50 5.1 45 good
73.20 5.7 209 good