ThreeStarRate FourStarRate Kurtosis Class
98
0 1 3 4 9 10 13 16 17 18 19 21 22 23 25 27 28 29 30 31 32 33 36 37 38 39 40 41 48 50 51 53 55 56 57 59 60 61 62 63 65 66 67 68 70 71 74 77 79 81 82 84 85 88 90 92 93 94 96 97 99 100 102 103 104 105 107 109 111 112 114 116 117 118 119 120 121 122 123 124 126 128 129 130 131 132 133 134 135 137 138 139 141 143 146 149 150 153
0.28 0.30 200.91 good
0.23 0.36 406.22 good
0.27 0.27 155.27 bad
0.33 0.25 113.07 bad
0.26 0.30 110.48 bad
0.23 0.27 143.84 bad
0.39 0.13 156.17 bad
0.23 0.20 87.54 good
0.20 0.23 80.31 bad
0.28 0.14 137.29 bad
0.22 0.22 181.41 bad
0.16 0.14 66.70 bad
0.40 0.28 468.11 bad
0.28 0.08 78.49 good
0.20 0.00 28.01 bad
0.21 0.15 40.03 good
0.25 0.31 418.19 bad
0.22 0.20 194.89 good
0.32 0.14 80.73 bad
0.33 0.19 211.54 good
0.31 0.39 404.81 bad
0.29 0.23 163.05 good
0.23 0.34 203.97 bad
0.20 0.44 948.64 bad
0.27 0.17 172.89 bad
0.16 0.05 53.89 bad
0.24 0.33 227.23 good
0.34 0.29 389.04 good
0.33 0.33 362.40 bad
0.32 0.14 119.73 good
0.37 0.21 339.26 bad
0.14 0.00 31.11 bad
0.33 0.20 182.02 bad
0.32 0.10 74.03 good
0.21 0.29 94.54 bad
0.21 0.21 148.52 good
0.18 0.20 95.85 bad
0.25 0.44 1104.85 good
0.08 0.34 199.64 bad
0.12 0.20 55.29 good
0.31 0.07 77.07 bad
0.43 0.19 204.65 bad
0.16 0.25 278.88 good
0.25 0.30 223.96 bad
0.04 0.32 49.13 bad
0.25 0.25 106.33 bad
0.36 0.31 393.48 bad
0.22 0.27 440.27 bad
0.26 0.17 65.93 bad
0.54 0.08 173.53 bad
0.20 0.05 87.78 bad
0.33 0.19 116.65 bad
0.15 0.24 51.21 good
0.18 0.23 118.81 good
0.20 0.07 25.57 bad
0.16 0.29 444.03 good
0.26 0.34 288.02 bad
0.23 0.33 299.63 good
0.28 0.33 282.28 good
0.26 0.40 198.40 good
0.34 0.26 243.27 bad
0.34 0.27 297.05 bad
0.26 0.21 65.28 good
0.50 0.26 664.54 bad
0.34 0.04 92.39 bad
0.19 0.33 385.10 good
0.15 0.17 72.91 bad
0.36 0.24 170.95 bad
0.26 0.26 113.09 good
0.30 0.15 84.03 bad
0.09 0.23 875.52 bad
0.42 0.12 138.45 good
0.45 0.14 132.92 bad
0.39 0.30 387.39 bad
0.20 0.33 297.36 good
0.20 0.25 75.21 good
0.32 0.08 102.63 bad
0.28 0.29 313.76 bad
0.37 0.30 502.72 good
0.29 0.20 101.09 good
0.16 0.21 76.64 good
0.13 0.23 82.37 good
0.16 0.26 209.65 good
0.28 0.16 73.99 bad
0.13 0.11 58.14 good
0.25 0.35 212.10 good
0.33 0.33 194.01 bad
0.21 0.34 176.74 good
0.24 0.29 234.30 bad
0.15 0.33 478.73 good
0.22 0.19 56.35 bad
0.24 0.36 304.97 good
0.19 0.49 311.51 bad
0.22 0.24 86.23 bad
0.27 0.37 402.15 good
0.23 0.26 113.50 good
0.35 0.20 158.29 bad
0.25 0.22 105.28 good