AddListCount TwoStarRate Mode Class
99
1 2 5 6 8 11 12 16 17 18 19 22 24 25 26 27 30 31 32 33 35 36 37 38 39 41 43 49 50 51 52 53 55 58 59 62 65 66 68 69 70 71 72 73 74 77 80 81 82 83 84 85 86 87 88 89 92 93 94 95 97 99 100 101 104 105 107 108 109 110 112 113 114 115 116 117 118 120 122 123 124 125 126 128 129 131 134 135 138 139 140 141 143 146 147 148 151 152 153
492 0.08 8.00 good
12 0.10 6.00 bad
122 0.20 6.00 good
42 0.14 2.00 good
53 0.16 6.00 bad
15 0.04 6.00 bad
12 0.08 6.00 bad
25 0.22 6.00 good
10 0.22 8.00 bad
7 0.17 10.00 bad
70 0.18 10.00 bad
61 0.15 6.00 bad
23 0.21 6.00 bad
2 0.20 2.00 bad
32 0.09 6.00 bad
31 0.17 2.00 good
9 0.18 6.00 bad
6 0.30 6.00 good
111 0.09 8.00 bad
49 0.20 6.00 good
254 0.12 2.00 good
63 0.10 8.00 bad
106 0.03 8.00 bad
19 0.35 4.00 bad
1 0.26 2.00 bad
289 0.14 6.00 good
18 0.13 2.00 good
13 0.10 6.00 bad
7 0.28 6.00 good
42 0.30 6.00 bad
446 0.04 10.00 bad
1 0.33 2.00 bad
11 0.28 6.00 bad
70 0.05 10.00 good
138 0.21 10.00 good
3 0.50 4.00 bad
22 0.28 6.00 bad
2 0.14 6.00 bad
45 0.11 8.00 bad
5 0.05 8.00 bad
2 0.10 2.00 bad
119 0.12 8.00 bad
180 0.08 10.00 good
8 0.11 8.00 bad
16 0.22 6.00 bad
183 0.07 10.00 bad
193 0.03 10.00 bad
4 0.08 6.00 bad
3 0.41 4.00 bad
22 0.17 6.00 bad
3 0.14 6.00 bad
55 0.19 2.00 good
53 0.03 6.00 bad
65 0.09 10.00 bad
321 0.10 10.00 good
49 0.17 8.00 bad
141 0.04 10.00 good
121 0.08 8.00 bad
57 0.11 8.00 good
4 0.23 6.00 bad
7 0.03 8.00 good
253 0.12 6.00 bad
8 0.02 6.00 bad
65 0.10 10.00 bad
5 0.31 6.00 bad
98 0.08 8.00 good
188 0.12 10.00 bad
1586 0.02 10.00 good
34 0.14 6.00 bad
31 0.21 6.00 bad
63 0.20 6.00 bad
25 0.13 6.00 bad
218 0.02 10.00 bad
76 0.19 6.00 bad
7 0.12 6.00 good
5 0.11 6.00 bad
112 0.11 6.00 bad
15 0.18 8.00 good
126 0.10 8.00 bad
32 0.08 6.00 good
57 0.19 6.00 good
149 0.02 10.00 good
48 0.06 10.00 good
108 0.08 10.00 good
510 0.07 10.00 good
5 0.41 4.00 good
168 0.12 8.00 good
293 0.09 8.00 bad
53 0.10 2.00 bad
206 0.07 8.00 good
7 0.30 8.00 bad
19 0.03 8.00 bad
42 0.21 8.00 bad
710 0.09 8.00 good
26 0.22 2.00 good
54 0.03 2.00 bad
125 0.07 10.00 bad
12 0.19 2.00 good
50 0.22 6.00 good