AddListCount TwoStarRate FourStarRate Class
105
0 3 5 8 9 10 11 13 14 15 16 18 19 21 22 25 26 27 28 31 33 34 35 37 39 40 42 43 44 46 47 48 50 51 53 55 56 57 58 60 61 62 63 64 65 67 68 69 70 71 72 73 74 77 78 79 80 81 83 84 86 87 88 89 90 91 93 94 96 98 99 100 101 102 104 105 106 107 108 109 110 112 114 115 116 118 119 123 125 128 129 132 133 134 135 137 140 142 143 144 146 147 150 151 153
214 0.15 0.30 good
38 0.12 0.27 bad
122 0.20 0.21 good
53 0.16 0.22 bad
14 0.18 0.30 bad
25 0.26 0.27 bad
15 0.04 0.32 bad
9 0.24 0.13 bad
136 0.14 0.19 good
204 0.13 0.25 bad
25 0.22 0.20 good
7 0.17 0.14 bad
70 0.18 0.22 bad
12 0.37 0.14 bad
61 0.15 0.28 bad
2 0.20 0.00 bad
32 0.09 0.18 bad
31 0.17 0.15 good
73 0.11 0.31 bad
6 0.30 0.19 good
49 0.20 0.23 good
24 0.30 0.13 bad
254 0.12 0.14 good
106 0.03 0.44 bad
1 0.26 0.05 bad
172 0.12 0.33 good
215 0.17 0.20 bad
18 0.13 0.14 good
242 0.07 0.16 good
28 0.07 0.33 good
20 0.28 0.22 bad
371 0.09 0.33 bad
7 0.28 0.14 good
42 0.30 0.21 bad
1 0.33 0.00 bad
11 0.28 0.20 bad
13 0.20 0.10 good
551 0.07 0.29 bad
70 0.05 0.30 good
19 0.21 0.20 bad
33 0.08 0.44 good
3 0.50 0.34 bad
21 0.07 0.20 good
10 0.27 0.14 bad
22 0.28 0.07 bad
17 0.06 0.25 good
45 0.11 0.30 bad
5 0.05 0.42 bad
2 0.10 0.32 bad
119 0.12 0.25 bad
180 0.08 0.20 good
8 0.11 0.39 bad
16 0.22 0.31 bad
183 0.07 0.27 bad
57 0.10 0.24 bad
94 0.19 0.17 bad
193 0.03 0.19 bad
4 0.08 0.08 bad
22 0.17 0.22 bad
3 0.14 0.19 bad
53 0.03 0.27 bad
65 0.09 0.19 bad
321 0.10 0.23 good
49 0.17 0.28 bad
4 0.13 0.07 bad
218 0.08 0.28 good
121 0.08 0.34 bad
57 0.11 0.33 good
100 0.11 0.33 good
558 0.08 0.33 good
253 0.12 0.26 bad
8 0.02 0.27 bad
65 0.10 0.27 bad
39 0.14 0.21 good
5 0.31 0.04 bad
98 0.08 0.33 good
102 0.14 0.24 good
188 0.12 0.17 bad
1586 0.02 0.20 good
34 0.14 0.24 bad
31 0.21 0.24 bad
63 0.20 0.15 bad
218 0.02 0.23 bad
76 0.19 0.19 bad
7 0.12 0.12 good
112 0.11 0.30 bad
274 0.06 0.33 good
32 0.08 0.30 good
149 0.02 0.20 good
108 0.08 0.23 good
510 0.07 0.26 good
131 0.14 0.35 good
1 0.13 0.33 bad
168 0.12 0.34 good
293 0.09 0.29 bad
303 0.05 0.33 good
7 0.30 0.54 bad
365 0.05 0.24 good
42 0.21 0.24 bad
103 0.25 0.18 bad
710 0.09 0.37 good
26 0.22 0.09 good
5 0.15 0.20 bad
125 0.07 0.19 bad
50 0.22 0.22 good