BookScoreCount AddListCount Kurtosis Class
89
0 1 5 6 9 10 11 12 13 15 16 17 18 22 23 24 25 28 33 37 39 40 41 42 43 44 45 47 51 52 54 56 58 59 60 61 65 66 67 68 70 73 75 76 79 82 84 85 86 88 89 90 91 93 94 95 98 100 101 103 104 106 108 109 111 112 118 119 120 121 122 124 126 129 130 131 132 137 139 141 142 144 145 146 147 149 151 152 153
568 214 200.91 good
967 492 406.22 good
439 122 93.52 good
187 42 75.15 good
51 14 110.48 bad
78 25 143.84 bad
51 15 491.68 bad
25 12 114.51 bad
48 9 156.17 bad
658 204 188.48 bad
119 25 87.54 good
36 10 80.31 bad
23 7 137.29 bad
159 61 468.11 bad
116 32 78.49 good
70 23 114.10 bad
11 2 28.01 bad
263 73 418.19 bad
192 49 163.05 good
216 106 948.64 bad
20 1 53.89 bad
495 172 227.23 good
670 289 389.04 good
686 215 74.29 bad
81 18 44.83 good
1885 242 29.34 good
299 93 135.14 bad
79 20 85.63 bad
133 42 339.26 bad
1780 446 453.60 bad
43 9 245.77 good
80 13 74.03 good
461 70 256.16 good
484 138 148.52 good
108 19 95.85 bad
86 33 1104.85 good
82 22 77.07 bad
21 2 204.65 bad
90 17 278.88 good
153 45 223.96 bad
51 2 49.13 bad
19 8 278.58 bad
21 8 344.01 good
429 110 159.36 good
531 94 65.93 bad
31 3 87.78 bad
21 3 116.65 bad
356 55 51.21 good
222 53 249.84 bad
1636 321 118.81 good
145 49 208.64 bad
16 4 25.57 bad
654 218 191.97 good
396 121 288.02 bad
218 57 299.63 good
13 4 128.84 bad
2113 558 391.57 good
42 8 297.05 bad
219 65 286.97 bad
29 6 664.54 bad
25 5 92.39 bad
349 102 114.14 good
5393 1586 1238.93 good
88 34 170.95 bad
182 53 113.09 good
201 63 84.03 bad
274 112 387.39 bad
1575 274 297.36 good
45 15 75.21 good
59 14 102.63 bad
385 126 313.76 bad
320 57 101.09 good
353 48 76.64 good
2063 510 209.65 good
82 11 73.99 bad
31 5 58.14 good
614 131 212.10 good
1641 303 478.73 good
1100 206 304.97 good
83 19 311.51 bad
2366 365 364.52 good
364 103 97.95 bad
61 28 909.70 bad
2356 710 402.15 good
208 26 40.59 good
674 178 113.50 good
638 125 105.22 bad
45 12 62.68 good
209 50 105.28 good