BookScoreCount AddListCount Median Class
100
1 2 3 6 7 9 10 11 12 14 16 17 18 19 20 22 25 26 28 29 31 32 33 34 38 40 41 42 43 44 45 48 52 53 56 57 58 60 62 64 66 67 68 69 70 71 72 74 75 76 77 78 79 80 83 87 88 90 91 92 93 94 96 98 99 100 102 103 107 108 110 111 112 113 114 115 116 117 118 119 120 122 123 126 128 130 131 133 134 135 136 138 139 140 141 143 144 147 148 149
967 492 8.00 good
47 12 6.00 bad
129 38 6.00 bad
187 42 6.00 good
27 8 6.00 bad
51 14 6.00 bad
78 25 6.00 bad
51 15 6.00 bad
25 12 6.00 bad
454 136 6.00 good
119 25 6.00 good
36 10 6.00 bad
23 7 6.00 bad
250 70 6.00 bad
112 17 4.00 good
159 61 6.00 bad
11 2 4.00 bad
100 32 6.00 bad
263 73 8.00 bad
290 68 8.00 good
44 6 6.00 good
292 111 8.00 bad
192 49 6.00 good
97 24 6.00 bad
63 19 6.00 bad
495 172 8.00 good
670 289 6.00 good
686 215 6.00 bad
81 18 6.00 good
1885 242 4.00 good
299 93 6.00 bad
1248 371 6.00 bad
1780 446 8.00 bad
22 1 4.00 bad
80 13 6.00 good
2109 551 6.00 bad
461 70 8.00 good
108 19 6.00 bad
13 3 4.00 bad
45 10 4.00 bad
21 2 6.00 bad
90 17 8.00 good
153 45 8.00 bad
20 5 8.00 bad
51 2 8.00 bad
248 119 6.00 bad
956 180 8.00 good
46 16 6.00 bad
21 8 6.00 good
429 110 8.00 good
745 183 8.00 bad
217 57 6.00 bad
531 94 6.00 bad
714 193 10.00 bad
104 22 6.00 bad
182 65 6.00 bad
1636 321 8.00 good
16 4 2.00 bad
654 218 8.00 good
527 141 8.00 good
396 121 8.00 bad
218 57 8.00 good
188 100 8.00 good
2113 558 8.00 good
942 253 6.00 bad
42 8 8.00 bad
225 39 6.00 good
29 6 6.00 bad
1184 188 6.00 bad
5393 1586 10.00 good
112 31 6.00 bad
182 53 6.00 good
201 63 6.00 bad
136 25 6.00 bad
1114 218 10.00 bad
282 76 6.00 bad
19 7 6.00 good
34 5 6.00 bad
274 112 6.00 bad
1575 274 8.00 good
45 15 6.00 good
385 126 8.00 bad
93 32 6.00 good
353 48 8.00 good
607 108 8.00 good
82 11 6.00 bad
31 5 4.00 good
23 1 6.00 bad
795 168 8.00 good
1310 293 8.00 bad
68 9 4.00 bad
328 53 6.00 bad
1100 206 8.00 good
21 7 8.00 bad
83 19 8.00 bad
153 42 6.00 bad
364 103 6.00 bad
208 26 4.00 good
1080 54 2.00 bad
674 178 6.00 good