BookScoreCount TwoStarRate FourStarRate Class
98
0 3 6 7 10 11 13 14 15 16 17 18 20 21 26 27 29 30 31 32 33 35 36 37 38 39 40 41 42 44 45 46 48 49 51 52 54 55 56 57 59 60 62 64 68 69 71 73 74 75 76 77 78 79 81 82 83 85 86 90 93 95 96 97 98 100 102 105 106 107 110 111 112 113 115 116 117 118 120 122 123 124 125 127 128 129 131 132 133 136 137 140 141 142 143 148 150 152
568 0.15 0.30 good
129 0.12 0.27 bad
187 0.14 0.18 good
27 0.15 0.11 bad
78 0.26 0.27 bad
51 0.04 0.32 bad
48 0.24 0.13 bad
454 0.14 0.19 good
658 0.13 0.25 bad
119 0.22 0.20 good
36 0.22 0.23 bad
23 0.17 0.14 bad
112 0.20 0.20 good
44 0.37 0.14 bad
100 0.09 0.18 bad
150 0.17 0.15 good
290 0.10 0.20 good
29 0.18 0.14 bad
44 0.30 0.19 good
292 0.09 0.39 bad
192 0.20 0.23 good
1909 0.12 0.14 good
223 0.10 0.34 bad
216 0.03 0.44 bad
63 0.35 0.17 bad
20 0.26 0.05 bad
495 0.12 0.33 good
670 0.14 0.29 good
686 0.17 0.20 bad
1885 0.07 0.16 good
299 0.20 0.23 bad
108 0.07 0.33 good
1248 0.09 0.33 bad
72 0.10 0.23 bad
133 0.30 0.21 bad
1780 0.04 0.30 bad
43 0.05 0.21 good
55 0.28 0.20 bad
80 0.20 0.10 good
2109 0.07 0.29 bad
484 0.21 0.21 good
108 0.21 0.20 bad
13 0.50 0.34 bad
45 0.27 0.14 bad
153 0.11 0.30 bad
20 0.05 0.42 bad
248 0.12 0.25 bad
19 0.11 0.39 bad
46 0.22 0.31 bad
21 0.10 0.30 good
429 0.07 0.36 good
745 0.07 0.27 bad
217 0.10 0.24 bad
531 0.19 0.17 bad
25 0.08 0.08 bad
31 0.41 0.05 bad
104 0.17 0.22 bad
356 0.19 0.24 good
222 0.03 0.27 bad
16 0.13 0.07 bad
396 0.08 0.34 bad
13 0.23 0.00 bad
188 0.11 0.33 good
39 0.03 0.40 good
2113 0.08 0.33 good
42 0.02 0.27 bad
225 0.14 0.21 good
339 0.08 0.33 good
349 0.14 0.24 good
1184 0.12 0.17 bad
112 0.21 0.24 bad
182 0.16 0.26 good
201 0.20 0.15 bad
136 0.13 0.21 bad
282 0.19 0.19 bad
19 0.12 0.12 good
34 0.11 0.14 bad
274 0.11 0.30 bad
45 0.18 0.25 good
385 0.10 0.29 bad
93 0.08 0.30 good
320 0.19 0.20 good
768 0.02 0.20 good
387 0.06 0.26 good
607 0.08 0.23 good
2063 0.07 0.26 good
31 0.41 0.11 good
614 0.14 0.35 good
23 0.13 0.33 bad
68 0.24 0.05 bad
1641 0.05 0.33 good
21 0.30 0.54 bad
83 0.03 0.49 bad
2366 0.05 0.24 good
153 0.21 0.24 bad
1080 0.03 0.06 bad
21 0.15 0.20 bad
45 0.19 0.14 good