BookWordCount BookScoreCount AddListCount Class
97
2 3 4 7 8 9 10 12 14 19 21 22 24 25 29 30 32 33 34 37 39 40 41 42 44 45 47 48 49 50 51 52 55 56 57 58 60 62 64 65 68 71 72 76 78 79 83 84 85 86 88 89 90 91 92 95 97 99 100 102 103 104 105 107 108 110 111 112 113 114 115 118 119 120 121 123 125 126 127 129 130 132 133 137 138 140 141 142 143 144 145 146 149 150 151 152 153
48.30 47 12 bad
52.30 129 38 bad
139.00 78 22 bad
38.90 27 8 bad
143.50 177 53 bad
21.30 51 14 bad
82.50 78 25 bad
21.80 25 12 bad
123.80 454 136 good
122.40 250 70 bad
74.10 44 12 bad
77.70 159 61 bad
74.80 70 23 bad
35.90 11 2 bad
233.90 290 68 good
150.70 29 9 bad
51.10 292 111 bad
178.90 192 49 good
154.60 97 24 bad
51.30 216 106 bad
22.80 20 1 bad
153.10 495 172 good
168.40 670 289 good
300.10 686 215 bad
296.80 1885 242 good
380.50 299 93 bad
49.70 79 20 bad
281.40 1248 371 bad
44.50 72 13 bad
51.90 29 7 good
84.60 133 42 bad
76.10 1780 446 bad
106.40 55 11 bad
40.40 80 13 good
293.40 2109 551 bad
63.50 461 70 good
45.10 108 19 bad
49.60 13 3 bad
54.40 45 10 bad
72.20 82 22 bad
79.60 153 45 bad
98.90 248 119 bad
390.00 956 180 good
46.20 429 110 good
70.00 217 57 bad
131.20 531 94 bad
40.80 104 22 bad
30.00 21 3 bad
87.20 356 55 good
129.90 222 53 bad
315.30 1636 321 good
153.20 145 49 bad
50.40 16 4 bad
126.20 654 218 good
116.50 527 141 good
99.00 13 4 bad
22.20 39 7 good
181.90 942 253 bad
59.90 42 8 bad
78.10 225 39 good
21.40 29 6 bad
150.50 25 5 bad
198.70 339 98 good
310.00 1184 188 bad
446.50 5393 1586 good
133.50 112 31 bad
148.90 182 53 good
107.80 201 63 bad
247.80 136 25 bad
31.70 1114 218 bad
119.20 282 76 bad
92.20 274 112 bad
427.70 1575 274 good
85.80 45 15 good
145.90 59 14 bad
153.40 93 32 good
65.70 768 149 good
89.70 353 48 good
34.20 387 146 good
322.80 2063 510 good
46.30 82 11 bad
237.20 614 131 good
145.80 23 1 bad
448.70 1641 303 good
212.90 328 53 bad
43.40 21 7 bad
25.10 83 19 bad
518.00 2366 365 good
177.70 153 42 bad
319.70 364 103 bad
62.30 61 28 bad
477.20 2356 710 good
382.10 674 178 good
44.60 21 5 bad
93.00 638 125 bad
163.50 45 12 good
73.20 209 50 good