BookScoreCount TwoStarRate FourStarRate Class
93
3 6 7 9 10 12 14 15 16 18 20 23 27 28 29 30 31 32 33 34 35 37 38 39 40 42 44 45 49 50 53 54 57 59 61 62 63 64 68 69 71 72 73 75 76 78 79 81 84 87 91 92 93 96 97 98 101 102 103 105 106 107 108 109 110 113 114 116 117 119 121 122 123 125 130 131 132 133 136 138 139 141 142 143 145 146 147 148 149 150 151 152 153
129 0.12 0.27 bad
187 0.14 0.18 good
27 0.15 0.11 bad
51 0.18 0.30 bad
78 0.26 0.27 bad
25 0.08 0.08 bad
454 0.14 0.19 good
658 0.13 0.25 bad
119 0.22 0.20 good
23 0.17 0.14 bad
112 0.20 0.20 good
116 0.31 0.08 good
150 0.17 0.15 good
263 0.11 0.31 bad
290 0.10 0.20 good
29 0.18 0.14 bad
44 0.30 0.19 good
292 0.09 0.39 bad
192 0.20 0.23 good
97 0.30 0.13 bad
1909 0.12 0.14 good
216 0.03 0.44 bad
63 0.35 0.17 bad
20 0.26 0.05 bad
495 0.12 0.33 good
686 0.17 0.20 bad
1885 0.07 0.16 good
299 0.20 0.23 bad
72 0.10 0.23 bad
29 0.28 0.14 good
22 0.33 0.00 bad
43 0.05 0.21 good
2109 0.07 0.29 bad
484 0.21 0.21 good
86 0.08 0.44 good
13 0.50 0.34 bad
91 0.07 0.20 good
45 0.27 0.14 bad
153 0.11 0.30 bad
20 0.05 0.42 bad
248 0.12 0.25 bad
956 0.08 0.20 good
19 0.11 0.39 bad
21 0.10 0.30 good
429 0.07 0.36 good
217 0.10 0.24 bad
531 0.19 0.17 bad
25 0.08 0.08 bad
21 0.14 0.19 bad
182 0.09 0.19 bad
654 0.08 0.28 good
527 0.04 0.29 good
396 0.08 0.34 bad
188 0.11 0.33 good
39 0.03 0.40 good
2113 0.08 0.33 good
219 0.10 0.27 bad
225 0.14 0.21 good
29 0.08 0.26 bad
339 0.08 0.33 good
349 0.14 0.24 good
1184 0.12 0.17 bad
5393 0.02 0.20 good
88 0.14 0.24 bad
112 0.21 0.24 bad
136 0.13 0.21 bad
1114 0.02 0.23 bad
19 0.12 0.12 good
34 0.11 0.14 bad
1575 0.06 0.33 good
59 0.30 0.08 bad
385 0.10 0.29 bad
93 0.08 0.30 good
768 0.02 0.20 good
82 0.13 0.16 bad
31 0.41 0.11 good
614 0.14 0.35 good
23 0.13 0.33 bad
68 0.24 0.05 bad
328 0.10 0.19 bad
1100 0.07 0.36 good
83 0.03 0.49 bad
2366 0.05 0.24 good
153 0.21 0.24 bad
61 0.10 0.33 bad
2356 0.09 0.37 good
208 0.22 0.09 good
1080 0.03 0.06 bad
674 0.18 0.26 good
21 0.15 0.20 bad
638 0.07 0.19 bad
45 0.19 0.14 good
209 0.22 0.22 good