BookScoreCount AddListCount TwoStarRate Class
97
0 1 2 3 4 5 6 7 10 11 13 15 16 18 19 20 22 25 26 28 30 32 34 35 36 37 39 41 42 44 45 46 51 53 54 55 58 59 63 64 65 66 68 69 71 78 79 80 82 86 87 88 90 91 92 93 94 95 98 99 100 101 102 103 105 106 110 111 112 113 114 115 116 117 118 119 120 122 123 124 127 129 130 131 133 134 136 138 140 141 144 146 147 149 150 152 153
568 214 0.15 good
967 492 0.08 good
47 12 0.10 bad
129 38 0.12 bad
78 22 0.09 bad
439 122 0.20 good
187 42 0.14 good
27 8 0.15 bad
78 25 0.26 bad
51 15 0.04 bad
48 9 0.24 bad
658 204 0.13 bad
119 25 0.22 good
23 7 0.17 bad
250 70 0.18 bad
112 17 0.20 good
159 61 0.15 bad
11 2 0.20 bad
100 32 0.09 bad
263 73 0.11 bad
29 9 0.18 bad
292 111 0.09 bad
97 24 0.30 bad
1909 254 0.12 good
223 63 0.10 bad
216 106 0.03 bad
20 1 0.26 bad
670 289 0.14 good
686 215 0.17 bad
1885 242 0.07 good
299 93 0.20 bad
108 28 0.07 good
133 42 0.30 bad
22 1 0.33 bad
43 9 0.05 good
55 11 0.28 bad
461 70 0.05 good
484 138 0.21 good
91 21 0.07 good
45 10 0.27 bad
82 22 0.28 bad
21 2 0.14 bad
153 45 0.11 bad
20 5 0.05 bad
248 119 0.12 bad
217 57 0.10 bad
531 94 0.19 bad
714 193 0.03 bad
31 3 0.41 bad
222 53 0.03 bad
182 65 0.09 bad
1636 321 0.10 good
16 4 0.13 bad
654 218 0.08 good
527 141 0.04 good
396 121 0.08 bad
218 57 0.11 good
13 4 0.23 bad
2113 558 0.08 good
942 253 0.12 bad
42 8 0.02 bad
219 65 0.10 bad
225 39 0.14 good
29 6 0.08 bad
339 98 0.08 good
349 102 0.14 good
112 31 0.21 bad
182 53 0.16 good
201 63 0.20 bad
136 25 0.13 bad
1114 218 0.02 bad
282 76 0.19 bad
19 7 0.12 good
34 5 0.11 bad
274 112 0.11 bad
1575 274 0.06 good
45 15 0.18 good
385 126 0.10 bad
93 32 0.08 good
320 57 0.19 good
387 146 0.06 good
2063 510 0.07 good
82 11 0.13 bad
31 5 0.41 good
23 1 0.13 bad
795 168 0.12 good
68 9 0.24 bad
328 53 0.10 bad
21 7 0.30 bad
83 19 0.03 bad
364 103 0.25 bad
2356 710 0.09 good
208 26 0.22 good
674 178 0.18 good
21 5 0.15 bad
45 12 0.19 good
209 50 0.22 good