BookWordCount TwoStarRate FiveStarRate Class
97
2 3 7 8 11 14 17 18 19 22 23 24 25 26 27 28 29 30 32 33 34 35 37 38 39 43 44 48 50 52 53 54 55 56 58 63 65 69 70 73 74 75 76 77 78 81 82 83 84 85 86 87 90 92 93 94 95 96 97 98 100 101 102 103 104 105 106 107 109 111 114 115 116 118 119 120 122 123 125 130 131 132 133 134 135 137 138 140 141 142 143 144 147 148 149 151 152
48.30 0.10 0.15 bad
52.30 0.12 0.18 bad
38.90 0.15 0.11 bad
143.50 0.16 0.21 bad
13.40 0.04 0.16 bad
123.80 0.14 0.20 good
33.60 0.22 0.12 bad
24.10 0.17 0.28 bad
122.40 0.18 0.28 bad
77.70 0.15 0.11 bad
122.20 0.31 0.06 good
74.80 0.21 0.11 bad
35.90 0.20 0.20 bad
62.70 0.09 0.19 bad
147.20 0.17 0.05 good
53.00 0.11 0.27 bad
233.90 0.10 0.36 good
150.70 0.18 0.11 bad
51.10 0.09 0.13 bad
178.90 0.20 0.15 good
154.60 0.30 0.03 bad
713.10 0.12 0.21 good
51.30 0.03 0.28 bad
80.20 0.35 0.13 bad
22.80 0.26 0.00 bad
74.40 0.13 0.14 good
296.80 0.07 0.23 good
281.40 0.09 0.17 bad
51.90 0.28 0.07 good
76.10 0.04 0.42 bad
53.70 0.33 0.10 bad
13.00 0.05 0.29 good
106.40 0.28 0.06 bad
40.40 0.20 0.13 good
63.50 0.05 0.37 good
108.60 0.07 0.30 good
72.20 0.28 0.07 bad
7.30 0.05 0.21 bad
55.40 0.10 0.20 bad
68.60 0.11 0.17 bad
49.30 0.22 0.04 bad
39.60 0.10 0.10 good
46.20 0.07 0.24 good
1070.70 0.07 0.37 bad
70.00 0.10 0.16 bad
87.70 0.08 0.13 bad
183.00 0.41 0.22 bad
40.80 0.17 0.22 bad
30.00 0.14 0.14 bad
87.20 0.19 0.10 good
129.90 0.03 0.26 bad
112.10 0.09 0.27 bad
50.40 0.13 0.07 bad
116.50 0.04 0.42 good
90.50 0.08 0.21 bad
63.70 0.11 0.23 good
99.00 0.23 0.15 bad
34.10 0.11 0.17 good
22.20 0.03 0.13 good
170.60 0.08 0.29 good
59.90 0.02 0.25 bad
219.60 0.10 0.27 bad
78.10 0.14 0.08 good
21.40 0.08 0.11 bad
150.50 0.31 0.09 bad
198.70 0.08 0.31 good
64.40 0.14 0.16 good
310.00 0.12 0.31 bad
101.10 0.14 0.10 bad
148.90 0.16 0.12 good
31.70 0.02 0.60 bad
119.20 0.19 0.07 bad
118.30 0.12 0.17 good
92.20 0.11 0.11 bad
427.70 0.06 0.29 good
85.80 0.18 0.11 good
79.20 0.10 0.25 bad
153.40 0.08 0.20 good
65.70 0.02 0.67 good
46.30 0.13 0.17 bad
195.70 0.41 0.06 good
237.20 0.14 0.13 good
145.80 0.13 0.04 bad
179.50 0.12 0.18 good
335.20 0.09 0.26 bad
448.70 0.05 0.38 good
212.90 0.10 0.18 bad
43.40 0.30 0.05 bad
25.10 0.03 0.15 bad
518.00 0.05 0.46 good
177.70 0.21 0.10 bad
319.70 0.25 0.09 bad
154.00 0.22 0.02 good
209.90 0.03 0.08 bad
382.10 0.18 0.15 good
93.00 0.07 0.37 bad
163.50 0.19 0.09 good