BookScoreCount FourStarRate Kurtosis Class
95
0 1 4 5 9 12 13 15 16 17 24 25 27 28 29 30 31 33 34 35 37 38 39 40 42 43 44 45 49 50 52 53 54 56 57 58 63 64 68 69 70 71 72 73 77 78 81 82 83 85 86 89 91 93 96 97 98 99 101 103 105 106 107 108 109 110 112 113 114 116 117 118 119 120 122 124 125 126 129 130 132 133 134 135 139 143 144 145 146 147 149 150 151 152 153
568 0.30 200.91 good
967 0.36 406.22 good
78 0.25 113.07 bad
439 0.21 93.52 good
51 0.30 110.48 bad
25 0.08 114.51 bad
48 0.13 156.17 bad
658 0.25 188.48 bad
119 0.20 87.54 good
36 0.23 80.31 bad
70 0.13 114.10 bad
11 0.00 28.01 bad
150 0.15 40.03 good
263 0.31 418.19 bad
290 0.20 194.89 good
29 0.14 80.73 bad
44 0.19 211.54 good
192 0.23 163.05 good
97 0.13 192.82 bad
1909 0.14 41.11 good
216 0.44 948.64 bad
63 0.17 172.89 bad
20 0.05 53.89 bad
495 0.33 227.23 good
686 0.20 74.29 bad
81 0.14 44.83 good
1885 0.16 29.34 good
299 0.23 135.14 bad
72 0.23 155.38 bad
29 0.14 119.73 good
1780 0.30 453.60 bad
22 0.00 31.11 bad
43 0.21 245.77 good
80 0.10 74.03 good
2109 0.29 94.54 bad
461 0.30 256.16 good
91 0.20 55.29 good
45 0.14 59.06 bad
153 0.30 223.96 bad
20 0.42 758.93 bad
51 0.32 49.13 bad
248 0.25 106.33 bad
956 0.20 259.41 good
19 0.39 278.58 bad
745 0.27 440.27 bad
217 0.24 147.32 bad
25 0.08 173.53 bad
31 0.05 87.78 bad
104 0.22 188.48 bad
356 0.24 51.21 good
222 0.27 249.84 bad
145 0.28 208.64 bad
654 0.28 191.97 good
396 0.34 288.02 bad
188 0.33 282.28 good
39 0.40 198.40 good
2113 0.33 391.57 good
942 0.26 243.27 bad
219 0.27 286.97 bad
29 0.26 664.54 bad
339 0.33 385.10 good
349 0.24 114.14 good
1184 0.17 72.91 bad
5393 0.20 1238.93 good
88 0.24 170.95 bad
112 0.24 131.59 bad
201 0.15 84.03 bad
136 0.21 164.81 bad
1114 0.23 875.52 bad
19 0.12 138.45 good
34 0.14 132.92 bad
274 0.30 387.39 bad
1575 0.33 297.36 good
45 0.25 75.21 good
385 0.29 313.76 bad
320 0.20 101.09 good
768 0.20 1797.82 good
353 0.21 76.64 good
2063 0.26 209.65 good
82 0.16 73.99 bad
614 0.35 212.10 good
23 0.33 194.01 bad
795 0.34 176.74 good
1310 0.29 234.30 bad
1100 0.36 304.97 good
153 0.24 86.23 bad
364 0.18 97.95 bad
61 0.33 909.70 bad
2356 0.37 402.15 good
208 0.09 40.59 good
674 0.26 113.50 good
21 0.20 158.29 bad
638 0.19 105.22 bad
45 0.14 62.68 good
209 0.22 105.28 good