FourStarRate FiveStarRate Median Class
98
0 1 4 5 6 7 8 9 10 11 12 13 14 20 21 23 24 25 27 28 29 30 31 33 34 36 37 40 41 44 47 48 49 50 51 52 53 54 55 56 57 59 62 65 66 67 68 69 72 75 77 78 80 82 87 90 91 92 93 94 95 96 99 100 101 103 104 105 106 107 108 109 110 112 113 114 115 116 119 120 122 124 126 128 129 130 132 134 135 137 142 143 146 147 148 150 152 153
0.30 0.15 6.00 good
0.36 0.25 8.00 good
0.25 0.10 6.00 bad
0.21 0.12 6.00 good
0.18 0.23 6.00 good
0.11 0.11 6.00 bad
0.22 0.21 6.00 bad
0.30 0.02 6.00 bad
0.27 0.09 6.00 bad
0.32 0.16 6.00 bad
0.08 0.20 6.00 bad
0.13 0.09 6.00 bad
0.19 0.20 6.00 good
0.20 0.13 4.00 good
0.14 0.04 4.00 bad
0.08 0.06 4.00 good
0.13 0.11 6.00 bad
0.00 0.20 4.00 bad
0.15 0.05 4.00 good
0.31 0.27 8.00 bad
0.20 0.36 8.00 good
0.14 0.11 6.00 bad
0.19 0.09 6.00 good
0.23 0.15 6.00 good
0.13 0.03 6.00 bad
0.34 0.19 8.00 bad
0.44 0.28 8.00 bad
0.33 0.19 8.00 good
0.29 0.17 6.00 good
0.16 0.23 4.00 good
0.22 0.08 4.00 bad
0.33 0.17 6.00 bad
0.23 0.10 6.00 bad
0.14 0.07 6.00 good
0.21 0.07 6.00 bad
0.30 0.42 8.00 bad
0.00 0.10 4.00 bad
0.21 0.29 6.00 good
0.20 0.06 6.00 bad
0.10 0.13 6.00 good
0.29 0.18 6.00 bad
0.21 0.25 6.00 good
0.34 0.00 4.00 bad
0.07 0.07 4.00 bad
0.19 0.10 6.00 bad
0.25 0.42 8.00 good
0.30 0.22 8.00 bad
0.42 0.21 8.00 bad
0.20 0.35 8.00 good
0.30 0.10 6.00 good
0.27 0.37 8.00 bad
0.24 0.16 6.00 bad
0.19 0.58 10.00 bad
0.05 0.22 4.00 bad
0.19 0.27 6.00 bad
0.07 0.07 2.00 bad
0.28 0.34 8.00 good
0.29 0.42 8.00 good
0.34 0.21 8.00 bad
0.33 0.23 8.00 good
0.00 0.15 6.00 bad
0.33 0.17 8.00 good
0.26 0.17 6.00 bad
0.27 0.25 8.00 bad
0.27 0.27 8.00 bad
0.26 0.11 6.00 bad
0.04 0.09 4.00 bad
0.33 0.31 8.00 good
0.24 0.16 6.00 good
0.17 0.31 6.00 bad
0.20 0.63 10.00 good
0.24 0.10 6.00 bad
0.24 0.10 6.00 bad
0.15 0.11 6.00 bad
0.21 0.14 6.00 bad
0.23 0.60 10.00 bad
0.19 0.07 6.00 bad
0.12 0.17 6.00 good
0.33 0.29 8.00 good
0.25 0.11 6.00 good
0.29 0.25 8.00 bad
0.20 0.11 6.00 good
0.21 0.30 8.00 good
0.23 0.31 8.00 good
0.26 0.37 8.00 good
0.16 0.17 6.00 bad
0.35 0.13 6.00 good
0.34 0.18 8.00 good
0.29 0.26 8.00 bad
0.33 0.38 8.00 good
0.24 0.46 8.00 good
0.24 0.10 6.00 bad
0.37 0.19 8.00 good
0.09 0.02 4.00 good
0.06 0.08 2.00 bad
0.20 0.15 6.00 bad
0.14 0.09 6.00 good
0.22 0.12 6.00 good