BookWordCount BookScore AddListCount Class
92
1 3 4 5 7 8 11 13 15 16 18 19 20 21 22 26 27 28 30 31 32 33 37 38 39 40 41 43 46 48 49 51 52 53 55 57 60 61 62 64 65 68 70 72 73 75 77 78 79 80 81 83 84 86 87 88 90 91 92 93 94 95 96 97 100 101 108 109 110 111 112 113 115 116 117 118 120 123 125 126 127 130 131 133 138 140 141 142 148 150 152 153
289.90 7.2 492 good
52.30 6.4 38 bad
139.00 5.8 22 bad
158.50 5.6 122 good
38.90 5.8 8 bad
143.50 6.5 53 bad
13.40 6.9 15 bad
27.50 5.5 9 bad
257.20 6.6 204 bad
135.80 5.7 25 good
24.10 6.5 7 bad
122.40 6.7 70 bad
82.30 5.3 17 good
74.10 4.6 12 bad
77.70 6.5 61 bad
62.70 6.5 32 bad
147.20 4.5 31 good
53.00 7.2 73 bad
150.70 5.4 9 bad
78.00 5.8 6 good
51.10 6.8 111 bad
178.90 6.1 49 good
51.30 7.8 106 bad
80.20 5.9 19 bad
22.80 3.5 1 bad
153.10 6.7 172 good
168.40 6.7 289 good
74.40 5.1 18 good
123.50 7.1 28 good
281.40 6.8 371 bad
44.50 5.9 13 bad
84.60 5.9 42 bad
76.10 7.9 446 bad
53.70 4.0 1 bad
106.40 5.6 11 bad
293.40 6.2 551 bad
45.10 6.2 19 bad
17.00 7.5 33 good
49.60 5.3 3 bad
54.40 4.4 10 bad
72.20 4.8 22 bad
79.60 6.8 45 bad
55.40 5.9 2 bad
390.00 7.3 180 good
68.60 6.8 8 bad
39.60 6.4 8 good
1070.70 7.6 183 bad
70.00 6.2 57 bad
131.20 5.2 94 bad
144.70 8.3 193 bad
87.70 5.8 4 bad
40.80 6.6 22 bad
30.00 5.9 3 bad
129.90 7.0 53 bad
112.10 6.4 65 bad
315.30 6.7 321 good
50.40 4.0 4 bad
126.20 7.2 218 good
116.50 7.8 141 good
90.50 6.9 121 bad
63.70 7.0 57 good
99.00 5.5 4 bad
34.10 6.7 100 good
22.20 6.5 7 good
59.90 7.0 8 bad
219.60 7.1 65 bad
446.50 8.7 1586 good
101.10 6.0 34 bad
133.50 5.8 31 bad
148.90 5.8 53 good
107.80 5.4 63 bad
247.80 6.1 25 bad
119.20 5.5 76 bad
118.30 6.0 7 good
59.10 5.5 5 bad
92.20 6.5 112 bad
85.80 5.6 15 good
153.40 7.0 32 good
65.70 8.9 149 good
89.70 6.4 48 good
34.20 7.4 146 good
46.30 5.7 11 bad
195.70 4.4 5 good
145.80 5.9 1 bad
212.90 5.7 53 bad
43.40 6.4 7 bad
25.10 6.9 19 bad
518.00 7.8 365 good
209.90 3.3 54 bad
44.60 6.1 5 bad
163.50 5.1 12 good
73.20 5.7 50 good