FourStarRate FiveStarRate Mode Class
105
1 2 3 5 6 7 8 9 10 11 14 15 16 17 19 22 24 25 26 27 28 29 31 32 36 37 38 39 40 41 42 45 48 49 51 52 53 54 55 56 57 61 63 66 67 68 69 71 72 73 75 76 78 79 81 82 84 85 86 87 88 90 91 92 93 95 96 100 102 103 105 106 107 108 109 110 111 112 113 114 115 116 118 120 121 122 123 124 127 128 130 131 132 135 136 138 141 142 143 144 145 146 149 150 153
0.36 0.25 8.00 good
0.24 0.15 6.00 bad
0.27 0.18 8.00 bad
0.21 0.12 6.00 good
0.18 0.23 2.00 good
0.11 0.11 6.00 bad
0.22 0.21 6.00 bad
0.30 0.02 8.00 bad
0.27 0.09 8.00 bad
0.32 0.16 6.00 bad
0.19 0.20 2.00 good
0.25 0.23 6.00 bad
0.20 0.14 6.00 good
0.23 0.12 8.00 bad
0.22 0.28 10.00 bad
0.28 0.11 6.00 bad
0.13 0.11 6.00 bad
0.00 0.20 2.00 bad
0.18 0.19 6.00 bad
0.15 0.05 2.00 good
0.31 0.27 8.00 bad
0.20 0.36 10.00 good
0.19 0.09 6.00 good
0.39 0.13 8.00 bad
0.34 0.19 8.00 bad
0.44 0.28 8.00 bad
0.17 0.13 4.00 bad
0.05 0.00 2.00 bad
0.33 0.19 8.00 good
0.29 0.17 6.00 good
0.20 0.11 2.00 bad
0.23 0.10 6.00 bad
0.33 0.17 8.00 bad
0.23 0.10 6.00 bad
0.21 0.07 6.00 bad
0.30 0.42 10.00 bad
0.00 0.10 2.00 bad
0.21 0.29 6.00 good
0.20 0.06 6.00 bad
0.10 0.13 6.00 good
0.29 0.18 8.00 bad
0.44 0.21 8.00 good
0.20 0.30 2.00 good
0.19 0.10 6.00 bad
0.25 0.42 10.00 good
0.30 0.22 8.00 bad
0.42 0.21 8.00 bad
0.25 0.17 8.00 bad
0.20 0.35 10.00 good
0.39 0.17 8.00 bad
0.30 0.10 6.00 good
0.36 0.24 8.00 good
0.24 0.16 6.00 bad
0.17 0.10 2.00 bad
0.08 0.13 6.00 bad
0.05 0.22 4.00 bad
0.19 0.14 6.00 bad
0.24 0.10 2.00 good
0.27 0.26 6.00 bad
0.19 0.27 10.00 bad
0.23 0.30 10.00 good
0.07 0.07 2.00 bad
0.28 0.34 10.00 good
0.29 0.42 10.00 good
0.34 0.21 8.00 bad
0.00 0.15 6.00 bad
0.33 0.17 8.00 good
0.27 0.25 6.00 bad
0.21 0.08 2.00 good
0.26 0.11 6.00 bad
0.33 0.31 8.00 good
0.24 0.16 6.00 good
0.17 0.31 10.00 bad
0.20 0.63 10.00 good
0.24 0.10 6.00 bad
0.24 0.10 6.00 bad
0.26 0.12 8.00 good
0.15 0.11 6.00 bad
0.21 0.14 6.00 bad
0.23 0.60 10.00 bad
0.19 0.07 6.00 bad
0.12 0.17 6.00 good
0.30 0.11 6.00 bad
0.25 0.11 8.00 good
0.08 0.02 6.00 bad
0.29 0.25 8.00 bad
0.30 0.20 6.00 good
0.20 0.11 6.00 good
0.26 0.36 10.00 good
0.23 0.31 10.00 good
0.16 0.17 6.00 bad
0.11 0.06 4.00 good
0.35 0.13 8.00 good
0.29 0.26 8.00 bad
0.05 0.09 6.00 bad
0.19 0.18 2.00 bad
0.49 0.15 8.00 bad
0.24 0.46 10.00 good
0.24 0.10 8.00 bad
0.18 0.09 6.00 bad
0.33 0.08 6.00 bad
0.37 0.19 8.00 good
0.26 0.15 8.00 good
0.20 0.15 6.00 bad
0.22 0.12 6.00 good