BookScoreCount FourStarRate Median Class
101
0 2 3 5 6 7 9 10 11 12 14 15 17 18 20 22 23 26 27 28 29 33 34 36 37 40 41 43 45 46 48 50 51 53 55 56 58 59 60 61 63 65 67 69 70 71 73 74 75 76 77 78 79 82 83 85 86 88 89 90 91 92 93 94 95 96 97 100 103 104 105 106 109 111 113 114 115 116 117 119 120 121 124 125 128 130 131 132 135 136 138 139 140 141 142 144 145 147 149 151 153
568 0.30 6.00 good
47 0.24 6.00 bad
129 0.27 6.00 bad
439 0.21 6.00 good
187 0.18 6.00 good
27 0.11 6.00 bad
51 0.30 6.00 bad
78 0.27 6.00 bad
51 0.32 6.00 bad
25 0.08 6.00 bad
454 0.19 6.00 good
658 0.25 6.00 bad
36 0.23 6.00 bad
23 0.14 6.00 bad
112 0.20 4.00 good
159 0.28 6.00 bad
116 0.08 4.00 good
100 0.18 6.00 bad
150 0.15 4.00 good
263 0.31 8.00 bad
290 0.20 8.00 good
192 0.23 6.00 good
97 0.13 6.00 bad
223 0.34 8.00 bad
216 0.44 8.00 bad
495 0.33 8.00 good
670 0.29 6.00 good
81 0.14 6.00 good
299 0.23 6.00 bad
108 0.33 8.00 good
1248 0.33 6.00 bad
29 0.14 6.00 good
133 0.21 6.00 bad
22 0.00 4.00 bad
55 0.20 6.00 bad
80 0.10 6.00 good
461 0.30 8.00 good
484 0.21 6.00 good
108 0.20 6.00 bad
86 0.44 8.00 good
91 0.20 6.00 good
82 0.07 4.00 bad
90 0.25 8.00 good
20 0.42 8.00 bad
51 0.32 8.00 bad
248 0.25 6.00 bad
19 0.39 8.00 bad
46 0.31 6.00 bad
21 0.30 6.00 good
429 0.36 8.00 good
745 0.27 8.00 bad
217 0.24 6.00 bad
531 0.17 6.00 bad
31 0.05 4.00 bad
104 0.22 6.00 bad
356 0.24 4.00 good
222 0.27 8.00 bad
1636 0.23 8.00 good
145 0.28 6.00 bad
16 0.07 2.00 bad
654 0.28 8.00 good
527 0.29 8.00 good
396 0.34 8.00 bad
218 0.33 8.00 good
13 0.00 6.00 bad
188 0.33 8.00 good
39 0.40 8.00 good
42 0.27 8.00 bad
29 0.26 6.00 bad
25 0.04 4.00 bad
339 0.33 8.00 good
349 0.24 6.00 good
88 0.24 6.00 bad
182 0.26 6.00 good
136 0.21 6.00 bad
1114 0.23 10.00 bad
282 0.19 6.00 bad
19 0.12 6.00 good
34 0.14 6.00 bad
1575 0.33 8.00 good
45 0.25 6.00 good
59 0.08 4.00 bad
320 0.20 6.00 good
768 0.20 10.00 good
607 0.23 8.00 good
82 0.16 6.00 bad
31 0.11 4.00 good
614 0.35 6.00 good
1310 0.29 8.00 bad
68 0.05 4.00 bad
328 0.19 6.00 bad
1100 0.36 8.00 good
21 0.54 8.00 bad
83 0.49 8.00 bad
2366 0.24 8.00 good
364 0.18 6.00 bad
61 0.33 6.00 bad
208 0.09 4.00 good
674 0.26 6.00 good
638 0.19 8.00 bad
209 0.22 6.00 good