BookScoreCount TwoStarRate Median Class
103
1 2 3 4 5 7 8 9 10 11 12 13 14 16 18 19 20 21 22 25 26 28 29 30 31 33 34 35 37 38 39 40 43 45 46 47 48 49 50 51 52 53 54 57 59 63 64 65 69 71 72 73 74 75 76 78 79 80 81 83 84 85 90 92 93 95 96 98 100 104 105 106 108 112 113 114 116 118 120 122 123 124 125 126 127 129 130 131 133 134 137 138 139 140 141 143 144 145 146 148 151 152 153
967 0.08 8.00 good
47 0.10 6.00 bad
129 0.12 6.00 bad
78 0.09 6.00 bad
439 0.20 6.00 good
27 0.15 6.00 bad
177 0.16 6.00 bad
51 0.18 6.00 bad
78 0.26 6.00 bad
51 0.04 6.00 bad
25 0.08 6.00 bad
48 0.24 6.00 bad
454 0.14 6.00 good
119 0.22 6.00 good
23 0.17 6.00 bad
250 0.18 6.00 bad
112 0.20 4.00 good
44 0.37 4.00 bad
159 0.15 6.00 bad
11 0.20 4.00 bad
100 0.09 6.00 bad
263 0.11 8.00 bad
290 0.10 8.00 good
29 0.18 6.00 bad
44 0.30 6.00 good
192 0.20 6.00 good
97 0.30 6.00 bad
1909 0.12 6.00 good
216 0.03 8.00 bad
63 0.35 6.00 bad
20 0.26 2.00 bad
495 0.12 8.00 good
81 0.13 6.00 good
299 0.20 6.00 bad
108 0.07 8.00 good
79 0.28 4.00 bad
1248 0.09 6.00 bad
72 0.10 6.00 bad
29 0.28 6.00 good
133 0.30 6.00 bad
1780 0.04 8.00 bad
22 0.33 4.00 bad
43 0.05 6.00 good
2109 0.07 6.00 bad
484 0.21 6.00 good
91 0.07 6.00 good
45 0.27 4.00 bad
82 0.28 4.00 bad
20 0.05 8.00 bad
248 0.12 6.00 bad
956 0.08 8.00 good
19 0.11 8.00 bad
46 0.22 6.00 bad
21 0.10 6.00 good
429 0.07 8.00 good
217 0.10 6.00 bad
531 0.19 6.00 bad
714 0.03 10.00 bad
25 0.08 6.00 bad
104 0.17 6.00 bad
21 0.14 6.00 bad
356 0.19 4.00 good
16 0.13 2.00 bad
527 0.04 8.00 good
396 0.08 8.00 bad
13 0.23 6.00 bad
188 0.11 8.00 good
2113 0.08 8.00 good
42 0.02 8.00 bad
25 0.31 4.00 bad
339 0.08 8.00 good
349 0.14 6.00 good
5393 0.02 10.00 good
201 0.20 6.00 bad
136 0.13 6.00 bad
1114 0.02 10.00 bad
19 0.12 6.00 good
274 0.11 6.00 bad
45 0.18 6.00 good
385 0.10 8.00 bad
93 0.08 6.00 good
320 0.19 6.00 good
768 0.02 10.00 good
353 0.06 8.00 good
387 0.06 8.00 good
2063 0.07 8.00 good
82 0.13 6.00 bad
31 0.41 4.00 good
23 0.13 6.00 bad
795 0.12 8.00 good
1641 0.05 8.00 good
328 0.10 6.00 bad
1100 0.07 8.00 good
21 0.30 8.00 bad
83 0.03 8.00 bad
153 0.21 6.00 bad
364 0.25 6.00 bad
61 0.10 6.00 bad
2356 0.09 8.00 good
1080 0.03 2.00 bad
638 0.07 8.00 bad
45 0.19 6.00 good
209 0.22 6.00 good