BookScore AddListCount FourStarRate Class
100
1 3 4 6 7 9 10 11 15 16 17 18 20 21 23 24 25 26 27 29 31 32 36 37 38 39 41 43 45 46 48 49 50 51 52 53 54 55 57 60 62 63 64 66 67 73 74 75 76 77 79 80 81 82 83 84 85 86 88 90 93 94 95 97 98 99 101 103 104 106 108 109 111 112 115 116 118 119 120 121 123 125 127 128 130 131 132 135 136 139 140 141 142 145 146 147 149 150 152 153
7.2 492 0.36 good
6.4 38 0.27 bad
5.8 22 0.25 bad
6.0 42 0.18 good
5.8 8 0.11 bad
5.4 14 0.30 bad
5.8 25 0.27 bad
6.9 15 0.32 bad
6.6 204 0.25 bad
5.7 25 0.20 good
5.6 10 0.23 bad
6.5 7 0.14 bad
5.3 17 0.20 good
4.6 12 0.14 bad
4.7 32 0.08 good
5.5 23 0.13 bad
4.8 2 0.00 bad
6.5 32 0.18 bad
4.5 31 0.15 good
7.1 68 0.20 good
5.8 6 0.19 good
6.8 111 0.39 bad
6.7 63 0.34 bad
7.8 106 0.44 bad
5.9 19 0.17 bad
3.5 1 0.05 bad
6.7 289 0.29 good
5.1 18 0.14 good
5.8 93 0.23 bad
7.1 28 0.33 good
6.8 371 0.33 bad
5.9 13 0.23 bad
5.3 7 0.14 good
5.9 42 0.21 bad
7.9 446 0.30 bad
4.0 1 0.00 bad
7.0 9 0.21 good
5.6 11 0.20 bad
6.2 551 0.29 bad
6.2 19 0.20 bad
5.3 3 0.34 bad
6.2 21 0.20 good
4.4 10 0.14 bad
5.9 2 0.19 bad
7.6 17 0.25 good
6.8 8 0.39 bad
6.1 16 0.31 bad
6.4 8 0.30 good
6.8 110 0.36 good
7.6 183 0.27 bad
5.2 94 0.17 bad
8.3 193 0.19 bad
5.8 4 0.08 bad
5.6 3 0.05 bad
6.6 22 0.22 bad
5.9 3 0.19 bad
5.2 55 0.24 good
7.0 53 0.27 bad
6.7 321 0.23 good
4.0 4 0.07 bad
6.9 121 0.34 bad
7.0 57 0.33 good
5.5 4 0.00 bad
6.5 7 0.40 good
7.3 558 0.33 good
6.5 253 0.26 bad
7.1 65 0.27 bad
6.6 6 0.26 bad
4.9 5 0.04 bad
6.0 102 0.24 good
8.7 1586 0.20 good
6.0 34 0.24 bad
5.8 53 0.26 good
5.4 63 0.15 bad
5.5 76 0.19 bad
6.0 7 0.12 good
6.5 112 0.30 bad
7.3 274 0.33 good
5.6 15 0.25 good
4.5 14 0.08 bad
7.0 32 0.30 good
8.9 149 0.20 good
7.4 146 0.26 good
6.5 108 0.23 good
5.7 11 0.16 bad
4.4 5 0.11 good
6.4 131 0.35 good
7.0 293 0.29 bad
4.8 9 0.05 bad
7.0 206 0.36 good
6.4 7 0.54 bad
6.9 19 0.49 bad
7.8 365 0.24 good
6.7 28 0.33 bad
7.0 710 0.37 good
3.9 26 0.09 good
6.0 178 0.26 good
6.1 5 0.20 bad
5.1 12 0.14 good
5.7 50 0.22 good