BookScore AddListCount Kurtosis Class
95
2 4 8 12 14 16 20 21 22 23 24 25 26 27 28 29 30 31 32 33 34 37 39 40 41 42 43 44 46 47 48 49 52 53 54 56 57 58 60 61 62 63 65 66 67 69 71 74 75 76 77 78 82 83 84 86 88 90 91 94 95 96 98 99 101 102 103 104 106 107 108 109 110 112 117 118 122 123 124 126 127 128 131 133 134 135 136 137 138 142 145 146 150 151 153
6.4 12 267.71 bad
5.8 22 113.07 bad
6.5 53 196.73 bad
6.0 12 114.51 bad
5.9 136 68.44 good
5.7 25 87.54 good
5.3 17 48.29 good
4.6 12 66.70 bad
6.5 61 468.11 bad
4.7 32 78.49 good
5.5 23 114.10 bad
4.8 2 28.01 bad
6.5 32 249.04 bad
4.5 31 40.03 good
7.2 73 418.19 bad
7.1 68 194.89 good
5.4 9 80.73 bad
5.8 6 211.54 good
6.8 111 404.81 bad
6.1 49 163.05 good
5.1 24 192.82 bad
7.8 106 948.64 bad
3.5 1 53.89 bad
6.7 172 227.23 good
6.7 289 389.04 good
5.4 215 74.29 bad
5.1 18 44.83 good
5.4 242 29.34 good
7.1 28 218.67 good
5.3 20 85.63 bad
6.8 371 362.40 bad
5.9 13 155.38 bad
7.9 446 453.60 bad
4.0 1 31.11 bad
7.0 9 245.77 good
5.3 13 74.03 good
6.2 551 94.54 bad
7.5 70 256.16 good
6.2 19 95.85 bad
7.5 33 1104.85 good
5.3 3 199.64 bad
6.2 21 55.29 good
4.8 22 77.07 bad
5.9 2 204.65 bad
7.6 17 278.88 good
7.4 5 758.93 bad
6.1 119 106.33 bad
6.1 16 393.48 bad
6.4 8 344.01 good
6.8 110 159.36 good
7.6 183 440.27 bad
6.2 57 147.32 bad
5.6 3 87.78 bad
6.6 22 188.48 bad
5.9 3 116.65 bad
7.0 53 249.84 bad
6.7 321 118.81 good
4.0 4 25.57 bad
7.2 218 191.97 good
7.0 57 299.63 good
5.5 4 128.84 bad
6.7 100 282.28 good
7.3 558 391.57 good
6.5 253 243.27 bad
7.1 65 286.97 bad
5.3 39 65.28 good
6.6 6 664.54 bad
4.9 5 92.39 bad
6.0 102 114.14 good
6.4 188 72.91 bad
8.7 1586 1238.93 good
6.0 34 170.95 bad
5.8 31 131.59 bad
5.4 63 84.03 bad
5.5 5 132.92 bad
6.5 112 387.39 bad
7.0 126 313.76 bad
7.0 32 502.72 good
5.6 57 101.09 good
6.4 48 76.64 good
7.4 146 319.05 good
6.5 108 82.37 good
4.4 5 58.14 good
5.9 1 194.01 bad
6.5 168 176.74 good
7.0 293 234.30 bad
4.8 9 63.17 bad
7.8 303 478.73 good
5.7 53 56.35 bad
7.8 365 364.52 good
6.7 28 909.70 bad
7.0 710 402.15 good
6.1 5 158.29 bad
6.8 125 105.22 bad
5.7 50 105.28 good