BookWordCount FourStarRate Kurtosis Class
98
0 1 2 3 5 9 11 14 15 17 18 19 22 23 24 25 26 27 28 29 30 31 34 41 42 43 44 46 49 50 51 52 55 56 58 59 60 61 62 63 64 66 67 68 70 71 74 77 81 82 83 87 88 89 90 91 92 93 94 95 96 98 99 100 101 102 103 104 107 108 110 111 112 114 115 116 117 118 120 122 124 125 126 127 128 131 133 138 140 141 142 146 147 148 149 150 151 152
177.20 0.30 200.91 good
289.90 0.36 406.22 good
48.30 0.24 267.71 bad
52.30 0.27 155.27 bad
158.50 0.21 93.52 good
21.30 0.30 110.48 bad
13.40 0.32 491.68 bad
123.80 0.19 68.44 good
257.20 0.25 188.48 bad
33.60 0.23 80.31 bad
24.10 0.14 137.29 bad
122.40 0.22 181.41 bad
77.70 0.28 468.11 bad
122.20 0.08 78.49 good
74.80 0.13 114.10 bad
35.90 0.00 28.01 bad
62.70 0.18 249.04 bad
147.20 0.15 40.03 good
53.00 0.31 418.19 bad
233.90 0.20 194.89 good
150.70 0.14 80.73 bad
78.00 0.19 211.54 good
154.60 0.13 192.82 bad
168.40 0.29 389.04 good
300.10 0.20 74.29 bad
74.40 0.14 44.83 good
296.80 0.16 29.34 good
123.50 0.33 218.67 good
44.50 0.23 155.38 bad
51.90 0.14 119.73 good
84.60 0.21 339.26 bad
76.10 0.30 453.60 bad
106.40 0.20 182.02 bad
40.40 0.10 74.03 good
63.50 0.30 256.16 good
133.40 0.21 148.52 good
45.10 0.20 95.85 bad
17.00 0.44 1104.85 good
49.60 0.34 199.64 bad
108.60 0.20 55.29 good
54.40 0.14 59.06 bad
34.80 0.19 204.65 bad
16.80 0.25 278.88 good
79.60 0.30 223.96 bad
55.40 0.32 49.13 bad
98.90 0.25 106.33 bad
49.30 0.31 393.48 bad
1070.70 0.27 440.27 bad
87.70 0.08 173.53 bad
183.00 0.05 87.78 bad
40.80 0.22 188.48 bad
112.10 0.19 95.46 bad
315.30 0.23 118.81 good
153.20 0.28 208.64 bad
50.40 0.07 25.57 bad
126.20 0.28 191.97 good
116.50 0.29 444.03 good
90.50 0.34 288.02 bad
63.70 0.33 299.63 good
99.00 0.00 128.84 bad
34.10 0.33 282.28 good
170.60 0.33 391.57 good
181.90 0.26 243.27 bad
59.90 0.27 297.05 bad
219.60 0.27 286.97 bad
78.10 0.21 65.28 good
21.40 0.26 664.54 bad
150.50 0.04 92.39 bad
310.00 0.17 72.91 bad
446.50 0.20 1238.93 good
133.50 0.24 131.59 bad
148.90 0.26 113.09 good
107.80 0.15 84.03 bad
31.70 0.23 875.52 bad
119.20 0.19 125.49 bad
118.30 0.12 138.45 good
59.10 0.14 132.92 bad
92.20 0.30 387.39 bad
85.80 0.25 75.21 good
79.20 0.29 313.76 bad
223.00 0.20 101.09 good
65.70 0.20 1797.82 good
89.70 0.21 76.64 good
34.20 0.26 319.05 good
296.70 0.23 82.37 good
195.70 0.11 58.14 good
145.80 0.33 194.01 bad
212.90 0.19 56.35 bad
43.40 0.54 361.68 bad
25.10 0.49 311.51 bad
518.00 0.24 364.52 good
477.20 0.37 402.15 good
154.00 0.09 40.59 good
209.90 0.06 9.99 bad
382.10 0.26 113.50 good
44.60 0.20 158.29 bad
93.00 0.19 105.22 bad
163.50 0.14 62.68 good