BookScoreCount FourStarRate FiveStarRate Class
97
0 1 2 3 5 6 7 9 10 11 12 13 14 16 17 19 21 23 24 26 29 30 33 34 35 37 38 40 41 43 45 46 47 49 50 55 57 58 60 63 64 65 66 67 68 69 71 74 75 76 77 78 81 82 83 84 85 89 90 92 93 95 96 97 99 100 101 103 104 105 108 109 110 113 117 118 123 124 125 126 127 129 131 132 133 134 135 138 140 141 142 146 147 148 149 151 152
568 0.30 0.15 good
967 0.36 0.25 good
47 0.24 0.15 bad
129 0.27 0.18 bad
439 0.21 0.12 good
187 0.18 0.23 good
27 0.11 0.11 bad
51 0.30 0.02 bad
78 0.27 0.09 bad
51 0.32 0.16 bad
25 0.08 0.20 bad
48 0.13 0.09 bad
454 0.19 0.20 good
119 0.20 0.14 good
36 0.23 0.12 bad
250 0.22 0.28 bad
44 0.14 0.04 bad
116 0.08 0.06 good
70 0.13 0.11 bad
100 0.18 0.19 bad
290 0.20 0.36 good
29 0.14 0.11 bad
192 0.23 0.15 good
97 0.13 0.03 bad
1909 0.14 0.21 good
216 0.44 0.28 bad
63 0.17 0.13 bad
495 0.33 0.19 good
670 0.29 0.17 good
81 0.14 0.14 good
299 0.23 0.10 bad
108 0.33 0.27 good
79 0.22 0.08 bad
72 0.23 0.10 bad
29 0.14 0.07 good
55 0.20 0.06 bad
2109 0.29 0.18 bad
461 0.30 0.37 good
108 0.20 0.23 bad
91 0.20 0.30 good
45 0.14 0.02 bad
82 0.07 0.07 bad
21 0.19 0.10 bad
90 0.25 0.42 good
153 0.30 0.22 bad
20 0.42 0.21 bad
248 0.25 0.17 bad
46 0.31 0.04 bad
21 0.30 0.10 good
429 0.36 0.24 good
745 0.27 0.37 bad
217 0.24 0.16 bad
25 0.08 0.13 bad
31 0.05 0.22 bad
104 0.22 0.22 bad
21 0.19 0.14 bad
356 0.24 0.10 good
145 0.28 0.17 bad
16 0.07 0.07 bad
527 0.29 0.42 good
396 0.34 0.21 bad
13 0.00 0.15 bad
188 0.33 0.17 good
39 0.40 0.13 good
942 0.26 0.17 bad
42 0.27 0.25 bad
219 0.27 0.27 bad
29 0.26 0.11 bad
25 0.04 0.09 bad
339 0.33 0.31 good
5393 0.20 0.63 good
88 0.24 0.10 bad
112 0.24 0.10 bad
136 0.21 0.14 bad
34 0.14 0.09 bad
274 0.30 0.11 bad
93 0.30 0.20 good
320 0.20 0.11 good
768 0.20 0.67 good
353 0.21 0.30 good
387 0.26 0.36 good
2063 0.26 0.37 good
31 0.11 0.06 good
614 0.35 0.13 good
23 0.33 0.04 bad
795 0.34 0.18 good
1310 0.29 0.26 bad
328 0.19 0.18 bad
21 0.54 0.05 bad
83 0.49 0.15 bad
2366 0.24 0.46 good
2356 0.37 0.19 good
208 0.09 0.02 good
1080 0.06 0.08 bad
674 0.26 0.15 good
638 0.19 0.37 bad
45 0.14 0.09 good