BookScoreCount TwoStarRate FiveStarRate Class
99
0 1 4 5 7 8 9 10 11 12 13 15 17 18 22 23 25 27 29 30 32 34 35 36 37 39 41 42 43 44 45 47 48 50 51 52 56 57 61 63 65 67 68 70 71 72 73 75 77 79 80 82 84 85 86 87 88 90 91 92 93 94 95 96 97 99 101 102 103 104 107 108 110 111 113 119 120 121 122 123 125 126 127 128 130 132 133 135 136 137 141 142 143 144 145 147 149 151 152
568 0.15 0.15 good
967 0.08 0.25 good
78 0.09 0.10 bad
439 0.20 0.12 good
27 0.15 0.11 bad
177 0.16 0.21 bad
51 0.18 0.02 bad
78 0.26 0.09 bad
51 0.04 0.16 bad
25 0.08 0.20 bad
48 0.24 0.09 bad
658 0.13 0.23 bad
36 0.22 0.12 bad
23 0.17 0.28 bad
159 0.15 0.11 bad
116 0.31 0.06 good
11 0.20 0.20 bad
150 0.17 0.05 good
290 0.10 0.36 good
29 0.18 0.11 bad
292 0.09 0.13 bad
97 0.30 0.03 bad
1909 0.12 0.21 good
223 0.10 0.19 bad
216 0.03 0.28 bad
20 0.26 0.00 bad
670 0.14 0.17 good
686 0.17 0.11 bad
81 0.13 0.14 good
1885 0.07 0.23 good
299 0.20 0.10 bad
79 0.28 0.08 bad
1248 0.09 0.17 bad
29 0.28 0.07 good
133 0.30 0.07 bad
1780 0.04 0.42 bad
80 0.20 0.13 good
2109 0.07 0.18 bad
86 0.08 0.21 good
91 0.07 0.30 good
82 0.28 0.07 bad
90 0.06 0.42 good
153 0.11 0.22 bad
51 0.10 0.20 bad
248 0.12 0.17 bad
956 0.08 0.35 good
19 0.11 0.17 bad
21 0.10 0.10 good
745 0.07 0.37 bad
531 0.19 0.10 bad
714 0.03 0.58 bad
31 0.41 0.22 bad
21 0.14 0.14 bad
356 0.19 0.10 good
222 0.03 0.26 bad
182 0.09 0.27 bad
1636 0.10 0.30 good
16 0.13 0.07 bad
654 0.08 0.34 good
527 0.04 0.42 good
396 0.08 0.21 bad
218 0.11 0.23 good
13 0.23 0.15 bad
188 0.11 0.17 good
39 0.03 0.13 good
942 0.12 0.17 bad
219 0.10 0.27 bad
225 0.14 0.08 good
29 0.08 0.11 bad
25 0.31 0.09 bad
1184 0.12 0.31 bad
5393 0.02 0.63 good
112 0.21 0.10 bad
182 0.16 0.12 good
136 0.13 0.14 bad
1575 0.06 0.29 good
45 0.18 0.11 good
59 0.30 0.02 bad
385 0.10 0.25 bad
93 0.08 0.20 good
768 0.02 0.67 good
353 0.06 0.30 good
387 0.06 0.36 good
607 0.08 0.31 good
82 0.13 0.17 bad
614 0.14 0.13 good
23 0.13 0.04 bad
1310 0.09 0.26 bad
68 0.24 0.09 bad
1641 0.05 0.38 good
83 0.03 0.15 bad
2366 0.05 0.46 good
153 0.21 0.10 bad
364 0.25 0.09 bad
61 0.10 0.08 bad
208 0.22 0.02 good
674 0.18 0.15 good
638 0.07 0.37 bad
45 0.19 0.09 good