BookScoreCount TwoStarRate ThreeStarRate Class
98
0 5 7 8 10 13 14 15 16 17 18 19 20 21 22 23 24 27 31 33 35 36 38 39 41 42 43 44 45 46 47 48 49 52 54 56 57 58 59 60 61 62 65 66 67 68 69 71 73 74 75 77 81 82 83 85 86 88 90 92 93 95 99 102 103 104 105 106 107 112 113 115 116 117 119 121 125 126 127 128 130 131 133 134 135 136 137 138 139 140 142 143 144 145 147 148 152 153
568 0.15 0.28 good
439 0.20 0.26 good
27 0.15 0.48 bad
177 0.16 0.30 bad
78 0.26 0.23 bad
48 0.24 0.39 bad
454 0.14 0.21 good
658 0.13 0.27 bad
119 0.22 0.23 good
36 0.22 0.20 bad
23 0.17 0.28 bad
250 0.18 0.22 bad
112 0.20 0.15 good
44 0.37 0.16 bad
159 0.15 0.40 bad
116 0.31 0.28 good
70 0.21 0.36 bad
150 0.17 0.21 good
44 0.30 0.33 good
192 0.20 0.29 good
1909 0.12 0.18 good
223 0.10 0.23 bad
63 0.35 0.27 bad
20 0.26 0.16 bad
670 0.14 0.34 good
686 0.17 0.26 bad
81 0.13 0.24 good
1885 0.07 0.11 good
299 0.20 0.30 bad
108 0.07 0.19 good
79 0.28 0.20 bad
1248 0.09 0.33 bad
72 0.10 0.39 bad
1780 0.04 0.15 bad
43 0.05 0.33 good
80 0.20 0.32 good
2109 0.07 0.21 bad
461 0.05 0.14 good
484 0.21 0.21 good
108 0.21 0.18 bad
86 0.08 0.25 good
13 0.50 0.08 bad
82 0.28 0.31 bad
21 0.14 0.43 bad
90 0.06 0.16 good
153 0.11 0.25 bad
20 0.05 0.26 bad
248 0.12 0.25 bad
19 0.11 0.22 bad
46 0.22 0.36 bad
21 0.10 0.40 good
745 0.07 0.22 bad
25 0.08 0.54 bad
31 0.41 0.20 bad
104 0.17 0.28 bad
356 0.19 0.15 good
222 0.03 0.30 bad
1636 0.10 0.18 good
16 0.13 0.20 bad
527 0.04 0.16 good
396 0.08 0.26 bad
13 0.23 0.46 bad
942 0.12 0.34 bad
225 0.14 0.26 good
29 0.08 0.50 bad
25 0.31 0.34 bad
339 0.08 0.19 good
349 0.14 0.27 good
1184 0.12 0.15 bad
201 0.20 0.30 bad
136 0.13 0.36 bad
282 0.19 0.35 bad
19 0.12 0.42 good
34 0.11 0.45 bad
1575 0.06 0.20 good
59 0.30 0.32 bad
768 0.02 0.08 good
353 0.06 0.16 good
387 0.06 0.22 good
607 0.08 0.13 good
82 0.13 0.28 bad
31 0.41 0.13 good
23 0.13 0.33 bad
795 0.12 0.21 good
1310 0.09 0.24 bad
68 0.24 0.32 bad
1641 0.05 0.15 good
328 0.10 0.22 bad
1100 0.07 0.24 good
21 0.30 0.07 bad
2366 0.05 0.15 good
153 0.21 0.22 bad
364 0.25 0.27 bad
61 0.10 0.45 bad
208 0.22 0.19 good
1080 0.03 0.04 bad
45 0.19 0.28 good
209 0.22 0.25 good