BookWordCount AddListCount Mode Class
99
0 1 4 5 6 7 9 10 12 13 14 16 17 18 19 20 21 23 26 27 29 30 31 32 35 36 38 40 41 42 43 44 45 46 49 50 51 53 54 55 56 57 59 60 63 64 65 66 68 70 71 73 74 77 78 80 82 83 84 86 87 88 89 91 92 93 95 100 101 104 105 106 107 109 113 115 118 121 122 124 127 128 129 131 132 133 134 135 137 138 139 140 141 146 148 149 150 151 153
177.20 214 8.00 good
289.90 492 8.00 good
139.00 22 6.00 bad
158.50 122 6.00 good
59.60 42 2.00 good
38.90 8 6.00 bad
21.30 14 8.00 bad
82.50 25 8.00 bad
21.80 12 6.00 bad
27.50 9 6.00 bad
123.80 136 2.00 good
135.80 25 6.00 good
33.60 10 8.00 bad
24.10 7 10.00 bad
122.40 70 10.00 bad
82.30 17 2.00 good
74.10 12 4.00 bad
122.20 32 4.00 good
62.70 32 6.00 bad
147.20 31 2.00 good
233.90 68 10.00 good
150.70 9 6.00 bad
78.00 6 6.00 good
51.10 111 8.00 bad
713.10 254 2.00 good
87.00 63 8.00 bad
80.20 19 4.00 bad
153.10 172 8.00 good
168.40 289 6.00 good
300.10 215 2.00 bad
74.40 18 2.00 good
296.80 242 2.00 good
380.50 93 6.00 bad
123.50 28 8.00 good
44.50 13 6.00 bad
51.90 7 6.00 good
84.60 42 6.00 bad
53.70 1 2.00 bad
13.00 9 6.00 good
106.40 11 6.00 bad
40.40 13 6.00 good
293.40 551 8.00 bad
133.40 138 10.00 good
45.10 19 10.00 bad
108.60 21 2.00 good
54.40 10 2.00 bad
72.20 22 6.00 bad
34.80 2 6.00 bad
79.60 45 8.00 bad
55.40 2 2.00 bad
98.90 119 8.00 bad
68.60 8 8.00 bad
49.30 16 6.00 bad
1070.70 183 10.00 bad
70.00 57 6.00 bad
144.70 193 10.00 bad
183.00 3 4.00 bad
40.80 22 6.00 bad
30.00 3 6.00 bad
129.90 53 6.00 bad
112.10 65 10.00 bad
315.30 321 10.00 good
153.20 49 8.00 bad
126.20 218 10.00 good
116.50 141 10.00 good
90.50 121 8.00 bad
99.00 4 6.00 bad
59.90 8 6.00 bad
219.60 65 10.00 bad
150.50 5 6.00 bad
198.70 98 8.00 good
64.40 102 6.00 good
310.00 188 10.00 bad
101.10 34 6.00 bad
247.80 25 6.00 bad
119.20 76 6.00 bad
92.20 112 6.00 bad
145.90 14 6.00 bad
79.20 126 8.00 bad
223.00 57 6.00 good
34.20 146 10.00 good
296.70 108 10.00 good
322.80 510 10.00 good
195.70 5 4.00 good
237.20 131 8.00 good
145.80 1 8.00 bad
179.50 168 8.00 good
335.20 293 8.00 bad
448.70 303 10.00 good
212.90 53 2.00 bad
130.30 206 8.00 good
43.40 7 8.00 bad
25.10 19 8.00 bad
477.20 710 8.00 good
209.90 54 2.00 bad
382.10 178 8.00 good
44.60 5 6.00 bad
93.00 125 10.00 bad
73.20 50 6.00 good