BookScore AddListCount TwoStarRate Class
99
0 2 3 4 5 6 7 9 12 13 15 17 19 20 21 23 24 25 26 27 29 31 32 33 35 38 39 40 41 43 45 46 47 48 49 50 51 53 54 56 58 59 61 62 63 64 65 66 69 71 72 73 75 76 78 84 85 89 90 92 93 94 95 98 99 102 103 104 105 108 109 111 112 116 117 118 121 122 123 124 126 127 128 129 133 135 136 137 138 140 141 142 143 144 146 147 148 152 153
6.4 214 0.15 good
6.4 12 0.10 bad
6.4 38 0.12 bad
5.8 22 0.09 bad
5.6 122 0.20 good
6.0 42 0.14 good
5.8 8 0.15 bad
5.4 14 0.18 bad
6.0 12 0.08 bad
5.5 9 0.24 bad
6.6 204 0.13 bad
5.6 10 0.22 bad
6.7 70 0.18 bad
5.3 17 0.20 good
4.6 12 0.37 bad
4.7 32 0.31 good
5.5 23 0.21 bad
4.8 2 0.20 bad
6.5 32 0.09 bad
4.5 31 0.17 good
7.1 68 0.10 good
5.8 6 0.30 good
6.8 111 0.09 bad
6.1 49 0.20 good
5.5 254 0.12 good
5.9 19 0.35 bad
3.5 1 0.26 bad
6.7 172 0.12 good
6.7 289 0.14 good
5.1 18 0.13 good
5.8 93 0.20 bad
7.1 28 0.07 good
5.3 20 0.28 bad
6.8 371 0.09 bad
5.9 13 0.10 bad
5.3 7 0.28 good
5.9 42 0.30 bad
4.0 1 0.33 bad
7.0 9 0.05 good
5.3 13 0.20 good
7.5 70 0.05 good
6.5 138 0.21 good
7.5 33 0.08 good
5.3 3 0.50 bad
6.2 21 0.07 good
4.4 10 0.27 bad
4.8 22 0.28 bad
5.9 2 0.14 bad
7.4 5 0.05 bad
6.1 119 0.12 bad
7.3 180 0.08 good
6.8 8 0.11 bad
6.4 8 0.10 good
6.8 110 0.07 good
6.2 57 0.10 bad
5.9 3 0.14 bad
5.2 55 0.19 good
6.4 49 0.17 bad
4.0 4 0.13 bad
7.8 141 0.04 good
6.9 121 0.08 bad
7.0 57 0.11 good
5.5 4 0.23 bad
7.3 558 0.08 good
6.5 253 0.12 bad
5.3 39 0.14 good
6.6 6 0.08 bad
4.9 5 0.31 bad
7.4 98 0.08 good
8.7 1586 0.02 good
6.0 34 0.14 bad
5.8 53 0.16 good
5.4 63 0.20 bad
6.0 7 0.12 good
5.5 5 0.11 bad
6.5 112 0.11 bad
4.5 14 0.30 bad
7.0 126 0.10 bad
7.0 32 0.08 good
5.6 57 0.19 good
6.4 48 0.06 good
7.4 146 0.06 good
6.5 108 0.08 good
7.3 510 0.07 good
5.9 1 0.13 bad
7.0 293 0.09 bad
4.8 9 0.24 bad
7.8 303 0.05 good
5.7 53 0.10 bad
6.4 7 0.30 bad
6.9 19 0.03 bad
7.8 365 0.05 good
5.5 42 0.21 bad
5.4 103 0.25 bad
7.0 710 0.09 good
3.9 26 0.22 good
3.3 54 0.03 bad
5.1 12 0.19 good
5.7 50 0.22 good