AddListCount TwoStarRate Mode Class
99
0 3 4 6 12 13 14 15 17 18 20 21 23 24 26 28 30 31 32 34 35 36 38 39 42 43 46 47 48 51 53 54 55 57 60 61 62 63 64 66 67 68 70 72 73 75 76 77 78 79 80 81 83 86 88 90 91 92 94 95 96 97 98 100 101 102 104 106 109 110 111 112 113 114 115 116 117 119 120 122 123 124 125 127 129 130 131 133 134 135 136 140 142 143 144 145 146 147 151
214 0.15 8.00 good
38 0.12 8.00 bad
22 0.09 6.00 bad
42 0.14 2.00 good
12 0.08 6.00 bad
9 0.24 6.00 bad
136 0.14 2.00 good
204 0.13 6.00 bad
10 0.22 8.00 bad
7 0.17 10.00 bad
17 0.20 2.00 good
12 0.37 4.00 bad
32 0.31 4.00 good
23 0.21 6.00 bad
32 0.09 6.00 bad
73 0.11 8.00 bad
9 0.18 6.00 bad
6 0.30 6.00 good
111 0.09 8.00 bad
24 0.30 6.00 bad
254 0.12 2.00 good
63 0.10 8.00 bad
19 0.35 4.00 bad
1 0.26 2.00 bad
215 0.17 2.00 bad
18 0.13 2.00 good
28 0.07 8.00 good
20 0.28 4.00 bad
371 0.09 8.00 bad
42 0.30 6.00 bad
1 0.33 2.00 bad
9 0.05 6.00 good
11 0.28 6.00 bad
551 0.07 8.00 bad
19 0.21 10.00 bad
33 0.08 8.00 good
3 0.50 4.00 bad
21 0.07 2.00 good
10 0.27 2.00 bad
2 0.14 6.00 bad
17 0.06 10.00 good
45 0.11 8.00 bad
2 0.10 2.00 bad
180 0.08 10.00 good
8 0.11 8.00 bad
8 0.10 6.00 good
110 0.07 8.00 good
183 0.07 10.00 bad
57 0.10 6.00 bad
94 0.19 2.00 bad
193 0.03 10.00 bad
4 0.08 6.00 bad
22 0.17 6.00 bad
53 0.03 6.00 bad
321 0.10 10.00 good
4 0.13 2.00 bad
218 0.08 10.00 good
141 0.04 10.00 good
57 0.11 8.00 good
4 0.23 6.00 bad
100 0.11 8.00 good
7 0.03 8.00 good
558 0.08 8.00 good
8 0.02 6.00 bad
65 0.10 10.00 bad
39 0.14 2.00 good
5 0.31 6.00 bad
102 0.14 6.00 good
34 0.14 6.00 bad
31 0.21 6.00 bad
53 0.16 8.00 good
63 0.20 6.00 bad
25 0.13 6.00 bad
218 0.02 10.00 bad
76 0.19 6.00 bad
7 0.12 6.00 good
5 0.11 6.00 bad
274 0.06 8.00 good
15 0.18 8.00 good
126 0.10 8.00 bad
32 0.08 6.00 good
57 0.19 6.00 good
149 0.02 10.00 good
146 0.06 10.00 good
510 0.07 10.00 good
11 0.13 6.00 bad
5 0.41 4.00 good
1 0.13 8.00 bad
168 0.12 8.00 good
293 0.09 8.00 bad
9 0.24 6.00 bad
7 0.30 8.00 bad
365 0.05 10.00 good
42 0.21 8.00 bad
103 0.25 6.00 bad
28 0.10 6.00 bad
710 0.09 8.00 good
26 0.22 2.00 good
125 0.07 10.00 bad