BookWordCount BookScore Kurtosis Class
102
2 4 5 7 8 11 12 14 15 17 18 19 20 22 23 24 25 27 28 29 30 32 35 38 40 41 42 43 45 47 48 49 51 52 53 54 56 57 58 60 62 64 65 68 71 72 73 75 76 77 79 81 82 84 86 87 89 90 92 93 94 95 96 97 98 99 100 101 103 104 106 107 108 109 110 112 116 117 118 119 120 121 122 123 124 126 127 128 129 130 135 136 137 138 139 140 141 143 146 148 151 153
48.30 6.4 267.71 bad
139.00 5.8 113.07 bad
158.50 5.6 93.52 good
38.90 5.8 181.37 bad
143.50 6.5 196.73 bad
13.40 6.9 491.68 bad
21.80 6.0 114.51 bad
123.80 5.9 68.44 good
257.20 6.6 188.48 bad
33.60 5.6 80.31 bad
24.10 6.5 137.29 bad
122.40 6.7 181.41 bad
82.30 5.3 48.29 good
77.70 6.5 468.11 bad
122.20 4.7 78.49 good
74.80 5.5 114.10 bad
35.90 4.8 28.01 bad
147.20 4.5 40.03 good
53.00 7.2 418.19 bad
233.90 7.1 194.89 good
150.70 5.4 80.73 bad
51.10 6.8 404.81 bad
713.10 5.5 41.11 good
80.20 5.9 172.89 bad
153.10 6.7 227.23 good
168.40 6.7 389.04 good
300.10 5.4 74.29 bad
74.40 5.1 44.83 good
380.50 5.8 135.14 bad
49.70 5.3 85.63 bad
281.40 6.8 362.40 bad
44.50 5.9 155.38 bad
84.60 5.9 339.26 bad
76.10 7.9 453.60 bad
53.70 4.0 31.11 bad
13.00 7.0 245.77 good
40.40 5.3 74.03 good
293.40 6.2 94.54 bad
63.50 7.5 256.16 good
45.10 6.2 95.85 bad
49.60 5.3 199.64 bad
54.40 4.4 59.06 bad
72.20 4.8 77.07 bad
79.60 6.8 223.96 bad
98.90 6.1 106.33 bad
390.00 7.3 259.41 good
68.60 6.8 278.58 bad
39.60 6.4 344.01 good
46.20 6.8 159.36 good
1070.70 7.6 440.27 bad
131.20 5.2 65.93 bad
87.70 5.8 173.53 bad
183.00 5.6 87.78 bad
30.00 5.9 116.65 bad
129.90 7.0 249.84 bad
112.10 6.4 95.46 bad
153.20 6.4 208.64 bad
50.40 4.0 25.57 bad
116.50 7.8 444.03 good
90.50 6.9 288.02 bad
63.70 7.0 299.63 good
99.00 5.5 128.84 bad
34.10 6.7 282.28 good
22.20 6.5 198.40 good
170.60 7.3 391.57 good
181.90 6.5 243.27 bad
59.90 7.0 297.05 bad
219.60 7.1 286.97 bad
21.40 6.6 664.54 bad
150.50 4.9 92.39 bad
64.40 6.0 114.14 good
310.00 6.4 72.91 bad
446.50 8.7 1238.93 good
101.10 6.0 170.95 bad
133.50 5.8 131.59 bad
107.80 5.4 84.03 bad
118.30 6.0 138.45 good
59.10 5.5 132.92 bad
92.20 6.5 387.39 bad
427.70 7.3 297.36 good
85.80 5.6 75.21 good
145.90 4.5 102.63 bad
79.20 7.0 313.76 bad
153.40 7.0 502.72 good
223.00 5.6 101.09 good
89.70 6.4 76.64 good
34.20 7.4 319.05 good
296.70 6.5 82.37 good
322.80 7.3 209.65 good
46.30 5.7 73.99 bad
335.20 7.0 234.30 bad
72.70 4.8 63.17 bad
448.70 7.8 478.73 good
212.90 5.7 56.35 bad
130.30 7.0 304.97 good
43.40 6.4 361.68 bad
25.10 6.9 311.51 bad
177.70 5.5 86.23 bad
477.20 7.0 402.15 good
209.90 3.3 9.99 bad
93.00 6.8 105.22 bad
73.20 5.7 105.28 good