BookWordCount FourStarRate Median Class
97
1 3 6 8 9 12 13 16 17 18 20 21 22 23 24 26 27 28 29 30 31 32 33 35 36 40 43 44 48 49 50 51 52 53 54 55 56 57 58 59 60 61 62 63 65 66 67 68 71 72 74 75 77 79 80 81 83 85 86 90 92 93 94 96 97 99 100 101 103 105 109 110 116 117 118 120 121 123 125 126 128 131 133 137 140 142 143 144 145 146 147 148 149 150 151 152 153
289.90 0.36 8.00 good
52.30 0.27 6.00 bad
59.60 0.18 6.00 good
143.50 0.22 6.00 bad
21.30 0.30 6.00 bad
21.80 0.08 6.00 bad
27.50 0.13 6.00 bad
135.80 0.20 6.00 good
33.60 0.23 6.00 bad
24.10 0.14 6.00 bad
82.30 0.20 4.00 good
74.10 0.14 4.00 bad
77.70 0.28 6.00 bad
122.20 0.08 4.00 good
74.80 0.13 6.00 bad
62.70 0.18 6.00 bad
147.20 0.15 4.00 good
53.00 0.31 8.00 bad
233.90 0.20 8.00 good
150.70 0.14 6.00 bad
78.00 0.19 6.00 good
51.10 0.39 8.00 bad
178.90 0.23 6.00 good
713.10 0.14 6.00 good
87.00 0.34 8.00 bad
153.10 0.33 8.00 good
74.40 0.14 6.00 good
296.80 0.16 4.00 good
281.40 0.33 6.00 bad
44.50 0.23 6.00 bad
51.90 0.14 6.00 good
84.60 0.21 6.00 bad
76.10 0.30 8.00 bad
53.70 0.00 4.00 bad
13.00 0.21 6.00 good
106.40 0.20 6.00 bad
40.40 0.10 6.00 good
293.40 0.29 6.00 bad
63.50 0.30 8.00 good
133.40 0.21 6.00 good
45.10 0.20 6.00 bad
17.00 0.44 8.00 good
49.60 0.34 4.00 bad
108.60 0.20 6.00 good
72.20 0.07 4.00 bad
34.80 0.19 6.00 bad
16.80 0.25 8.00 good
79.60 0.30 8.00 bad
98.90 0.25 6.00 bad
390.00 0.20 8.00 good
49.30 0.31 6.00 bad
39.60 0.30 6.00 good
1070.70 0.27 8.00 bad
131.20 0.17 6.00 bad
144.70 0.19 10.00 bad
87.70 0.08 6.00 bad
40.80 0.22 6.00 bad
87.20 0.24 4.00 good
129.90 0.27 8.00 bad
50.40 0.07 2.00 bad
116.50 0.29 8.00 good
90.50 0.34 8.00 bad
63.70 0.33 8.00 good
34.10 0.33 8.00 good
22.20 0.40 8.00 good
181.90 0.26 6.00 bad
59.90 0.27 8.00 bad
219.60 0.27 8.00 bad
21.40 0.26 6.00 bad
198.70 0.33 8.00 good
101.10 0.24 6.00 bad
133.50 0.24 6.00 bad
118.30 0.12 6.00 good
59.10 0.14 6.00 bad
92.20 0.30 6.00 bad
85.80 0.25 6.00 good
145.90 0.08 4.00 bad
153.40 0.30 6.00 good
65.70 0.20 10.00 good
89.70 0.21 8.00 good
296.70 0.23 8.00 good
195.70 0.11 4.00 good
145.80 0.33 6.00 bad
448.70 0.33 8.00 good
43.40 0.54 8.00 bad
518.00 0.24 8.00 good
177.70 0.24 6.00 bad
319.70 0.18 6.00 bad
62.30 0.33 6.00 bad
477.20 0.37 8.00 good
154.00 0.09 4.00 good
209.90 0.06 2.00 bad
382.10 0.26 6.00 good
44.60 0.20 6.00 bad
93.00 0.19 8.00 bad
163.50 0.14 6.00 good
73.20 0.22 6.00 good