TwoStarRate FiveStarRate Kurtosis Class
97
0 3 4 6 7 10 11 12 13 14 15 25 26 28 30 31 33 35 36 37 38 39 40 41 42 44 45 46 47 48 49 50 52 53 54 55 56 57 59 60 61 62 63 64 69 71 72 75 79 80 81 83 85 87 89 90 91 92 93 95 96 97 98 100 101 103 104 105 108 109 110 111 112 114 116 117 119 120 122 123 125 126 127 128 129 132 133 134 135 136 138 140 142 143 144 148 151
0.15 0.15 200.91 good
0.12 0.18 155.27 bad
0.09 0.10 113.07 bad
0.14 0.23 75.15 good
0.15 0.11 181.37 bad
0.26 0.09 143.84 bad
0.04 0.16 491.68 bad
0.08 0.20 114.51 bad
0.24 0.09 156.17 bad
0.14 0.20 68.44 good
0.13 0.23 188.48 bad
0.20 0.20 28.01 bad
0.09 0.19 249.04 bad
0.11 0.27 418.19 bad
0.18 0.11 80.73 bad
0.30 0.09 211.54 good
0.20 0.15 163.05 good
0.12 0.21 41.11 good
0.10 0.19 203.97 bad
0.03 0.28 948.64 bad
0.35 0.13 172.89 bad
0.26 0.00 53.89 bad
0.12 0.19 227.23 good
0.14 0.17 389.04 good
0.17 0.11 74.29 bad
0.07 0.23 29.34 good
0.20 0.10 135.14 bad
0.07 0.27 218.67 good
0.28 0.08 85.63 bad
0.09 0.17 362.40 bad
0.10 0.10 155.38 bad
0.28 0.07 119.73 good
0.04 0.42 453.60 bad
0.33 0.10 31.11 bad
0.05 0.29 245.77 good
0.28 0.06 182.02 bad
0.20 0.13 74.03 good
0.07 0.18 94.54 bad
0.21 0.25 148.52 good
0.21 0.23 95.85 bad
0.08 0.21 1104.85 good
0.50 0.00 199.64 bad
0.07 0.30 55.29 good
0.27 0.02 59.06 bad
0.05 0.21 758.93 bad
0.12 0.17 106.33 bad
0.08 0.35 259.41 good
0.10 0.10 344.01 good
0.19 0.10 65.93 bad
0.03 0.58 599.56 bad
0.08 0.13 173.53 bad
0.17 0.22 188.48 bad
0.19 0.10 51.21 good
0.09 0.27 95.46 bad
0.17 0.17 208.64 bad
0.13 0.07 25.57 bad
0.08 0.34 191.97 good
0.04 0.42 444.03 good
0.08 0.21 288.02 bad
0.23 0.15 128.84 bad
0.11 0.17 282.28 good
0.03 0.13 198.40 good
0.08 0.29 391.57 good
0.02 0.25 297.05 bad
0.10 0.27 286.97 bad
0.08 0.11 664.54 bad
0.31 0.09 92.39 bad
0.08 0.31 385.10 good
0.02 0.63 1238.93 good
0.14 0.10 170.95 bad
0.21 0.10 131.59 bad
0.16 0.12 113.09 good
0.20 0.11 84.03 bad
0.02 0.60 875.52 bad
0.12 0.17 138.45 good
0.11 0.09 132.92 bad
0.06 0.29 297.36 good
0.18 0.11 75.21 good
0.10 0.25 313.76 bad
0.08 0.20 502.72 good
0.02 0.67 1797.82 good
0.06 0.30 76.64 good
0.06 0.36 319.05 good
0.08 0.31 82.37 good
0.07 0.37 209.65 good
0.14 0.13 212.10 good
0.13 0.04 194.01 bad
0.12 0.18 176.74 good
0.09 0.26 234.30 bad
0.24 0.09 63.17 bad
0.10 0.18 56.35 bad
0.30 0.05 361.68 bad
0.05 0.46 364.52 good
0.21 0.10 86.23 bad
0.25 0.09 97.95 bad
0.03 0.08 9.99 bad
0.07 0.37 105.22 bad