BookScoreCount FiveStarRate Mode Class
103
0 2 3 4 5 6 7 10 11 12 15 17 18 19 21 23 24 25 27 28 29 30 31 32 33 36 37 38 39 40 45 47 48 51 53 54 55 56 57 58 59 62 64 68 70 71 72 73 76 78 79 81 82 83 84 85 86 87 88 89 90 91 92 93 94 95 96 97 99 102 104 105 106 107 108 110 112 113 115 119 120 121 122 125 129 131 133 134 136 137 138 139 140 141 143 144 147 148 149 150 151 152 153
568 0.15 8.00 good
47 0.15 6.00 bad
129 0.18 8.00 bad
78 0.10 6.00 bad
439 0.12 6.00 good
187 0.23 2.00 good
27 0.11 6.00 bad
78 0.09 8.00 bad
51 0.16 6.00 bad
25 0.20 6.00 bad
658 0.23 6.00 bad
36 0.12 8.00 bad
23 0.28 10.00 bad
250 0.28 10.00 bad
44 0.04 4.00 bad
116 0.06 4.00 good
70 0.11 6.00 bad
11 0.20 2.00 bad
150 0.05 2.00 good
263 0.27 8.00 bad
290 0.36 10.00 good
29 0.11 6.00 bad
44 0.09 6.00 good
292 0.13 8.00 bad
192 0.15 6.00 good
223 0.19 8.00 bad
216 0.28 8.00 bad
63 0.13 4.00 bad
20 0.00 2.00 bad
495 0.19 8.00 good
299 0.10 6.00 bad
79 0.08 4.00 bad
1248 0.17 8.00 bad
133 0.07 6.00 bad
22 0.10 2.00 bad
43 0.29 6.00 good
55 0.06 6.00 bad
80 0.13 6.00 good
2109 0.18 8.00 bad
461 0.37 10.00 good
484 0.25 10.00 good
13 0.00 4.00 bad
45 0.02 2.00 bad
153 0.22 8.00 bad
51 0.20 2.00 bad
248 0.17 8.00 bad
956 0.35 10.00 good
19 0.17 8.00 bad
429 0.24 8.00 good
217 0.16 6.00 bad
531 0.10 2.00 bad
25 0.13 6.00 bad
31 0.22 4.00 bad
104 0.22 6.00 bad
21 0.14 6.00 bad
356 0.10 2.00 good
222 0.26 6.00 bad
182 0.27 10.00 bad
1636 0.30 10.00 good
145 0.17 8.00 bad
16 0.07 2.00 bad
654 0.34 10.00 good
527 0.42 10.00 good
396 0.21 8.00 bad
218 0.23 8.00 good
13 0.15 6.00 bad
188 0.17 8.00 good
39 0.13 8.00 good
942 0.17 6.00 bad
225 0.08 2.00 good
25 0.09 6.00 bad
339 0.31 8.00 good
349 0.16 6.00 good
1184 0.31 10.00 bad
5393 0.63 10.00 good
112 0.10 6.00 bad
201 0.11 6.00 bad
136 0.14 6.00 bad
282 0.07 6.00 bad
1575 0.29 8.00 good
45 0.11 8.00 good
59 0.02 6.00 bad
385 0.25 8.00 bad
768 0.67 10.00 good
2063 0.37 10.00 good
31 0.06 4.00 good
23 0.04 8.00 bad
795 0.18 8.00 good
68 0.09 6.00 bad
1641 0.38 10.00 good
328 0.18 2.00 bad
1100 0.22 8.00 good
21 0.05 8.00 bad
83 0.15 8.00 bad
153 0.10 8.00 bad
364 0.09 6.00 bad
208 0.02 2.00 good
1080 0.08 2.00 bad
674 0.15 8.00 good
21 0.15 6.00 bad
638 0.37 10.00 bad
45 0.09 2.00 good
209 0.12 6.00 good