BookWordCount ThreeStarRate Median Class
94
0 1 2 4 6 7 9 11 12 13 14 15 17 19 20 21 24 25 26 28 30 33 34 35 36 37 39 41 43 45 46 47 48 49 51 52 54 56 57 58 61 62 65 66 67 68 72 73 74 75 79 80 81 82 84 85 86 87 89 91 93 95 98 99 100 101 104 108 110 112 115 116 118 119 124 125 126 127 128 129 130 132 133 135 136 138 139 140 143 148 150 151 152 153
177.20 0.28 6.00 good
289.90 0.23 8.00 good
48.30 0.40 6.00 bad
139.00 0.33 6.00 bad
59.60 0.21 6.00 good
38.90 0.48 6.00 bad
21.30 0.26 6.00 bad
13.40 0.40 6.00 bad
21.80 0.44 6.00 bad
27.50 0.39 6.00 bad
123.80 0.21 6.00 good
257.20 0.27 6.00 bad
33.60 0.20 6.00 bad
122.40 0.22 6.00 bad
82.30 0.15 4.00 good
74.10 0.16 4.00 bad
74.80 0.36 6.00 bad
35.90 0.20 4.00 bad
62.70 0.43 6.00 bad
53.00 0.25 8.00 bad
150.70 0.32 6.00 bad
178.90 0.29 6.00 good
154.60 0.39 6.00 bad
713.10 0.18 6.00 good
87.00 0.23 8.00 bad
51.30 0.20 8.00 bad
22.80 0.16 2.00 bad
168.40 0.34 6.00 good
74.40 0.24 6.00 good
380.50 0.30 6.00 bad
123.50 0.19 8.00 good
49.70 0.20 4.00 bad
281.40 0.33 6.00 bad
44.50 0.39 6.00 bad
84.60 0.37 6.00 bad
76.10 0.15 8.00 bad
13.00 0.33 6.00 good
40.40 0.32 6.00 good
293.40 0.21 6.00 bad
63.50 0.14 8.00 good
17.00 0.25 8.00 good
49.60 0.08 4.00 bad
72.20 0.31 4.00 bad
34.80 0.43 6.00 bad
16.80 0.16 8.00 good
79.60 0.25 8.00 bad
390.00 0.26 8.00 good
68.60 0.22 8.00 bad
49.30 0.36 6.00 bad
39.60 0.40 6.00 good
131.20 0.26 6.00 bad
144.70 0.13 10.00 bad
87.70 0.54 6.00 bad
183.00 0.20 4.00 bad
30.00 0.33 6.00 bad
87.20 0.15 4.00 good
129.90 0.30 8.00 bad
112.10 0.23 6.00 bad
153.20 0.27 6.00 bad
126.20 0.16 8.00 good
90.50 0.26 8.00 bad
99.00 0.46 6.00 bad
170.60 0.22 8.00 good
181.90 0.34 6.00 bad
59.90 0.34 8.00 bad
219.60 0.26 8.00 bad
150.50 0.34 4.00 bad
446.50 0.10 10.00 good
133.50 0.28 6.00 bad
107.80 0.30 6.00 bad
119.20 0.35 6.00 bad
118.30 0.42 6.00 good
92.20 0.39 6.00 bad
427.70 0.20 8.00 good
223.00 0.29 6.00 good
65.70 0.08 10.00 good
89.70 0.16 8.00 good
34.20 0.22 8.00 good
296.70 0.13 8.00 good
322.80 0.16 8.00 good
46.30 0.28 6.00 bad
237.20 0.25 6.00 good
145.80 0.33 6.00 bad
335.20 0.24 8.00 bad
72.70 0.32 4.00 bad
212.90 0.22 6.00 bad
130.30 0.24 8.00 good
43.40 0.07 8.00 bad
177.70 0.22 6.00 bad
209.90 0.04 2.00 bad
44.60 0.35 6.00 bad
93.00 0.16 8.00 bad
163.50 0.28 6.00 good
73.20 0.25 6.00 good