BookScoreCount TwoStarRate Mode Class
90
4 5 7 8 9 10 12 13 14 16 20 22 23 27 28 30 34 35 37 39 41 42 43 44 45 47 48 50 51 53 55 56 57 58 59 60 61 63 64 65 67 68 69 70 71 72 73 74 75 77 78 79 80 82 85 86 88 93 95 96 97 99 100 103 104 107 111 113 116 118 119 121 125 126 127 129 130 132 133 134 137 141 142 143 147 148 149 150 152 153
78 0.09 6.00 bad
439 0.20 6.00 good
27 0.15 6.00 bad
177 0.16 6.00 bad
51 0.18 8.00 bad
78 0.26 8.00 bad
25 0.08 6.00 bad
48 0.24 6.00 bad
454 0.14 2.00 good
119 0.22 6.00 good
112 0.20 2.00 good
159 0.15 6.00 bad
116 0.31 4.00 good
150 0.17 2.00 good
263 0.11 8.00 bad
29 0.18 6.00 bad
97 0.30 6.00 bad
1909 0.12 2.00 good
216 0.03 8.00 bad
20 0.26 2.00 bad
670 0.14 6.00 good
686 0.17 2.00 bad
81 0.13 2.00 good
1885 0.07 2.00 good
299 0.20 6.00 bad
79 0.28 4.00 bad
1248 0.09 8.00 bad
29 0.28 6.00 good
133 0.30 6.00 bad
22 0.33 2.00 bad
55 0.28 6.00 bad
80 0.20 6.00 good
2109 0.07 8.00 bad
461 0.05 10.00 good
484 0.21 10.00 good
108 0.21 10.00 bad
86 0.08 8.00 good
91 0.07 2.00 good
45 0.27 2.00 bad
82 0.28 6.00 bad
90 0.06 10.00 good
153 0.11 8.00 bad
20 0.05 8.00 bad
51 0.10 2.00 bad
248 0.12 8.00 bad
956 0.08 10.00 good
19 0.11 8.00 bad
46 0.22 6.00 bad
21 0.10 6.00 good
745 0.07 10.00 bad
217 0.10 6.00 bad
531 0.19 2.00 bad
714 0.03 10.00 bad
31 0.41 4.00 bad
356 0.19 2.00 good
222 0.03 6.00 bad
1636 0.10 10.00 good
396 0.08 8.00 bad
13 0.23 6.00 bad
188 0.11 8.00 good
39 0.03 8.00 good
942 0.12 6.00 bad
42 0.02 6.00 bad
29 0.08 6.00 bad
25 0.31 6.00 bad
1184 0.12 10.00 bad
182 0.16 8.00 good
136 0.13 6.00 bad
19 0.12 6.00 good
274 0.11 6.00 bad
1575 0.06 8.00 good
59 0.30 6.00 bad
768 0.02 10.00 good
353 0.06 10.00 good
387 0.06 10.00 good
2063 0.07 10.00 good
82 0.13 6.00 bad
614 0.14 8.00 good
23 0.13 8.00 bad
795 0.12 8.00 good
1641 0.05 10.00 good
83 0.03 8.00 bad
2366 0.05 10.00 good
153 0.21 8.00 bad
208 0.22 2.00 good
1080 0.03 2.00 bad
674 0.18 8.00 good
21 0.15 6.00 bad
45 0.19 2.00 good
209 0.22 6.00 good