TwoStarRate Mode Kurtosis Class
91
2 3 5 6 8 9 10 11 12 14 15 17 18 19 22 25 26 28 30 31 32 35 36 38 39 40 43 44 46 48 54 55 57 60 61 62 63 64 65 67 68 69 70 71 73 75 76 78 80 81 83 85 86 88 89 90 93 97 98 101 102 103 104 105 111 112 113 114 116 118 119 121 126 128 129 133 136 137 138 139 140 142 143 144 146 147 149 150 151 152 153
0.10 6.00 267.71 bad
0.12 8.00 155.27 bad
0.20 6.00 93.52 good
0.14 2.00 75.15 good
0.16 6.00 196.73 bad
0.18 8.00 110.48 bad
0.26 8.00 143.84 bad
0.04 6.00 491.68 bad
0.08 6.00 114.51 bad
0.14 2.00 68.44 good
0.13 6.00 188.48 bad
0.22 8.00 80.31 bad
0.17 10.00 137.29 bad
0.18 10.00 181.41 bad
0.15 6.00 468.11 bad
0.20 2.00 28.01 bad
0.09 6.00 249.04 bad
0.11 8.00 418.19 bad
0.18 6.00 80.73 bad
0.30 6.00 211.54 good
0.09 8.00 404.81 bad
0.12 2.00 41.11 good
0.10 8.00 203.97 bad
0.35 4.00 172.89 bad
0.26 2.00 53.89 bad
0.12 8.00 227.23 good
0.13 2.00 44.83 good
0.07 2.00 29.34 good
0.07 8.00 218.67 good
0.09 8.00 362.40 bad
0.05 6.00 245.77 good
0.28 6.00 182.02 bad
0.07 8.00 94.54 bad
0.21 10.00 95.85 bad
0.08 8.00 1104.85 good
0.50 4.00 199.64 bad
0.07 2.00 55.29 good
0.27 2.00 59.06 bad
0.28 6.00 77.07 bad
0.06 10.00 278.88 good
0.11 8.00 223.96 bad
0.05 8.00 758.93 bad
0.10 2.00 49.13 bad
0.12 8.00 106.33 bad
0.11 8.00 278.58 bad
0.10 6.00 344.01 good
0.07 8.00 159.36 good
0.10 6.00 147.32 bad
0.03 10.00 599.56 bad
0.08 6.00 173.53 bad
0.17 6.00 188.48 bad
0.19 2.00 51.21 good
0.03 6.00 249.84 bad
0.10 10.00 118.81 good
0.17 8.00 208.64 bad
0.13 2.00 25.57 bad
0.08 8.00 288.02 bad
0.03 8.00 198.40 good
0.08 8.00 391.57 good
0.10 10.00 286.97 bad
0.14 2.00 65.28 good
0.08 6.00 664.54 bad
0.31 6.00 92.39 bad
0.08 8.00 385.10 good
0.16 8.00 113.09 good
0.20 6.00 84.03 bad
0.13 6.00 164.81 bad
0.02 10.00 875.52 bad
0.12 6.00 138.45 good
0.11 6.00 387.39 bad
0.06 8.00 297.36 good
0.30 6.00 102.63 bad
0.06 10.00 76.64 good
0.08 10.00 82.37 good
0.07 10.00 209.65 good
0.13 8.00 194.01 bad
0.24 6.00 63.17 bad
0.05 10.00 478.73 good
0.10 2.00 56.35 bad
0.07 8.00 304.97 good
0.30 8.00 361.68 bad
0.05 10.00 364.52 good
0.21 8.00 86.23 bad
0.25 6.00 97.95 bad
0.09 8.00 402.15 good
0.22 2.00 40.59 good
0.18 8.00 113.50 good
0.15 6.00 158.29 bad
0.07 10.00 105.22 bad
0.19 2.00 62.68 good
0.22 6.00 105.28 good