TwoStarRate Median Kurtosis Class
95
1 2 4 5 6 7 8 9 12 13 14 15 18 20 22 23 25 26 28 29 33 34 35 36 38 39 40 42 43 46 47 48 51 52 53 54 55 56 58 59 60 61 63 67 68 69 72 74 75 79 80 81 82 83 84 86 87 91 92 94 95 96 97 98 99 101 102 104 105 106 107 108 109 113 114 117 118 119 120 124 129 130 131 132 136 139 141 142 143 144 145 147 148 150 152
0.08 8.00 406.22 good
0.10 6.00 267.71 bad
0.09 6.00 113.07 bad
0.20 6.00 93.52 good
0.14 6.00 75.15 good
0.15 6.00 181.37 bad
0.16 6.00 196.73 bad
0.18 6.00 110.48 bad
0.08 6.00 114.51 bad
0.24 6.00 156.17 bad
0.14 6.00 68.44 good
0.13 6.00 188.48 bad
0.17 6.00 137.29 bad
0.20 4.00 48.29 good
0.15 6.00 468.11 bad
0.31 4.00 78.49 good
0.20 4.00 28.01 bad
0.09 6.00 249.04 bad
0.11 8.00 418.19 bad
0.10 8.00 194.89 good
0.20 6.00 163.05 good
0.30 6.00 192.82 bad
0.12 6.00 41.11 good
0.10 8.00 203.97 bad
0.35 6.00 172.89 bad
0.26 2.00 53.89 bad
0.12 8.00 227.23 good
0.17 6.00 74.29 bad
0.13 6.00 44.83 good
0.07 8.00 218.67 good
0.28 4.00 85.63 bad
0.09 6.00 362.40 bad
0.30 6.00 339.26 bad
0.04 8.00 453.60 bad
0.33 4.00 31.11 bad
0.05 6.00 245.77 good
0.28 6.00 182.02 bad
0.20 6.00 74.03 good
0.05 8.00 256.16 good
0.21 6.00 148.52 good
0.21 6.00 95.85 bad
0.08 8.00 1104.85 good
0.07 6.00 55.29 good
0.06 8.00 278.88 good
0.11 8.00 223.96 bad
0.05 8.00 758.93 bad
0.08 8.00 259.41 good
0.22 6.00 393.48 bad
0.10 6.00 344.01 good
0.19 6.00 65.93 bad
0.03 10.00 599.56 bad
0.08 6.00 173.53 bad
0.41 4.00 87.78 bad
0.17 6.00 188.48 bad
0.14 6.00 116.65 bad
0.03 8.00 249.84 bad
0.09 6.00 95.46 bad
0.08 8.00 191.97 good
0.04 8.00 444.03 good
0.11 8.00 299.63 good
0.23 6.00 128.84 bad
0.11 8.00 282.28 good
0.03 8.00 198.40 good
0.08 8.00 391.57 good
0.12 6.00 243.27 bad
0.10 8.00 286.97 bad
0.14 6.00 65.28 good
0.31 4.00 92.39 bad
0.08 8.00 385.10 good
0.14 6.00 114.14 good
0.12 6.00 72.91 bad
0.02 10.00 1238.93 good
0.14 6.00 170.95 bad
0.13 6.00 164.81 bad
0.02 10.00 875.52 bad
0.11 6.00 132.92 bad
0.11 6.00 387.39 bad
0.06 8.00 297.36 good
0.18 6.00 75.21 good
0.19 6.00 101.09 good
0.07 8.00 209.65 good
0.13 6.00 73.99 bad
0.41 4.00 58.14 good
0.14 6.00 212.10 good
0.24 4.00 63.17 bad
0.07 8.00 304.97 good
0.03 8.00 311.51 bad
0.05 8.00 364.52 good
0.21 6.00 86.23 bad
0.25 6.00 97.95 bad
0.10 6.00 909.70 bad
0.22 4.00 40.59 good
0.03 2.00 9.99 bad
0.15 6.00 158.29 bad
0.19 6.00 62.68 good