AddListCount TwoStarRate Mode Class
98
0 3 4 6 7 8 11 13 16 17 18 19 20 22 23 24 26 30 31 32 33 34 40 41 43 46 47 49 53 54 55 57 59 60 62 63 64 65 67 68 69 70 73 74 75 77 78 80 81 83 84 85 86 87 88 90 91 92 93 95 96 98 99 100 101 102 104 105 106 110 111 114 115 116 117 118 119 121 122 124 125 127 128 131 132 133 134 136 138 140 141 142 146 148 150 151 152 153
214 0.15 8.00 good
38 0.12 8.00 bad
22 0.09 6.00 bad
42 0.14 2.00 good
8 0.15 6.00 bad
53 0.16 6.00 bad
15 0.04 6.00 bad
9 0.24 6.00 bad
25 0.22 6.00 good
10 0.22 8.00 bad
7 0.17 10.00 bad
70 0.18 10.00 bad
17 0.20 2.00 good
61 0.15 6.00 bad
32 0.31 4.00 good
23 0.21 6.00 bad
32 0.09 6.00 bad
9 0.18 6.00 bad
6 0.30 6.00 good
111 0.09 8.00 bad
49 0.20 6.00 good
24 0.30 6.00 bad
172 0.12 8.00 good
289 0.14 6.00 good
18 0.13 2.00 good
28 0.07 8.00 good
20 0.28 4.00 bad
13 0.10 6.00 bad
1 0.33 2.00 bad
9 0.05 6.00 good
11 0.28 6.00 bad
551 0.07 8.00 bad
138 0.21 10.00 good
19 0.21 10.00 bad
3 0.50 4.00 bad
21 0.07 2.00 good
10 0.27 2.00 bad
22 0.28 6.00 bad
17 0.06 10.00 good
45 0.11 8.00 bad
5 0.05 8.00 bad
2 0.10 2.00 bad
8 0.11 8.00 bad
16 0.22 6.00 bad
8 0.10 6.00 good
183 0.07 10.00 bad
57 0.10 6.00 bad
193 0.03 10.00 bad
4 0.08 6.00 bad
22 0.17 6.00 bad
3 0.14 6.00 bad
55 0.19 2.00 good
53 0.03 6.00 bad
65 0.09 10.00 bad
321 0.10 10.00 good
4 0.13 2.00 bad
218 0.08 10.00 good
141 0.04 10.00 good
121 0.08 8.00 bad
4 0.23 6.00 bad
100 0.11 8.00 good
558 0.08 8.00 good
253 0.12 6.00 bad
8 0.02 6.00 bad
65 0.10 10.00 bad
39 0.14 2.00 good
5 0.31 6.00 bad
98 0.08 8.00 good
102 0.14 6.00 good
31 0.21 6.00 bad
53 0.16 8.00 good
218 0.02 10.00 bad
76 0.19 6.00 bad
7 0.12 6.00 good
5 0.11 6.00 bad
112 0.11 6.00 bad
274 0.06 8.00 good
14 0.30 6.00 bad
126 0.10 8.00 bad
57 0.19 6.00 good
149 0.02 10.00 good
146 0.06 10.00 good
108 0.08 10.00 good
5 0.41 4.00 good
131 0.14 8.00 good
1 0.13 8.00 bad
168 0.12 8.00 good
9 0.24 6.00 bad
53 0.10 2.00 bad
7 0.30 8.00 bad
19 0.03 8.00 bad
365 0.05 10.00 good
710 0.09 8.00 good
54 0.03 2.00 bad
5 0.15 6.00 bad
125 0.07 10.00 bad
12 0.19 2.00 good
50 0.22 6.00 good