BookWordCount BookScore Mode Class
97
0 1 2 5 6 7 8 9 13 14 15 18 19 20 21 22 23 24 28 32 33 34 35 37 38 41 45 46 49 51 52 53 55 57 58 60 61 62 63 64 65 67 68 69 70 72 76 77 79 80 86 87 89 91 92 93 94 96 99 100 101 103 105 106 107 108 109 110 111 114 115 116 117 118 119 121 122 124 126 127 128 129 130 131 132 133 138 140 141 143 146 148 149 150 151 152 153
177.20 6.4 8.00 good
289.90 7.2 8.00 good
48.30 6.4 6.00 bad
158.50 5.6 6.00 good
59.60 6.0 2.00 good
38.90 5.8 6.00 bad
143.50 6.5 6.00 bad
21.30 5.4 8.00 bad
27.50 5.5 6.00 bad
123.80 5.9 2.00 good
257.20 6.6 6.00 bad
24.10 6.5 10.00 bad
122.40 6.7 10.00 bad
82.30 5.3 2.00 good
74.10 4.6 4.00 bad
77.70 6.5 6.00 bad
122.20 4.7 4.00 good
74.80 5.5 6.00 bad
53.00 7.2 8.00 bad
51.10 6.8 8.00 bad
178.90 6.1 6.00 good
154.60 5.1 6.00 bad
713.10 5.5 2.00 good
51.30 7.8 8.00 bad
80.20 5.9 4.00 bad
168.40 6.7 6.00 good
380.50 5.8 6.00 bad
123.50 7.1 8.00 good
44.50 5.9 6.00 bad
84.60 5.9 6.00 bad
76.10 7.9 10.00 bad
53.70 4.0 2.00 bad
106.40 5.6 6.00 bad
293.40 6.2 8.00 bad
63.50 7.5 10.00 good
45.10 6.2 10.00 bad
17.00 7.5 8.00 good
49.60 5.3 4.00 bad
108.60 6.2 2.00 good
54.40 4.4 2.00 bad
72.20 4.8 6.00 bad
16.80 7.6 10.00 good
79.60 6.8 8.00 bad
7.30 7.4 8.00 bad
55.40 5.9 2.00 bad
390.00 7.3 10.00 good
46.20 6.8 8.00 good
1070.70 7.6 10.00 bad
131.20 5.2 2.00 bad
144.70 8.3 10.00 bad
129.90 7.0 6.00 bad
112.10 6.4 10.00 bad
153.20 6.4 8.00 bad
126.20 7.2 10.00 good
116.50 7.8 10.00 good
90.50 6.9 8.00 bad
63.70 7.0 8.00 good
34.10 6.7 8.00 good
181.90 6.5 6.00 bad
59.90 7.0 6.00 bad
219.60 7.1 10.00 bad
21.40 6.6 6.00 bad
198.70 7.4 8.00 good
64.40 6.0 6.00 good
310.00 6.4 10.00 bad
446.50 8.7 10.00 good
101.10 6.0 6.00 bad
133.50 5.8 6.00 bad
148.90 5.8 8.00 good
31.70 8.5 10.00 bad
119.20 5.5 6.00 bad
118.30 6.0 6.00 good
59.10 5.5 6.00 bad
92.20 6.5 6.00 bad
427.70 7.3 8.00 good
145.90 4.5 6.00 bad
79.20 7.0 8.00 bad
223.00 5.6 6.00 good
89.70 6.4 10.00 good
34.20 7.4 10.00 good
296.70 6.5 10.00 good
322.80 7.3 10.00 good
46.30 5.7 6.00 bad
195.70 4.4 4.00 good
237.20 6.4 8.00 good
145.80 5.9 8.00 bad
212.90 5.7 2.00 bad
43.40 6.4 8.00 bad
25.10 6.9 8.00 bad
177.70 5.5 8.00 bad
477.20 7.0 8.00 good
209.90 3.3 2.00 bad
382.10 6.0 8.00 good
44.60 6.1 6.00 bad
93.00 6.8 10.00 bad
163.50 5.1 2.00 good
73.20 5.7 6.00 good