BookWordCount BookScore Median Class
98
0 1 2 3 5 6 8 9 10 14 15 16 17 19 20 22 23 25 26 27 28 29 30 31 32 33 34 36 37 38 39 40 41 43 46 47 48 49 50 51 55 57 58 59 60 61 62 64 65 66 67 68 69 70 71 72 73 74 76 77 78 79 80 81 85 87 88 89 90 93 97 99 102 105 107 110 111 113 114 115 121 123 125 126 128 134 136 137 140 142 144 145 146 147 148 149 150 152
177.20 6.4 6.00 good
289.90 7.2 8.00 good
48.30 6.4 6.00 bad
52.30 6.4 6.00 bad
158.50 5.6 6.00 good
59.60 6.0 6.00 good
143.50 6.5 6.00 bad
21.30 5.4 6.00 bad
82.50 5.8 6.00 bad
123.80 5.9 6.00 good
257.20 6.6 6.00 bad
135.80 5.7 6.00 good
33.60 5.6 6.00 bad
122.40 6.7 6.00 bad
82.30 5.3 4.00 good
77.70 6.5 6.00 bad
122.20 4.7 4.00 good
35.90 4.8 4.00 bad
62.70 6.5 6.00 bad
147.20 4.5 4.00 good
53.00 7.2 8.00 bad
233.90 7.1 8.00 good
150.70 5.4 6.00 bad
78.00 5.8 6.00 good
51.10 6.8 8.00 bad
178.90 6.1 6.00 good
154.60 5.1 6.00 bad
87.00 6.7 8.00 bad
51.30 7.8 8.00 bad
80.20 5.9 6.00 bad
22.80 3.5 2.00 bad
153.10 6.7 8.00 good
168.40 6.7 6.00 good
74.40 5.1 6.00 good
123.50 7.1 8.00 good
49.70 5.3 4.00 bad
281.40 6.8 6.00 bad
44.50 5.9 6.00 bad
51.90 5.3 6.00 good
84.60 5.9 6.00 bad
106.40 5.6 6.00 bad
293.40 6.2 6.00 bad
63.50 7.5 8.00 good
133.40 6.5 6.00 good
45.10 6.2 6.00 bad
17.00 7.5 8.00 good
49.60 5.3 4.00 bad
54.40 4.4 4.00 bad
72.20 4.8 4.00 bad
34.80 5.9 6.00 bad
16.80 7.6 8.00 good
79.60 6.8 8.00 bad
7.30 7.4 8.00 bad
55.40 5.9 8.00 bad
98.90 6.1 6.00 bad
390.00 7.3 8.00 good
68.60 6.8 8.00 bad
49.30 6.1 6.00 bad
46.20 6.8 8.00 good
1070.70 7.6 8.00 bad
70.00 6.2 6.00 bad
131.20 5.2 6.00 bad
144.70 8.3 10.00 bad
87.70 5.8 6.00 bad
87.20 5.2 4.00 good
112.10 6.4 6.00 bad
315.30 6.7 8.00 good
153.20 6.4 6.00 bad
50.40 4.0 2.00 bad
90.50 6.9 8.00 bad
22.20 6.5 8.00 good
181.90 6.5 6.00 bad
78.10 5.3 6.00 good
198.70 7.4 8.00 good
310.00 6.4 6.00 bad
133.50 5.8 6.00 bad
148.90 5.8 6.00 good
247.80 6.1 6.00 bad
31.70 8.5 10.00 bad
119.20 5.5 6.00 bad
145.90 4.5 4.00 bad
153.40 7.0 6.00 good
65.70 8.9 10.00 good
89.70 6.4 8.00 good
296.70 6.5 8.00 good
179.50 6.5 8.00 good
72.70 4.8 4.00 bad
448.70 7.8 8.00 good
43.40 6.4 8.00 bad
518.00 7.8 8.00 good
319.70 5.4 6.00 bad
62.30 6.7 6.00 bad
477.20 7.0 8.00 good
154.00 3.9 4.00 good
209.90 3.3 2.00 bad
382.10 6.0 6.00 good
44.60 6.1 6.00 bad
163.50 5.1 6.00 good