BookWordCount BookScoreCount Median Class
95
0 1 2 3 4 5 7 9 11 12 13 16 17 19 20 22 23 25 26 27 28 29 30 31 35 36 37 39 41 42 45 46 47 48 49 50 53 54 55 57 58 60 63 65 66 67 68 69 70 71 73 75 76 79 80 81 82 83 87 89 90 91 96 97 100 101 102 106 108 109 110 111 113 114 115 116 117 118 119 122 124 126 128 130 132 133 135 136 141 142 145 146 150 151 153
177.20 568 6.00 good
289.90 967 8.00 good
48.30 47 6.00 bad
52.30 129 6.00 bad
139.00 78 6.00 bad
158.50 439 6.00 good
38.90 27 6.00 bad
21.30 51 6.00 bad
13.40 51 6.00 bad
21.80 25 6.00 bad
27.50 48 6.00 bad
135.80 119 6.00 good
33.60 36 6.00 bad
122.40 250 6.00 bad
82.30 112 4.00 good
77.70 159 6.00 bad
122.20 116 4.00 good
35.90 11 4.00 bad
62.70 100 6.00 bad
147.20 150 4.00 good
53.00 263 8.00 bad
233.90 290 8.00 good
150.70 29 6.00 bad
78.00 44 6.00 good
713.10 1909 6.00 good
87.00 223 8.00 bad
51.30 216 8.00 bad
22.80 20 2.00 bad
168.40 670 6.00 good
300.10 686 6.00 bad
380.50 299 6.00 bad
123.50 108 8.00 good
49.70 79 4.00 bad
281.40 1248 6.00 bad
44.50 72 6.00 bad
51.90 29 6.00 good
53.70 22 4.00 bad
13.00 43 6.00 good
106.40 55 6.00 bad
293.40 2109 6.00 bad
63.50 461 8.00 good
45.10 108 6.00 bad
108.60 91 6.00 good
72.20 82 4.00 bad
34.80 21 6.00 bad
16.80 90 8.00 good
79.60 153 8.00 bad
7.30 20 8.00 bad
55.40 51 8.00 bad
98.90 248 6.00 bad
68.60 19 8.00 bad
39.60 21 6.00 good
46.20 429 8.00 good
131.20 531 6.00 bad
144.70 714 10.00 bad
87.70 25 6.00 bad
183.00 31 4.00 bad
40.80 104 6.00 bad
112.10 182 6.00 bad
153.20 145 6.00 bad
50.40 16 2.00 bad
126.20 654 8.00 good
34.10 188 8.00 good
22.20 39 8.00 good
59.90 42 8.00 bad
219.60 219 8.00 bad
78.10 225 6.00 good
64.40 349 6.00 good
446.50 5393 10.00 good
101.10 88 6.00 bad
133.50 112 6.00 bad
148.90 182 6.00 good
247.80 136 6.00 bad
31.70 1114 10.00 bad
119.20 282 6.00 bad
118.30 19 6.00 good
59.10 34 6.00 bad
92.20 274 6.00 bad
427.70 1575 8.00 good
79.20 385 8.00 bad
223.00 320 6.00 good
89.70 353 8.00 good
296.70 607 8.00 good
46.30 82 6.00 bad
237.20 614 6.00 good
145.80 23 6.00 bad
335.20 1310 8.00 bad
72.70 68 4.00 bad
25.10 83 8.00 bad
518.00 2366 8.00 good
62.30 61 6.00 bad
477.20 2356 8.00 good
44.60 21 6.00 bad
93.00 638 8.00 bad
73.20 209 6.00 good