AddListCount TwoStarRate FiveStarRate Class
96
0 1 2 5 8 9 11 12 15 16 18 21 22 23 24 26 28 29 30 31 33 34 36 38 40 41 43 45 46 48 49 51 52 54 56 58 59 62 65 67 68 69 71 77 78 80 81 83 85 86 87 88 90 94 96 98 99 102 104 105 106 107 108 109 110 112 114 115 116 117 118 119 120 121 122 125 126 127 128 129 131 132 133 134 136 137 139 140 142 144 145 146 147 148 151 153
214 0.15 0.15 good
492 0.08 0.25 good
12 0.10 0.15 bad
122 0.20 0.12 good
53 0.16 0.21 bad
14 0.18 0.02 bad
15 0.04 0.16 bad
12 0.08 0.20 bad
204 0.13 0.23 bad
25 0.22 0.14 good
7 0.17 0.28 bad
12 0.37 0.04 bad
61 0.15 0.11 bad
32 0.31 0.06 good
23 0.21 0.11 bad
32 0.09 0.19 bad
73 0.11 0.27 bad
68 0.10 0.36 good
9 0.18 0.11 bad
6 0.30 0.09 good
49 0.20 0.15 good
24 0.30 0.03 bad
63 0.10 0.19 bad
19 0.35 0.13 bad
172 0.12 0.19 good
289 0.14 0.17 good
18 0.13 0.14 good
93 0.20 0.10 bad
28 0.07 0.27 good
371 0.09 0.17 bad
13 0.10 0.10 bad
42 0.30 0.07 bad
446 0.04 0.42 bad
9 0.05 0.29 good
13 0.20 0.13 good
70 0.05 0.37 good
138 0.21 0.25 good
3 0.50 0.00 bad
22 0.28 0.07 bad
17 0.06 0.42 good
45 0.11 0.22 bad
5 0.05 0.21 bad
119 0.12 0.17 bad
183 0.07 0.37 bad
57 0.10 0.16 bad
193 0.03 0.58 bad
4 0.08 0.13 bad
22 0.17 0.22 bad
55 0.19 0.10 good
53 0.03 0.26 bad
65 0.09 0.27 bad
321 0.10 0.30 good
4 0.13 0.07 bad
57 0.11 0.23 good
100 0.11 0.17 good
558 0.08 0.29 good
253 0.12 0.17 bad
39 0.14 0.08 good
5 0.31 0.09 bad
98 0.08 0.31 good
102 0.14 0.16 good
188 0.12 0.31 bad
1586 0.02 0.63 good
34 0.14 0.10 bad
31 0.21 0.10 bad
63 0.20 0.11 bad
218 0.02 0.60 bad
76 0.19 0.07 bad
7 0.12 0.17 good
5 0.11 0.09 bad
112 0.11 0.11 bad
274 0.06 0.29 good
15 0.18 0.11 good
14 0.30 0.02 bad
126 0.10 0.25 bad
149 0.02 0.67 good
48 0.06 0.30 good
146 0.06 0.36 good
108 0.08 0.31 good
510 0.07 0.37 good
5 0.41 0.06 good
131 0.14 0.13 good
1 0.13 0.04 bad
168 0.12 0.18 good
9 0.24 0.09 bad
303 0.05 0.38 good
206 0.07 0.22 good
7 0.30 0.05 bad
365 0.05 0.46 good
103 0.25 0.09 bad
28 0.10 0.08 bad
710 0.09 0.19 good
26 0.22 0.02 good
54 0.03 0.08 bad
125 0.07 0.37 bad
50 0.22 0.12 good