BookScore FiveStarRate Mode Class
89
2 3 4 5 7 8 10 11 12 13 14 16 19 21 24 29 30 32 33 35 36 37 38 39 40 41 42 44 47 48 49 50 51 52 54 55 57 58 62 63 65 67 69 70 71 72 76 78 80 81 85 87 88 90 92 93 96 97 98 99 100 101 103 104 105 106 107 108 109 111 114 116 118 120 122 125 126 127 128 130 131 134 135 136 140 144 145 146 153
6.4 0.15 6.00 bad
6.4 0.18 8.00 bad
5.8 0.10 6.00 bad
5.6 0.12 6.00 good
5.8 0.11 6.00 bad
6.5 0.21 6.00 bad
5.8 0.09 8.00 bad
6.9 0.16 6.00 bad
6.0 0.20 6.00 bad
5.5 0.09 6.00 bad
5.9 0.20 2.00 good
5.7 0.14 6.00 good
6.7 0.28 10.00 bad
4.6 0.04 4.00 bad
5.5 0.11 6.00 bad
7.1 0.36 10.00 good
5.4 0.11 6.00 bad
6.8 0.13 8.00 bad
6.1 0.15 6.00 good
5.5 0.21 2.00 good
6.7 0.19 8.00 bad
7.8 0.28 8.00 bad
5.9 0.13 4.00 bad
3.5 0.00 2.00 bad
6.7 0.19 8.00 good
6.7 0.17 6.00 good
5.4 0.11 2.00 bad
5.4 0.23 2.00 good
5.3 0.08 4.00 bad
6.8 0.17 8.00 bad
5.9 0.10 6.00 bad
5.3 0.07 6.00 good
5.9 0.07 6.00 bad
7.9 0.42 10.00 bad
7.0 0.29 6.00 good
5.6 0.06 6.00 bad
6.2 0.18 8.00 bad
7.5 0.37 10.00 good
5.3 0.00 4.00 bad
6.2 0.30 2.00 good
4.8 0.07 6.00 bad
7.6 0.42 10.00 good
7.4 0.21 8.00 bad
5.9 0.20 2.00 bad
6.1 0.17 8.00 bad
7.3 0.35 10.00 good
6.8 0.24 8.00 good
6.2 0.16 6.00 bad
8.3 0.58 10.00 bad
5.8 0.13 6.00 bad
5.2 0.10 2.00 good
6.4 0.27 10.00 bad
6.7 0.30 10.00 good
4.0 0.07 2.00 bad
7.8 0.42 10.00 good
6.9 0.21 8.00 bad
6.7 0.17 8.00 good
6.5 0.13 8.00 good
7.3 0.29 8.00 good
6.5 0.17 6.00 bad
7.0 0.25 6.00 bad
7.1 0.27 10.00 bad
6.6 0.11 6.00 bad
4.9 0.09 6.00 bad
7.4 0.31 8.00 good
6.0 0.16 6.00 good
6.4 0.31 10.00 bad
8.7 0.63 10.00 good
6.0 0.10 6.00 bad
5.8 0.12 8.00 good
8.5 0.60 10.00 bad
6.0 0.17 6.00 good
6.5 0.11 6.00 bad
5.6 0.11 8.00 good
7.0 0.25 8.00 bad
8.9 0.67 10.00 good
6.4 0.30 10.00 good
7.4 0.36 10.00 good
6.5 0.31 10.00 good
5.7 0.17 6.00 bad
4.4 0.06 4.00 good
6.5 0.18 8.00 good
7.0 0.26 8.00 bad
4.8 0.09 6.00 bad
6.4 0.05 8.00 bad
5.4 0.09 6.00 bad
6.7 0.08 6.00 bad
7.0 0.19 8.00 good
5.7 0.12 6.00 good