BookWordCount FourStarRate Kurtosis Class
93
0 1 2 3 4 5 6 9 11 12 13 14 15 16 17 18 20 21 22 23 26 27 32 33 34 37 39 40 41 42 43 44 46 49 50 53 55 56 58 60 62 63 66 70 71 72 73 77 79 80 84 86 88 89 92 94 95 97 101 104 106 109 110 111 112 113 114 118 119 121 122 123 124 125 126 127 130 131 132 133 134 135 136 138 139 142 144 145 146 147 148 151 153
177.20 0.30 200.91 good
289.90 0.36 406.22 good
48.30 0.24 267.71 bad
52.30 0.27 155.27 bad
139.00 0.25 113.07 bad
158.50 0.21 93.52 good
59.60 0.18 75.15 good
21.30 0.30 110.48 bad
13.40 0.32 491.68 bad
21.80 0.08 114.51 bad
27.50 0.13 156.17 bad
123.80 0.19 68.44 good
257.20 0.25 188.48 bad
135.80 0.20 87.54 good
33.60 0.23 80.31 bad
24.10 0.14 137.29 bad
82.30 0.20 48.29 good
74.10 0.14 66.70 bad
77.70 0.28 468.11 bad
122.20 0.08 78.49 good
62.70 0.18 249.04 bad
147.20 0.15 40.03 good
51.10 0.39 404.81 bad
178.90 0.23 163.05 good
154.60 0.13 192.82 bad
51.30 0.44 948.64 bad
22.80 0.05 53.89 bad
153.10 0.33 227.23 good
168.40 0.29 389.04 good
300.10 0.20 74.29 bad
74.40 0.14 44.83 good
296.80 0.16 29.34 good
123.50 0.33 218.67 good
44.50 0.23 155.38 bad
51.90 0.14 119.73 good
53.70 0.00 31.11 bad
106.40 0.20 182.02 bad
40.40 0.10 74.03 good
63.50 0.30 256.16 good
45.10 0.20 95.85 bad
49.60 0.34 199.64 bad
108.60 0.20 55.29 good
34.80 0.19 204.65 bad
55.40 0.32 49.13 bad
98.90 0.25 106.33 bad
390.00 0.20 259.41 good
68.60 0.39 278.58 bad
1070.70 0.27 440.27 bad
131.20 0.17 65.93 bad
144.70 0.19 599.56 bad
30.00 0.19 116.65 bad
129.90 0.27 249.84 bad
315.30 0.23 118.81 good
153.20 0.28 208.64 bad
116.50 0.29 444.03 good
63.70 0.33 299.63 good
99.00 0.00 128.84 bad
22.20 0.40 198.40 good
219.60 0.27 286.97 bad
150.50 0.04 92.39 bad
64.40 0.24 114.14 good
101.10 0.24 170.95 bad
133.50 0.24 131.59 bad
148.90 0.26 113.09 good
107.80 0.15 84.03 bad
247.80 0.21 164.81 bad
31.70 0.23 875.52 bad
92.20 0.30 387.39 bad
427.70 0.33 297.36 good
145.90 0.08 102.63 bad
79.20 0.29 313.76 bad
153.40 0.30 502.72 good
223.00 0.20 101.09 good
65.70 0.20 1797.82 good
89.70 0.21 76.64 good
34.20 0.26 319.05 good
46.30 0.16 73.99 bad
195.70 0.11 58.14 good
237.20 0.35 212.10 good
145.80 0.33 194.01 bad
179.50 0.34 176.74 good
335.20 0.29 234.30 bad
72.70 0.05 63.17 bad
212.90 0.19 56.35 bad
130.30 0.36 304.97 good
518.00 0.24 364.52 good
319.70 0.18 97.95 bad
62.30 0.33 909.70 bad
477.20 0.37 402.15 good
154.00 0.09 40.59 good
209.90 0.06 9.99 bad
93.00 0.19 105.22 bad
73.20 0.22 105.28 good