BookScoreCount AddListCount Median Class
94
0 1 2 3 7 9 13 16 18 19 20 21 22 25 26 28 30 31 32 33 35 40 41 42 43 44 47 48 50 51 52 53 54 56 57 59 60 64 65 69 70 72 73 76 77 79 80 85 86 87 92 93 94 95 97 98 99 100 101 102 103 104 105 106 107 108 110 112 116 118 121 122 124 125 126 127 128 129 130 131 132 134 135 137 138 139 143 144 145 147 148 151 152 153
568 214 6.00 good
967 492 8.00 good
47 12 6.00 bad
129 38 6.00 bad
27 8 6.00 bad
51 14 6.00 bad
48 9 6.00 bad
119 25 6.00 good
23 7 6.00 bad
250 70 6.00 bad
112 17 4.00 good
44 12 4.00 bad
159 61 6.00 bad
11 2 4.00 bad
100 32 6.00 bad
263 73 8.00 bad
29 9 6.00 bad
44 6 6.00 good
292 111 8.00 bad
192 49 6.00 good
1909 254 6.00 good
495 172 8.00 good
670 289 6.00 good
686 215 6.00 bad
81 18 6.00 good
1885 242 4.00 good
79 20 4.00 bad
1248 371 6.00 bad
29 7 6.00 good
133 42 6.00 bad
1780 446 8.00 bad
22 1 4.00 bad
43 9 6.00 good
80 13 6.00 good
2109 551 6.00 bad
484 138 6.00 good
108 19 6.00 bad
45 10 4.00 bad
82 22 4.00 bad
20 5 8.00 bad
51 2 8.00 bad
956 180 8.00 good
19 8 8.00 bad
429 110 8.00 good
745 183 8.00 bad
531 94 6.00 bad
714 193 10.00 bad
356 55 4.00 good
222 53 8.00 bad
182 65 6.00 bad
527 141 8.00 good
396 121 8.00 bad
218 57 8.00 good
13 4 6.00 bad
39 7 8.00 good
2113 558 8.00 good
942 253 6.00 bad
42 8 8.00 bad
219 65 8.00 bad
225 39 6.00 good
29 6 6.00 bad
25 5 4.00 bad
339 98 8.00 good
349 102 6.00 good
1184 188 6.00 bad
5393 1586 10.00 good
112 31 6.00 bad
201 63 6.00 bad
19 7 6.00 good
274 112 6.00 bad
59 14 4.00 bad
385 126 8.00 bad
320 57 6.00 good
768 149 10.00 good
353 48 8.00 good
387 146 8.00 good
607 108 8.00 good
2063 510 8.00 good
82 11 6.00 bad
31 5 4.00 good
614 131 6.00 good
795 168 8.00 good
1310 293 8.00 bad
1641 303 8.00 good
328 53 6.00 bad
1100 206 8.00 good
153 42 6.00 bad
364 103 6.00 bad
61 28 6.00 bad
208 26 4.00 good
1080 54 2.00 bad
638 125 8.00 bad
45 12 6.00 good
209 50 6.00 good