BookScoreCount FourStarRate Mode Class
99
0 1 4 6 7 8 10 11 12 13 15 16 17 18 19 20 21 22 25 27 28 30 31 32 33 34 35 36 37 41 43 44 45 46 47 48 50 51 52 56 58 59 60 62 63 64 65 66 67 68 73 74 75 76 77 79 82 83 87 90 91 93 94 95 96 98 101 103 104 106 108 109 112 113 116 117 118 119 122 125 127 129 131 133 134 135 136 137 138 139 140 141 142 144 145 147 148 150 152
568 0.30 8.00 good
967 0.36 8.00 good
78 0.25 6.00 bad
187 0.18 2.00 good
27 0.11 6.00 bad
177 0.22 6.00 bad
78 0.27 8.00 bad
51 0.32 6.00 bad
25 0.08 6.00 bad
48 0.13 6.00 bad
658 0.25 6.00 bad
119 0.20 6.00 good
36 0.23 8.00 bad
23 0.14 10.00 bad
250 0.22 10.00 bad
112 0.20 2.00 good
44 0.14 4.00 bad
159 0.28 6.00 bad
11 0.00 2.00 bad
150 0.15 2.00 good
263 0.31 8.00 bad
29 0.14 6.00 bad
44 0.19 6.00 good
292 0.39 8.00 bad
192 0.23 6.00 good
97 0.13 6.00 bad
1909 0.14 2.00 good
223 0.34 8.00 bad
216 0.44 8.00 bad
670 0.29 6.00 good
81 0.14 2.00 good
1885 0.16 2.00 good
299 0.23 6.00 bad
108 0.33 8.00 good
79 0.22 4.00 bad
1248 0.33 8.00 bad
29 0.14 6.00 good
133 0.21 6.00 bad
1780 0.30 10.00 bad
80 0.10 6.00 good
461 0.30 10.00 good
484 0.21 10.00 good
108 0.20 10.00 bad
13 0.34 4.00 bad
91 0.20 2.00 good
45 0.14 2.00 bad
82 0.07 6.00 bad
21 0.19 6.00 bad
90 0.25 10.00 good
153 0.30 8.00 bad
19 0.39 8.00 bad
46 0.31 6.00 bad
21 0.30 6.00 good
429 0.36 8.00 good
745 0.27 10.00 bad
531 0.17 2.00 bad
31 0.05 4.00 bad
104 0.22 6.00 bad
182 0.19 10.00 bad
16 0.07 2.00 bad
654 0.28 10.00 good
396 0.34 8.00 bad
218 0.33 8.00 good
13 0.00 6.00 bad
188 0.33 8.00 good
2113 0.33 8.00 good
219 0.27 10.00 bad
29 0.26 6.00 bad
25 0.04 6.00 bad
349 0.24 6.00 good
5393 0.20 10.00 good
88 0.24 6.00 bad
201 0.15 6.00 bad
136 0.21 6.00 bad
19 0.12 6.00 good
34 0.14 6.00 bad
274 0.30 6.00 bad
1575 0.33 8.00 good
385 0.29 8.00 bad
768 0.20 10.00 good
387 0.26 10.00 good
2063 0.26 10.00 good
31 0.11 4.00 good
23 0.33 8.00 bad
795 0.34 8.00 good
1310 0.29 8.00 bad
68 0.05 6.00 bad
1641 0.33 10.00 good
328 0.19 2.00 bad
1100 0.36 8.00 good
21 0.54 8.00 bad
83 0.49 8.00 bad
2366 0.24 10.00 good
364 0.18 6.00 bad
61 0.33 6.00 bad
208 0.09 2.00 good
1080 0.06 2.00 bad
21 0.20 6.00 bad
45 0.14 2.00 good