BookScore BookScoreCount Mode Class
92
0 1 2 3 4 6 7 10 11 13 15 16 18 19 21 22 23 24 25 26 31 32 33 34 37 38 41 43 44 45 46 47 48 53 55 56 57 58 59 62 64 66 67 68 72 73 78 81 82 83 85 86 87 89 91 92 93 95 96 97 98 99 100 101 103 108 109 110 111 112 113 115 116 117 118 121 127 130 131 132 133 134 135 138 139 142 143 144 146 149 150 153
6.4 568 8.00 good
7.2 967 8.00 good
6.4 47 6.00 bad
6.4 129 8.00 bad
5.8 78 6.00 bad
6.0 187 2.00 good
5.8 27 6.00 bad
5.8 78 8.00 bad
6.9 51 6.00 bad
5.5 48 6.00 bad
6.6 658 6.00 bad
5.7 119 6.00 good
6.5 23 10.00 bad
6.7 250 10.00 bad
4.6 44 4.00 bad
6.5 159 6.00 bad
4.7 116 4.00 good
5.5 70 6.00 bad
4.8 11 2.00 bad
6.5 100 6.00 bad
5.8 44 6.00 good
6.8 292 8.00 bad
6.1 192 6.00 good
5.1 97 6.00 bad
7.8 216 8.00 bad
5.9 63 4.00 bad
6.7 670 6.00 good
5.1 81 2.00 good
5.4 1885 2.00 good
5.8 299 6.00 bad
7.1 108 8.00 good
5.3 79 4.00 bad
6.8 1248 8.00 bad
4.0 22 2.00 bad
5.6 55 6.00 bad
5.3 80 6.00 good
6.2 2109 8.00 bad
7.5 461 10.00 good
6.5 484 10.00 good
5.3 13 4.00 bad
4.4 45 2.00 bad
5.9 21 6.00 bad
7.6 90 10.00 good
6.8 153 8.00 bad
7.3 956 10.00 good
6.8 19 8.00 bad
6.2 217 6.00 bad
5.8 25 6.00 bad
5.6 31 4.00 bad
6.6 104 6.00 bad
5.2 356 2.00 good
7.0 222 6.00 bad
6.4 182 10.00 bad
6.4 145 8.00 bad
7.2 654 10.00 good
7.8 527 10.00 good
6.9 396 8.00 bad
5.5 13 6.00 bad
6.7 188 8.00 good
6.5 39 8.00 good
7.3 2113 8.00 good
6.5 942 6.00 bad
7.0 42 6.00 bad
7.1 219 10.00 bad
6.6 29 6.00 bad
8.7 5393 10.00 good
6.0 88 6.00 bad
5.8 112 6.00 bad
5.8 182 8.00 good
5.4 201 6.00 bad
6.1 136 6.00 bad
5.5 282 6.00 bad
6.0 19 6.00 good
5.5 34 6.00 bad
6.5 274 6.00 bad
4.5 59 6.00 bad
7.4 387 10.00 good
5.7 82 6.00 bad
4.4 31 4.00 good
6.4 614 8.00 good
5.9 23 8.00 bad
6.5 795 8.00 good
7.0 1310 8.00 bad
5.7 328 2.00 bad
7.0 1100 8.00 good
7.8 2366 10.00 good
5.5 153 8.00 bad
5.4 364 6.00 bad
7.0 2356 8.00 good
6.0 674 8.00 good
6.1 21 6.00 bad
5.7 209 6.00 good