FourStarRate Median Kurtosis Class
100
0 1 2 3 4 5 6 7 8 9 11 13 16 17 21 23 25 27 28 29 30 31 32 33 34 35 36 37 39 41 42 43 45 46 47 48 52 53 54 55 57 58 59 67 69 70 71 72 74 75 78 79 81 82 83 84 85 86 91 92 93 94 95 96 97 99 100 102 106 108 109 112 113 114 117 118 120 121 123 124 125 126 127 128 130 132 135 136 137 139 140 142 143 144 145 146 147 148 151 153
0.30 6.00 200.91 good
0.36 8.00 406.22 good
0.24 6.00 267.71 bad
0.27 6.00 155.27 bad
0.25 6.00 113.07 bad
0.21 6.00 93.52 good
0.18 6.00 75.15 good
0.11 6.00 181.37 bad
0.22 6.00 196.73 bad
0.30 6.00 110.48 bad
0.32 6.00 491.68 bad
0.13 6.00 156.17 bad
0.20 6.00 87.54 good
0.23 6.00 80.31 bad
0.14 4.00 66.70 bad
0.08 4.00 78.49 good
0.00 4.00 28.01 bad
0.15 4.00 40.03 good
0.31 8.00 418.19 bad
0.20 8.00 194.89 good
0.14 6.00 80.73 bad
0.19 6.00 211.54 good
0.39 8.00 404.81 bad
0.23 6.00 163.05 good
0.13 6.00 192.82 bad
0.14 6.00 41.11 good
0.34 8.00 203.97 bad
0.44 8.00 948.64 bad
0.05 2.00 53.89 bad
0.29 6.00 389.04 good
0.20 6.00 74.29 bad
0.14 6.00 44.83 good
0.23 6.00 135.14 bad
0.33 8.00 218.67 good
0.22 4.00 85.63 bad
0.33 6.00 362.40 bad
0.30 8.00 453.60 bad
0.00 4.00 31.11 bad
0.21 6.00 245.77 good
0.20 6.00 182.02 bad
0.29 6.00 94.54 bad
0.30 8.00 256.16 good
0.21 6.00 148.52 good
0.25 8.00 278.88 good
0.42 8.00 758.93 bad
0.32 8.00 49.13 bad
0.25 6.00 106.33 bad
0.20 8.00 259.41 good
0.31 6.00 393.48 bad
0.30 6.00 344.01 good
0.24 6.00 147.32 bad
0.17 6.00 65.93 bad
0.08 6.00 173.53 bad
0.05 4.00 87.78 bad
0.22 6.00 188.48 bad
0.19 6.00 116.65 bad
0.24 4.00 51.21 good
0.27 8.00 249.84 bad
0.28 8.00 191.97 good
0.29 8.00 444.03 good
0.34 8.00 288.02 bad
0.33 8.00 299.63 good
0.00 6.00 128.84 bad
0.33 8.00 282.28 good
0.40 8.00 198.40 good
0.26 6.00 243.27 bad
0.27 8.00 297.05 bad
0.21 6.00 65.28 good
0.24 6.00 114.14 good
0.20 10.00 1238.93 good
0.24 6.00 170.95 bad
0.15 6.00 84.03 bad
0.21 6.00 164.81 bad
0.23 10.00 875.52 bad
0.14 6.00 132.92 bad
0.30 6.00 387.39 bad
0.25 6.00 75.21 good
0.08 4.00 102.63 bad
0.30 6.00 502.72 good
0.20 6.00 101.09 good
0.20 10.00 1797.82 good
0.21 8.00 76.64 good
0.26 8.00 319.05 good
0.23 8.00 82.37 good
0.16 6.00 73.99 bad
0.35 6.00 212.10 good
0.29 8.00 234.30 bad
0.05 4.00 63.17 bad
0.33 8.00 478.73 good
0.36 8.00 304.97 good
0.54 8.00 361.68 bad
0.24 8.00 364.52 good
0.24 6.00 86.23 bad
0.18 6.00 97.95 bad
0.33 6.00 909.70 bad
0.37 8.00 402.15 good
0.09 4.00 40.59 good
0.06 2.00 9.99 bad
0.19 8.00 105.22 bad
0.22 6.00 105.28 good