BookScoreCount TwoStarRate FiveStarRate Class
95
0 1 2 5 6 7 8 10 12 14 15 17 18 19 20 21 23 25 26 27 28 30 32 33 34 35 37 39 43 44 46 47 48 51 55 57 58 59 60 61 62 63 64 66 67 68 69 70 71 72 74 76 78 79 80 82 86 89 90 91 93 94 96 100 101 102 105 106 107 108 111 114 115 116 117 119 125 126 129 132 133 134 136 138 139 140 141 142 143 144 145 147 149 151 152
568 0.15 0.15 good
967 0.08 0.25 good
47 0.10 0.15 bad
439 0.20 0.12 good
187 0.14 0.23 good
27 0.15 0.11 bad
177 0.16 0.21 bad
78 0.26 0.09 bad
25 0.08 0.20 bad
454 0.14 0.20 good
658 0.13 0.23 bad
36 0.22 0.12 bad
23 0.17 0.28 bad
250 0.18 0.28 bad
112 0.20 0.13 good
44 0.37 0.04 bad
116 0.31 0.06 good
11 0.20 0.20 bad
100 0.09 0.19 bad
150 0.17 0.05 good
263 0.11 0.27 bad
29 0.18 0.11 bad
292 0.09 0.13 bad
192 0.20 0.15 good
97 0.30 0.03 bad
1909 0.12 0.21 good
216 0.03 0.28 bad
20 0.26 0.00 bad
81 0.13 0.14 good
1885 0.07 0.23 good
108 0.07 0.27 good
79 0.28 0.08 bad
1248 0.09 0.17 bad
133 0.30 0.07 bad
55 0.28 0.06 bad
2109 0.07 0.18 bad
461 0.05 0.37 good
484 0.21 0.25 good
108 0.21 0.23 bad
86 0.08 0.21 good
13 0.50 0.00 bad
91 0.07 0.30 good
45 0.27 0.02 bad
21 0.14 0.10 bad
90 0.06 0.42 good
153 0.11 0.22 bad
20 0.05 0.21 bad
51 0.10 0.20 bad
248 0.12 0.17 bad
956 0.08 0.35 good
46 0.22 0.04 bad
429 0.07 0.24 good
217 0.10 0.16 bad
531 0.19 0.10 bad
714 0.03 0.58 bad
31 0.41 0.22 bad
222 0.03 0.26 bad
145 0.17 0.17 bad
16 0.13 0.07 bad
654 0.08 0.34 good
396 0.08 0.21 bad
218 0.11 0.23 good
188 0.11 0.17 good
42 0.02 0.25 bad
219 0.10 0.27 bad
225 0.14 0.08 good
339 0.08 0.31 good
349 0.14 0.16 good
1184 0.12 0.31 bad
5393 0.02 0.63 good
182 0.16 0.12 good
1114 0.02 0.60 bad
282 0.19 0.07 bad
19 0.12 0.17 good
34 0.11 0.09 bad
1575 0.06 0.29 good
768 0.02 0.67 good
353 0.06 0.30 good
2063 0.07 0.37 good
614 0.14 0.13 good
23 0.13 0.04 bad
795 0.12 0.18 good
68 0.24 0.09 bad
328 0.10 0.18 bad
1100 0.07 0.22 good
21 0.30 0.05 bad
83 0.03 0.15 bad
2366 0.05 0.46 good
153 0.21 0.10 bad
364 0.25 0.09 bad
61 0.10 0.08 bad
208 0.22 0.02 good
674 0.18 0.15 good
638 0.07 0.37 bad
45 0.19 0.09 good