BookWordCount AddListCount Median Class
95
1 4 6 7 8 9 10 13 14 15 17 19 20 21 24 26 27 30 33 34 36 37 38 41 42 43 44 45 46 47 48 49 54 55 56 57 58 60 61 62 66 69 71 72 74 76 77 79 83 85 89 93 95 98 99 100 102 104 105 106 109 110 111 112 114 115 116 117 118 121 122 123 124 125 126 128 129 130 131 132 133 135 136 137 139 140 142 143 144 145 146 148 149 151 153
289.90 492 8.00 good
139.00 22 6.00 bad
59.60 42 6.00 good
38.90 8 6.00 bad
143.50 53 6.00 bad
21.30 14 6.00 bad
82.50 25 6.00 bad
27.50 9 6.00 bad
123.80 136 6.00 good
257.20 204 6.00 bad
33.60 10 6.00 bad
122.40 70 6.00 bad
82.30 17 4.00 good
74.10 12 4.00 bad
74.80 23 6.00 bad
62.70 32 6.00 bad
147.20 31 4.00 good
150.70 9 6.00 bad
178.90 49 6.00 good
154.60 24 6.00 bad
87.00 63 8.00 bad
51.30 106 8.00 bad
80.20 19 6.00 bad
168.40 289 6.00 good
300.10 215 6.00 bad
74.40 18 6.00 good
296.80 242 4.00 good
380.50 93 6.00 bad
123.50 28 8.00 good
49.70 20 4.00 bad
281.40 371 6.00 bad
44.50 13 6.00 bad
13.00 9 6.00 good
106.40 11 6.00 bad
40.40 13 6.00 good
293.40 551 6.00 bad
63.50 70 8.00 good
45.10 19 6.00 bad
17.00 33 8.00 good
49.60 3 4.00 bad
34.80 2 6.00 bad
7.30 5 8.00 bad
98.90 119 6.00 bad
390.00 180 8.00 good
49.30 16 6.00 bad
46.20 110 8.00 good
1070.70 183 8.00 bad
131.20 94 6.00 bad
40.80 22 6.00 bad
87.20 55 4.00 good
153.20 49 6.00 bad
90.50 121 8.00 bad
99.00 4 6.00 bad
170.60 558 8.00 good
181.90 253 6.00 bad
59.90 8 8.00 bad
78.10 39 6.00 good
150.50 5 4.00 bad
198.70 98 8.00 good
64.40 102 6.00 good
101.10 34 6.00 bad
133.50 31 6.00 bad
148.90 53 6.00 good
107.80 63 6.00 bad
31.70 218 10.00 bad
119.20 76 6.00 bad
118.30 7 6.00 good
59.10 5 6.00 bad
92.20 112 6.00 bad
145.90 14 4.00 bad
79.20 126 8.00 bad
153.40 32 6.00 good
223.00 57 6.00 good
65.70 149 10.00 good
89.70 48 8.00 good
296.70 108 8.00 good
322.80 510 8.00 good
46.30 11 6.00 bad
195.70 5 4.00 good
237.20 131 6.00 good
145.80 1 6.00 bad
335.20 293 8.00 bad
72.70 9 4.00 bad
448.70 303 8.00 good
130.30 206 8.00 good
43.40 7 8.00 bad
518.00 365 8.00 good
177.70 42 6.00 bad
319.70 103 6.00 bad
62.30 28 6.00 bad
477.20 710 8.00 good
209.90 54 2.00 bad
382.10 178 6.00 good
93.00 125 8.00 bad
73.20 50 6.00 good