BookWordCount TwoStarRate FiveStarRate Class
93
1 3 5 6 7 8 9 10 11 12 15 17 18 22 23 24 26 27 28 29 30 33 34 35 40 42 43 44 46 47 48 49 51 52 53 55 56 57 58 63 64 65 66 67 68 69 74 75 77 78 79 84 85 87 89 90 91 92 93 96 97 98 99 102 105 106 107 109 112 113 114 115 116 117 121 123 125 126 127 128 129 133 135 138 139 141 142 144 145 148 151 152 153
289.90 0.08 0.25 good
52.30 0.12 0.18 bad
158.50 0.20 0.12 good
59.60 0.14 0.23 good
38.90 0.15 0.11 bad
143.50 0.16 0.21 bad
21.30 0.18 0.02 bad
82.50 0.26 0.09 bad
13.40 0.04 0.16 bad
21.80 0.08 0.20 bad
257.20 0.13 0.23 bad
33.60 0.22 0.12 bad
24.10 0.17 0.28 bad
77.70 0.15 0.11 bad
122.20 0.31 0.06 good
74.80 0.21 0.11 bad
62.70 0.09 0.19 bad
147.20 0.17 0.05 good
53.00 0.11 0.27 bad
233.90 0.10 0.36 good
150.70 0.18 0.11 bad
178.90 0.20 0.15 good
154.60 0.30 0.03 bad
713.10 0.12 0.21 good
153.10 0.12 0.19 good
300.10 0.17 0.11 bad
74.40 0.13 0.14 good
296.80 0.07 0.23 good
123.50 0.07 0.27 good
49.70 0.28 0.08 bad
281.40 0.09 0.17 bad
44.50 0.10 0.10 bad
84.60 0.30 0.07 bad
76.10 0.04 0.42 bad
53.70 0.33 0.10 bad
106.40 0.28 0.06 bad
40.40 0.20 0.13 good
293.40 0.07 0.18 bad
63.50 0.05 0.37 good
108.60 0.07 0.30 good
54.40 0.27 0.02 bad
72.20 0.28 0.07 bad
34.80 0.14 0.10 bad
16.80 0.06 0.42 good
79.60 0.11 0.22 bad
7.30 0.05 0.21 bad
49.30 0.22 0.04 bad
39.60 0.10 0.10 good
1070.70 0.07 0.37 bad
70.00 0.10 0.16 bad
131.20 0.19 0.10 bad
30.00 0.14 0.14 bad
87.20 0.19 0.10 good
112.10 0.09 0.27 bad
153.20 0.17 0.17 bad
50.40 0.13 0.07 bad
126.20 0.08 0.34 good
116.50 0.04 0.42 good
90.50 0.08 0.21 bad
34.10 0.11 0.17 good
22.20 0.03 0.13 good
170.60 0.08 0.29 good
181.90 0.12 0.17 bad
78.10 0.14 0.08 good
198.70 0.08 0.31 good
64.40 0.14 0.16 good
310.00 0.12 0.31 bad
101.10 0.14 0.10 bad
107.80 0.20 0.11 bad
247.80 0.13 0.14 bad
31.70 0.02 0.60 bad
119.20 0.19 0.07 bad
118.30 0.12 0.17 good
59.10 0.11 0.09 bad
145.90 0.30 0.02 bad
153.40 0.08 0.20 good
65.70 0.02 0.67 good
89.70 0.06 0.30 good
34.20 0.06 0.36 good
296.70 0.08 0.31 good
322.80 0.07 0.37 good
145.80 0.13 0.04 bad
335.20 0.09 0.26 bad
212.90 0.10 0.18 bad
130.30 0.07 0.22 good
25.10 0.03 0.15 bad
518.00 0.05 0.46 good
319.70 0.25 0.09 bad
62.30 0.10 0.08 bad
209.90 0.03 0.08 bad
93.00 0.07 0.37 bad
163.50 0.19 0.09 good
73.20 0.22 0.12 good