BookWordCount BookScore AddListCount Class
98
0 1 2 3 5 8 9 11 12 13 15 16 17 18 19 21 22 25 26 28 29 30 31 32 33 36 38 39 43 44 45 47 48 52 53 54 55 56 57 58 59 60 61 62 63 65 67 68 71 73 74 75 76 77 79 81 85 86 89 90 91 95 96 97 99 100 102 104 106 107 108 109 111 112 116 118 120 121 122 123 124 125 129 130 131 132 133 136 137 140 141 142 147 148 149 150 151 153
177.20 6.4 214 good
289.90 7.2 492 good
48.30 6.4 12 bad
52.30 6.4 38 bad
158.50 5.6 122 good
143.50 6.5 53 bad
21.30 5.4 14 bad
13.40 6.9 15 bad
21.80 6.0 12 bad
27.50 5.5 9 bad
257.20 6.6 204 bad
135.80 5.7 25 good
33.60 5.6 10 bad
24.10 6.5 7 bad
122.40 6.7 70 bad
74.10 4.6 12 bad
77.70 6.5 61 bad
35.90 4.8 2 bad
62.70 6.5 32 bad
53.00 7.2 73 bad
233.90 7.1 68 good
150.70 5.4 9 bad
78.00 5.8 6 good
51.10 6.8 111 bad
178.90 6.1 49 good
87.00 6.7 63 bad
80.20 5.9 19 bad
22.80 3.5 1 bad
74.40 5.1 18 good
296.80 5.4 242 good
380.50 5.8 93 bad
49.70 5.3 20 bad
281.40 6.8 371 bad
76.10 7.9 446 bad
53.70 4.0 1 bad
13.00 7.0 9 good
106.40 5.6 11 bad
40.40 5.3 13 good
293.40 6.2 551 bad
63.50 7.5 70 good
133.40 6.5 138 good
45.10 6.2 19 bad
17.00 7.5 33 good
49.60 5.3 3 bad
108.60 6.2 21 good
72.20 4.8 22 bad
16.80 7.6 17 good
79.60 6.8 45 bad
98.90 6.1 119 bad
68.60 6.8 8 bad
49.30 6.1 16 bad
39.60 6.4 8 good
46.20 6.8 110 good
1070.70 7.6 183 bad
131.20 5.2 94 bad
87.70 5.8 4 bad
87.20 5.2 55 good
129.90 7.0 53 bad
153.20 6.4 49 bad
50.40 4.0 4 bad
126.20 7.2 218 good
99.00 5.5 4 bad
34.10 6.7 100 good
22.20 6.5 7 good
181.90 6.5 253 bad
59.90 7.0 8 bad
78.10 5.3 39 good
150.50 4.9 5 bad
64.40 6.0 102 good
310.00 6.4 188 bad
446.50 8.7 1586 good
101.10 6.0 34 bad
148.90 5.8 53 good
107.80 5.4 63 bad
118.30 6.0 7 good
92.20 6.5 112 bad
85.80 5.6 15 good
145.90 4.5 14 bad
79.20 7.0 126 bad
153.40 7.0 32 good
223.00 5.6 57 good
65.70 8.9 149 good
322.80 7.3 510 good
46.30 5.7 11 bad
195.70 4.4 5 good
237.20 6.4 131 good
145.80 5.9 1 bad
72.70 4.8 9 bad
448.70 7.8 303 good
43.40 6.4 7 bad
25.10 6.9 19 bad
518.00 7.8 365 good
154.00 3.9 26 good
209.90 3.3 54 bad
382.10 6.0 178 good
44.60 6.1 5 bad
93.00 6.8 125 bad
73.20 5.7 50 good