BookWordCount FourStarRate Kurtosis Class
101
0 2 4 5 6 7 8 9 10 11 12 13 15 17 18 19 20 21 22 23 24 25 26 27 28 30 31 32 33 35 36 37 38 39 40 41 42 43 46 48 49 50 51 52 53 54 59 61 63 65 66 67 68 72 73 76 78 83 84 85 87 89 90 91 92 94 95 97 99 101 102 103 105 108 109 111 113 115 116 117 118 121 123 124 125 126 128 129 131 132 133 134 137 138 140 141 142 146 148 150 153
177.20 0.30 200.91 good
48.30 0.24 267.71 bad
139.00 0.25 113.07 bad
158.50 0.21 93.52 good
59.60 0.18 75.15 good
38.90 0.11 181.37 bad
143.50 0.22 196.73 bad
21.30 0.30 110.48 bad
82.50 0.27 143.84 bad
13.40 0.32 491.68 bad
21.80 0.08 114.51 bad
27.50 0.13 156.17 bad
257.20 0.25 188.48 bad
33.60 0.23 80.31 bad
24.10 0.14 137.29 bad
122.40 0.22 181.41 bad
82.30 0.20 48.29 good
74.10 0.14 66.70 bad
77.70 0.28 468.11 bad
122.20 0.08 78.49 good
74.80 0.13 114.10 bad
35.90 0.00 28.01 bad
62.70 0.18 249.04 bad
147.20 0.15 40.03 good
53.00 0.31 418.19 bad
150.70 0.14 80.73 bad
78.00 0.19 211.54 good
51.10 0.39 404.81 bad
178.90 0.23 163.05 good
713.10 0.14 41.11 good
87.00 0.34 203.97 bad
51.30 0.44 948.64 bad
80.20 0.17 172.89 bad
22.80 0.05 53.89 bad
153.10 0.33 227.23 good
168.40 0.29 389.04 good
300.10 0.20 74.29 bad
74.40 0.14 44.83 good
123.50 0.33 218.67 good
281.40 0.33 362.40 bad
44.50 0.23 155.38 bad
51.90 0.14 119.73 good
84.60 0.21 339.26 bad
76.10 0.30 453.60 bad
53.70 0.00 31.11 bad
13.00 0.21 245.77 good
133.40 0.21 148.52 good
17.00 0.44 1104.85 good
108.60 0.20 55.29 good
72.20 0.07 77.07 bad
34.80 0.19 204.65 bad
16.80 0.25 278.88 good
79.60 0.30 223.96 bad
390.00 0.20 259.41 good
68.60 0.39 278.58 bad
46.20 0.36 159.36 good
70.00 0.24 147.32 bad
40.80 0.22 188.48 bad
30.00 0.19 116.65 bad
87.20 0.24 51.21 good
112.10 0.19 95.46 bad
153.20 0.28 208.64 bad
50.40 0.07 25.57 bad
126.20 0.28 191.97 good
116.50 0.29 444.03 good
63.70 0.33 299.63 good
99.00 0.00 128.84 bad
22.20 0.40 198.40 good
181.90 0.26 243.27 bad
219.60 0.27 286.97 bad
78.10 0.21 65.28 good
21.40 0.26 664.54 bad
198.70 0.33 385.10 good
446.50 0.20 1238.93 good
101.10 0.24 170.95 bad
148.90 0.26 113.09 good
247.80 0.21 164.81 bad
119.20 0.19 125.49 bad
118.30 0.12 138.45 good
59.10 0.14 132.92 bad
92.20 0.30 387.39 bad
145.90 0.08 102.63 bad
153.40 0.30 502.72 good
223.00 0.20 101.09 good
65.70 0.20 1797.82 good
89.70 0.21 76.64 good
296.70 0.23 82.37 good
322.80 0.26 209.65 good
195.70 0.11 58.14 good
237.20 0.35 212.10 good
145.80 0.33 194.01 bad
179.50 0.34 176.74 good
448.70 0.33 478.73 good
212.90 0.19 56.35 bad
43.40 0.54 361.68 bad
25.10 0.49 311.51 bad
518.00 0.24 364.52 good
477.20 0.37 402.15 good
209.90 0.06 9.99 bad
44.60 0.20 158.29 bad
73.20 0.22 105.28 good