FourStarRate Mode Kurtosis Class
99
0 2 4 5 6 7 9 10 11 12 13 16 18 19 20 21 22 23 24 26 28 29 30 32 34 36 38 39 40 41 44 47 48 49 50 51 52 53 55 56 57 59 60 64 65 66 67 68 69 71 72 74 75 76 78 79 80 84 86 87 88 91 94 95 99 100 101 102 104 106 107 109 111 112 115 116 117 118 120 121 123 124 126 127 128 131 133 135 136 137 138 139 141 142 145 150 151 152 153
0.30 8.00 200.91 good
0.24 6.00 267.71 bad
0.25 6.00 113.07 bad
0.21 6.00 93.52 good
0.18 2.00 75.15 good
0.11 6.00 181.37 bad
0.30 8.00 110.48 bad
0.27 8.00 143.84 bad
0.32 6.00 491.68 bad
0.08 6.00 114.51 bad
0.13 6.00 156.17 bad
0.20 6.00 87.54 good
0.14 10.00 137.29 bad
0.22 10.00 181.41 bad
0.20 2.00 48.29 good
0.14 4.00 66.70 bad
0.28 6.00 468.11 bad
0.08 4.00 78.49 good
0.13 6.00 114.10 bad
0.18 6.00 249.04 bad
0.31 8.00 418.19 bad
0.20 10.00 194.89 good
0.14 6.00 80.73 bad
0.39 8.00 404.81 bad
0.13 6.00 192.82 bad
0.34 8.00 203.97 bad
0.17 4.00 172.89 bad
0.05 2.00 53.89 bad
0.33 8.00 227.23 good
0.29 6.00 389.04 good
0.16 2.00 29.34 good
0.22 4.00 85.63 bad
0.33 8.00 362.40 bad
0.23 6.00 155.38 bad
0.14 6.00 119.73 good
0.21 6.00 339.26 bad
0.30 10.00 453.60 bad
0.00 2.00 31.11 bad
0.20 6.00 182.02 bad
0.10 6.00 74.03 good
0.29 8.00 94.54 bad
0.21 10.00 148.52 good
0.20 10.00 95.85 bad
0.14 2.00 59.06 bad
0.07 6.00 77.07 bad
0.19 6.00 204.65 bad
0.25 10.00 278.88 good
0.30 8.00 223.96 bad
0.42 8.00 758.93 bad
0.25 8.00 106.33 bad
0.20 10.00 259.41 good
0.31 6.00 393.48 bad
0.30 6.00 344.01 good
0.36 8.00 159.36 good
0.24 6.00 147.32 bad
0.17 2.00 65.93 bad
0.19 10.00 599.56 bad
0.19 6.00 116.65 bad
0.27 6.00 249.84 bad
0.19 10.00 95.46 bad
0.23 10.00 118.81 good
0.28 10.00 191.97 good
0.33 8.00 299.63 good
0.00 6.00 128.84 bad
0.26 6.00 243.27 bad
0.27 6.00 297.05 bad
0.27 10.00 286.97 bad
0.21 2.00 65.28 good
0.04 6.00 92.39 bad
0.24 6.00 114.14 good
0.17 10.00 72.91 bad
0.24 6.00 170.95 bad
0.26 8.00 113.09 good
0.15 6.00 84.03 bad
0.19 6.00 125.49 bad
0.12 6.00 138.45 good
0.14 6.00 132.92 bad
0.30 6.00 387.39 bad
0.25 8.00 75.21 good
0.08 6.00 102.63 bad
0.30 6.00 502.72 good
0.20 6.00 101.09 good
0.21 10.00 76.64 good
0.26 10.00 319.05 good
0.23 10.00 82.37 good
0.11 4.00 58.14 good
0.33 8.00 194.01 bad
0.29 8.00 234.30 bad
0.05 6.00 63.17 bad
0.33 10.00 478.73 good
0.19 2.00 56.35 bad
0.36 8.00 304.97 good
0.49 8.00 311.51 bad
0.24 10.00 364.52 good
0.33 6.00 909.70 bad
0.20 6.00 158.29 bad
0.19 10.00 105.22 bad
0.14 2.00 62.68 good
0.22 6.00 105.28 good