FourStarRate FiveStarRate Mode Class
108
0 2 3 4 5 6 7 9 11 12 13 14 15 16 17 18 21 22 24 25 26 28 29 34 35 37 38 39 40 41 42 43 44 45 46 48 49 51 52 54 56 57 58 59 60 61 62 63 65 68 69 70 72 73 75 76 79 80 82 84 86 87 88 89 90 92 95 98 99 100 102 103 104 105 107 108 111 113 116 117 118 119 121 122 123 124 125 126 127 128 130 131 132 133 134 135 137 138 139 140 141 143 144 145 148 150 151 153
0.30 0.15 8.00 good
0.24 0.15 6.00 bad
0.27 0.18 8.00 bad
0.25 0.10 6.00 bad
0.21 0.12 6.00 good
0.18 0.23 2.00 good
0.11 0.11 6.00 bad
0.30 0.02 8.00 bad
0.32 0.16 6.00 bad
0.08 0.20 6.00 bad
0.13 0.09 6.00 bad
0.19 0.20 2.00 good
0.25 0.23 6.00 bad
0.20 0.14 6.00 good
0.23 0.12 8.00 bad
0.14 0.28 10.00 bad
0.14 0.04 4.00 bad
0.28 0.11 6.00 bad
0.13 0.11 6.00 bad
0.00 0.20 2.00 bad
0.18 0.19 6.00 bad
0.31 0.27 8.00 bad
0.20 0.36 10.00 good
0.13 0.03 6.00 bad
0.14 0.21 2.00 good
0.44 0.28 8.00 bad
0.17 0.13 4.00 bad
0.05 0.00 2.00 bad
0.33 0.19 8.00 good
0.29 0.17 6.00 good
0.20 0.11 2.00 bad
0.14 0.14 2.00 good
0.16 0.23 2.00 good
0.23 0.10 6.00 bad
0.33 0.27 8.00 good
0.33 0.17 8.00 bad
0.23 0.10 6.00 bad
0.21 0.07 6.00 bad
0.30 0.42 10.00 bad
0.21 0.29 6.00 good
0.10 0.13 6.00 good
0.29 0.18 8.00 bad
0.30 0.37 10.00 good
0.21 0.25 10.00 good
0.20 0.23 10.00 bad
0.44 0.21 8.00 good
0.34 0.00 4.00 bad
0.20 0.30 2.00 good
0.07 0.07 6.00 bad
0.30 0.22 8.00 bad
0.42 0.21 8.00 bad
0.32 0.20 2.00 bad
0.20 0.35 10.00 good
0.39 0.17 8.00 bad
0.30 0.10 6.00 good
0.36 0.24 8.00 good
0.17 0.10 2.00 bad
0.19 0.58 10.00 bad
0.05 0.22 4.00 bad
0.19 0.14 6.00 bad
0.27 0.26 6.00 bad
0.19 0.27 10.00 bad
0.23 0.30 10.00 good
0.28 0.17 8.00 bad
0.07 0.07 2.00 bad
0.29 0.42 10.00 good
0.00 0.15 6.00 bad
0.33 0.29 8.00 good
0.26 0.17 6.00 bad
0.27 0.25 6.00 bad
0.21 0.08 2.00 good
0.26 0.11 6.00 bad
0.04 0.09 6.00 bad
0.33 0.31 8.00 good
0.17 0.31 10.00 bad
0.20 0.63 10.00 good
0.26 0.12 8.00 good
0.21 0.14 6.00 bad
0.12 0.17 6.00 good
0.14 0.09 6.00 bad
0.30 0.11 6.00 bad
0.33 0.29 8.00 good
0.08 0.02 6.00 bad
0.29 0.25 8.00 bad
0.30 0.20 6.00 good
0.20 0.11 6.00 good
0.20 0.67 10.00 good
0.21 0.30 10.00 good
0.26 0.36 10.00 good
0.23 0.31 10.00 good
0.16 0.17 6.00 bad
0.11 0.06 4.00 good
0.35 0.13 8.00 good
0.33 0.04 8.00 bad
0.34 0.18 8.00 good
0.29 0.26 8.00 bad
0.33 0.38 10.00 good
0.19 0.18 2.00 bad
0.36 0.22 8.00 good
0.54 0.05 8.00 bad
0.49 0.15 8.00 bad
0.24 0.10 8.00 bad
0.18 0.09 6.00 bad
0.33 0.08 6.00 bad
0.06 0.08 2.00 bad
0.20 0.15 6.00 bad
0.19 0.37 10.00 bad
0.22 0.12 6.00 good