AddListCount ThreeStarRate Kurtosis Class
104
0 3 4 5 7 9 10 11 12 14 15 17 19 22 25 26 28 29 30 35 36 37 39 40 41 43 44 45 46 47 49 50 51 52 53 55 56 57 59 60 62 67 68 69 70 71 72 74 76 77 78 79 80 82 83 84 85 86 88 89 90 91 92 93 95 98 100 101 103 105 106 113 114 115 116 117 118 119 120 121 123 125 126 127 128 129 130 132 134 135 136 137 138 139 140 141 143 146 147 149 150 151 152 153
214 0.28 200.91 good
38 0.27 155.27 bad
22 0.33 113.07 bad
122 0.26 93.52 good
8 0.48 181.37 bad
14 0.26 110.48 bad
25 0.23 143.84 bad
15 0.40 491.68 bad
12 0.44 114.51 bad
136 0.21 68.44 good
204 0.27 188.48 bad
10 0.20 80.31 bad
70 0.22 181.41 bad
61 0.40 468.11 bad
2 0.20 28.01 bad
32 0.43 249.04 bad
73 0.25 418.19 bad
68 0.22 194.89 good
9 0.32 80.73 bad
254 0.18 41.11 good
63 0.23 203.97 bad
106 0.20 948.64 bad
1 0.16 53.89 bad
172 0.24 227.23 good
289 0.34 389.04 good
18 0.24 44.83 good
242 0.11 29.34 good
93 0.30 135.14 bad
28 0.19 218.67 good
20 0.20 85.63 bad
13 0.39 155.38 bad
7 0.32 119.73 good
42 0.37 339.26 bad
446 0.15 453.60 bad
1 0.14 31.11 bad
11 0.33 182.02 bad
13 0.32 74.03 good
551 0.21 94.54 bad
138 0.21 148.52 good
19 0.18 95.85 bad
3 0.08 199.64 bad
17 0.16 278.88 good
45 0.25 223.96 bad
5 0.26 758.93 bad
2 0.04 49.13 bad
119 0.25 106.33 bad
180 0.26 259.41 good
16 0.36 393.48 bad
110 0.15 159.36 good
183 0.22 440.27 bad
57 0.33 147.32 bad
94 0.26 65.93 bad
193 0.13 599.56 bad
3 0.20 87.78 bad
22 0.28 188.48 bad
3 0.33 116.65 bad
55 0.15 51.21 good
53 0.30 249.84 bad
321 0.18 118.81 good
49 0.27 208.64 bad
4 0.20 25.57 bad
218 0.16 191.97 good
141 0.16 444.03 good
121 0.26 288.02 bad
4 0.46 128.84 bad
558 0.22 391.57 good
8 0.34 297.05 bad
65 0.26 286.97 bad
6 0.50 664.54 bad
98 0.19 385.10 good
102 0.27 114.14 good
25 0.36 164.81 bad
218 0.09 875.52 bad
76 0.35 125.49 bad
7 0.42 138.45 good
5 0.45 132.92 bad
112 0.39 387.39 bad
274 0.20 297.36 good
15 0.20 75.21 good
14 0.32 102.63 bad
32 0.37 502.72 good
149 0.08 1797.82 good
48 0.16 76.64 good
146 0.22 319.05 good
108 0.13 82.37 good
510 0.16 209.65 good
11 0.28 73.99 bad
131 0.25 212.10 good
168 0.21 176.74 good
293 0.24 234.30 bad
9 0.32 63.17 bad
303 0.15 478.73 good
53 0.22 56.35 bad
206 0.24 304.97 good
7 0.07 361.68 bad
19 0.19 311.51 bad
42 0.22 86.23 bad
710 0.27 402.15 good
26 0.19 40.59 good
178 0.23 113.50 good
5 0.35 158.29 bad
125 0.16 105.22 bad
12 0.28 62.68 good
50 0.25 105.28 good