BookWordCount AddListCount FiveStarRate Class
96
3 4 8 10 11 12 13 15 18 21 22 23 24 25 27 29 30 31 33 36 37 38 39 41 42 43 44 45 47 50 51 52 54 55 56 57 58 63 64 66 69 70 71 72 73 77 78 79 80 82 85 87 88 89 91 92 94 97 100 101 103 104 107 108 111 112 113 114 115 116 118 119 121 123 124 126 127 129 130 131 132 133 135 137 138 140 141 142 144 146 147 148 149 151 152 153
52.30 38 0.18 bad
139.00 22 0.10 bad
143.50 53 0.21 bad
82.50 25 0.09 bad
13.40 15 0.16 bad
21.80 12 0.20 bad
27.50 9 0.09 bad
257.20 204 0.23 bad
24.10 7 0.28 bad
74.10 12 0.04 bad
77.70 61 0.11 bad
122.20 32 0.06 good
74.80 23 0.11 bad
35.90 2 0.20 bad
147.20 31 0.05 good
233.90 68 0.36 good
150.70 9 0.11 bad
78.00 6 0.09 good
178.90 49 0.15 good
87.00 63 0.19 bad
51.30 106 0.28 bad
80.20 19 0.13 bad
22.80 1 0.00 bad
168.40 289 0.17 good
300.10 215 0.11 bad
74.40 18 0.14 good
296.80 242 0.23 good
380.50 93 0.10 bad
49.70 20 0.08 bad
51.90 7 0.07 good
84.60 42 0.07 bad
76.10 446 0.42 bad
13.00 9 0.29 good
106.40 11 0.06 bad
40.40 13 0.13 good
293.40 551 0.18 bad
63.50 70 0.37 good
108.60 21 0.30 good
54.40 10 0.02 bad
34.80 2 0.10 bad
7.30 5 0.21 bad
55.40 2 0.20 bad
98.90 119 0.17 bad
390.00 180 0.35 good
68.60 8 0.17 bad
1070.70 183 0.37 bad
70.00 57 0.16 bad
131.20 94 0.10 bad
144.70 193 0.58 bad
183.00 3 0.22 bad
87.20 55 0.10 good
112.10 65 0.27 bad
315.30 321 0.30 good
153.20 49 0.17 bad
126.20 218 0.34 good
116.50 141 0.42 good
63.70 57 0.23 good
22.20 7 0.13 good
59.90 8 0.25 bad
219.60 65 0.27 bad
21.40 6 0.11 bad
150.50 5 0.09 bad
310.00 188 0.31 bad
446.50 1586 0.63 good
148.90 53 0.12 good
107.80 63 0.11 bad
247.80 25 0.14 bad
31.70 218 0.60 bad
119.20 76 0.07 bad
118.30 7 0.17 good
92.20 112 0.11 bad
427.70 274 0.29 good
145.90 14 0.02 bad
153.40 32 0.20 good
223.00 57 0.11 good
89.70 48 0.30 good
34.20 146 0.36 good
322.80 510 0.37 good
46.30 11 0.17 bad
195.70 5 0.06 good
237.20 131 0.13 good
145.80 1 0.04 bad
335.20 293 0.26 bad
448.70 303 0.38 good
212.90 53 0.18 bad
43.40 7 0.05 bad
25.10 19 0.15 bad
518.00 365 0.46 good
319.70 103 0.09 bad
477.20 710 0.19 good
154.00 26 0.02 good
209.90 54 0.08 bad
382.10 178 0.15 good
93.00 125 0.37 bad
163.50 12 0.09 good
73.20 50 0.12 good