BookScore BookScoreCount Mode Class
100
0 2 3 4 8 9 11 12 16 17 19 20 21 22 23 24 25 26 27 28 30 31 33 34 35 36 39 40 42 44 45 46 47 50 51 52 53 54 55 56 57 59 60 61 63 64 65 66 67 70 72 74 75 78 79 80 81 82 83 84 85 87 90 91 92 95 96 98 101 102 103 104 105 106 108 110 111 112 114 115 118 119 120 121 122 125 127 129 130 131 132 137 138 139 141 144 145 147 148 150
6.4 568 8.00 good
6.4 47 6.00 bad
6.4 129 8.00 bad
5.8 78 6.00 bad
6.5 177 6.00 bad
5.4 51 8.00 bad
6.9 51 6.00 bad
6.0 25 6.00 bad
5.7 119 6.00 good
5.6 36 8.00 bad
6.7 250 10.00 bad
5.3 112 2.00 good
4.6 44 4.00 bad
6.5 159 6.00 bad
4.7 116 4.00 good
5.5 70 6.00 bad
4.8 11 2.00 bad
6.5 100 6.00 bad
4.5 150 2.00 good
7.2 263 8.00 bad
5.4 29 6.00 bad
5.8 44 6.00 good
6.1 192 6.00 good
5.1 97 6.00 bad
5.5 1909 2.00 good
6.7 223 8.00 bad
3.5 20 2.00 bad
6.7 495 8.00 good
5.4 686 2.00 bad
5.4 1885 2.00 good
5.8 299 6.00 bad
7.1 108 8.00 good
5.3 79 4.00 bad
5.3 29 6.00 good
5.9 133 6.00 bad
7.9 1780 10.00 bad
4.0 22 2.00 bad
7.0 43 6.00 good
5.6 55 6.00 bad
5.3 80 6.00 good
6.2 2109 8.00 bad
6.5 484 10.00 good
6.2 108 10.00 bad
7.5 86 8.00 good
6.2 91 2.00 good
4.4 45 2.00 bad
4.8 82 6.00 bad
5.9 21 6.00 bad
7.6 90 10.00 good
5.9 51 2.00 bad
7.3 956 10.00 good
6.1 46 6.00 bad
6.4 21 6.00 good
6.2 217 6.00 bad
5.2 531 2.00 bad
8.3 714 10.00 bad
5.8 25 6.00 bad
5.6 31 4.00 bad
6.6 104 6.00 bad
5.9 21 6.00 bad
5.2 356 2.00 good
6.4 182 10.00 bad
4.0 16 2.00 bad
7.2 654 10.00 good
7.8 527 10.00 good
5.5 13 6.00 bad
6.7 188 8.00 good
7.3 2113 8.00 good
7.1 219 10.00 bad
5.3 225 2.00 good
6.6 29 6.00 bad
4.9 25 6.00 bad
7.4 339 8.00 good
6.0 349 6.00 good
8.7 5393 10.00 good
5.8 112 6.00 bad
5.8 182 8.00 good
5.4 201 6.00 bad
8.5 1114 10.00 bad
5.5 282 6.00 bad
6.5 274 6.00 bad
7.3 1575 8.00 good
5.6 45 8.00 good
4.5 59 6.00 bad
7.0 385 8.00 bad
8.9 768 10.00 good
7.4 387 10.00 good
7.3 2063 10.00 good
5.7 82 6.00 bad
4.4 31 4.00 good
6.4 614 8.00 good
7.8 1641 10.00 good
5.7 328 2.00 bad
7.0 1100 8.00 good
6.9 83 8.00 bad
5.4 364 6.00 bad
6.7 61 6.00 bad
3.9 208 2.00 good
3.3 1080 2.00 bad
6.1 21 6.00 bad