BookScoreCount FourStarRate Median Class
93
1 3 5 6 7 9 12 15 16 17 18 19 20 21 22 24 25 26 27 31 32 34 35 36 37 41 42 44 45 46 48 51 52 53 54 57 60 61 64 66 67 69 71 72 74 75 77 78 80 81 82 86 87 88 89 90 92 93 95 97 102 104 105 107 108 110 111 112 114 115 117 121 123 124 125 126 127 129 132 138 140 141 142 143 144 146 147 148 149 150 151 152 153
967 0.36 8.00 good
129 0.27 6.00 bad
439 0.21 6.00 good
187 0.18 6.00 good
27 0.11 6.00 bad
51 0.30 6.00 bad
25 0.08 6.00 bad
658 0.25 6.00 bad
119 0.20 6.00 good
36 0.23 6.00 bad
23 0.14 6.00 bad
250 0.22 6.00 bad
112 0.20 4.00 good
44 0.14 4.00 bad
159 0.28 6.00 bad
70 0.13 6.00 bad
11 0.00 4.00 bad
100 0.18 6.00 bad
150 0.15 4.00 good
44 0.19 6.00 good
292 0.39 8.00 bad
97 0.13 6.00 bad
1909 0.14 6.00 good
223 0.34 8.00 bad
216 0.44 8.00 bad
670 0.29 6.00 good
686 0.20 6.00 bad
1885 0.16 4.00 good
299 0.23 6.00 bad
108 0.33 8.00 good
1248 0.33 6.00 bad
133 0.21 6.00 bad
1780 0.30 8.00 bad
22 0.00 4.00 bad
43 0.21 6.00 good
2109 0.29 6.00 bad
108 0.20 6.00 bad
86 0.44 8.00 good
45 0.14 4.00 bad
21 0.19 6.00 bad
90 0.25 8.00 good
20 0.42 8.00 bad
248 0.25 6.00 bad
956 0.20 8.00 good
46 0.31 6.00 bad
21 0.30 6.00 good
745 0.27 8.00 bad
217 0.24 6.00 bad
714 0.19 10.00 bad
25 0.08 6.00 bad
31 0.05 4.00 bad
222 0.27 8.00 bad
182 0.19 6.00 bad
1636 0.23 8.00 good
145 0.28 6.00 bad
16 0.07 2.00 bad
527 0.29 8.00 good
396 0.34 8.00 bad
13 0.00 6.00 bad
39 0.40 8.00 good
225 0.21 6.00 good
25 0.04 4.00 bad
339 0.33 8.00 good
1184 0.17 6.00 bad
5393 0.20 10.00 good
112 0.24 6.00 bad
182 0.26 6.00 good
201 0.15 6.00 bad
1114 0.23 10.00 bad
282 0.19 6.00 bad
34 0.14 6.00 bad
59 0.08 4.00 bad
93 0.30 6.00 good
320 0.20 6.00 good
768 0.20 10.00 good
353 0.21 8.00 good
387 0.26 8.00 good
2063 0.26 8.00 good
614 0.35 6.00 good
328 0.19 6.00 bad
21 0.54 8.00 bad
83 0.49 8.00 bad
2366 0.24 8.00 good
153 0.24 6.00 bad
364 0.18 6.00 bad
2356 0.37 8.00 good
208 0.09 4.00 good
1080 0.06 2.00 bad
674 0.26 6.00 good
21 0.20 6.00 bad
638 0.19 8.00 bad
45 0.14 6.00 good
209 0.22 6.00 good