AddListCount TwoStarRate FiveStarRate Class
96
0 3 5 10 12 13 15 17 18 19 20 22 23 25 26 28 29 31 33 34 36 38 41 42 43 45 46 47 49 50 54 55 57 58 59 60 62 63 65 66 67 69 71 72 73 74 75 76 78 80 81 83 86 88 89 90 91 92 93 94 95 98 100 102 104 105 106 107 108 109 110 111 113 114 117 119 120 121 122 126 127 129 131 132 133 137 138 139 140 141 143 146 147 148 150 153
214 0.15 0.15 good
38 0.12 0.18 bad
122 0.20 0.12 good
25 0.26 0.09 bad
12 0.08 0.20 bad
9 0.24 0.09 bad
204 0.13 0.23 bad
10 0.22 0.12 bad
7 0.17 0.28 bad
70 0.18 0.28 bad
17 0.20 0.13 good
61 0.15 0.11 bad
32 0.31 0.06 good
2 0.20 0.20 bad
32 0.09 0.19 bad
73 0.11 0.27 bad
68 0.10 0.36 good
6 0.30 0.09 good
49 0.20 0.15 good
24 0.30 0.03 bad
63 0.10 0.19 bad
19 0.35 0.13 bad
289 0.14 0.17 good
215 0.17 0.11 bad
18 0.13 0.14 good
93 0.20 0.10 bad
28 0.07 0.27 good
20 0.28 0.08 bad
13 0.10 0.10 bad
7 0.28 0.07 good
9 0.05 0.29 good
11 0.28 0.06 bad
551 0.07 0.18 bad
70 0.05 0.37 good
138 0.21 0.25 good
19 0.21 0.23 bad
3 0.50 0.00 bad
21 0.07 0.30 good
22 0.28 0.07 bad
2 0.14 0.10 bad
17 0.06 0.42 good
5 0.05 0.21 bad
119 0.12 0.17 bad
180 0.08 0.35 good
8 0.11 0.17 bad
16 0.22 0.04 bad
8 0.10 0.10 good
110 0.07 0.24 good
57 0.10 0.16 bad
193 0.03 0.58 bad
4 0.08 0.13 bad
22 0.17 0.22 bad
53 0.03 0.26 bad
321 0.10 0.30 good
49 0.17 0.17 bad
4 0.13 0.07 bad
218 0.08 0.34 good
141 0.04 0.42 good
121 0.08 0.21 bad
57 0.11 0.23 good
4 0.23 0.15 bad
558 0.08 0.29 good
8 0.02 0.25 bad
39 0.14 0.08 good
5 0.31 0.09 bad
98 0.08 0.31 good
102 0.14 0.16 good
188 0.12 0.31 bad
1586 0.02 0.63 good
34 0.14 0.10 bad
31 0.21 0.10 bad
53 0.16 0.12 good
25 0.13 0.14 bad
218 0.02 0.60 bad
5 0.11 0.09 bad
274 0.06 0.29 good
15 0.18 0.11 good
14 0.30 0.02 bad
126 0.10 0.25 bad
48 0.06 0.30 good
146 0.06 0.36 good
510 0.07 0.37 good
5 0.41 0.06 good
131 0.14 0.13 good
1 0.13 0.04 bad
303 0.05 0.38 good
53 0.10 0.18 bad
206 0.07 0.22 good
7 0.30 0.05 bad
19 0.03 0.15 bad
42 0.21 0.10 bad
710 0.09 0.19 good
26 0.22 0.02 good
54 0.03 0.08 bad
5 0.15 0.15 bad
50 0.22 0.12 good