AddListCount FourStarRate Kurtosis Class
97
0 1 2 4 5 6 7 8 16 17 18 19 21 22 27 28 30 31 33 34 35 36 37 38 40 41 44 45 48 49 50 51 53 54 55 56 58 59 60 61 62 65 66 67 68 70 71 73 75 77 80 81 83 89 90 91 92 93 94 95 96 97 99 100 101 102 105 106 107 108 109 110 111 112 113 117 118 120 122 123 124 127 128 130 131 132 133 136 137 138 140 141 143 144 147 152 153
214 0.30 200.91 good
492 0.36 406.22 good
12 0.24 267.71 bad
22 0.25 113.07 bad
122 0.21 93.52 good
42 0.18 75.15 good
8 0.11 181.37 bad
53 0.22 196.73 bad
25 0.20 87.54 good
10 0.23 80.31 bad
7 0.14 137.29 bad
70 0.22 181.41 bad
12 0.14 66.70 bad
61 0.28 468.11 bad
31 0.15 40.03 good
73 0.31 418.19 bad
9 0.14 80.73 bad
6 0.19 211.54 good
49 0.23 163.05 good
24 0.13 192.82 bad
254 0.14 41.11 good
63 0.34 203.97 bad
106 0.44 948.64 bad
19 0.17 172.89 bad
172 0.33 227.23 good
289 0.29 389.04 good
242 0.16 29.34 good
93 0.23 135.14 bad
371 0.33 362.40 bad
13 0.23 155.38 bad
7 0.14 119.73 good
42 0.21 339.26 bad
1 0.00 31.11 bad
9 0.21 245.77 good
11 0.20 182.02 bad
13 0.10 74.03 good
70 0.30 256.16 good
138 0.21 148.52 good
19 0.20 95.85 bad
33 0.44 1104.85 good
3 0.34 199.64 bad
22 0.07 77.07 bad
2 0.19 204.65 bad
17 0.25 278.88 good
45 0.30 223.96 bad
2 0.32 49.13 bad
119 0.25 106.33 bad
8 0.39 278.58 bad
8 0.30 344.01 good
183 0.27 440.27 bad
193 0.19 599.56 bad
4 0.08 173.53 bad
22 0.22 188.48 bad
49 0.28 208.64 bad
4 0.07 25.57 bad
218 0.28 191.97 good
141 0.29 444.03 good
121 0.34 288.02 bad
57 0.33 299.63 good
4 0.00 128.84 bad
100 0.33 282.28 good
7 0.40 198.40 good
253 0.26 243.27 bad
8 0.27 297.05 bad
65 0.27 286.97 bad
39 0.21 65.28 good
98 0.33 385.10 good
102 0.24 114.14 good
188 0.17 72.91 bad
1586 0.20 1238.93 good
34 0.24 170.95 bad
31 0.24 131.59 bad
53 0.26 113.09 good
63 0.15 84.03 bad
25 0.21 164.81 bad
5 0.14 132.92 bad
112 0.30 387.39 bad
15 0.25 75.21 good
126 0.29 313.76 bad
32 0.30 502.72 good
57 0.20 101.09 good
146 0.26 319.05 good
108 0.23 82.37 good
11 0.16 73.99 bad
5 0.11 58.14 good
131 0.35 212.10 good
1 0.33 194.01 bad
9 0.05 63.17 bad
303 0.33 478.73 good
53 0.19 56.35 bad
7 0.54 361.68 bad
19 0.49 311.51 bad
42 0.24 86.23 bad
103 0.18 97.95 bad
26 0.09 40.59 good
12 0.14 62.68 good
50 0.22 105.28 good