BookWordCount FourStarRate Mode Class
96
0 2 3 5 8 9 11 12 13 15 16 18 19 21 22 24 25 26 27 28 30 31 32 33 34 35 36 37 38 39 40 42 44 47 50 51 52 53 54 55 56 57 58 59 60 61 64 67 68 69 72 73 75 76 78 80 82 84 86 87 88 89 90 93 94 95 96 97 102 103 105 108 110 112 114 116 117 118 120 121 127 128 132 133 135 136 137 139 141 143 145 146 147 149 150 151
177.20 0.30 8.00 good
48.30 0.24 6.00 bad
52.30 0.27 8.00 bad
158.50 0.21 6.00 good
143.50 0.22 6.00 bad
21.30 0.30 8.00 bad
13.40 0.32 6.00 bad
21.80 0.08 6.00 bad
27.50 0.13 6.00 bad
257.20 0.25 6.00 bad
135.80 0.20 6.00 good
24.10 0.14 10.00 bad
122.40 0.22 10.00 bad
74.10 0.14 4.00 bad
77.70 0.28 6.00 bad
74.80 0.13 6.00 bad
35.90 0.00 2.00 bad
62.70 0.18 6.00 bad
147.20 0.15 2.00 good
53.00 0.31 8.00 bad
150.70 0.14 6.00 bad
78.00 0.19 6.00 good
51.10 0.39 8.00 bad
178.90 0.23 6.00 good
154.60 0.13 6.00 bad
713.10 0.14 2.00 good
87.00 0.34 8.00 bad
51.30 0.44 8.00 bad
80.20 0.17 4.00 bad
22.80 0.05 2.00 bad
153.10 0.33 8.00 good
300.10 0.20 2.00 bad
296.80 0.16 2.00 good
49.70 0.22 4.00 bad
51.90 0.14 6.00 good
84.60 0.21 6.00 bad
76.10 0.30 10.00 bad
53.70 0.00 2.00 bad
13.00 0.21 6.00 good
106.40 0.20 6.00 bad
40.40 0.10 6.00 good
293.40 0.29 8.00 bad
63.50 0.30 10.00 good
133.40 0.21 10.00 good
45.10 0.20 10.00 bad
17.00 0.44 8.00 good
54.40 0.14 2.00 bad
16.80 0.25 10.00 good
79.60 0.30 8.00 bad
7.30 0.42 8.00 bad
390.00 0.20 10.00 good
68.60 0.39 8.00 bad
39.60 0.30 6.00 good
46.20 0.36 8.00 good
70.00 0.24 6.00 bad
144.70 0.19 10.00 bad
183.00 0.05 4.00 bad
30.00 0.19 6.00 bad
129.90 0.27 6.00 bad
112.10 0.19 10.00 bad
315.30 0.23 10.00 good
153.20 0.28 8.00 bad
50.40 0.07 2.00 bad
90.50 0.34 8.00 bad
63.70 0.33 8.00 good
99.00 0.00 6.00 bad
34.10 0.33 8.00 good
22.20 0.40 8.00 good
78.10 0.21 2.00 good
21.40 0.26 6.00 bad
198.70 0.33 8.00 good
446.50 0.20 10.00 good
133.50 0.24 6.00 bad
107.80 0.15 6.00 bad
31.70 0.23 10.00 bad
118.30 0.12 6.00 good
59.10 0.14 6.00 bad
92.20 0.30 6.00 bad
85.80 0.25 8.00 good
145.90 0.08 6.00 bad
34.20 0.26 10.00 good
296.70 0.23 10.00 good
237.20 0.35 8.00 good
145.80 0.33 8.00 bad
335.20 0.29 8.00 bad
72.70 0.05 6.00 bad
448.70 0.33 10.00 good
130.30 0.36 8.00 good
25.10 0.49 8.00 bad
177.70 0.24 8.00 bad
62.30 0.33 6.00 bad
477.20 0.37 8.00 good
154.00 0.09 2.00 good
382.10 0.26 8.00 good
44.60 0.20 6.00 bad
93.00 0.19 10.00 bad