BookWordCount AddListCount TwoStarRate Class
98
0 1 3 4 5 6 7 8 9 11 12 14 16 17 19 20 24 26 27 28 29 30 37 38 39 40 44 45 46 48 49 50 52 53 55 58 59 60 63 64 66 68 70 71 72 73 74 76 77 79 80 82 83 85 86 87 88 89 90 93 94 96 97 98 99 100 101 102 105 107 108 110 111 112 114 116 118 119 120 121 122 124 125 127 130 131 134 136 138 139 140 142 143 145 146 150 151 152
177.20 214 0.15 good
289.90 492 0.08 good
52.30 38 0.12 bad
139.00 22 0.09 bad
158.50 122 0.20 good
59.60 42 0.14 good
38.90 8 0.15 bad
143.50 53 0.16 bad
21.30 14 0.18 bad
13.40 15 0.04 bad
21.80 12 0.08 bad
123.80 136 0.14 good
135.80 25 0.22 good
33.60 10 0.22 bad
122.40 70 0.18 bad
82.30 17 0.20 good
74.80 23 0.21 bad
62.70 32 0.09 bad
147.20 31 0.17 good
53.00 73 0.11 bad
233.90 68 0.10 good
150.70 9 0.18 bad
51.30 106 0.03 bad
80.20 19 0.35 bad
22.80 1 0.26 bad
153.10 172 0.12 good
296.80 242 0.07 good
380.50 93 0.20 bad
123.50 28 0.07 good
281.40 371 0.09 bad
44.50 13 0.10 bad
51.90 7 0.28 good
76.10 446 0.04 bad
53.70 1 0.33 bad
106.40 11 0.28 bad
63.50 70 0.05 good
133.40 138 0.21 good
45.10 19 0.21 bad
108.60 21 0.07 good
54.40 10 0.27 bad
34.80 2 0.14 bad
79.60 45 0.11 bad
55.40 2 0.10 bad
98.90 119 0.12 bad
390.00 180 0.08 good
68.60 8 0.11 bad
49.30 16 0.22 bad
46.20 110 0.07 good
1070.70 183 0.07 bad
131.20 94 0.19 bad
144.70 193 0.03 bad
183.00 3 0.41 bad
40.80 22 0.17 bad
87.20 55 0.19 good
129.90 53 0.03 bad
112.10 65 0.09 bad
315.30 321 0.10 good
153.20 49 0.17 bad
50.40 4 0.13 bad
90.50 121 0.08 bad
63.70 57 0.11 good
34.10 100 0.11 good
22.20 7 0.03 good
170.60 558 0.08 good
181.90 253 0.12 bad
59.90 8 0.02 bad
219.60 65 0.10 bad
78.10 39 0.14 good
198.70 98 0.08 good
310.00 188 0.12 bad
446.50 1586 0.02 good
133.50 31 0.21 bad
148.90 53 0.16 good
107.80 63 0.20 bad
31.70 218 0.02 bad
118.30 7 0.12 good
92.20 112 0.11 bad
427.70 274 0.06 good
85.80 15 0.18 good
145.90 14 0.30 bad
79.20 126 0.10 bad
223.00 57 0.19 good
65.70 149 0.02 good
34.20 146 0.06 good
46.30 11 0.13 bad
195.70 5 0.41 good
179.50 168 0.12 good
72.70 9 0.24 bad
212.90 53 0.10 bad
130.30 206 0.07 good
43.40 7 0.30 bad
518.00 365 0.05 good
177.70 42 0.21 bad
62.30 28 0.10 bad
477.20 710 0.09 good
44.60 5 0.15 bad
93.00 125 0.07 bad
163.50 12 0.19 good