AddListCount ThreeStarRate FourStarRate Class
96
0 1 2 3 4 5 6 8 9 12 13 14 15 16 17 18 19 20 22 24 25 26 28 29 32 36 37 39 44 46 48 49 50 51 52 58 59 61 64 65 66 67 68 70 71 72 73 74 77 80 81 83 85 86 87 88 89 90 91 94 95 98 99 100 103 104 105 106 108 109 110 112 113 115 117 119 120 121 122 124 125 126 131 132 133 134 135 137 138 139 141 143 144 149 150 152
214 0.28 0.30 good
492 0.23 0.36 good
12 0.40 0.24 bad
38 0.27 0.27 bad
22 0.33 0.25 bad
122 0.26 0.21 good
42 0.21 0.18 good
53 0.30 0.22 bad
14 0.26 0.30 bad
12 0.44 0.08 bad
9 0.39 0.13 bad
136 0.21 0.19 good
204 0.27 0.25 bad
25 0.23 0.20 good
10 0.20 0.23 bad
7 0.28 0.14 bad
70 0.22 0.22 bad
17 0.15 0.20 good
61 0.40 0.28 bad
23 0.36 0.13 bad
2 0.20 0.00 bad
32 0.43 0.18 bad
73 0.25 0.31 bad
68 0.22 0.20 good
111 0.31 0.39 bad
63 0.23 0.34 bad
106 0.20 0.44 bad
1 0.16 0.05 bad
242 0.11 0.16 good
28 0.19 0.33 good
371 0.33 0.33 bad
13 0.39 0.23 bad
7 0.32 0.14 good
42 0.37 0.21 bad
446 0.15 0.30 bad
70 0.14 0.30 good
138 0.21 0.21 good
33 0.25 0.44 good
10 0.21 0.14 bad
22 0.31 0.07 bad
2 0.43 0.19 bad
17 0.16 0.25 good
45 0.25 0.30 bad
2 0.04 0.32 bad
119 0.25 0.25 bad
180 0.26 0.20 good
8 0.22 0.39 bad
16 0.36 0.31 bad
183 0.22 0.27 bad
193 0.13 0.19 bad
4 0.54 0.08 bad
22 0.28 0.22 bad
55 0.15 0.24 good
53 0.30 0.27 bad
65 0.23 0.19 bad
321 0.18 0.23 good
49 0.27 0.28 bad
4 0.20 0.07 bad
218 0.16 0.28 good
57 0.23 0.33 good
4 0.46 0.00 bad
558 0.22 0.33 good
253 0.34 0.26 bad
8 0.34 0.27 bad
6 0.50 0.26 bad
5 0.34 0.04 bad
98 0.19 0.33 good
102 0.27 0.24 good
1586 0.10 0.20 good
34 0.36 0.24 bad
31 0.28 0.24 bad
63 0.30 0.15 bad
25 0.36 0.21 bad
76 0.35 0.19 bad
5 0.45 0.14 bad
274 0.20 0.33 good
15 0.20 0.25 good
14 0.32 0.08 bad
126 0.28 0.29 bad
57 0.29 0.20 good
149 0.08 0.20 good
48 0.16 0.21 good
5 0.13 0.11 good
131 0.25 0.35 good
1 0.33 0.33 bad
168 0.21 0.34 good
293 0.24 0.29 bad
303 0.15 0.33 good
53 0.22 0.19 bad
206 0.24 0.36 good
19 0.19 0.49 bad
42 0.22 0.24 bad
103 0.27 0.18 bad
178 0.23 0.26 good
5 0.35 0.20 bad
12 0.28 0.14 good