BookScore TwoStarRate Median Class
96
0 1 2 3 4 5 6 12 13 15 16 18 20 21 22 23 26 27 28 29 30 31 32 33 36 37 38 39 42 44 45 46 48 49 51 52 54 55 57 59 60 61 62 63 64 66 67 68 69 70 73 74 75 81 83 85 86 87 92 93 95 96 98 99 100 104 105 106 109 110 111 112 114 116 117 119 124 126 128 130 132 135 136 137 140 141 142 144 145 146 147 148 149 151 152 153
6.4 0.15 6.00 good
7.2 0.08 8.00 good
6.4 0.10 6.00 bad
6.4 0.12 6.00 bad
5.8 0.09 6.00 bad
5.6 0.20 6.00 good
6.0 0.14 6.00 good
6.0 0.08 6.00 bad
5.5 0.24 6.00 bad
6.6 0.13 6.00 bad
5.7 0.22 6.00 good
6.5 0.17 6.00 bad
5.3 0.20 4.00 good
4.6 0.37 4.00 bad
6.5 0.15 6.00 bad
4.7 0.31 4.00 good
6.5 0.09 6.00 bad
4.5 0.17 4.00 good
7.2 0.11 8.00 bad
7.1 0.10 8.00 good
5.4 0.18 6.00 bad
5.8 0.30 6.00 good
6.8 0.09 8.00 bad
6.1 0.20 6.00 good
6.7 0.10 8.00 bad
7.8 0.03 8.00 bad
5.9 0.35 6.00 bad
3.5 0.26 2.00 bad
5.4 0.17 6.00 bad
5.4 0.07 4.00 good
5.8 0.20 6.00 bad
7.1 0.07 8.00 good
6.8 0.09 6.00 bad
5.9 0.10 6.00 bad
5.9 0.30 6.00 bad
7.9 0.04 8.00 bad
7.0 0.05 6.00 good
5.6 0.28 6.00 bad
6.2 0.07 6.00 bad
6.5 0.21 6.00 good
6.2 0.21 6.00 bad
7.5 0.08 8.00 good
5.3 0.50 4.00 bad
6.2 0.07 6.00 good
4.4 0.27 4.00 bad
5.9 0.14 6.00 bad
7.6 0.06 8.00 good
6.8 0.11 8.00 bad
7.4 0.05 8.00 bad
5.9 0.10 8.00 bad
6.8 0.11 8.00 bad
6.1 0.22 6.00 bad
6.4 0.10 6.00 good
5.8 0.08 6.00 bad
6.6 0.17 6.00 bad
5.2 0.19 4.00 good
7.0 0.03 8.00 bad
6.4 0.09 6.00 bad
7.8 0.04 8.00 good
6.9 0.08 8.00 bad
5.5 0.23 6.00 bad
6.7 0.11 8.00 good
7.3 0.08 8.00 good
6.5 0.12 6.00 bad
7.0 0.02 8.00 bad
4.9 0.31 4.00 bad
7.4 0.08 8.00 good
6.0 0.14 6.00 good
6.0 0.14 6.00 bad
5.8 0.21 6.00 bad
5.8 0.16 6.00 good
5.4 0.20 6.00 bad
8.5 0.02 10.00 bad
6.0 0.12 6.00 good
5.5 0.11 6.00 bad
7.3 0.06 8.00 good
5.6 0.19 6.00 good
6.4 0.06 8.00 good
6.5 0.08 8.00 good
5.7 0.13 6.00 bad
6.4 0.14 6.00 good
7.0 0.09 8.00 bad
4.8 0.24 4.00 bad
7.8 0.05 8.00 good
6.4 0.30 8.00 bad
6.9 0.03 8.00 bad
7.8 0.05 8.00 good
5.4 0.25 6.00 bad
6.7 0.10 6.00 bad
7.0 0.09 8.00 good
3.9 0.22 4.00 good
3.3 0.03 2.00 bad
6.0 0.18 6.00 good
6.8 0.07 8.00 bad
5.1 0.19 6.00 good
5.7 0.22 6.00 good