AddListCount FiveStarRate Mode Class
94
0 1 3 4 5 7 9 11 12 13 16 17 18 21 24 25 26 29 30 32 33 37 38 43 44 45 46 47 48 49 50 52 53 54 57 59 61 63 65 66 68 71 72 76 78 79 81 82 86 87 88 89 90 91 92 93 94 95 96 98 99 100 101 104 105 107 108 109 110 111 113 114 115 118 119 120 122 128 132 135 136 137 140 141 143 144 145 146 147 148 149 150 151 153
214 0.15 8.00 good
492 0.25 8.00 good
38 0.18 8.00 bad
22 0.10 6.00 bad
122 0.12 6.00 good
8 0.11 6.00 bad
14 0.02 8.00 bad
15 0.16 6.00 bad
12 0.20 6.00 bad
9 0.09 6.00 bad
25 0.14 6.00 good
10 0.12 8.00 bad
7 0.28 10.00 bad
12 0.04 4.00 bad
23 0.11 6.00 bad
2 0.20 2.00 bad
32 0.19 6.00 bad
68 0.36 10.00 good
9 0.11 6.00 bad
111 0.13 8.00 bad
49 0.15 6.00 good
106 0.28 8.00 bad
19 0.13 4.00 bad
18 0.14 2.00 good
242 0.23 2.00 good
93 0.10 6.00 bad
28 0.27 8.00 good
20 0.08 4.00 bad
371 0.17 8.00 bad
13 0.10 6.00 bad
7 0.07 6.00 good
446 0.42 10.00 bad
1 0.10 2.00 bad
9 0.29 6.00 good
551 0.18 8.00 bad
138 0.25 10.00 good
33 0.21 8.00 good
21 0.30 2.00 good
22 0.07 6.00 bad
2 0.10 6.00 bad
45 0.22 8.00 bad
119 0.17 8.00 bad
180 0.35 10.00 good
110 0.24 8.00 good
57 0.16 6.00 bad
94 0.10 2.00 bad
4 0.13 6.00 bad
3 0.22 4.00 bad
53 0.26 6.00 bad
65 0.27 10.00 bad
321 0.30 10.00 good
49 0.17 8.00 bad
4 0.07 2.00 bad
218 0.34 10.00 good
141 0.42 10.00 good
121 0.21 8.00 bad
57 0.23 8.00 good
4 0.15 6.00 bad
100 0.17 8.00 good
558 0.29 8.00 good
253 0.17 6.00 bad
8 0.25 6.00 bad
65 0.27 10.00 bad
5 0.09 6.00 bad
98 0.31 8.00 good
188 0.31 10.00 bad
1586 0.63 10.00 good
34 0.10 6.00 bad
31 0.10 6.00 bad
53 0.12 8.00 good
25 0.14 6.00 bad
218 0.60 10.00 bad
76 0.07 6.00 bad
112 0.11 6.00 bad
274 0.29 8.00 good
15 0.11 8.00 good
126 0.25 8.00 bad
108 0.31 10.00 good
131 0.13 8.00 good
293 0.26 8.00 bad
9 0.09 6.00 bad
303 0.38 10.00 good
7 0.05 8.00 bad
19 0.15 8.00 bad
42 0.10 8.00 bad
103 0.09 6.00 bad
28 0.08 6.00 bad
710 0.19 8.00 good
26 0.02 2.00 good
54 0.08 2.00 bad
178 0.15 8.00 good
5 0.15 6.00 bad
125 0.37 10.00 bad
50 0.12 6.00 good