AddListCount Mode Median Class
102
1 4 5 7 8 11 12 14 15 16 18 20 21 23 25 26 27 28 29 30 31 32 34 35 39 42 43 44 47 48 49 50 52 54 56 57 60 61 65 66 67 68 69 70 72 73 76 78 79 80 81 82 86 88 89 90 91 92 94 95 96 98 99 102 103 104 105 107 109 111 112 113 114 115 117 118 119 120 122 123 124 126 127 128 129 132 134 135 136 137 139 140 141 142 144 145 146 147 148 149 150 152
492 8.00 8.00 good
22 6.00 6.00 bad
122 6.00 6.00 good
8 6.00 6.00 bad
53 6.00 6.00 bad
15 6.00 6.00 bad
12 6.00 6.00 bad
136 2.00 6.00 good
204 6.00 6.00 bad
25 6.00 6.00 good
7 10.00 6.00 bad
17 2.00 4.00 good
12 4.00 4.00 bad
32 4.00 4.00 good
2 2.00 4.00 bad
32 6.00 6.00 bad
31 2.00 4.00 good
73 8.00 8.00 bad
68 10.00 8.00 good
9 6.00 6.00 bad
6 6.00 6.00 good
111 8.00 8.00 bad
24 6.00 6.00 bad
254 2.00 6.00 good
1 2.00 2.00 bad
215 2.00 6.00 bad
18 2.00 6.00 good
242 2.00 4.00 good
20 4.00 4.00 bad
371 8.00 6.00 bad
13 6.00 6.00 bad
7 6.00 6.00 good
446 10.00 8.00 bad
9 6.00 6.00 good
13 6.00 6.00 good
551 8.00 6.00 bad
19 10.00 6.00 bad
33 8.00 8.00 good
22 6.00 4.00 bad
2 6.00 6.00 bad
17 10.00 8.00 good
45 8.00 8.00 bad
5 8.00 8.00 bad
2 2.00 8.00 bad
180 10.00 8.00 good
8 8.00 8.00 bad
110 8.00 8.00 good
57 6.00 6.00 bad
94 2.00 6.00 bad
193 10.00 10.00 bad
4 6.00 6.00 bad
3 4.00 4.00 bad
53 6.00 8.00 bad
321 10.00 8.00 good
49 8.00 6.00 bad
4 2.00 2.00 bad
218 10.00 8.00 good
141 10.00 8.00 good
57 8.00 8.00 good
4 6.00 6.00 bad
100 8.00 8.00 good
558 8.00 8.00 good
253 6.00 6.00 bad
39 2.00 6.00 good
6 6.00 6.00 bad
5 6.00 4.00 bad
98 8.00 8.00 good
188 10.00 6.00 bad
34 6.00 6.00 bad
53 8.00 6.00 good
63 6.00 6.00 bad
25 6.00 6.00 bad
218 10.00 10.00 bad
76 6.00 6.00 bad
5 6.00 6.00 bad
112 6.00 6.00 bad
274 8.00 8.00 good
15 8.00 6.00 good
126 8.00 8.00 bad
32 6.00 6.00 good
57 6.00 6.00 good
48 10.00 8.00 good
146 10.00 8.00 good
108 10.00 8.00 good
510 10.00 8.00 good
131 8.00 6.00 good
168 8.00 8.00 good
293 8.00 8.00 bad
9 6.00 4.00 bad
303 10.00 8.00 good
206 8.00 8.00 good
7 8.00 8.00 bad
19 8.00 8.00 bad
365 10.00 8.00 good
103 6.00 6.00 bad
28 6.00 6.00 bad
710 8.00 8.00 good
26 2.00 4.00 good
54 2.00 2.00 bad
178 8.00 6.00 good
5 6.00 6.00 bad
12 2.00 6.00 good