BookWordCount BookScoreCount AddListCount Class
95
1 2 4 5 6 9 11 12 13 14 15 16 19 23 25 26 27 28 29 30 31 33 35 36 37 38 39 40 41 42 43 46 47 48 49 50 53 54 58 59 60 64 65 73 74 76 77 78 79 81 82 83 85 86 87 88 89 91 94 97 101 102 103 105 107 108 111 112 113 114 115 116 117 118 119 120 121 125 127 131 133 135 136 138 141 142 145 146 147 148 149 150 151 152 153
289.90 967 492 good
48.30 47 12 bad
139.00 78 22 bad
158.50 439 122 good
59.60 187 42 good
21.30 51 14 bad
13.40 51 15 bad
21.80 25 12 bad
27.50 48 9 bad
123.80 454 136 good
257.20 658 204 bad
135.80 119 25 good
122.40 250 70 bad
122.20 116 32 good
35.90 11 2 bad
62.70 100 32 bad
147.20 150 31 good
53.00 263 73 bad
233.90 290 68 good
150.70 29 9 bad
78.00 44 6 good
178.90 192 49 good
713.10 1909 254 good
87.00 223 63 bad
51.30 216 106 bad
80.20 63 19 bad
22.80 20 1 bad
153.10 495 172 good
168.40 670 289 good
300.10 686 215 bad
74.40 81 18 good
123.50 108 28 good
49.70 79 20 bad
281.40 1248 371 bad
44.50 72 13 bad
51.90 29 7 good
53.70 22 1 bad
13.00 43 9 good
63.50 461 70 good
133.40 484 138 good
45.10 108 19 bad
54.40 45 10 bad
72.20 82 22 bad
68.60 19 8 bad
49.30 46 16 bad
46.20 429 110 good
1070.70 745 183 bad
70.00 217 57 bad
131.20 531 94 bad
87.70 25 4 bad
183.00 31 3 bad
40.80 104 22 bad
87.20 356 55 good
129.90 222 53 bad
112.10 182 65 bad
315.30 1636 321 good
153.20 145 49 bad
126.20 654 218 good
63.70 218 57 good
22.20 39 7 good
219.60 219 65 bad
78.10 225 39 good
21.40 29 6 bad
198.70 339 98 good
310.00 1184 188 bad
446.50 5393 1586 good
148.90 182 53 good
107.80 201 63 bad
247.80 136 25 bad
31.70 1114 218 bad
119.20 282 76 bad
118.30 19 7 good
59.10 34 5 bad
92.20 274 112 bad
427.70 1575 274 good
85.80 45 15 good
145.90 59 14 bad
65.70 768 149 good
34.20 387 146 good
195.70 31 5 good
145.80 23 1 bad
335.20 1310 293 bad
72.70 68 9 bad
212.90 328 53 bad
25.10 83 19 bad
518.00 2366 365 good
62.30 61 28 bad
477.20 2356 710 good
154.00 208 26 good
209.90 1080 54 bad
382.10 674 178 good
44.60 21 5 bad
93.00 638 125 bad
163.50 45 12 good
73.20 209 50 good