BookScore TwoStarRate Kurtosis Class
96
0 1 2 3 5 8 9 10 11 13 16 17 18 19 21 22 23 24 25 26 28 30 32 36 37 38 39 40 41 45 46 47 48 49 50 51 54 57 59 60 61 62 63 64 66 69 70 71 72 73 75 76 77 78 79 81 82 84 85 86 88 89 93 94 95 97 101 104 106 109 111 113 117 118 120 121 124 125 126 127 128 129 130 132 133 134 141 143 144 145 147 148 150 151 152 153
6.4 0.15 200.91 good
7.2 0.08 406.22 good
6.4 0.10 267.71 bad
6.4 0.12 155.27 bad
5.6 0.20 93.52 good
6.5 0.16 196.73 bad
5.4 0.18 110.48 bad
5.8 0.26 143.84 bad
6.9 0.04 491.68 bad
5.5 0.24 156.17 bad
5.7 0.22 87.54 good
5.6 0.22 80.31 bad
6.5 0.17 137.29 bad
6.7 0.18 181.41 bad
4.6 0.37 66.70 bad
6.5 0.15 468.11 bad
4.7 0.31 78.49 good
5.5 0.21 114.10 bad
4.8 0.20 28.01 bad
6.5 0.09 249.04 bad
7.2 0.11 418.19 bad
5.4 0.18 80.73 bad
6.8 0.09 404.81 bad
6.7 0.10 203.97 bad
7.8 0.03 948.64 bad
5.9 0.35 172.89 bad
3.5 0.26 53.89 bad
6.7 0.12 227.23 good
6.7 0.14 389.04 good
5.8 0.20 135.14 bad
7.1 0.07 218.67 good
5.3 0.28 85.63 bad
6.8 0.09 362.40 bad
5.9 0.10 155.38 bad
5.3 0.28 119.73 good
5.9 0.30 339.26 bad
7.0 0.05 245.77 good
6.2 0.07 94.54 bad
6.5 0.21 148.52 good
6.2 0.21 95.85 bad
7.5 0.08 1104.85 good
5.3 0.50 199.64 bad
6.2 0.07 55.29 good
4.4 0.27 59.06 bad
5.9 0.14 204.65 bad
7.4 0.05 758.93 bad
5.9 0.10 49.13 bad
6.1 0.12 106.33 bad
7.3 0.08 259.41 good
6.8 0.11 278.58 bad
6.4 0.10 344.01 good
6.8 0.07 159.36 good
7.6 0.07 440.27 bad
6.2 0.10 147.32 bad
5.2 0.19 65.93 bad
5.8 0.08 173.53 bad
5.6 0.41 87.78 bad
5.9 0.14 116.65 bad
5.2 0.19 51.21 good
7.0 0.03 249.84 bad
6.7 0.10 118.81 good
6.4 0.17 208.64 bad
6.9 0.08 288.02 bad
7.0 0.11 299.63 good
5.5 0.23 128.84 bad
6.5 0.03 198.40 good
7.1 0.10 286.97 bad
4.9 0.31 92.39 bad
6.0 0.14 114.14 good
6.0 0.14 170.95 bad
5.8 0.16 113.09 good
6.1 0.13 164.81 bad
5.5 0.11 132.92 bad
6.5 0.11 387.39 bad
5.6 0.18 75.21 good
4.5 0.30 102.63 bad
5.6 0.19 101.09 good
8.9 0.02 1797.82 good
6.4 0.06 76.64 good
7.4 0.06 319.05 good
6.5 0.08 82.37 good
7.3 0.07 209.65 good
5.7 0.13 73.99 bad
6.4 0.14 212.10 good
5.9 0.13 194.01 bad
6.5 0.12 176.74 good
6.9 0.03 311.51 bad
5.5 0.21 86.23 bad
5.4 0.25 97.95 bad
6.7 0.10 909.70 bad
3.9 0.22 40.59 good
3.3 0.03 9.99 bad
6.1 0.15 158.29 bad
6.8 0.07 105.22 bad
5.1 0.19 62.68 good
5.7 0.22 105.28 good