TwoStarRate Mode Median Class
100
0 2 3 6 10 11 12 14 15 16 17 18 19 20 21 24 28 29 30 31 32 33 34 36 37 39 40 44 45 46 47 48 49 51 53 55 58 59 60 62 63 64 68 70 72 73 74 75 76 77 78 79 80 85 88 91 92 95 96 98 99 100 101 104 105 106 107 109 110 111 112 114 115 116 118 119 121 122 123 126 129 131 132 133 134 135 136 137 138 139 140 141 142 143 144 147 148 149 150 152
0.15 8.00 6.00 good
0.10 6.00 6.00 bad
0.12 8.00 6.00 bad
0.14 2.00 6.00 good
0.26 8.00 6.00 bad
0.04 6.00 6.00 bad
0.08 6.00 6.00 bad
0.14 2.00 6.00 good
0.13 6.00 6.00 bad
0.22 6.00 6.00 good
0.22 8.00 6.00 bad
0.17 10.00 6.00 bad
0.18 10.00 6.00 bad
0.20 2.00 4.00 good
0.37 4.00 4.00 bad
0.21 6.00 6.00 bad
0.11 8.00 8.00 bad
0.10 10.00 8.00 good
0.18 6.00 6.00 bad
0.30 6.00 6.00 good
0.09 8.00 8.00 bad
0.20 6.00 6.00 good
0.30 6.00 6.00 bad
0.10 8.00 8.00 bad
0.03 8.00 8.00 bad
0.26 2.00 2.00 bad
0.12 8.00 8.00 good
0.07 2.00 4.00 good
0.20 6.00 6.00 bad
0.07 8.00 8.00 good
0.28 4.00 4.00 bad
0.09 8.00 6.00 bad
0.10 6.00 6.00 bad
0.30 6.00 6.00 bad
0.33 2.00 4.00 bad
0.28 6.00 6.00 bad
0.05 10.00 8.00 good
0.21 10.00 6.00 good
0.21 10.00 6.00 bad
0.50 4.00 4.00 bad
0.07 2.00 6.00 good
0.27 2.00 4.00 bad
0.11 8.00 8.00 bad
0.10 2.00 8.00 bad
0.08 10.00 8.00 good
0.11 8.00 8.00 bad
0.22 6.00 6.00 bad
0.10 6.00 6.00 good
0.07 8.00 8.00 good
0.07 10.00 8.00 bad
0.10 6.00 6.00 bad
0.19 2.00 6.00 bad
0.03 10.00 10.00 bad
0.19 2.00 4.00 good
0.10 10.00 8.00 good
0.08 10.00 8.00 good
0.04 10.00 8.00 good
0.23 6.00 6.00 bad
0.11 8.00 8.00 good
0.08 8.00 8.00 good
0.12 6.00 6.00 bad
0.02 6.00 8.00 bad
0.10 10.00 8.00 bad
0.31 6.00 4.00 bad
0.08 8.00 8.00 good
0.14 6.00 6.00 good
0.12 10.00 6.00 bad
0.14 6.00 6.00 bad
0.21 6.00 6.00 bad
0.16 8.00 6.00 good
0.20 6.00 6.00 bad
0.02 10.00 10.00 bad
0.19 6.00 6.00 bad
0.12 6.00 6.00 good
0.11 6.00 6.00 bad
0.06 8.00 8.00 good
0.30 6.00 4.00 bad
0.10 8.00 8.00 bad
0.08 6.00 6.00 good
0.06 10.00 8.00 good
0.07 10.00 8.00 good
0.41 4.00 4.00 good
0.14 8.00 6.00 good
0.13 8.00 6.00 bad
0.12 8.00 8.00 good
0.09 8.00 8.00 bad
0.24 6.00 4.00 bad
0.05 10.00 8.00 good
0.10 2.00 6.00 bad
0.07 8.00 8.00 good
0.30 8.00 8.00 bad
0.03 8.00 8.00 bad
0.05 10.00 8.00 good
0.21 8.00 6.00 bad
0.25 6.00 6.00 bad
0.22 2.00 4.00 good
0.03 2.00 2.00 bad
0.18 8.00 6.00 good
0.15 6.00 6.00 bad
0.19 2.00 6.00 good