BookScore BookScoreCount Median Class
101
0 1 4 5 6 7 9 10 12 14 15 16 17 18 21 22 23 26 28 29 30 31 32 36 37 38 40 41 42 43 46 50 51 53 54 55 56 58 59 60 61 62 63 64 65 66 67 69 70 72 73 74 75 76 78 79 80 81 82 84 86 87 89 91 93 94 98 102 103 104 107 108 109 110 113 115 120 121 124 125 126 127 130 131 132 134 135 137 138 139 140 141 142 143 144 145 147 148 150 151 152
6.4 568 6.00 good
7.2 967 8.00 good
5.8 78 6.00 bad
5.6 439 6.00 good
6.0 187 6.00 good
5.8 27 6.00 bad
5.4 51 6.00 bad
5.8 78 6.00 bad
6.0 25 6.00 bad
5.9 454 6.00 good
6.6 658 6.00 bad
5.7 119 6.00 good
5.6 36 6.00 bad
6.5 23 6.00 bad
4.6 44 4.00 bad
6.5 159 6.00 bad
4.7 116 4.00 good
6.5 100 6.00 bad
7.2 263 8.00 bad
7.1 290 8.00 good
5.4 29 6.00 bad
5.8 44 6.00 good
6.8 292 8.00 bad
6.7 223 8.00 bad
7.8 216 8.00 bad
5.9 63 6.00 bad
6.7 495 8.00 good
6.7 670 6.00 good
5.4 686 6.00 bad
5.1 81 6.00 good
7.1 108 8.00 good
5.3 29 6.00 good
5.9 133 6.00 bad
4.0 22 4.00 bad
7.0 43 6.00 good
5.6 55 6.00 bad
5.3 80 6.00 good
7.5 461 8.00 good
6.5 484 6.00 good
6.2 108 6.00 bad
7.5 86 8.00 good
5.3 13 4.00 bad
6.2 91 6.00 good
4.4 45 4.00 bad
4.8 82 4.00 bad
5.9 21 6.00 bad
7.6 90 8.00 good
7.4 20 8.00 bad
5.9 51 8.00 bad
7.3 956 8.00 good
6.8 19 8.00 bad
6.1 46 6.00 bad
6.4 21 6.00 good
6.8 429 8.00 good
6.2 217 6.00 bad
5.2 531 6.00 bad
8.3 714 10.00 bad
5.8 25 6.00 bad
5.6 31 4.00 bad
5.9 21 6.00 bad
7.0 222 8.00 bad
6.4 182 6.00 bad
6.4 145 6.00 bad
7.2 654 8.00 good
6.9 396 8.00 bad
7.0 218 8.00 good
7.3 2113 8.00 good
5.3 225 6.00 good
6.6 29 6.00 bad
4.9 25 4.00 bad
6.4 1184 6.00 bad
8.7 5393 10.00 good
6.0 88 6.00 bad
5.8 112 6.00 bad
6.1 136 6.00 bad
5.5 282 6.00 bad
5.6 45 6.00 good
4.5 59 4.00 bad
5.6 320 6.00 good
8.9 768 10.00 good
6.4 353 8.00 good
7.4 387 8.00 good
5.7 82 6.00 bad
4.4 31 4.00 good
6.4 614 6.00 good
6.5 795 8.00 good
7.0 1310 8.00 bad
7.8 1641 8.00 good
5.7 328 6.00 bad
7.0 1100 8.00 good
6.4 21 8.00 bad
6.9 83 8.00 bad
7.8 2366 8.00 good
5.5 153 6.00 bad
5.4 364 6.00 bad
6.7 61 6.00 bad
3.9 208 4.00 good
3.3 1080 2.00 bad
6.1 21 6.00 bad
6.8 638 8.00 bad
5.1 45 6.00 good