BookScoreCount AddListCount TwoStarRate Class
99
0 2 3 4 6 7 8 11 13 14 15 16 20 23 24 27 28 30 32 34 37 38 40 41 42 44 45 46 47 48 49 50 52 54 55 56 58 59 62 64 65 66 70 72 73 76 77 79 80 81 82 83 84 88 90 92 93 94 95 96 97 98 101 102 104 105 106 108 110 113 114 115 116 118 119 122 123 124 125 127 128 131 132 133 134 135 139 141 142 144 145 146 147 148 149 150 151 152 153
568 214 0.15 good
47 12 0.10 bad
129 38 0.12 bad
78 22 0.09 bad
187 42 0.14 good
27 8 0.15 bad
177 53 0.16 bad
51 15 0.04 bad
48 9 0.24 bad
454 136 0.14 good
658 204 0.13 bad
119 25 0.22 good
112 17 0.20 good
116 32 0.31 good
70 23 0.21 bad
150 31 0.17 good
263 73 0.11 bad
29 9 0.18 bad
292 111 0.09 bad
97 24 0.30 bad
216 106 0.03 bad
63 19 0.35 bad
495 172 0.12 good
670 289 0.14 good
686 215 0.17 bad
1885 242 0.07 good
299 93 0.20 bad
108 28 0.07 good
79 20 0.28 bad
1248 371 0.09 bad
72 13 0.10 bad
29 7 0.28 good
1780 446 0.04 bad
43 9 0.05 good
55 11 0.28 bad
80 13 0.20 good
461 70 0.05 good
484 138 0.21 good
13 3 0.50 bad
45 10 0.27 bad
82 22 0.28 bad
21 2 0.14 bad
51 2 0.10 bad
956 180 0.08 good
19 8 0.11 bad
429 110 0.07 good
745 183 0.07 bad
531 94 0.19 bad
714 193 0.03 bad
25 4 0.08 bad
31 3 0.41 bad
104 22 0.17 bad
21 3 0.14 bad
1636 321 0.10 good
16 4 0.13 bad
527 141 0.04 good
396 121 0.08 bad
218 57 0.11 good
13 4 0.23 bad
188 100 0.11 good
39 7 0.03 good
2113 558 0.08 good
219 65 0.10 bad
225 39 0.14 good
25 5 0.31 bad
339 98 0.08 good
349 102 0.14 good
5393 1586 0.02 good
112 31 0.21 bad
136 25 0.13 bad
1114 218 0.02 bad
282 76 0.19 bad
19 7 0.12 good
274 112 0.11 bad
1575 274 0.06 good
385 126 0.10 bad
93 32 0.08 good
320 57 0.19 good
768 149 0.02 good
387 146 0.06 good
607 108 0.08 good
31 5 0.41 good
614 131 0.14 good
23 1 0.13 bad
795 168 0.12 good
1310 293 0.09 bad
1100 206 0.07 good
83 19 0.03 bad
2366 365 0.05 good
364 103 0.25 bad
61 28 0.10 bad
2356 710 0.09 good
208 26 0.22 good
1080 54 0.03 bad
674 178 0.18 good
21 5 0.15 bad
638 125 0.07 bad
45 12 0.19 good
209 50 0.22 good