FourStarRate Mode Median Class
93
0 1 3 5 6 8 10 11 14 16 18 19 21 22 25 26 27 28 29 32 33 34 36 38 39 41 42 44 46 47 48 50 52 53 54 56 60 61 62 63 64 67 68 74 76 77 78 79 80 82 83 85 87 88 89 92 93 94 95 96 97 98 100 101 103 104 108 110 111 112 113 117 122 123 125 126 128 133 134 135 136 138 139 140 143 144 145 147 148 149 150 152 153
0.30 8.00 6.00 good
0.36 8.00 8.00 good
0.27 8.00 6.00 bad
0.21 6.00 6.00 good
0.18 2.00 6.00 good
0.22 6.00 6.00 bad
0.27 8.00 6.00 bad
0.32 6.00 6.00 bad
0.19 2.00 6.00 good
0.20 6.00 6.00 good
0.14 10.00 6.00 bad
0.22 10.00 6.00 bad
0.14 4.00 4.00 bad
0.28 6.00 6.00 bad
0.00 2.00 4.00 bad
0.18 6.00 6.00 bad
0.15 2.00 4.00 good
0.31 8.00 8.00 bad
0.20 10.00 8.00 good
0.39 8.00 8.00 bad
0.23 6.00 6.00 good
0.13 6.00 6.00 bad
0.34 8.00 8.00 bad
0.17 4.00 6.00 bad
0.05 2.00 2.00 bad
0.29 6.00 6.00 good
0.20 2.00 6.00 bad
0.16 2.00 4.00 good
0.33 8.00 8.00 good
0.22 4.00 4.00 bad
0.33 8.00 6.00 bad
0.14 6.00 6.00 good
0.30 10.00 8.00 bad
0.00 2.00 4.00 bad
0.21 6.00 6.00 good
0.10 6.00 6.00 good
0.20 10.00 6.00 bad
0.44 8.00 8.00 good
0.34 4.00 4.00 bad
0.20 2.00 6.00 good
0.14 2.00 4.00 bad
0.25 10.00 8.00 good
0.30 8.00 8.00 bad
0.31 6.00 6.00 bad
0.36 8.00 8.00 good
0.27 10.00 8.00 bad
0.24 6.00 6.00 bad
0.17 2.00 6.00 bad
0.19 10.00 10.00 bad
0.05 4.00 4.00 bad
0.22 6.00 6.00 bad
0.24 2.00 4.00 good
0.19 10.00 6.00 bad
0.23 10.00 8.00 good
0.28 8.00 6.00 bad
0.29 10.00 8.00 good
0.34 8.00 8.00 bad
0.33 8.00 8.00 good
0.00 6.00 6.00 bad
0.33 8.00 8.00 good
0.40 8.00 8.00 good
0.33 8.00 8.00 good
0.27 6.00 8.00 bad
0.27 10.00 8.00 bad
0.26 6.00 6.00 bad
0.04 6.00 4.00 bad
0.20 10.00 10.00 good
0.24 6.00 6.00 bad
0.26 8.00 6.00 good
0.15 6.00 6.00 bad
0.21 6.00 6.00 bad
0.14 6.00 6.00 bad
0.29 8.00 8.00 bad
0.30 6.00 6.00 good
0.20 10.00 10.00 good
0.21 10.00 8.00 good
0.23 10.00 8.00 good
0.33 8.00 6.00 bad
0.34 8.00 8.00 good
0.29 8.00 8.00 bad
0.05 6.00 4.00 bad
0.19 2.00 6.00 bad
0.36 8.00 8.00 good
0.54 8.00 8.00 bad
0.24 8.00 6.00 bad
0.18 6.00 6.00 bad
0.33 6.00 6.00 bad
0.09 2.00 4.00 good
0.06 2.00 2.00 bad
0.26 8.00 6.00 good
0.20 6.00 6.00 bad
0.14 2.00 6.00 good
0.22 6.00 6.00 good