FourStarRate Mode Median Class
104
0 1 2 3 4 5 6 7 9 10 12 14 15 16 17 18 20 22 24 25 26 27 28 29 30 31 32 33 35 37 38 39 45 49 50 51 52 54 55 56 58 62 63 64 68 70 72 73 75 76 77 79 80 81 82 83 84 87 89 90 91 92 93 94 95 97 98 99 100 101 103 104 106 107 110 111 112 113 115 116 117 118 119 121 122 124 125 127 128 129 130 132 134 137 139 140 141 143 144 146 147 149 151 153
0.30 8.00 6.00 good
0.36 8.00 8.00 good
0.24 6.00 6.00 bad
0.27 8.00 6.00 bad
0.25 6.00 6.00 bad
0.21 6.00 6.00 good
0.18 2.00 6.00 good
0.11 6.00 6.00 bad
0.30 8.00 6.00 bad
0.27 8.00 6.00 bad
0.08 6.00 6.00 bad
0.19 2.00 6.00 good
0.25 6.00 6.00 bad
0.20 6.00 6.00 good
0.23 8.00 6.00 bad
0.14 10.00 6.00 bad
0.20 2.00 4.00 good
0.28 6.00 6.00 bad
0.13 6.00 6.00 bad
0.00 2.00 4.00 bad
0.18 6.00 6.00 bad
0.15 2.00 4.00 good
0.31 8.00 8.00 bad
0.20 10.00 8.00 good
0.14 6.00 6.00 bad
0.19 6.00 6.00 good
0.39 8.00 8.00 bad
0.23 6.00 6.00 good
0.14 2.00 6.00 good
0.44 8.00 8.00 bad
0.17 4.00 6.00 bad
0.05 2.00 2.00 bad
0.23 6.00 6.00 bad
0.23 6.00 6.00 bad
0.14 6.00 6.00 good
0.21 6.00 6.00 bad
0.30 10.00 8.00 bad
0.21 6.00 6.00 good
0.20 6.00 6.00 bad
0.10 6.00 6.00 good
0.30 10.00 8.00 good
0.34 4.00 4.00 bad
0.20 2.00 6.00 good
0.14 2.00 4.00 bad
0.30 8.00 8.00 bad
0.32 2.00 8.00 bad
0.20 10.00 8.00 good
0.39 8.00 8.00 bad
0.30 6.00 6.00 good
0.36 8.00 8.00 good
0.27 10.00 8.00 bad
0.17 2.00 6.00 bad
0.19 10.00 10.00 bad
0.08 6.00 6.00 bad
0.05 4.00 4.00 bad
0.22 6.00 6.00 bad
0.19 6.00 6.00 bad
0.19 10.00 6.00 bad
0.28 8.00 6.00 bad
0.07 2.00 2.00 bad
0.28 10.00 8.00 good
0.29 10.00 8.00 good
0.34 8.00 8.00 bad
0.33 8.00 8.00 good
0.00 6.00 6.00 bad
0.40 8.00 8.00 good
0.33 8.00 8.00 good
0.26 6.00 6.00 bad
0.27 6.00 8.00 bad
0.27 10.00 8.00 bad
0.26 6.00 6.00 bad
0.04 6.00 4.00 bad
0.24 6.00 6.00 good
0.17 10.00 6.00 bad
0.24 6.00 6.00 bad
0.26 8.00 6.00 good
0.15 6.00 6.00 bad
0.21 6.00 6.00 bad
0.19 6.00 6.00 bad
0.12 6.00 6.00 good
0.14 6.00 6.00 bad
0.30 6.00 6.00 bad
0.33 8.00 8.00 good
0.08 6.00 4.00 bad
0.29 8.00 8.00 bad
0.20 6.00 6.00 good
0.20 10.00 10.00 good
0.26 10.00 8.00 good
0.23 10.00 8.00 good
0.26 10.00 8.00 good
0.16 6.00 6.00 bad
0.35 8.00 6.00 good
0.34 8.00 8.00 good
0.33 10.00 8.00 good
0.36 8.00 8.00 good
0.54 8.00 8.00 bad
0.49 8.00 8.00 bad
0.24 8.00 6.00 bad
0.18 6.00 6.00 bad
0.37 8.00 8.00 good
0.09 2.00 4.00 good
0.26 8.00 6.00 good
0.19 10.00 8.00 bad
0.22 6.00 6.00 good