TwoStarRate FiveStarRate Kurtosis Class
100
1 2 6 8 10 11 12 13 15 16 18 20 22 23 24 29 30 31 33 34 35 36 37 38 40 41 43 44 45 46 48 50 52 53 54 56 58 59 60 63 64 65 66 67 68 69 70 74 75 76 79 81 82 83 86 88 89 91 92 93 94 96 97 98 102 103 104 107 109 110 111 113 114 115 117 118 120 121 122 123 124 125 126 127 131 134 135 138 139 140 141 142 144 145 148 149 150 151 152 153
0.08 0.25 406.22 good
0.10 0.15 267.71 bad
0.14 0.23 75.15 good
0.16 0.21 196.73 bad
0.26 0.09 143.84 bad
0.04 0.16 491.68 bad
0.08 0.20 114.51 bad
0.24 0.09 156.17 bad
0.13 0.23 188.48 bad
0.22 0.14 87.54 good
0.17 0.28 137.29 bad
0.20 0.13 48.29 good
0.15 0.11 468.11 bad
0.31 0.06 78.49 good
0.21 0.11 114.10 bad
0.10 0.36 194.89 good
0.18 0.11 80.73 bad
0.30 0.09 211.54 good
0.20 0.15 163.05 good
0.30 0.03 192.82 bad
0.12 0.21 41.11 good
0.10 0.19 203.97 bad
0.03 0.28 948.64 bad
0.35 0.13 172.89 bad
0.12 0.19 227.23 good
0.14 0.17 389.04 good
0.13 0.14 44.83 good
0.07 0.23 29.34 good
0.20 0.10 135.14 bad
0.07 0.27 218.67 good
0.09 0.17 362.40 bad
0.28 0.07 119.73 good
0.04 0.42 453.60 bad
0.33 0.10 31.11 bad
0.05 0.29 245.77 good
0.20 0.13 74.03 good
0.05 0.37 256.16 good
0.21 0.25 148.52 good
0.21 0.23 95.85 bad
0.07 0.30 55.29 good
0.27 0.02 59.06 bad
0.28 0.07 77.07 bad
0.14 0.10 204.65 bad
0.06 0.42 278.88 good
0.11 0.22 223.96 bad
0.05 0.21 758.93 bad
0.10 0.20 49.13 bad
0.22 0.04 393.48 bad
0.10 0.10 344.01 good
0.07 0.24 159.36 good
0.19 0.10 65.93 bad
0.08 0.13 173.53 bad
0.41 0.22 87.78 bad
0.17 0.22 188.48 bad
0.03 0.26 249.84 bad
0.10 0.30 118.81 good
0.17 0.17 208.64 bad
0.08 0.34 191.97 good
0.04 0.42 444.03 good
0.08 0.21 288.02 bad
0.11 0.23 299.63 good
0.11 0.17 282.28 good
0.03 0.13 198.40 good
0.08 0.29 391.57 good
0.14 0.08 65.28 good
0.08 0.11 664.54 bad
0.31 0.09 92.39 bad
0.12 0.31 72.91 bad
0.14 0.10 170.95 bad
0.21 0.10 131.59 bad
0.16 0.12 113.09 good
0.13 0.14 164.81 bad
0.02 0.60 875.52 bad
0.19 0.07 125.49 bad
0.11 0.09 132.92 bad
0.11 0.11 387.39 bad
0.18 0.11 75.21 good
0.30 0.02 102.63 bad
0.10 0.25 313.76 bad
0.08 0.20 502.72 good
0.19 0.11 101.09 good
0.02 0.67 1797.82 good
0.06 0.30 76.64 good
0.06 0.36 319.05 good
0.41 0.06 58.14 good
0.12 0.18 176.74 good
0.09 0.26 234.30 bad
0.10 0.18 56.35 bad
0.07 0.22 304.97 good
0.30 0.05 361.68 bad
0.03 0.15 311.51 bad
0.05 0.46 364.52 good
0.25 0.09 97.95 bad
0.10 0.08 909.70 bad
0.03 0.08 9.99 bad
0.18 0.15 113.50 good
0.15 0.15 158.29 bad
0.07 0.37 105.22 bad
0.19 0.09 62.68 good
0.22 0.12 105.28 good