AddListCount FiveStarRate Kurtosis Class
98
3 6 7 8 9 10 11 12 13 14 15 16 18 20 24 25 27 28 29 30 31 32 33 35 36 37 41 43 44 45 46 47 48 49 50 52 53 54 55 56 57 59 60 61 62 63 66 67 69 71 74 76 78 79 80 82 83 85 87 88 89 90 91 95 96 99 102 103 104 107 112 114 115 116 119 120 121 122 124 125 126 127 128 129 130 132 133 134 135 136 139 141 143 144 147 148 150 151
38 0.18 155.27 bad
42 0.23 75.15 good
8 0.11 181.37 bad
53 0.21 196.73 bad
14 0.02 110.48 bad
25 0.09 143.84 bad
15 0.16 491.68 bad
12 0.20 114.51 bad
9 0.09 156.17 bad
136 0.20 68.44 good
204 0.23 188.48 bad
25 0.14 87.54 good
7 0.28 137.29 bad
17 0.13 48.29 good
23 0.11 114.10 bad
2 0.20 28.01 bad
31 0.05 40.03 good
73 0.27 418.19 bad
68 0.36 194.89 good
9 0.11 80.73 bad
6 0.09 211.54 good
111 0.13 404.81 bad
49 0.15 163.05 good
254 0.21 41.11 good
63 0.19 203.97 bad
106 0.28 948.64 bad
289 0.17 389.04 good
18 0.14 44.83 good
242 0.23 29.34 good
93 0.10 135.14 bad
28 0.27 218.67 good
20 0.08 85.63 bad
371 0.17 362.40 bad
13 0.10 155.38 bad
7 0.07 119.73 good
446 0.42 453.60 bad
1 0.10 31.11 bad
9 0.29 245.77 good
11 0.06 182.02 bad
13 0.13 74.03 good
551 0.18 94.54 bad
138 0.25 148.52 good
19 0.23 95.85 bad
33 0.21 1104.85 good
3 0.00 199.64 bad
21 0.30 55.29 good
2 0.10 204.65 bad
17 0.42 278.88 good
5 0.21 758.93 bad
119 0.17 106.33 bad
16 0.04 393.48 bad
110 0.24 159.36 good
57 0.16 147.32 bad
94 0.10 65.93 bad
193 0.58 599.56 bad
3 0.22 87.78 bad
22 0.22 188.48 bad
55 0.10 51.21 good
65 0.27 95.46 bad
321 0.30 118.81 good
49 0.17 208.64 bad
4 0.07 25.57 bad
218 0.34 191.97 good
4 0.15 128.84 bad
100 0.17 282.28 good
253 0.17 243.27 bad
39 0.08 65.28 good
6 0.11 664.54 bad
5 0.09 92.39 bad
188 0.31 72.91 bad
63 0.11 84.03 bad
218 0.60 875.52 bad
76 0.07 125.49 bad
7 0.17 138.45 good
274 0.29 297.36 good
15 0.11 75.21 good
14 0.02 102.63 bad
126 0.25 313.76 bad
57 0.11 101.09 good
149 0.67 1797.82 good
48 0.30 76.64 good
146 0.36 319.05 good
108 0.31 82.37 good
510 0.37 209.65 good
11 0.17 73.99 bad
131 0.13 212.10 good
1 0.04 194.01 bad
168 0.18 176.74 good
293 0.26 234.30 bad
9 0.09 63.17 bad
206 0.22 304.97 good
19 0.15 311.51 bad
42 0.10 86.23 bad
103 0.09 97.95 bad
26 0.02 40.59 good
54 0.08 9.99 bad
5 0.15 158.29 bad
125 0.37 105.22 bad