ThreeStarRate Mode Kurtosis Class
91
0 2 3 4 6 7 8 9 10 11 12 14 19 20 21 22 24 25 27 28 30 34 36 38 41 42 43 44 46 48 49 50 51 53 54 56 59 60 66 67 68 69 71 73 74 77 79 81 82 83 88 89 91 93 94 95 96 99 103 104 105 106 108 109 110 113 114 116 118 120 121 122 123 125 126 127 129 130 131 133 135 136 137 140 141 143 145 146 150 151 153
0.28 8.00 200.91 good
0.40 6.00 267.71 bad
0.27 8.00 155.27 bad
0.33 6.00 113.07 bad
0.21 2.00 75.15 good
0.48 6.00 181.37 bad
0.30 6.00 196.73 bad
0.26 8.00 110.48 bad
0.23 8.00 143.84 bad
0.40 6.00 491.68 bad
0.44 6.00 114.51 bad
0.21 2.00 68.44 good
0.22 10.00 181.41 bad
0.15 2.00 48.29 good
0.16 4.00 66.70 bad
0.40 6.00 468.11 bad
0.36 6.00 114.10 bad
0.20 2.00 28.01 bad
0.21 2.00 40.03 good
0.25 8.00 418.19 bad
0.32 6.00 80.73 bad
0.39 6.00 192.82 bad
0.23 8.00 203.97 bad
0.27 4.00 172.89 bad
0.34 6.00 389.04 good
0.26 2.00 74.29 bad
0.24 2.00 44.83 good
0.11 2.00 29.34 good
0.19 8.00 218.67 good
0.33 8.00 362.40 bad
0.39 6.00 155.38 bad
0.32 6.00 119.73 good
0.37 6.00 339.26 bad
0.14 2.00 31.11 bad
0.33 6.00 245.77 good
0.32 6.00 74.03 good
0.21 10.00 148.52 good
0.18 10.00 95.85 bad
0.43 6.00 204.65 bad
0.16 10.00 278.88 good
0.25 8.00 223.96 bad
0.26 8.00 758.93 bad
0.25 8.00 106.33 bad
0.22 8.00 278.58 bad
0.36 6.00 393.48 bad
0.22 10.00 440.27 bad
0.26 2.00 65.93 bad
0.54 6.00 173.53 bad
0.20 4.00 87.78 bad
0.28 6.00 188.48 bad
0.18 10.00 118.81 good
0.27 8.00 208.64 bad
0.16 10.00 191.97 good
0.26 8.00 288.02 bad
0.23 8.00 299.63 good
0.46 6.00 128.84 bad
0.28 8.00 282.28 good
0.34 6.00 243.27 bad
0.50 6.00 664.54 bad
0.34 6.00 92.39 bad
0.19 8.00 385.10 good
0.27 6.00 114.14 good
0.10 10.00 1238.93 good
0.36 6.00 170.95 bad
0.28 6.00 131.59 bad
0.36 6.00 164.81 bad
0.09 10.00 875.52 bad
0.42 6.00 138.45 good
0.39 6.00 387.39 bad
0.20 8.00 75.21 good
0.32 6.00 102.63 bad
0.28 8.00 313.76 bad
0.37 6.00 502.72 good
0.08 10.00 1797.82 good
0.16 10.00 76.64 good
0.22 10.00 319.05 good
0.16 10.00 209.65 good
0.28 6.00 73.99 bad
0.13 4.00 58.14 good
0.33 8.00 194.01 bad
0.24 8.00 234.30 bad
0.32 6.00 63.17 bad
0.15 10.00 478.73 good
0.07 8.00 361.68 bad
0.19 8.00 311.51 bad
0.22 8.00 86.23 bad
0.45 6.00 909.70 bad
0.27 8.00 402.15 good
0.35 6.00 158.29 bad
0.16 10.00 105.22 bad
0.25 6.00 105.28 good