AddListCount ThreeStarRate FiveStarRate Class
98
0 1 2 3 5 6 7 9 10 11 12 15 16 18 19 20 24 26 27 29 30 32 33 34 35 36 37 40 41 42 43 44 47 48 49 51 52 53 57 61 64 67 68 71 72 73 77 79 82 83 84 86 87 88 89 90 91 92 94 95 97 99 101 102 105 106 107 108 109 110 111 112 113 114 115 116 117 118 119 120 121 123 124 125 126 128 130 132 133 136 138 139 141 145 146 148 149 153
214 0.28 0.15 good
492 0.23 0.25 good
12 0.40 0.15 bad
38 0.27 0.18 bad
122 0.26 0.12 good
42 0.21 0.23 good
8 0.48 0.11 bad
14 0.26 0.02 bad
25 0.23 0.09 bad
15 0.40 0.16 bad
12 0.44 0.20 bad
204 0.27 0.23 bad
25 0.23 0.14 good
7 0.28 0.28 bad
70 0.22 0.28 bad
17 0.15 0.13 good
23 0.36 0.11 bad
32 0.43 0.19 bad
31 0.21 0.05 good
68 0.22 0.36 good
9 0.32 0.11 bad
111 0.31 0.13 bad
49 0.29 0.15 good
24 0.39 0.03 bad
254 0.18 0.21 good
63 0.23 0.19 bad
106 0.20 0.28 bad
172 0.24 0.19 good
289 0.34 0.17 good
215 0.26 0.11 bad
18 0.24 0.14 good
242 0.11 0.23 good
20 0.20 0.08 bad
371 0.33 0.17 bad
13 0.39 0.10 bad
42 0.37 0.07 bad
446 0.15 0.42 bad
1 0.14 0.10 bad
551 0.21 0.18 bad
33 0.25 0.21 good
10 0.21 0.02 bad
17 0.16 0.42 good
45 0.25 0.22 bad
119 0.25 0.17 bad
180 0.26 0.35 good
8 0.22 0.17 bad
183 0.22 0.37 bad
94 0.26 0.10 bad
3 0.20 0.22 bad
22 0.28 0.22 bad
3 0.33 0.14 bad
53 0.30 0.26 bad
65 0.23 0.27 bad
321 0.18 0.30 good
49 0.27 0.17 bad
4 0.20 0.07 bad
218 0.16 0.34 good
141 0.16 0.42 good
57 0.23 0.23 good
4 0.46 0.15 bad
7 0.26 0.13 good
253 0.34 0.17 bad
65 0.26 0.27 bad
39 0.26 0.08 good
98 0.19 0.31 good
102 0.27 0.16 good
188 0.15 0.31 bad
1586 0.10 0.63 good
34 0.36 0.10 bad
31 0.28 0.10 bad
53 0.26 0.12 good
63 0.30 0.11 bad
25 0.36 0.14 bad
218 0.09 0.60 bad
76 0.35 0.07 bad
7 0.42 0.17 good
5 0.45 0.09 bad
112 0.39 0.11 bad
274 0.20 0.29 good
15 0.20 0.11 good
14 0.32 0.02 bad
32 0.37 0.20 good
57 0.29 0.11 good
149 0.08 0.67 good
48 0.16 0.30 good
108 0.13 0.31 good
11 0.28 0.17 bad
131 0.25 0.13 good
1 0.33 0.04 bad
9 0.32 0.09 bad
53 0.22 0.18 bad
206 0.24 0.22 good
19 0.19 0.15 bad
28 0.45 0.08 bad
710 0.27 0.19 good
54 0.04 0.08 bad
178 0.23 0.15 good
50 0.25 0.12 good