BookWordCount BookScoreCount Median Class
97
1 2 3 4 5 6 7 15 16 17 19 20 22 23 29 30 33 34 35 38 39 40 41 42 45 48 49 50 53 56 57 58 59 60 61 62 63 65 66 67 68 69 73 74 75 76 77 78 82 84 85 86 87 88 89 90 91 92 95 97 98 99 100 101 103 107 108 110 111 113 115 116 117 118 119 120 121 123 127 130 131 133 134 135 137 139 140 143 144 145 146 147 148 149 151 152 153
289.90 967 8.00 good
48.30 47 6.00 bad
52.30 129 6.00 bad
139.00 78 6.00 bad
158.50 439 6.00 good
59.60 187 6.00 good
38.90 27 6.00 bad
257.20 658 6.00 bad
135.80 119 6.00 good
33.60 36 6.00 bad
122.40 250 6.00 bad
82.30 112 4.00 good
77.70 159 6.00 bad
122.20 116 4.00 good
233.90 290 8.00 good
150.70 29 6.00 bad
178.90 192 6.00 good
154.60 97 6.00 bad
713.10 1909 6.00 good
80.20 63 6.00 bad
22.80 20 2.00 bad
153.10 495 8.00 good
168.40 670 6.00 good
300.10 686 6.00 bad
380.50 299 6.00 bad
281.40 1248 6.00 bad
44.50 72 6.00 bad
51.90 29 6.00 good
53.70 22 4.00 bad
40.40 80 6.00 good
293.40 2109 6.00 bad
63.50 461 8.00 good
133.40 484 6.00 good
45.10 108 6.00 bad
17.00 86 8.00 good
49.60 13 4.00 bad
108.60 91 6.00 good
72.20 82 4.00 bad
34.80 21 6.00 bad
16.80 90 8.00 good
79.60 153 8.00 bad
7.30 20 8.00 bad
68.60 19 8.00 bad
49.30 46 6.00 bad
39.60 21 6.00 good
46.20 429 8.00 good
1070.70 745 8.00 bad
70.00 217 6.00 bad
183.00 31 4.00 bad
30.00 21 6.00 bad
87.20 356 4.00 good
129.90 222 8.00 bad
112.10 182 6.00 bad
315.30 1636 8.00 good
153.20 145 6.00 bad
50.40 16 2.00 bad
126.20 654 8.00 good
116.50 527 8.00 good
99.00 13 6.00 bad
22.20 39 8.00 good
170.60 2113 8.00 good
181.90 942 6.00 bad
59.90 42 8.00 bad
219.60 219 8.00 bad
21.40 29 6.00 bad
310.00 1184 6.00 bad
446.50 5393 10.00 good
133.50 112 6.00 bad
148.90 182 6.00 good
247.80 136 6.00 bad
119.20 282 6.00 bad
118.30 19 6.00 good
59.10 34 6.00 bad
92.20 274 6.00 bad
427.70 1575 8.00 good
85.80 45 6.00 good
145.90 59 4.00 bad
153.40 93 6.00 good
34.20 387 8.00 good
46.30 82 6.00 bad
195.70 31 4.00 good
145.80 23 6.00 bad
179.50 795 8.00 good
335.20 1310 8.00 bad
448.70 1641 8.00 good
130.30 1100 8.00 good
43.40 21 8.00 bad
177.70 153 6.00 bad
319.70 364 6.00 bad
62.30 61 6.00 bad
477.20 2356 8.00 good
154.00 208 4.00 good
209.90 1080 2.00 bad
382.10 674 6.00 good
93.00 638 8.00 bad
163.50 45 6.00 good
73.20 209 6.00 good