AddListCount TwoStarRate Kurtosis Class
102
0 1 6 7 8 10 13 14 15 16 17 18 21 23 24 25 26 27 28 29 31 32 33 35 36 37 38 39 40 42 44 46 48 49 50 51 53 54 56 57 58 60 62 63 67 68 69 71 73 74 75 76 82 84 86 87 88 89 91 92 93 94 95 96 97 98 99 101 105 106 107 108 109 110 111 112 113 114 115 117 118 119 120 121 123 124 126 127 129 133 134 136 138 141 143 146 147 149 150 151 152 153
214 0.15 200.91 good
492 0.08 406.22 good
42 0.14 75.15 good
8 0.15 181.37 bad
53 0.16 196.73 bad
25 0.26 143.84 bad
9 0.24 156.17 bad
136 0.14 68.44 good
204 0.13 188.48 bad
25 0.22 87.54 good
10 0.22 80.31 bad
7 0.17 137.29 bad
12 0.37 66.70 bad
32 0.31 78.49 good
23 0.21 114.10 bad
2 0.20 28.01 bad
32 0.09 249.04 bad
31 0.17 40.03 good
73 0.11 418.19 bad
68 0.10 194.89 good
6 0.30 211.54 good
111 0.09 404.81 bad
49 0.20 163.05 good
254 0.12 41.11 good
63 0.10 203.97 bad
106 0.03 948.64 bad
19 0.35 172.89 bad
1 0.26 53.89 bad
172 0.12 227.23 good
215 0.17 74.29 bad
242 0.07 29.34 good
28 0.07 218.67 good
371 0.09 362.40 bad
13 0.10 155.38 bad
7 0.28 119.73 good
42 0.30 339.26 bad
1 0.33 31.11 bad
9 0.05 245.77 good
13 0.20 74.03 good
551 0.07 94.54 bad
70 0.05 256.16 good
19 0.21 95.85 bad
3 0.50 199.64 bad
21 0.07 55.29 good
17 0.06 278.88 good
45 0.11 223.96 bad
5 0.05 758.93 bad
119 0.12 106.33 bad
8 0.11 278.58 bad
16 0.22 393.48 bad
8 0.10 344.01 good
110 0.07 159.36 good
3 0.41 87.78 bad
3 0.14 116.65 bad
53 0.03 249.84 bad
65 0.09 95.46 bad
321 0.10 118.81 good
49 0.17 208.64 bad
218 0.08 191.97 good
141 0.04 444.03 good
121 0.08 288.02 bad
57 0.11 299.63 good
4 0.23 128.84 bad
100 0.11 282.28 good
7 0.03 198.40 good
558 0.08 391.57 good
253 0.12 243.27 bad
65 0.10 286.97 bad
98 0.08 385.10 good
102 0.14 114.14 good
188 0.12 72.91 bad
1586 0.02 1238.93 good
34 0.14 170.95 bad
31 0.21 131.59 bad
53 0.16 113.09 good
63 0.20 84.03 bad
25 0.13 164.81 bad
218 0.02 875.52 bad
76 0.19 125.49 bad
5 0.11 132.92 bad
112 0.11 387.39 bad
274 0.06 297.36 good
15 0.18 75.21 good
14 0.30 102.63 bad
32 0.08 502.72 good
57 0.19 101.09 good
48 0.06 76.64 good
146 0.06 319.05 good
510 0.07 209.65 good
1 0.13 194.01 bad
168 0.12 176.74 good
9 0.24 63.17 bad
53 0.10 56.35 bad
19 0.03 311.51 bad
42 0.21 86.23 bad
710 0.09 402.15 good
26 0.22 40.59 good
178 0.18 113.50 good
5 0.15 158.29 bad
125 0.07 105.22 bad
12 0.19 62.68 good
50 0.22 105.28 good