BookScoreCount TwoStarRate FiveStarRate Class
104
0 1 3 4 5 7 9 10 11 12 13 14 20 21 22 23 24 25 28 29 31 32 33 34 38 39 40 41 43 44 46 47 48 50 51 52 53 56 57 59 60 61 62 65 66 67 68 70 71 72 73 77 79 80 81 82 84 85 86 89 91 92 93 94 95 97 98 99 100 101 102 104 105 106 107 108 109 114 115 116 118 119 120 123 124 125 126 127 129 130 132 134 135 136 137 138 139 142 143 145 147 148 149 151
568 0.15 0.15 good
967 0.08 0.25 good
129 0.12 0.18 bad
78 0.09 0.10 bad
439 0.20 0.12 good
27 0.15 0.11 bad
51 0.18 0.02 bad
78 0.26 0.09 bad
51 0.04 0.16 bad
25 0.08 0.20 bad
48 0.24 0.09 bad
454 0.14 0.20 good
112 0.20 0.13 good
44 0.37 0.04 bad
159 0.15 0.11 bad
116 0.31 0.06 good
70 0.21 0.11 bad
11 0.20 0.20 bad
263 0.11 0.27 bad
290 0.10 0.36 good
44 0.30 0.09 good
292 0.09 0.13 bad
192 0.20 0.15 good
97 0.30 0.03 bad
63 0.35 0.13 bad
20 0.26 0.00 bad
495 0.12 0.19 good
670 0.14 0.17 good
81 0.13 0.14 good
1885 0.07 0.23 good
108 0.07 0.27 good
79 0.28 0.08 bad
1248 0.09 0.17 bad
29 0.28 0.07 good
133 0.30 0.07 bad
1780 0.04 0.42 bad
22 0.33 0.10 bad
80 0.20 0.13 good
2109 0.07 0.18 bad
484 0.21 0.25 good
108 0.21 0.23 bad
86 0.08 0.21 good
13 0.50 0.00 bad
82 0.28 0.07 bad
21 0.14 0.10 bad
90 0.06 0.42 good
153 0.11 0.22 bad
51 0.10 0.20 bad
248 0.12 0.17 bad
956 0.08 0.35 good
19 0.11 0.17 bad
745 0.07 0.37 bad
531 0.19 0.10 bad
714 0.03 0.58 bad
25 0.08 0.13 bad
31 0.41 0.22 bad
21 0.14 0.14 bad
356 0.19 0.10 good
222 0.03 0.26 bad
145 0.17 0.17 bad
654 0.08 0.34 good
527 0.04 0.42 good
396 0.08 0.21 bad
218 0.11 0.23 good
13 0.23 0.15 bad
39 0.03 0.13 good
2113 0.08 0.29 good
942 0.12 0.17 bad
42 0.02 0.25 bad
219 0.10 0.27 bad
225 0.14 0.08 good
25 0.31 0.09 bad
339 0.08 0.31 good
349 0.14 0.16 good
1184 0.12 0.31 bad
5393 0.02 0.63 good
88 0.14 0.10 bad
1114 0.02 0.60 bad
282 0.19 0.07 bad
19 0.12 0.17 good
274 0.11 0.11 bad
1575 0.06 0.29 good
45 0.18 0.11 good
93 0.08 0.20 good
320 0.19 0.11 good
768 0.02 0.67 good
353 0.06 0.30 good
387 0.06 0.36 good
2063 0.07 0.37 good
82 0.13 0.17 bad
614 0.14 0.13 good
795 0.12 0.18 good
1310 0.09 0.26 bad
68 0.24 0.09 bad
1641 0.05 0.38 good
328 0.10 0.18 bad
1100 0.07 0.22 good
2366 0.05 0.46 good
153 0.21 0.10 bad
61 0.10 0.08 bad
208 0.22 0.02 good
1080 0.03 0.08 bad
674 0.18 0.15 good
638 0.07 0.37 bad