AddListCount ThreeStarRate FiveStarRate Class
94
1 2 3 4 5 6 7 9 10 11 14 17 18 19 20 22 25 26 28 35 39 41 42 44 45 48 50 51 52 54 55 57 58 61 63 64 66 67 70 75 77 79 80 81 82 83 84 85 86 87 88 89 90 91 92 93 94 95 96 97 98 99 101 104 107 109 112 113 114 115 118 119 120 122 123 124 125 127 128 130 133 134 135 137 138 140 141 143 146 148 149 150 151 153
492 0.23 0.25 good
12 0.40 0.15 bad
38 0.27 0.18 bad
22 0.33 0.10 bad
122 0.26 0.12 good
42 0.21 0.23 good
8 0.48 0.11 bad
14 0.26 0.02 bad
25 0.23 0.09 bad
15 0.40 0.16 bad
136 0.21 0.20 good
10 0.20 0.12 bad
7 0.28 0.28 bad
70 0.22 0.28 bad
17 0.15 0.13 good
61 0.40 0.11 bad
2 0.20 0.20 bad
32 0.43 0.19 bad
73 0.25 0.27 bad
254 0.18 0.21 good
1 0.16 0.00 bad
289 0.34 0.17 good
215 0.26 0.11 bad
242 0.11 0.23 good
93 0.30 0.10 bad
371 0.33 0.17 bad
7 0.32 0.07 good
42 0.37 0.07 bad
446 0.15 0.42 bad
9 0.33 0.29 good
11 0.33 0.06 bad
551 0.21 0.18 bad
70 0.14 0.37 good
33 0.25 0.21 good
21 0.12 0.30 good
10 0.21 0.02 bad
2 0.43 0.10 bad
17 0.16 0.42 good
2 0.04 0.20 bad
8 0.40 0.10 good
183 0.22 0.37 bad
94 0.26 0.10 bad
193 0.13 0.58 bad
4 0.54 0.13 bad
3 0.20 0.22 bad
22 0.28 0.22 bad
3 0.33 0.14 bad
55 0.15 0.10 good
53 0.30 0.26 bad
65 0.23 0.27 bad
321 0.18 0.30 good
49 0.27 0.17 bad
4 0.20 0.07 bad
218 0.16 0.34 good
141 0.16 0.42 good
121 0.26 0.21 bad
57 0.23 0.23 good
4 0.46 0.15 bad
100 0.28 0.17 good
7 0.26 0.13 good
558 0.22 0.29 good
253 0.34 0.17 bad
65 0.26 0.27 bad
5 0.34 0.09 bad
188 0.15 0.31 bad
34 0.36 0.10 bad
63 0.30 0.11 bad
25 0.36 0.14 bad
218 0.09 0.60 bad
76 0.35 0.07 bad
112 0.39 0.11 bad
274 0.20 0.29 good
15 0.20 0.11 good
126 0.28 0.25 bad
32 0.37 0.20 good
57 0.29 0.11 good
149 0.08 0.67 good
146 0.22 0.36 good
108 0.13 0.31 good
11 0.28 0.17 bad
1 0.33 0.04 bad
168 0.21 0.18 good
293 0.24 0.26 bad
303 0.15 0.38 good
53 0.22 0.18 bad
7 0.07 0.05 bad
19 0.19 0.15 bad
42 0.22 0.10 bad
710 0.27 0.19 good
54 0.04 0.08 bad
178 0.23 0.15 good
5 0.35 0.15 bad
125 0.16 0.37 bad
50 0.25 0.12 good