BookWordCount Median Kurtosis Class
97
1 3 4 5 6 7 9 10 11 12 13 14 17 18 19 20 22 23 28 31 33 34 37 39 40 41 42 44 45 47 49 51 53 56 57 58 59 60 61 65 67 69 70 71 72 73 74 75 76 77 78 80 85 86 87 88 92 93 96 97 98 99 100 101 102 103 105 106 112 114 115 116 117 118 120 121 123 124 125 126 127 129 130 131 134 135 136 137 139 141 145 146 147 149 150 151 152
289.90 8.00 406.22 good
52.30 6.00 155.27 bad
139.00 6.00 113.07 bad
158.50 6.00 93.52 good
59.60 6.00 75.15 good
38.90 6.00 181.37 bad
21.30 6.00 110.48 bad
82.50 6.00 143.84 bad
13.40 6.00 491.68 bad
21.80 6.00 114.51 bad
27.50 6.00 156.17 bad
123.80 6.00 68.44 good
33.60 6.00 80.31 bad
24.10 6.00 137.29 bad
122.40 6.00 181.41 bad
82.30 4.00 48.29 good
77.70 6.00 468.11 bad
122.20 4.00 78.49 good
53.00 8.00 418.19 bad
78.00 6.00 211.54 good
178.90 6.00 163.05 good
154.60 6.00 192.82 bad
51.30 8.00 948.64 bad
22.80 2.00 53.89 bad
153.10 8.00 227.23 good
168.40 6.00 389.04 good
300.10 6.00 74.29 bad
296.80 4.00 29.34 good
380.50 6.00 135.14 bad
49.70 4.00 85.63 bad
44.50 6.00 155.38 bad
84.60 6.00 339.26 bad
53.70 4.00 31.11 bad
40.40 6.00 74.03 good
293.40 6.00 94.54 bad
63.50 8.00 256.16 good
133.40 6.00 148.52 good
45.10 6.00 95.85 bad
17.00 8.00 1104.85 good
72.20 4.00 77.07 bad
16.80 8.00 278.88 good
7.30 8.00 758.93 bad
55.40 8.00 49.13 bad
98.90 6.00 106.33 bad
390.00 8.00 259.41 good
68.60 8.00 278.58 bad
49.30 6.00 393.48 bad
39.60 6.00 344.01 good
46.20 8.00 159.36 good
1070.70 8.00 440.27 bad
70.00 6.00 147.32 bad
144.70 10.00 599.56 bad
87.20 4.00 51.21 good
129.90 8.00 249.84 bad
112.10 6.00 95.46 bad
315.30 8.00 118.81 good
116.50 8.00 444.03 good
90.50 8.00 288.02 bad
34.10 8.00 282.28 good
22.20 8.00 198.40 good
170.60 8.00 391.57 good
181.90 6.00 243.27 bad
59.90 8.00 297.05 bad
219.60 8.00 286.97 bad
78.10 6.00 65.28 good
21.40 6.00 664.54 bad
198.70 8.00 385.10 good
64.40 6.00 114.14 good
107.80 6.00 84.03 bad
31.70 10.00 875.52 bad
119.20 6.00 125.49 bad
118.30 6.00 138.45 good
59.10 6.00 132.92 bad
92.20 6.00 387.39 bad
85.80 6.00 75.21 good
145.90 4.00 102.63 bad
153.40 6.00 502.72 good
223.00 6.00 101.09 good
65.70 10.00 1797.82 good
89.70 8.00 76.64 good
34.20 8.00 319.05 good
322.80 8.00 209.65 good
46.30 6.00 73.99 bad
195.70 4.00 58.14 good
179.50 8.00 176.74 good
335.20 8.00 234.30 bad
72.70 4.00 63.17 bad
448.70 8.00 478.73 good
130.30 8.00 304.97 good
25.10 8.00 311.51 bad
62.30 6.00 909.70 bad
477.20 8.00 402.15 good
154.00 4.00 40.59 good
382.10 6.00 113.50 good
44.60 6.00 158.29 bad
93.00 8.00 105.22 bad
163.50 6.00 62.68 good