BookWordCount BookScoreCount FiveStarRate Class
97
0 1 5 7 8 9 10 11 12 14 15 16 20 21 24 25 26 27 28 29 30 31 32 35 37 38 39 41 43 45 46 49 50 52 53 54 58 59 60 65 66 67 68 69 70 71 72 73 75 76 77 78 79 80 83 85 86 88 89 91 93 95 96 97 98 101 103 104 108 110 111 112 113 115 116 117 123 124 127 128 129 131 132 134 137 138 139 140 141 145 146 147 148 149 150 152 153
177.20 568 0.15 good
289.90 967 0.25 good
158.50 439 0.12 good
38.90 27 0.11 bad
143.50 177 0.21 bad
21.30 51 0.02 bad
82.50 78 0.09 bad
13.40 51 0.16 bad
21.80 25 0.20 bad
123.80 454 0.20 good
257.20 658 0.23 bad
135.80 119 0.14 good
82.30 112 0.13 good
74.10 44 0.04 bad
74.80 70 0.11 bad
35.90 11 0.20 bad
62.70 100 0.19 bad
147.20 150 0.05 good
53.00 263 0.27 bad
233.90 290 0.36 good
150.70 29 0.11 bad
78.00 44 0.09 good
51.10 292 0.13 bad
713.10 1909 0.21 good
51.30 216 0.28 bad
80.20 63 0.13 bad
22.80 20 0.00 bad
168.40 670 0.17 good
74.40 81 0.14 good
380.50 299 0.10 bad
123.50 108 0.27 good
44.50 72 0.10 bad
51.90 29 0.07 good
76.10 1780 0.42 bad
53.70 22 0.10 bad
13.00 43 0.29 good
63.50 461 0.37 good
133.40 484 0.25 good
45.10 108 0.23 bad
72.20 82 0.07 bad
34.80 21 0.10 bad
16.80 90 0.42 good
79.60 153 0.22 bad
7.30 20 0.21 bad
55.40 51 0.20 bad
98.90 248 0.17 bad
390.00 956 0.35 good
68.60 19 0.17 bad
39.60 21 0.10 good
46.20 429 0.24 good
1070.70 745 0.37 bad
70.00 217 0.16 bad
131.20 531 0.10 bad
144.70 714 0.58 bad
40.80 104 0.22 bad
87.20 356 0.10 good
129.90 222 0.26 bad
315.30 1636 0.30 good
153.20 145 0.17 bad
126.20 654 0.34 good
90.50 396 0.21 bad
99.00 13 0.15 bad
34.10 188 0.17 good
22.20 39 0.13 good
170.60 2113 0.29 good
219.60 219 0.27 bad
21.40 29 0.11 bad
150.50 25 0.09 bad
446.50 5393 0.63 good
133.50 112 0.10 bad
148.90 182 0.12 good
107.80 201 0.11 bad
247.80 136 0.14 bad
119.20 282 0.07 bad
118.30 19 0.17 good
59.10 34 0.09 bad
153.40 93 0.20 good
223.00 320 0.11 good
34.20 387 0.36 good
296.70 607 0.31 good
322.80 2063 0.37 good
195.70 31 0.06 good
237.20 614 0.13 good
179.50 795 0.18 good
448.70 1641 0.38 good
212.90 328 0.18 bad
130.30 1100 0.22 good
43.40 21 0.05 bad
25.10 83 0.15 bad
62.30 61 0.08 bad
477.20 2356 0.19 good
154.00 208 0.02 good
209.90 1080 0.08 bad
382.10 674 0.15 good
44.60 21 0.15 bad
163.50 45 0.09 good
73.20 209 0.12 good