TwoStarRate Median Kurtosis Class
92
1 4 5 6 9 10 11 13 14 17 19 20 21 23 25 26 30 31 32 33 38 39 40 42 43 44 45 47 48 49 51 53 54 55 56 57 58 59 64 65 66 69 70 71 72 74 75 76 77 79 80 81 82 83 84 87 91 93 94 96 97 101 102 103 107 108 109 111 112 115 117 118 121 122 124 127 128 129 130 131 132 135 136 137 138 140 143 144 145 146 148 151
0.08 8.00 406.22 good
0.09 6.00 113.07 bad
0.20 6.00 93.52 good
0.14 6.00 75.15 good
0.18 6.00 110.48 bad
0.26 6.00 143.84 bad
0.04 6.00 491.68 bad
0.24 6.00 156.17 bad
0.14 6.00 68.44 good
0.22 6.00 80.31 bad
0.18 6.00 181.41 bad
0.20 4.00 48.29 good
0.37 4.00 66.70 bad
0.31 4.00 78.49 good
0.20 4.00 28.01 bad
0.09 6.00 249.04 bad
0.18 6.00 80.73 bad
0.30 6.00 211.54 good
0.09 8.00 404.81 bad
0.20 6.00 163.05 good
0.35 6.00 172.89 bad
0.26 2.00 53.89 bad
0.12 8.00 227.23 good
0.17 6.00 74.29 bad
0.13 6.00 44.83 good
0.07 4.00 29.34 good
0.20 6.00 135.14 bad
0.28 4.00 85.63 bad
0.09 6.00 362.40 bad
0.10 6.00 155.38 bad
0.30 6.00 339.26 bad
0.33 4.00 31.11 bad
0.05 6.00 245.77 good
0.28 6.00 182.02 bad
0.20 6.00 74.03 good
0.07 6.00 94.54 bad
0.05 8.00 256.16 good
0.21 6.00 148.52 good
0.27 4.00 59.06 bad
0.28 4.00 77.07 bad
0.14 6.00 204.65 bad
0.05 8.00 758.93 bad
0.10 8.00 49.13 bad
0.12 6.00 106.33 bad
0.08 8.00 259.41 good
0.22 6.00 393.48 bad
0.10 6.00 344.01 good
0.07 8.00 159.36 good
0.07 8.00 440.27 bad
0.19 6.00 65.93 bad
0.03 10.00 599.56 bad
0.08 6.00 173.53 bad
0.41 4.00 87.78 bad
0.17 6.00 188.48 bad
0.14 6.00 116.65 bad
0.09 6.00 95.46 bad
0.08 8.00 191.97 good
0.08 8.00 288.02 bad
0.11 8.00 299.63 good
0.11 8.00 282.28 good
0.03 8.00 198.40 good
0.10 8.00 286.97 bad
0.14 6.00 65.28 good
0.08 6.00 664.54 bad
0.12 6.00 72.91 bad
0.02 10.00 1238.93 good
0.14 6.00 170.95 bad
0.16 6.00 113.09 good
0.20 6.00 84.03 bad
0.19 6.00 125.49 bad
0.11 6.00 132.92 bad
0.11 6.00 387.39 bad
0.30 4.00 102.63 bad
0.10 8.00 313.76 bad
0.19 6.00 101.09 good
0.06 8.00 319.05 good
0.08 8.00 82.37 good
0.07 8.00 209.65 good
0.13 6.00 73.99 bad
0.41 4.00 58.14 good
0.14 6.00 212.10 good
0.09 8.00 234.30 bad
0.24 4.00 63.17 bad
0.05 8.00 478.73 good
0.10 6.00 56.35 bad
0.30 8.00 361.68 bad
0.21 6.00 86.23 bad
0.25 6.00 97.95 bad
0.10 6.00 909.70 bad
0.09 8.00 402.15 good
0.03 2.00 9.99 bad
0.07 8.00 105.22 bad