FiveStarRate Mode Median Class
95
0 2 5 7 9 10 11 12 13 14 15 17 18 19 21 22 25 26 27 29 30 31 33 35 37 40 41 43 44 45 46 47 48 49 51 53 55 56 57 58 59 61 62 64 65 66 67 68 72 73 74 77 80 82 83 85 86 88 91 92 95 98 101 103 107 109 110 111 112 113 114 115 116 117 119 120 123 126 129 130 132 136 137 138 140 141 142 143 145 146 148 149 150 152 153
0.15 8.00 6.00 good
0.15 6.00 6.00 bad
0.12 6.00 6.00 good
0.11 6.00 6.00 bad
0.02 8.00 6.00 bad
0.09 8.00 6.00 bad
0.16 6.00 6.00 bad
0.20 6.00 6.00 bad
0.09 6.00 6.00 bad
0.20 2.00 6.00 good
0.23 6.00 6.00 bad
0.12 8.00 6.00 bad
0.28 10.00 6.00 bad
0.28 10.00 6.00 bad
0.04 4.00 4.00 bad
0.11 6.00 6.00 bad
0.20 2.00 4.00 bad
0.19 6.00 6.00 bad
0.05 2.00 4.00 good
0.36 10.00 8.00 good
0.11 6.00 6.00 bad
0.09 6.00 6.00 good
0.15 6.00 6.00 good
0.21 2.00 6.00 good
0.28 8.00 8.00 bad
0.19 8.00 8.00 good
0.17 6.00 6.00 good
0.14 2.00 6.00 good
0.23 2.00 4.00 good
0.10 6.00 6.00 bad
0.27 8.00 8.00 good
0.08 4.00 4.00 bad
0.17 8.00 6.00 bad
0.10 6.00 6.00 bad
0.07 6.00 6.00 bad
0.10 2.00 4.00 bad
0.06 6.00 6.00 bad
0.13 6.00 6.00 good
0.18 8.00 6.00 bad
0.37 10.00 8.00 good
0.25 10.00 6.00 good
0.21 8.00 8.00 good
0.00 4.00 4.00 bad
0.02 2.00 4.00 bad
0.07 6.00 4.00 bad
0.10 6.00 6.00 bad
0.42 10.00 8.00 good
0.22 8.00 8.00 bad
0.35 10.00 8.00 good
0.17 8.00 8.00 bad
0.04 6.00 6.00 bad
0.37 10.00 8.00 bad
0.58 10.00 10.00 bad
0.22 4.00 4.00 bad
0.22 6.00 6.00 bad
0.10 2.00 4.00 good
0.26 6.00 8.00 bad
0.30 10.00 8.00 good
0.34 10.00 8.00 good
0.42 10.00 8.00 good
0.15 6.00 6.00 bad
0.29 8.00 8.00 good
0.27 10.00 8.00 bad
0.11 6.00 6.00 bad
0.31 10.00 6.00 bad
0.10 6.00 6.00 bad
0.10 6.00 6.00 bad
0.12 8.00 6.00 good
0.11 6.00 6.00 bad
0.14 6.00 6.00 bad
0.60 10.00 10.00 bad
0.07 6.00 6.00 bad
0.17 6.00 6.00 good
0.09 6.00 6.00 bad
0.29 8.00 8.00 good
0.11 8.00 6.00 good
0.20 6.00 6.00 good
0.30 10.00 8.00 good
0.37 10.00 8.00 good
0.17 6.00 6.00 bad
0.13 8.00 6.00 good
0.09 6.00 4.00 bad
0.38 10.00 8.00 good
0.18 2.00 6.00 bad
0.05 8.00 8.00 bad
0.15 8.00 8.00 bad
0.46 10.00 8.00 good
0.10 8.00 6.00 bad
0.08 6.00 6.00 bad
0.19 8.00 8.00 good
0.08 2.00 2.00 bad
0.15 8.00 6.00 good
0.15 6.00 6.00 bad
0.09 2.00 6.00 good
0.12 6.00 6.00 good