BookScore ThreeStarRate FiveStarRate Class
100
3 4 5 7 8 9 10 12 13 14 15 21 24 25 26 27 28 29 33 34 36 37 39 41 42 43 44 45 46 48 49 50 53 54 56 57 59 61 62 63 64 65 67 68 70 71 72 73 74 77 78 80 81 82 83 84 86 87 88 89 90 91 92 94 95 96 97 98 100 102 105 106 108 109 110 112 113 114 115 117 121 122 123 124 125 127 128 130 131 135 137 139 142 145 146 148 149 150 152 153
6.4 0.27 0.18 bad
5.8 0.33 0.10 bad
5.6 0.26 0.12 good
5.8 0.48 0.11 bad
6.5 0.30 0.21 bad
5.4 0.26 0.02 bad
5.8 0.23 0.09 bad
6.0 0.44 0.20 bad
5.5 0.39 0.09 bad
5.9 0.21 0.20 good
6.6 0.27 0.23 bad
4.6 0.16 0.04 bad
5.5 0.36 0.11 bad
4.8 0.20 0.20 bad
6.5 0.43 0.19 bad
4.5 0.21 0.05 good
7.2 0.25 0.27 bad
7.1 0.22 0.36 good
6.1 0.29 0.15 good
5.1 0.39 0.03 bad
6.7 0.23 0.19 bad
7.8 0.20 0.28 bad
3.5 0.16 0.00 bad
6.7 0.34 0.17 good
5.4 0.26 0.11 bad
5.1 0.24 0.14 good
5.4 0.11 0.23 good
5.8 0.30 0.10 bad
7.1 0.19 0.27 good
6.8 0.33 0.17 bad
5.9 0.39 0.10 bad
5.3 0.32 0.07 good
4.0 0.14 0.10 bad
7.0 0.33 0.29 good
5.3 0.32 0.13 good
6.2 0.21 0.18 bad
6.5 0.21 0.25 good
7.5 0.25 0.21 good
5.3 0.08 0.00 bad
6.2 0.12 0.30 good
4.4 0.21 0.02 bad
4.8 0.31 0.07 bad
7.6 0.16 0.42 good
6.8 0.25 0.22 bad
5.9 0.04 0.20 bad
6.1 0.25 0.17 bad
7.3 0.26 0.35 good
6.8 0.22 0.17 bad
6.1 0.36 0.04 bad
7.6 0.22 0.37 bad
6.2 0.33 0.16 bad
8.3 0.13 0.58 bad
5.8 0.54 0.13 bad
5.6 0.20 0.22 bad
6.6 0.28 0.22 bad
5.9 0.33 0.14 bad
7.0 0.30 0.26 bad
6.4 0.23 0.27 bad
6.7 0.18 0.30 good
6.4 0.27 0.17 bad
4.0 0.20 0.07 bad
7.2 0.16 0.34 good
7.8 0.16 0.42 good
7.0 0.23 0.23 good
5.5 0.46 0.15 bad
6.7 0.28 0.17 good
6.5 0.26 0.13 good
7.3 0.22 0.29 good
7.0 0.34 0.25 bad
5.3 0.26 0.08 good
7.4 0.19 0.31 good
6.0 0.27 0.16 good
8.7 0.10 0.63 good
6.0 0.36 0.10 bad
5.8 0.28 0.10 bad
5.4 0.30 0.11 bad
6.1 0.36 0.14 bad
8.5 0.09 0.60 bad
5.5 0.35 0.07 bad
5.5 0.45 0.09 bad
4.5 0.32 0.02 bad
7.0 0.28 0.25 bad
7.0 0.37 0.20 good
5.6 0.29 0.11 good
8.9 0.08 0.67 good
7.4 0.22 0.36 good
6.5 0.13 0.31 good
5.7 0.28 0.17 bad
4.4 0.13 0.06 good
7.0 0.24 0.26 bad
7.8 0.15 0.38 good
7.0 0.24 0.22 good
7.8 0.15 0.46 good
6.7 0.45 0.08 bad
7.0 0.27 0.19 good
3.3 0.04 0.08 bad
6.0 0.23 0.15 good
6.1 0.35 0.15 bad
5.1 0.28 0.09 good
5.7 0.25 0.12 good