BookScoreCount AddListCount Kurtosis Class
97
1 2 3 4 5 10 11 12 13 14 15 16 17 20 23 26 28 29 31 32 33 35 36 37 42 43 45 46 49 51 52 53 54 56 57 58 59 60 61 64 65 66 67 69 71 73 78 79 82 83 84 86 90 93 95 96 98 99 100 101 102 103 104 107 108 110 112 113 114 115 116 119 120 121 122 124 128 129 131 133 134 135 136 137 138 139 140 141 142 143 145 146 147 148 150 151 152
967 492 406.22 good
47 12 267.71 bad
129 38 155.27 bad
78 22 113.07 bad
439 122 93.52 good
78 25 143.84 bad
51 15 491.68 bad
25 12 114.51 bad
48 9 156.17 bad
454 136 68.44 good
658 204 188.48 bad
119 25 87.54 good
36 10 80.31 bad
112 17 48.29 good
116 32 78.49 good
100 32 249.04 bad
263 73 418.19 bad
290 68 194.89 good
44 6 211.54 good
292 111 404.81 bad
192 49 163.05 good
1909 254 41.11 good
223 63 203.97 bad
216 106 948.64 bad
686 215 74.29 bad
81 18 44.83 good
299 93 135.14 bad
108 28 218.67 good
72 13 155.38 bad
133 42 339.26 bad
1780 446 453.60 bad
22 1 31.11 bad
43 9 245.77 good
80 13 74.03 good
2109 551 94.54 bad
461 70 256.16 good
484 138 148.52 good
108 19 95.85 bad
86 33 1104.85 good
45 10 59.06 bad
82 22 77.07 bad
21 2 204.65 bad
90 17 278.88 good
20 5 758.93 bad
248 119 106.33 bad
19 8 278.58 bad
217 57 147.32 bad
531 94 65.93 bad
31 3 87.78 bad
104 22 188.48 bad
21 3 116.65 bad
222 53 249.84 bad
16 4 25.57 bad
396 121 288.02 bad
13 4 128.84 bad
188 100 282.28 good
2113 558 391.57 good
942 253 243.27 bad
42 8 297.05 bad
219 65 286.97 bad
225 39 65.28 good
29 6 664.54 bad
25 5 92.39 bad
1184 188 72.91 bad
5393 1586 1238.93 good
112 31 131.59 bad
201 63 84.03 bad
136 25 164.81 bad
1114 218 875.52 bad
282 76 125.49 bad
19 7 138.45 good
1575 274 297.36 good
45 15 75.21 good
59 14 102.63 bad
385 126 313.76 bad
320 57 101.09 good
607 108 82.37 good
2063 510 209.65 good
31 5 58.14 good
23 1 194.01 bad
795 168 176.74 good
1310 293 234.30 bad
68 9 63.17 bad
1641 303 478.73 good
328 53 56.35 bad
1100 206 304.97 good
21 7 361.68 bad
83 19 311.51 bad
2366 365 364.52 good
153 42 86.23 bad
61 28 909.70 bad
2356 710 402.15 good
208 26 40.59 good
1080 54 9.99 bad
21 5 158.29 bad
638 125 105.22 bad
45 12 62.68 good