BookScoreCount AddListCount Median Class
98
0 1 2 3 4 5 7 10 11 12 13 14 15 19 20 21 23 24 28 29 31 32 35 36 37 39 40 41 42 43 45 46 47 48 49 50 51 52 53 55 56 58 60 63 64 66 67 70 72 74 76 77 78 80 82 83 84 90 91 95 96 99 101 103 106 107 110 111 113 114 115 116 119 120 121 122 123 124 125 126 128 129 132 133 134 136 137 139 140 141 142 144 145 146 148 151 152 153
568 214 6.00 good
967 492 8.00 good
47 12 6.00 bad
129 38 6.00 bad
78 22 6.00 bad
439 122 6.00 good
27 8 6.00 bad
78 25 6.00 bad
51 15 6.00 bad
25 12 6.00 bad
48 9 6.00 bad
454 136 6.00 good
658 204 6.00 bad
250 70 6.00 bad
112 17 4.00 good
44 12 4.00 bad
116 32 4.00 good
70 23 6.00 bad
263 73 8.00 bad
290 68 8.00 good
44 6 6.00 good
292 111 8.00 bad
1909 254 6.00 good
223 63 8.00 bad
216 106 8.00 bad
20 1 2.00 bad
495 172 8.00 good
670 289 6.00 good
686 215 6.00 bad
81 18 6.00 good
299 93 6.00 bad
108 28 8.00 good
79 20 4.00 bad
1248 371 6.00 bad
72 13 6.00 bad
29 7 6.00 good
133 42 6.00 bad
1780 446 8.00 bad
22 1 4.00 bad
55 11 6.00 bad
80 13 6.00 good
461 70 8.00 good
108 19 6.00 bad
91 21 6.00 good
45 10 4.00 bad
21 2 6.00 bad
90 17 8.00 good
51 2 8.00 bad
956 180 8.00 good
46 16 6.00 bad
429 110 8.00 good
745 183 8.00 bad
217 57 6.00 bad
714 193 10.00 bad
31 3 4.00 bad
104 22 6.00 bad
21 3 6.00 bad
16 4 2.00 bad
654 218 8.00 good
13 4 6.00 bad
188 100 8.00 good
942 253 6.00 bad
219 65 8.00 bad
29 6 6.00 bad
349 102 6.00 good
1184 188 6.00 bad
112 31 6.00 bad
182 53 6.00 good
136 25 6.00 bad
1114 218 10.00 bad
282 76 6.00 bad
19 7 6.00 good
1575 274 8.00 good
45 15 6.00 good
59 14 4.00 bad
385 126 8.00 bad
93 32 6.00 good
320 57 6.00 good
768 149 10.00 good
353 48 8.00 good
607 108 8.00 good
2063 510 8.00 good
614 131 6.00 good
23 1 6.00 bad
795 168 8.00 good
68 9 4.00 bad
1641 303 8.00 good
1100 206 8.00 good
21 7 8.00 bad
83 19 8.00 bad
2366 365 8.00 good
364 103 6.00 bad
61 28 6.00 bad
2356 710 8.00 good
1080 54 2.00 bad
638 125 8.00 bad
45 12 6.00 good
209 50 6.00 good