FourStarRate Mode Median Class
93
0 1 2 4 6 8 9 12 13 15 17 18 20 21 22 25 26 27 28 29 30 31 33 35 36 37 41 43 44 47 48 49 51 54 55 58 59 61 63 64 65 67 69 71 72 75 76 77 78 79 80 81 82 83 84 87 89 90 91 96 98 100 102 103 104 105 106 108 109 110 113 114 116 119 120 121 124 125 126 127 132 133 134 135 136 137 140 142 145 146 148 149 150
0.30 8.00 6.00 good
0.36 8.00 8.00 good
0.24 6.00 6.00 bad
0.25 6.00 6.00 bad
0.18 2.00 6.00 good
0.22 6.00 6.00 bad
0.30 8.00 6.00 bad
0.08 6.00 6.00 bad
0.13 6.00 6.00 bad
0.25 6.00 6.00 bad
0.23 8.00 6.00 bad
0.14 10.00 6.00 bad
0.20 2.00 4.00 good
0.14 4.00 4.00 bad
0.28 6.00 6.00 bad
0.00 2.00 4.00 bad
0.18 6.00 6.00 bad
0.15 2.00 4.00 good
0.31 8.00 8.00 bad
0.20 10.00 8.00 good
0.14 6.00 6.00 bad
0.19 6.00 6.00 good
0.23 6.00 6.00 good
0.14 2.00 6.00 good
0.34 8.00 8.00 bad
0.44 8.00 8.00 bad
0.29 6.00 6.00 good
0.14 2.00 6.00 good
0.16 2.00 4.00 good
0.22 4.00 4.00 bad
0.33 8.00 6.00 bad
0.23 6.00 6.00 bad
0.21 6.00 6.00 bad
0.21 6.00 6.00 good
0.20 6.00 6.00 bad
0.30 10.00 8.00 good
0.21 10.00 6.00 good
0.44 8.00 8.00 good
0.20 2.00 6.00 good
0.14 2.00 4.00 bad
0.07 6.00 4.00 bad
0.25 10.00 8.00 good
0.42 8.00 8.00 bad
0.25 8.00 6.00 bad
0.20 10.00 8.00 good
0.30 6.00 6.00 good
0.36 8.00 8.00 good
0.27 10.00 8.00 bad
0.24 6.00 6.00 bad
0.17 2.00 6.00 bad
0.19 10.00 10.00 bad
0.08 6.00 6.00 bad
0.05 4.00 4.00 bad
0.22 6.00 6.00 bad
0.19 6.00 6.00 bad
0.19 10.00 6.00 bad
0.28 8.00 6.00 bad
0.07 2.00 2.00 bad
0.28 10.00 8.00 good
0.33 8.00 8.00 good
0.33 8.00 8.00 good
0.27 6.00 8.00 bad
0.21 2.00 6.00 good
0.26 6.00 6.00 bad
0.04 6.00 4.00 bad
0.33 8.00 8.00 good
0.24 6.00 6.00 good
0.20 10.00 10.00 good
0.24 6.00 6.00 bad
0.24 6.00 6.00 bad
0.21 6.00 6.00 bad
0.23 10.00 10.00 bad
0.12 6.00 6.00 good
0.33 8.00 8.00 good
0.25 8.00 6.00 good
0.08 6.00 4.00 bad
0.20 6.00 6.00 good
0.20 10.00 10.00 good
0.21 10.00 8.00 good
0.26 10.00 8.00 good
0.35 8.00 6.00 good
0.33 8.00 6.00 bad
0.34 8.00 8.00 good
0.29 8.00 8.00 bad
0.05 6.00 4.00 bad
0.33 10.00 8.00 good
0.54 8.00 8.00 bad
0.24 10.00 8.00 good
0.33 6.00 6.00 bad
0.37 8.00 8.00 good
0.06 2.00 2.00 bad
0.26 8.00 6.00 good
0.20 6.00 6.00 bad