AddListCount ThreeStarRate FiveStarRate Class
91
0 4 8 9 11 12 14 16 19 20 22 24 25 26 27 28 29 30 32 34 35 36 37 38 39 40 42 44 45 48 50 51 53 55 56 57 58 64 65 66 67 68 74 75 76 79 80 81 82 83 84 88 89 90 91 93 94 95 98 100 101 102 103 105 106 108 109 110 111 113 114 115 117 120 122 123 125 126 128 129 130 132 133 137 138 140 143 144 145 151 153
214 0.28 0.15 good
22 0.33 0.10 bad
53 0.30 0.21 bad
14 0.26 0.02 bad
15 0.40 0.16 bad
12 0.44 0.20 bad
136 0.21 0.20 good
25 0.23 0.14 good
70 0.22 0.28 bad
17 0.15 0.13 good
61 0.40 0.11 bad
23 0.36 0.11 bad
2 0.20 0.20 bad
32 0.43 0.19 bad
31 0.21 0.05 good
73 0.25 0.27 bad
68 0.22 0.36 good
9 0.32 0.11 bad
111 0.31 0.13 bad
24 0.39 0.03 bad
254 0.18 0.21 good
63 0.23 0.19 bad
106 0.20 0.28 bad
19 0.27 0.13 bad
1 0.16 0.00 bad
172 0.24 0.19 good
215 0.26 0.11 bad
242 0.11 0.23 good
93 0.30 0.10 bad
371 0.33 0.17 bad
7 0.32 0.07 good
42 0.37 0.07 bad
1 0.14 0.10 bad
11 0.33 0.06 bad
13 0.32 0.13 good
551 0.21 0.18 bad
70 0.14 0.37 good
10 0.21 0.02 bad
22 0.31 0.07 bad
2 0.43 0.10 bad
17 0.16 0.42 good
45 0.25 0.22 bad
16 0.36 0.04 bad
8 0.40 0.10 good
110 0.15 0.24 good
94 0.26 0.10 bad
193 0.13 0.58 bad
4 0.54 0.13 bad
3 0.20 0.22 bad
22 0.28 0.22 bad
3 0.33 0.14 bad
321 0.18 0.30 good
49 0.27 0.17 bad
4 0.20 0.07 bad
218 0.16 0.34 good
121 0.26 0.21 bad
57 0.23 0.23 good
4 0.46 0.15 bad
558 0.22 0.29 good
8 0.34 0.25 bad
65 0.26 0.27 bad
39 0.26 0.08 good
6 0.50 0.11 bad
98 0.19 0.31 good
102 0.27 0.16 good
1586 0.10 0.63 good
34 0.36 0.10 bad
31 0.28 0.10 bad
53 0.26 0.12 good
25 0.36 0.14 bad
218 0.09 0.60 bad
76 0.35 0.07 bad
5 0.45 0.09 bad
15 0.20 0.11 good
126 0.28 0.25 bad
32 0.37 0.20 good
149 0.08 0.67 good
48 0.16 0.30 good
108 0.13 0.31 good
510 0.16 0.37 good
11 0.28 0.17 bad
131 0.25 0.13 good
1 0.33 0.04 bad
303 0.15 0.38 good
53 0.22 0.18 bad
7 0.07 0.05 bad
42 0.22 0.10 bad
103 0.27 0.09 bad
28 0.45 0.08 bad
125 0.16 0.37 bad
50 0.25 0.12 good