ThreeStarRate Mode Kurtosis Class
91
1 2 3 4 7 10 11 12 14 15 16 18 20 21 23 24 27 29 30 33 34 37 38 41 42 43 45 48 49 50 56 58 60 62 64 66 69 70 71 72 76 77 79 80 81 83 84 85 88 90 92 93 94 95 96 97 100 101 102 104 105 106 108 109 110 111 112 115 116 117 118 122 125 126 129 130 131 133 135 136 137 139 141 143 146 147 148 149 150 151 152
0.23 8.00 406.22 good
0.40 6.00 267.71 bad
0.27 8.00 155.27 bad
0.33 6.00 113.07 bad
0.48 6.00 181.37 bad
0.23 8.00 143.84 bad
0.40 6.00 491.68 bad
0.44 6.00 114.51 bad
0.21 2.00 68.44 good
0.27 6.00 188.48 bad
0.23 6.00 87.54 good
0.28 10.00 137.29 bad
0.15 2.00 48.29 good
0.16 4.00 66.70 bad
0.28 4.00 78.49 good
0.36 6.00 114.10 bad
0.21 2.00 40.03 good
0.22 10.00 194.89 good
0.32 6.00 80.73 bad
0.29 6.00 163.05 good
0.39 6.00 192.82 bad
0.20 8.00 948.64 bad
0.27 4.00 172.89 bad
0.34 6.00 389.04 good
0.26 2.00 74.29 bad
0.24 2.00 44.83 good
0.30 6.00 135.14 bad
0.33 8.00 362.40 bad
0.39 6.00 155.38 bad
0.32 6.00 119.73 good
0.32 6.00 74.03 good
0.14 10.00 256.16 good
0.18 10.00 95.85 bad
0.08 4.00 199.64 bad
0.21 2.00 59.06 bad
0.43 6.00 204.65 bad
0.26 8.00 758.93 bad
0.04 2.00 49.13 bad
0.25 8.00 106.33 bad
0.26 10.00 259.41 good
0.15 8.00 159.36 good
0.22 10.00 440.27 bad
0.26 2.00 65.93 bad
0.13 10.00 599.56 bad
0.54 6.00 173.53 bad
0.28 6.00 188.48 bad
0.33 6.00 116.65 bad
0.15 2.00 51.21 good
0.18 10.00 118.81 good
0.20 2.00 25.57 bad
0.16 10.00 444.03 good
0.26 8.00 288.02 bad
0.23 8.00 299.63 good
0.46 6.00 128.84 bad
0.28 8.00 282.28 good
0.26 8.00 198.40 good
0.34 6.00 297.05 bad
0.26 10.00 286.97 bad
0.26 2.00 65.28 good
0.34 6.00 92.39 bad
0.19 8.00 385.10 good
0.27 6.00 114.14 good
0.10 10.00 1238.93 good
0.36 6.00 170.95 bad
0.28 6.00 131.59 bad
0.26 8.00 113.09 good
0.30 6.00 84.03 bad
0.35 6.00 125.49 bad
0.42 6.00 138.45 good
0.45 6.00 132.92 bad
0.39 6.00 387.39 bad
0.28 8.00 313.76 bad
0.08 10.00 1797.82 good
0.16 10.00 76.64 good
0.16 10.00 209.65 good
0.28 6.00 73.99 bad
0.13 4.00 58.14 good
0.33 8.00 194.01 bad
0.24 8.00 234.30 bad
0.32 6.00 63.17 bad
0.15 10.00 478.73 good
0.24 8.00 304.97 good
0.19 8.00 311.51 bad
0.22 8.00 86.23 bad
0.27 8.00 402.15 good
0.19 2.00 40.59 good
0.04 2.00 9.99 bad
0.23 8.00 113.50 good
0.35 6.00 158.29 bad
0.16 10.00 105.22 bad
0.28 2.00 62.68 good