BookScoreCount TwoStarRate ThreeStarRate Class
96
0 1 2 4 5 6 10 11 13 14 15 16 18 19 24 26 28 31 32 34 35 37 38 39 41 42 44 45 46 48 49 52 55 56 57 58 60 61 63 64 68 69 70 73 75 76 78 79 80 82 83 84 86 87 88 91 92 93 94 96 97 98 99 100 103 105 107 108 110 112 113 114 117 120 121 124 125 126 127 131 133 134 135 136 139 140 141 142 143 145 146 148 149 151 152 153
568 0.15 0.28 good
967 0.08 0.23 good
47 0.10 0.40 bad
78 0.09 0.33 bad
439 0.20 0.26 good
187 0.14 0.21 good
78 0.26 0.23 bad
51 0.04 0.40 bad
48 0.24 0.39 bad
454 0.14 0.21 good
658 0.13 0.27 bad
119 0.22 0.23 good
23 0.17 0.28 bad
250 0.18 0.22 bad
70 0.21 0.36 bad
100 0.09 0.43 bad
263 0.11 0.25 bad
44 0.30 0.33 good
292 0.09 0.31 bad
97 0.30 0.39 bad
1909 0.12 0.18 good
216 0.03 0.20 bad
63 0.35 0.27 bad
20 0.26 0.16 bad
670 0.14 0.34 good
686 0.17 0.26 bad
1885 0.07 0.11 good
299 0.20 0.30 bad
108 0.07 0.19 good
1248 0.09 0.33 bad
72 0.10 0.39 bad
1780 0.04 0.15 bad
55 0.28 0.33 bad
80 0.20 0.32 good
2109 0.07 0.21 bad
461 0.05 0.14 good
108 0.21 0.18 bad
86 0.08 0.25 good
91 0.07 0.12 good
45 0.27 0.21 bad
153 0.11 0.25 bad
20 0.05 0.26 bad
51 0.10 0.04 bad
19 0.11 0.22 bad
21 0.10 0.40 good
429 0.07 0.15 good
217 0.10 0.33 bad
531 0.19 0.26 bad
714 0.03 0.13 bad
31 0.41 0.20 bad
104 0.17 0.28 bad
21 0.14 0.33 bad
222 0.03 0.30 bad
182 0.09 0.23 bad
1636 0.10 0.18 good
654 0.08 0.16 good
527 0.04 0.16 good
396 0.08 0.26 bad
218 0.11 0.23 good
188 0.11 0.28 good
39 0.03 0.26 good
2113 0.08 0.22 good
942 0.12 0.34 bad
42 0.02 0.34 bad
29 0.08 0.50 bad
339 0.08 0.19 good
1184 0.12 0.15 bad
5393 0.02 0.10 good
112 0.21 0.28 bad
201 0.20 0.30 bad
136 0.13 0.36 bad
1114 0.02 0.09 bad
34 0.11 0.45 bad
45 0.18 0.20 good
59 0.30 0.32 bad
320 0.19 0.29 good
768 0.02 0.08 good
353 0.06 0.16 good
387 0.06 0.22 good
31 0.41 0.13 good
23 0.13 0.33 bad
795 0.12 0.21 good
1310 0.09 0.24 bad
68 0.24 0.32 bad
1100 0.07 0.24 good
21 0.30 0.07 bad
83 0.03 0.19 bad
2366 0.05 0.15 good
153 0.21 0.22 bad
61 0.10 0.45 bad
2356 0.09 0.27 good
1080 0.03 0.04 bad
674 0.18 0.23 good
638 0.07 0.16 bad
45 0.19 0.28 good
209 0.22 0.25 good