BookScoreCount TwoStarRate Median Class
98
0 6 9 10 11 12 13 16 18 20 21 24 27 28 30 32 35 36 37 39 40 41 42 43 44 45 46 47 49 51 52 53 54 56 57 58 59 61 62 64 65 66 67 69 70 71 72 73 74 75 76 78 79 81 82 83 84 85 87 88 89 91 94 95 97 99 101 102 103 104 105 107 108 112 114 117 118 119 120 122 123 126 127 128 129 130 132 133 137 138 140 142 143 144 147 149 152 153
568 0.15 6.00 good
187 0.14 6.00 good
51 0.18 6.00 bad
78 0.26 6.00 bad
51 0.04 6.00 bad
25 0.08 6.00 bad
48 0.24 6.00 bad
119 0.22 6.00 good
23 0.17 6.00 bad
112 0.20 4.00 good
44 0.37 4.00 bad
70 0.21 6.00 bad
150 0.17 4.00 good
263 0.11 8.00 bad
29 0.18 6.00 bad
292 0.09 8.00 bad
1909 0.12 6.00 good
223 0.10 8.00 bad
216 0.03 8.00 bad
20 0.26 2.00 bad
495 0.12 8.00 good
670 0.14 6.00 good
686 0.17 6.00 bad
81 0.13 6.00 good
1885 0.07 4.00 good
299 0.20 6.00 bad
108 0.07 8.00 good
79 0.28 4.00 bad
72 0.10 6.00 bad
133 0.30 6.00 bad
1780 0.04 8.00 bad
22 0.33 4.00 bad
43 0.05 6.00 good
80 0.20 6.00 good
2109 0.07 6.00 bad
461 0.05 8.00 good
484 0.21 6.00 good
86 0.08 8.00 good
13 0.50 4.00 bad
45 0.27 4.00 bad
82 0.28 4.00 bad
21 0.14 6.00 bad
90 0.06 8.00 good
20 0.05 8.00 bad
51 0.10 8.00 bad
248 0.12 6.00 bad
956 0.08 8.00 good
19 0.11 8.00 bad
46 0.22 6.00 bad
21 0.10 6.00 good
429 0.07 8.00 good
217 0.10 6.00 bad
531 0.19 6.00 bad
25 0.08 6.00 bad
31 0.41 4.00 bad
104 0.17 6.00 bad
21 0.14 6.00 bad
356 0.19 4.00 good
182 0.09 6.00 bad
1636 0.10 8.00 good
145 0.17 6.00 bad
654 0.08 8.00 good
218 0.11 8.00 good
13 0.23 6.00 bad
39 0.03 8.00 good
942 0.12 6.00 bad
219 0.10 8.00 bad
225 0.14 6.00 good
29 0.08 6.00 bad
25 0.31 4.00 bad
339 0.08 8.00 good
1184 0.12 6.00 bad
5393 0.02 10.00 good
201 0.20 6.00 bad
1114 0.02 10.00 bad
34 0.11 6.00 bad
274 0.11 6.00 bad
1575 0.06 8.00 good
45 0.18 6.00 good
385 0.10 8.00 bad
93 0.08 6.00 good
353 0.06 8.00 good
387 0.06 8.00 good
607 0.08 8.00 good
2063 0.07 8.00 good
82 0.13 6.00 bad
614 0.14 6.00 good
23 0.13 6.00 bad
1641 0.05 8.00 good
328 0.10 6.00 bad
21 0.30 8.00 bad
2366 0.05 8.00 good
153 0.21 6.00 bad
364 0.25 6.00 bad
208 0.22 4.00 good
674 0.18 6.00 good
45 0.19 6.00 good
209 0.22 6.00 good