BookScoreCount Mode Kurtosis Class
100
0 1 2 3 5 7 8 9 10 12 13 14 17 19 21 23 24 25 26 27 28 29 30 32 34 35 36 37 38 39 40 41 42 43 44 48 49 50 51 53 54 55 56 60 62 64 65 67 68 69 70 71 72 74 75 76 78 79 82 83 84 85 86 87 89 90 91 92 98 100 102 103 104 105 107 108 112 114 115 121 124 125 126 127 129 130 131 132 133 134 136 139 143 144 145 149 150 151 152 153
568 8.00 200.91 good
967 8.00 406.22 good
47 6.00 267.71 bad
129 8.00 155.27 bad
439 6.00 93.52 good
27 6.00 181.37 bad
177 6.00 196.73 bad
51 8.00 110.48 bad
78 8.00 143.84 bad
25 6.00 114.51 bad
48 6.00 156.17 bad
454 2.00 68.44 good
36 8.00 80.31 bad
250 10.00 181.41 bad
44 4.00 66.70 bad
116 4.00 78.49 good
70 6.00 114.10 bad
11 2.00 28.01 bad
100 6.00 249.04 bad
150 2.00 40.03 good
263 8.00 418.19 bad
290 10.00 194.89 good
29 6.00 80.73 bad
292 8.00 404.81 bad
97 6.00 192.82 bad
1909 2.00 41.11 good
223 8.00 203.97 bad
216 8.00 948.64 bad
63 4.00 172.89 bad
20 2.00 53.89 bad
495 8.00 227.23 good
670 6.00 389.04 good
686 2.00 74.29 bad
81 2.00 44.83 good
1885 2.00 29.34 good
1248 8.00 362.40 bad
72 6.00 155.38 bad
29 6.00 119.73 good
133 6.00 339.26 bad
22 2.00 31.11 bad
43 6.00 245.77 good
55 6.00 182.02 bad
80 6.00 74.03 good
108 10.00 95.85 bad
13 4.00 199.64 bad
45 2.00 59.06 bad
82 6.00 77.07 bad
90 10.00 278.88 good
153 8.00 223.96 bad
20 8.00 758.93 bad
51 2.00 49.13 bad
248 8.00 106.33 bad
956 10.00 259.41 good
46 6.00 393.48 bad
21 6.00 344.01 good
429 8.00 159.36 good
217 6.00 147.32 bad
531 2.00 65.93 bad
31 4.00 87.78 bad
104 6.00 188.48 bad
21 6.00 116.65 bad
356 2.00 51.21 good
222 6.00 249.84 bad
182 10.00 95.46 bad
145 8.00 208.64 bad
16 2.00 25.57 bad
654 10.00 191.97 good
527 10.00 444.03 good
2113 8.00 391.57 good
42 6.00 297.05 bad
225 2.00 65.28 good
29 6.00 664.54 bad
25 6.00 92.39 bad
339 8.00 385.10 good
1184 10.00 72.91 bad
5393 10.00 1238.93 good
201 6.00 84.03 bad
1114 10.00 875.52 bad
282 6.00 125.49 bad
59 6.00 102.63 bad
320 6.00 101.09 good
768 10.00 1797.82 good
353 10.00 76.64 good
387 10.00 319.05 good
2063 10.00 209.65 good
82 6.00 73.99 bad
31 4.00 58.14 good
614 8.00 212.10 good
23 8.00 194.01 bad
795 8.00 176.74 good
68 6.00 63.17 bad
1100 8.00 304.97 good
153 8.00 86.23 bad
364 6.00 97.95 bad
61 6.00 909.70 bad
674 8.00 113.50 good
21 6.00 158.29 bad
638 10.00 105.22 bad
45 2.00 62.68 good
209 6.00 105.28 good