TwoStarRate ThreeStarRate Kurtosis Class
99
1 2 3 4 8 9 11 12 13 14 16 17 18 20 21 23 25 26 27 28 32 33 35 38 39 41 42 43 44 46 47 50 52 53 54 55 58 59 60 62 63 64 67 68 70 71 73 74 76 77 79 80 81 82 86 87 88 89 90 91 94 95 96 98 99 101 102 104 105 107 108 109 111 116 117 118 120 122 123 124 125 126 127 129 131 134 137 139 140 141 142 144 145 146 147 148 150 151 152
0.08 0.23 406.22 good
0.10 0.40 267.71 bad
0.12 0.27 155.27 bad
0.09 0.33 113.07 bad
0.16 0.30 196.73 bad
0.18 0.26 110.48 bad
0.04 0.40 491.68 bad
0.08 0.44 114.51 bad
0.24 0.39 156.17 bad
0.14 0.21 68.44 good
0.22 0.23 87.54 good
0.22 0.20 80.31 bad
0.17 0.28 137.29 bad
0.20 0.15 48.29 good
0.37 0.16 66.70 bad
0.31 0.28 78.49 good
0.20 0.20 28.01 bad
0.09 0.43 249.04 bad
0.17 0.21 40.03 good
0.11 0.25 418.19 bad
0.09 0.31 404.81 bad
0.20 0.29 163.05 good
0.12 0.18 41.11 good
0.35 0.27 172.89 bad
0.26 0.16 53.89 bad
0.14 0.34 389.04 good
0.17 0.26 74.29 bad
0.13 0.24 44.83 good
0.07 0.11 29.34 good
0.07 0.19 218.67 good
0.28 0.20 85.63 bad
0.28 0.32 119.73 good
0.04 0.15 453.60 bad
0.33 0.14 31.11 bad
0.05 0.33 245.77 good
0.28 0.33 182.02 bad
0.05 0.14 256.16 good
0.21 0.21 148.52 good
0.21 0.18 95.85 bad
0.50 0.08 199.64 bad
0.07 0.12 55.29 good
0.27 0.21 59.06 bad
0.06 0.16 278.88 good
0.11 0.25 223.96 bad
0.10 0.04 49.13 bad
0.12 0.25 106.33 bad
0.11 0.22 278.58 bad
0.22 0.36 393.48 bad
0.07 0.15 159.36 good
0.07 0.22 440.27 bad
0.19 0.26 65.93 bad
0.03 0.13 599.56 bad
0.08 0.54 173.53 bad
0.41 0.20 87.78 bad
0.03 0.30 249.84 bad
0.09 0.23 95.46 bad
0.10 0.18 118.81 good
0.17 0.27 208.64 bad
0.13 0.20 25.57 bad
0.08 0.16 191.97 good
0.11 0.23 299.63 good
0.23 0.46 128.84 bad
0.11 0.28 282.28 good
0.08 0.22 391.57 good
0.12 0.34 243.27 bad
0.10 0.26 286.97 bad
0.14 0.26 65.28 good
0.31 0.34 92.39 bad
0.08 0.19 385.10 good
0.12 0.15 72.91 bad
0.02 0.10 1238.93 good
0.14 0.36 170.95 bad
0.16 0.26 113.09 good
0.12 0.42 138.45 good
0.11 0.45 132.92 bad
0.11 0.39 387.39 bad
0.18 0.20 75.21 good
0.10 0.28 313.76 bad
0.08 0.37 502.72 good
0.19 0.29 101.09 good
0.02 0.08 1797.82 good
0.06 0.16 76.64 good
0.06 0.22 319.05 good
0.07 0.16 209.65 good
0.41 0.13 58.14 good
0.12 0.21 176.74 good
0.05 0.15 478.73 good
0.07 0.24 304.97 good
0.30 0.07 361.68 bad
0.03 0.19 311.51 bad
0.05 0.15 364.52 good
0.25 0.27 97.95 bad
0.10 0.45 909.70 bad
0.09 0.27 402.15 good
0.22 0.19 40.59 good
0.03 0.04 9.99 bad
0.15 0.35 158.29 bad
0.07 0.16 105.22 bad
0.19 0.28 62.68 good