BookWordCount BookScore Mode Class
96
0 1 2 3 5 7 8 9 12 13 16 17 18 19 20 21 22 24 26 28 29 30 31 34 37 38 39 41 44 46 47 49 52 53 57 61 63 64 66 69 70 71 72 73 74 75 76 79 80 85 86 88 89 90 91 93 94 95 96 98 99 101 102 106 107 110 111 112 114 115 116 117 118 120 121 122 123 124 126 130 131 132 133 135 138 139 141 142 143 144 145 148 149 150 151 152
177.20 6.4 8.00 good
289.90 7.2 8.00 good
48.30 6.4 6.00 bad
52.30 6.4 8.00 bad
158.50 5.6 6.00 good
38.90 5.8 6.00 bad
143.50 6.5 6.00 bad
21.30 5.4 8.00 bad
21.80 6.0 6.00 bad
27.50 5.5 6.00 bad
135.80 5.7 6.00 good
33.60 5.6 8.00 bad
24.10 6.5 10.00 bad
122.40 6.7 10.00 bad
82.30 5.3 2.00 good
74.10 4.6 4.00 bad
77.70 6.5 6.00 bad
74.80 5.5 6.00 bad
62.70 6.5 6.00 bad
53.00 7.2 8.00 bad
233.90 7.1 10.00 good
150.70 5.4 6.00 bad
78.00 5.8 6.00 good
154.60 5.1 6.00 bad
51.30 7.8 8.00 bad
80.20 5.9 4.00 bad
22.80 3.5 2.00 bad
168.40 6.7 6.00 good
296.80 5.4 2.00 good
123.50 7.1 8.00 good
49.70 5.3 4.00 bad
44.50 5.9 6.00 bad
76.10 7.9 10.00 bad
53.70 4.0 2.00 bad
293.40 6.2 8.00 bad
17.00 7.5 8.00 good
108.60 6.2 2.00 good
54.40 4.4 2.00 bad
34.80 5.9 6.00 bad
7.30 7.4 8.00 bad
55.40 5.9 2.00 bad
98.90 6.1 8.00 bad
390.00 7.3 10.00 good
68.60 6.8 8.00 bad
49.30 6.1 6.00 bad
39.60 6.4 6.00 good
46.20 6.8 8.00 good
131.20 5.2 2.00 bad
144.70 8.3 10.00 bad
87.20 5.2 2.00 good
129.90 7.0 6.00 bad
315.30 6.7 10.00 good
153.20 6.4 8.00 bad
50.40 4.0 2.00 bad
126.20 7.2 10.00 good
90.50 6.9 8.00 bad
63.70 7.0 8.00 good
99.00 5.5 6.00 bad
34.10 6.7 8.00 good
170.60 7.3 8.00 good
181.90 6.5 6.00 bad
219.60 7.1 10.00 bad
78.10 5.3 2.00 good
64.40 6.0 6.00 good
310.00 6.4 10.00 bad
133.50 5.8 6.00 bad
148.90 5.8 8.00 good
107.80 5.4 6.00 bad
31.70 8.5 10.00 bad
119.20 5.5 6.00 bad
118.30 6.0 6.00 good
59.10 5.5 6.00 bad
92.20 6.5 6.00 bad
85.80 5.6 8.00 good
145.90 4.5 6.00 bad
79.20 7.0 8.00 bad
153.40 7.0 6.00 good
223.00 5.6 6.00 good
89.70 6.4 10.00 good
46.30 5.7 6.00 bad
195.70 4.4 4.00 good
237.20 6.4 8.00 good
145.80 5.9 8.00 bad
335.20 7.0 8.00 bad
212.90 5.7 2.00 bad
130.30 7.0 8.00 good
25.10 6.9 8.00 bad
518.00 7.8 10.00 good
177.70 5.5 8.00 bad
319.70 5.4 6.00 bad
62.30 6.7 6.00 bad
209.90 3.3 2.00 bad
382.10 6.0 8.00 good
44.60 6.1 6.00 bad
93.00 6.8 10.00 bad
163.50 5.1 2.00 good