BookScoreCount TwoStarRate Median Class
96
2 3 4 6 7 9 10 11 14 16 19 20 23 25 29 30 31 32 33 34 35 36 37 38 40 41 42 43 44 45 46 47 48 49 51 54 55 57 59 60 64 66 67 70 71 72 74 75 76 77 78 79 80 81 83 85 89 90 91 93 94 96 97 98 100 102 104 105 106 107 108 110 111 112 114 116 117 118 119 121 122 123 124 129 132 135 136 140 141 142 143 145 147 149 150 153
47 0.10 6.00 bad
129 0.12 6.00 bad
78 0.09 6.00 bad
187 0.14 6.00 good
27 0.15 6.00 bad
51 0.18 6.00 bad
78 0.26 6.00 bad
51 0.04 6.00 bad
454 0.14 6.00 good
119 0.22 6.00 good
250 0.18 6.00 bad
112 0.20 4.00 good
116 0.31 4.00 good
11 0.20 4.00 bad
290 0.10 8.00 good
29 0.18 6.00 bad
44 0.30 6.00 good
292 0.09 8.00 bad
192 0.20 6.00 good
97 0.30 6.00 bad
1909 0.12 6.00 good
223 0.10 8.00 bad
216 0.03 8.00 bad
63 0.35 6.00 bad
495 0.12 8.00 good
670 0.14 6.00 good
686 0.17 6.00 bad
81 0.13 6.00 good
1885 0.07 4.00 good
299 0.20 6.00 bad
108 0.07 8.00 good
79 0.28 4.00 bad
1248 0.09 6.00 bad
72 0.10 6.00 bad
133 0.30 6.00 bad
43 0.05 6.00 good
55 0.28 6.00 bad
2109 0.07 6.00 bad
484 0.21 6.00 good
108 0.21 6.00 bad
45 0.27 4.00 bad
21 0.14 6.00 bad
90 0.06 8.00 good
51 0.10 8.00 bad
248 0.12 6.00 bad
956 0.08 8.00 good
46 0.22 6.00 bad
21 0.10 6.00 good
429 0.07 8.00 good
745 0.07 8.00 bad
217 0.10 6.00 bad
531 0.19 6.00 bad
714 0.03 10.00 bad
25 0.08 6.00 bad
104 0.17 6.00 bad
356 0.19 4.00 good
145 0.17 6.00 bad
16 0.13 2.00 bad
654 0.08 8.00 good
396 0.08 8.00 bad
218 0.11 8.00 good
188 0.11 8.00 good
39 0.03 8.00 good
2113 0.08 8.00 good
42 0.02 8.00 bad
225 0.14 6.00 good
25 0.31 4.00 bad
339 0.08 8.00 good
349 0.14 6.00 good
1184 0.12 6.00 bad
5393 0.02 10.00 good
112 0.21 6.00 bad
182 0.16 6.00 good
201 0.20 6.00 bad
1114 0.02 10.00 bad
19 0.12 6.00 good
34 0.11 6.00 bad
274 0.11 6.00 bad
1575 0.06 8.00 good
59 0.30 4.00 bad
385 0.10 8.00 bad
93 0.08 6.00 good
320 0.19 6.00 good
2063 0.07 8.00 good
614 0.14 6.00 good
1310 0.09 8.00 bad
68 0.24 4.00 bad
21 0.30 8.00 bad
83 0.03 8.00 bad
2366 0.05 8.00 good
153 0.21 6.00 bad
61 0.10 6.00 bad
208 0.22 4.00 good
674 0.18 6.00 good
21 0.15 6.00 bad
209 0.22 6.00 good