BookScore ThreeStarRate Mode Class
89
0 2 3 4 5 6 7 9 14 16 17 18 19 20 21 22 24 25 26 27 28 29 30 31 33 38 40 41 43 45 46 48 49 50 51 53 54 55 58 59 60 66 69 71 72 73 76 77 79 82 83 84 86 88 89 90 91 93 94 97 101 102 104 110 113 114 115 116 117 119 120 121 123 126 129 130 131 134 135 136 139 141 143 146 148 149 150 151 153
6.4 0.28 8.00 good
6.4 0.40 6.00 bad
6.4 0.27 8.00 bad
5.8 0.33 6.00 bad
5.6 0.26 6.00 good
6.0 0.21 2.00 good
5.8 0.48 6.00 bad
5.4 0.26 8.00 bad
5.9 0.21 2.00 good
5.7 0.23 6.00 good
5.6 0.20 8.00 bad
6.5 0.28 10.00 bad
6.7 0.22 10.00 bad
5.3 0.15 2.00 good
4.6 0.16 4.00 bad
6.5 0.40 6.00 bad
5.5 0.36 6.00 bad
4.8 0.20 2.00 bad
6.5 0.43 6.00 bad
4.5 0.21 2.00 good
7.2 0.25 8.00 bad
7.1 0.22 10.00 good
5.4 0.32 6.00 bad
5.8 0.33 6.00 good
6.1 0.29 6.00 good
5.9 0.27 4.00 bad
6.7 0.24 8.00 good
6.7 0.34 6.00 good
5.1 0.24 2.00 good
5.8 0.30 6.00 bad
7.1 0.19 8.00 good
6.8 0.33 8.00 bad
5.9 0.39 6.00 bad
5.3 0.32 6.00 good
5.9 0.37 6.00 bad
4.0 0.14 2.00 bad
7.0 0.33 6.00 good
5.6 0.33 6.00 bad
7.5 0.14 10.00 good
6.5 0.21 10.00 good
6.2 0.18 10.00 bad
5.9 0.43 6.00 bad
7.4 0.26 8.00 bad
6.1 0.25 8.00 bad
7.3 0.26 10.00 good
6.8 0.22 8.00 bad
6.8 0.15 8.00 good
7.6 0.22 10.00 bad
5.2 0.26 2.00 bad
5.6 0.20 4.00 bad
6.6 0.28 6.00 bad
5.9 0.33 6.00 bad
7.0 0.30 6.00 bad
6.7 0.18 10.00 good
6.4 0.27 8.00 bad
4.0 0.20 2.00 bad
7.2 0.16 10.00 good
6.9 0.26 8.00 bad
7.0 0.23 8.00 good
6.5 0.26 8.00 good
7.1 0.26 10.00 bad
5.3 0.26 2.00 good
4.9 0.34 6.00 bad
5.8 0.28 6.00 bad
6.1 0.36 6.00 bad
8.5 0.09 10.00 bad
5.5 0.35 6.00 bad
6.0 0.42 6.00 good
5.5 0.45 6.00 bad
7.3 0.20 8.00 good
5.6 0.20 8.00 good
4.5 0.32 6.00 bad
7.0 0.37 6.00 good
6.4 0.16 10.00 good
7.3 0.16 10.00 good
5.7 0.28 6.00 bad
4.4 0.13 4.00 good
6.5 0.21 8.00 good
7.0 0.24 8.00 bad
4.8 0.32 6.00 bad
7.0 0.24 8.00 good
6.9 0.19 8.00 bad
5.5 0.22 8.00 bad
7.0 0.27 8.00 good
3.3 0.04 2.00 bad
6.0 0.23 8.00 good
6.1 0.35 6.00 bad
6.8 0.16 10.00 bad
5.7 0.25 6.00 good