FourStarRate Mode Kurtosis Class
91
1 3 4 5 6 7 8 9 10 12 13 14 15 17 19 20 21 23 24 26 27 28 29 32 34 35 36 37 38 39 40 42 43 44 45 47 48 50 51 52 54 56 57 59 62 63 64 65 69 72 73 77 86 87 88 90 93 96 97 98 99 101 102 103 104 105 107 108 112 115 117 118 119 121 123 124 127 131 132 135 138 139 140 141 142 143 144 146 149 151 152
0.36 8.00 406.22 good
0.27 8.00 155.27 bad
0.25 6.00 113.07 bad
0.21 6.00 93.52 good
0.18 2.00 75.15 good
0.11 6.00 181.37 bad
0.22 6.00 196.73 bad
0.30 8.00 110.48 bad
0.27 8.00 143.84 bad
0.08 6.00 114.51 bad
0.13 6.00 156.17 bad
0.19 2.00 68.44 good
0.25 6.00 188.48 bad
0.23 8.00 80.31 bad
0.22 10.00 181.41 bad
0.20 2.00 48.29 good
0.14 4.00 66.70 bad
0.08 4.00 78.49 good
0.13 6.00 114.10 bad
0.18 6.00 249.04 bad
0.15 2.00 40.03 good
0.31 8.00 418.19 bad
0.20 10.00 194.89 good
0.39 8.00 404.81 bad
0.13 6.00 192.82 bad
0.14 2.00 41.11 good
0.34 8.00 203.97 bad
0.44 8.00 948.64 bad
0.17 4.00 172.89 bad
0.05 2.00 53.89 bad
0.33 8.00 227.23 good
0.20 2.00 74.29 bad
0.14 2.00 44.83 good
0.16 2.00 29.34 good
0.23 6.00 135.14 bad
0.22 4.00 85.63 bad
0.33 8.00 362.40 bad
0.14 6.00 119.73 good
0.21 6.00 339.26 bad
0.30 10.00 453.60 bad
0.21 6.00 245.77 good
0.10 6.00 74.03 good
0.29 8.00 94.54 bad
0.21 10.00 148.52 good
0.34 4.00 199.64 bad
0.20 2.00 55.29 good
0.14 2.00 59.06 bad
0.07 6.00 77.07 bad
0.42 8.00 758.93 bad
0.20 10.00 259.41 good
0.39 8.00 278.58 bad
0.27 10.00 440.27 bad
0.27 6.00 249.84 bad
0.19 10.00 95.46 bad
0.23 10.00 118.81 good
0.07 2.00 25.57 bad
0.34 8.00 288.02 bad
0.33 8.00 282.28 good
0.40 8.00 198.40 good
0.33 8.00 391.57 good
0.26 6.00 243.27 bad
0.27 10.00 286.97 bad
0.21 2.00 65.28 good
0.26 6.00 664.54 bad
0.04 6.00 92.39 bad
0.33 8.00 385.10 good
0.17 10.00 72.91 bad
0.20 10.00 1238.93 good
0.15 6.00 84.03 bad
0.19 6.00 125.49 bad
0.14 6.00 132.92 bad
0.30 6.00 387.39 bad
0.33 8.00 297.36 good
0.08 6.00 102.63 bad
0.30 6.00 502.72 good
0.20 6.00 101.09 good
0.26 10.00 319.05 good
0.11 4.00 58.14 good
0.35 8.00 212.10 good
0.29 8.00 234.30 bad
0.19 2.00 56.35 bad
0.36 8.00 304.97 good
0.54 8.00 361.68 bad
0.49 8.00 311.51 bad
0.24 10.00 364.52 good
0.24 8.00 86.23 bad
0.18 6.00 97.95 bad
0.37 8.00 402.15 good
0.26 8.00 113.50 good
0.19 10.00 105.22 bad
0.14 2.00 62.68 good