BookWordCount FourStarRate Mode Class
99
0 1 2 3 4 5 6 7 8 12 13 14 15 18 19 20 21 22 23 24 27 28 31 33 36 38 40 41 42 45 46 47 48 49 51 54 55 56 60 61 62 64 65 66 68 69 70 71 76 78 79 80 81 82 84 86 89 90 91 93 95 99 100 101 103 105 107 108 109 110 112 113 114 115 116 118 120 123 124 125 126 127 128 130 131 134 135 136 137 138 139 140 141 143 145 146 147 149 150
177.20 0.30 8.00 good
289.90 0.36 8.00 good
48.30 0.24 6.00 bad
52.30 0.27 8.00 bad
139.00 0.25 6.00 bad
158.50 0.21 6.00 good
59.60 0.18 2.00 good
38.90 0.11 6.00 bad
143.50 0.22 6.00 bad
21.80 0.08 6.00 bad
27.50 0.13 6.00 bad
123.80 0.19 2.00 good
257.20 0.25 6.00 bad
24.10 0.14 10.00 bad
122.40 0.22 10.00 bad
82.30 0.20 2.00 good
74.10 0.14 4.00 bad
77.70 0.28 6.00 bad
122.20 0.08 4.00 good
74.80 0.13 6.00 bad
147.20 0.15 2.00 good
53.00 0.31 8.00 bad
78.00 0.19 6.00 good
178.90 0.23 6.00 good
87.00 0.34 8.00 bad
80.20 0.17 4.00 bad
153.10 0.33 8.00 good
168.40 0.29 6.00 good
300.10 0.20 2.00 bad
380.50 0.23 6.00 bad
123.50 0.33 8.00 good
49.70 0.22 4.00 bad
281.40 0.33 8.00 bad
44.50 0.23 6.00 bad
84.60 0.21 6.00 bad
13.00 0.21 6.00 good
106.40 0.20 6.00 bad
40.40 0.10 6.00 good
45.10 0.20 10.00 bad
17.00 0.44 8.00 good
49.60 0.34 4.00 bad
54.40 0.14 2.00 bad
72.20 0.07 6.00 bad
34.80 0.19 6.00 bad
79.60 0.30 8.00 bad
7.30 0.42 8.00 bad
55.40 0.32 2.00 bad
98.90 0.25 8.00 bad
46.20 0.36 8.00 good
70.00 0.24 6.00 bad
131.20 0.17 2.00 bad
144.70 0.19 10.00 bad
87.70 0.08 6.00 bad
183.00 0.05 4.00 bad
30.00 0.19 6.00 bad
129.90 0.27 6.00 bad
153.20 0.28 8.00 bad
50.40 0.07 2.00 bad
126.20 0.28 10.00 good
90.50 0.34 8.00 bad
99.00 0.00 6.00 bad
181.90 0.26 6.00 bad
59.90 0.27 6.00 bad
219.60 0.27 10.00 bad
21.40 0.26 6.00 bad
198.70 0.33 8.00 good
310.00 0.17 10.00 bad
446.50 0.20 10.00 good
101.10 0.24 6.00 bad
133.50 0.24 6.00 bad
107.80 0.15 6.00 bad
247.80 0.21 6.00 bad
31.70 0.23 10.00 bad
119.20 0.19 6.00 bad
118.30 0.12 6.00 good
92.20 0.30 6.00 bad
85.80 0.25 8.00 good
153.40 0.30 6.00 good
223.00 0.20 6.00 good
65.70 0.20 10.00 good
89.70 0.21 10.00 good
34.20 0.26 10.00 good
296.70 0.23 10.00 good
46.30 0.16 6.00 bad
195.70 0.11 4.00 good
179.50 0.34 8.00 good
335.20 0.29 8.00 bad
72.70 0.05 6.00 bad
448.70 0.33 10.00 good
212.90 0.19 2.00 bad
130.30 0.36 8.00 good
43.40 0.54 8.00 bad
25.10 0.49 8.00 bad
177.70 0.24 8.00 bad
62.30 0.33 6.00 bad
477.20 0.37 8.00 good
154.00 0.09 2.00 good
382.10 0.26 8.00 good
44.60 0.20 6.00 bad