BookScoreCount TwoStarRate Kurtosis Class
99
0 1 2 4 5 6 8 9 12 13 15 16 17 18 19 21 23 26 28 32 33 34 36 37 38 39 41 42 45 46 47 49 50 52 53 54 56 57 58 59 60 62 63 65 66 67 68 70 71 72 74 75 76 77 78 79 86 88 89 91 92 95 96 97 98 99 101 104 105 106 108 109 110 111 112 115 118 123 124 126 128 130 131 134 135 136 137 138 139 140 141 142 143 146 147 149 150 151 153
568 0.15 200.91 good
967 0.08 406.22 good
47 0.10 267.71 bad
78 0.09 113.07 bad
439 0.20 93.52 good
187 0.14 75.15 good
177 0.16 196.73 bad
51 0.18 110.48 bad
25 0.08 114.51 bad
48 0.24 156.17 bad
658 0.13 188.48 bad
119 0.22 87.54 good
36 0.22 80.31 bad
23 0.17 137.29 bad
250 0.18 181.41 bad
44 0.37 66.70 bad
116 0.31 78.49 good
100 0.09 249.04 bad
263 0.11 418.19 bad
292 0.09 404.81 bad
192 0.20 163.05 good
97 0.30 192.82 bad
223 0.10 203.97 bad
216 0.03 948.64 bad
63 0.35 172.89 bad
20 0.26 53.89 bad
670 0.14 389.04 good
686 0.17 74.29 bad
299 0.20 135.14 bad
108 0.07 218.67 good
79 0.28 85.63 bad
72 0.10 155.38 bad
29 0.28 119.73 good
1780 0.04 453.60 bad
22 0.33 31.11 bad
43 0.05 245.77 good
80 0.20 74.03 good
2109 0.07 94.54 bad
461 0.05 256.16 good
484 0.21 148.52 good
108 0.21 95.85 bad
13 0.50 199.64 bad
91 0.07 55.29 good
82 0.28 77.07 bad
21 0.14 204.65 bad
90 0.06 278.88 good
153 0.11 223.96 bad
51 0.10 49.13 bad
248 0.12 106.33 bad
956 0.08 259.41 good
46 0.22 393.48 bad
21 0.10 344.01 good
429 0.07 159.36 good
745 0.07 440.27 bad
217 0.10 147.32 bad
531 0.19 65.93 bad
222 0.03 249.84 bad
1636 0.10 118.81 good
145 0.17 208.64 bad
654 0.08 191.97 good
527 0.04 444.03 good
13 0.23 128.84 bad
188 0.11 282.28 good
39 0.03 198.40 good
2113 0.08 391.57 good
942 0.12 243.27 bad
219 0.10 286.97 bad
25 0.31 92.39 bad
339 0.08 385.10 good
349 0.14 114.14 good
5393 0.02 1238.93 good
88 0.14 170.95 bad
112 0.21 131.59 bad
182 0.16 113.09 good
201 0.20 84.03 bad
282 0.19 125.49 bad
274 0.11 387.39 bad
93 0.08 502.72 good
320 0.19 101.09 good
353 0.06 76.64 good
607 0.08 82.37 good
82 0.13 73.99 bad
31 0.41 58.14 good
795 0.12 176.74 good
1310 0.09 234.30 bad
68 0.24 63.17 bad
1641 0.05 478.73 good
328 0.10 56.35 bad
1100 0.07 304.97 good
21 0.30 361.68 bad
83 0.03 311.51 bad
2366 0.05 364.52 good
153 0.21 86.23 bad
2356 0.09 402.15 good
208 0.22 40.59 good
674 0.18 113.50 good
21 0.15 158.29 bad
638 0.07 105.22 bad
209 0.22 105.28 good