AddListCount ThreeStarRate Kurtosis Class
93
0 1 2 7 8 9 10 12 15 16 17 19 20 21 24 25 26 28 32 33 34 36 37 40 41 42 45 49 50 52 54 55 57 58 59 60 63 65 66 68 71 72 73 75 76 77 79 80 81 82 83 86 88 89 91 93 94 98 99 100 103 104 105 106 107 108 109 110 112 113 115 117 118 120 121 124 125 128 130 131 133 134 135 137 138 139 143 144 145 147 149 150 151
214 0.28 200.91 good
492 0.23 406.22 good
12 0.40 267.71 bad
8 0.48 181.37 bad
53 0.30 196.73 bad
14 0.26 110.48 bad
25 0.23 143.84 bad
12 0.44 114.51 bad
204 0.27 188.48 bad
25 0.23 87.54 good
10 0.20 80.31 bad
70 0.22 181.41 bad
17 0.15 48.29 good
12 0.16 66.70 bad
23 0.36 114.10 bad
2 0.20 28.01 bad
32 0.43 249.04 bad
73 0.25 418.19 bad
111 0.31 404.81 bad
49 0.29 163.05 good
24 0.39 192.82 bad
63 0.23 203.97 bad
106 0.20 948.64 bad
172 0.24 227.23 good
289 0.34 389.04 good
215 0.26 74.29 bad
93 0.30 135.14 bad
13 0.39 155.38 bad
7 0.32 119.73 good
446 0.15 453.60 bad
9 0.33 245.77 good
11 0.33 182.02 bad
551 0.21 94.54 bad
70 0.14 256.16 good
138 0.21 148.52 good
19 0.18 95.85 bad
21 0.12 55.29 good
22 0.31 77.07 bad
2 0.43 204.65 bad
45 0.25 223.96 bad
119 0.25 106.33 bad
180 0.26 259.41 good
8 0.22 278.58 bad
8 0.40 344.01 good
110 0.15 159.36 good
183 0.22 440.27 bad
94 0.26 65.93 bad
193 0.13 599.56 bad
4 0.54 173.53 bad
3 0.20 87.78 bad
22 0.28 188.48 bad
53 0.30 249.84 bad
321 0.18 118.81 good
49 0.27 208.64 bad
218 0.16 191.97 good
121 0.26 288.02 bad
57 0.23 299.63 good
558 0.22 391.57 good
253 0.34 243.27 bad
8 0.34 297.05 bad
6 0.50 664.54 bad
5 0.34 92.39 bad
98 0.19 385.10 good
102 0.27 114.14 good
188 0.15 72.91 bad
1586 0.10 1238.93 good
34 0.36 170.95 bad
31 0.28 131.59 bad
63 0.30 84.03 bad
25 0.36 164.81 bad
76 0.35 125.49 bad
5 0.45 132.92 bad
112 0.39 387.39 bad
15 0.20 75.21 good
14 0.32 102.63 bad
57 0.29 101.09 good
149 0.08 1797.82 good
108 0.13 82.37 good
11 0.28 73.99 bad
5 0.13 58.14 good
1 0.33 194.01 bad
168 0.21 176.74 good
293 0.24 234.30 bad
303 0.15 478.73 good
53 0.22 56.35 bad
206 0.24 304.97 good
42 0.22 86.23 bad
103 0.27 97.95 bad
28 0.45 909.70 bad
26 0.19 40.59 good
178 0.23 113.50 good
5 0.35 158.29 bad
125 0.16 105.22 bad