TwoStarRate Mode Kurtosis Class
95
2 4 5 7 8 9 11 13 14 15 19 20 21 22 23 25 26 28 29 30 31 32 34 35 36 37 38 39 40 41 43 44 45 47 48 49 53 54 55 56 59 60 61 63 67 68 71 73 75 76 77 79 81 82 83 84 88 89 92 93 94 96 98 99 100 101 102 108 109 110 111 116 118 119 122 123 125 127 128 129 130 132 133 134 139 140 142 143 144 145 146 147 151 152 153
0.10 6.00 267.71 bad
0.09 6.00 113.07 bad
0.20 6.00 93.52 good
0.15 6.00 181.37 bad
0.16 6.00 196.73 bad
0.18 8.00 110.48 bad
0.04 6.00 491.68 bad
0.24 6.00 156.17 bad
0.14 2.00 68.44 good
0.13 6.00 188.48 bad
0.18 10.00 181.41 bad
0.20 2.00 48.29 good
0.37 4.00 66.70 bad
0.15 6.00 468.11 bad
0.31 4.00 78.49 good
0.20 2.00 28.01 bad
0.09 6.00 249.04 bad
0.11 8.00 418.19 bad
0.10 10.00 194.89 good
0.18 6.00 80.73 bad
0.30 6.00 211.54 good
0.09 8.00 404.81 bad
0.30 6.00 192.82 bad
0.12 2.00 41.11 good
0.10 8.00 203.97 bad
0.03 8.00 948.64 bad
0.35 4.00 172.89 bad
0.26 2.00 53.89 bad
0.12 8.00 227.23 good
0.14 6.00 389.04 good
0.13 2.00 44.83 good
0.07 2.00 29.34 good
0.20 6.00 135.14 bad
0.28 4.00 85.63 bad
0.09 8.00 362.40 bad
0.10 6.00 155.38 bad
0.33 2.00 31.11 bad
0.05 6.00 245.77 good
0.28 6.00 182.02 bad
0.20 6.00 74.03 good
0.21 10.00 148.52 good
0.21 10.00 95.85 bad
0.08 8.00 1104.85 good
0.07 2.00 55.29 good
0.06 10.00 278.88 good
0.11 8.00 223.96 bad
0.12 8.00 106.33 bad
0.11 8.00 278.58 bad
0.10 6.00 344.01 good
0.07 8.00 159.36 good
0.07 10.00 440.27 bad
0.19 2.00 65.93 bad
0.08 6.00 173.53 bad
0.41 4.00 87.78 bad
0.17 6.00 188.48 bad
0.14 6.00 116.65 bad
0.10 10.00 118.81 good
0.17 8.00 208.64 bad
0.04 10.00 444.03 good
0.08 8.00 288.02 bad
0.11 8.00 299.63 good
0.11 8.00 282.28 good
0.08 8.00 391.57 good
0.12 6.00 243.27 bad
0.02 6.00 297.05 bad
0.10 10.00 286.97 bad
0.14 2.00 65.28 good
0.02 10.00 1238.93 good
0.14 6.00 170.95 bad
0.21 6.00 131.59 bad
0.16 8.00 113.09 good
0.12 6.00 138.45 good
0.11 6.00 387.39 bad
0.06 8.00 297.36 good
0.10 8.00 313.76 bad
0.08 6.00 502.72 good
0.02 10.00 1797.82 good
0.06 10.00 319.05 good
0.08 10.00 82.37 good
0.07 10.00 209.65 good
0.13 6.00 73.99 bad
0.14 8.00 212.10 good
0.13 8.00 194.01 bad
0.12 8.00 176.74 good
0.07 8.00 304.97 good
0.30 8.00 361.68 bad
0.05 10.00 364.52 good
0.21 8.00 86.23 bad
0.25 6.00 97.95 bad
0.10 6.00 909.70 bad
0.09 8.00 402.15 good
0.22 2.00 40.59 good
0.07 10.00 105.22 bad
0.19 2.00 62.68 good
0.22 6.00 105.28 good