AddListCount ThreeStarRate FourStarRate Class
104
0 1 2 3 5 7 8 9 10 11 12 14 15 16 18 19 20 22 23 24 25 26 27 28 31 34 35 37 38 39 41 42 43 44 46 48 49 50 51 52 55 56 58 59 61 62 63 64 65 69 70 71 73 76 77 78 80 81 82 83 84 85 86 87 88 89 92 93 94 95 96 98 99 100 102 103 106 107 108 109 110 112 113 117 118 119 120 123 125 127 128 129 131 133 134 135 136 137 139 140 141 142 151 153
214 0.28 0.30 good
492 0.23 0.36 good
12 0.40 0.24 bad
38 0.27 0.27 bad
122 0.26 0.21 good
8 0.48 0.11 bad
53 0.30 0.22 bad
14 0.26 0.30 bad
25 0.23 0.27 bad
15 0.40 0.32 bad
12 0.44 0.08 bad
136 0.21 0.19 good
204 0.27 0.25 bad
25 0.23 0.20 good
7 0.28 0.14 bad
70 0.22 0.22 bad
17 0.15 0.20 good
61 0.40 0.28 bad
32 0.28 0.08 good
23 0.36 0.13 bad
2 0.20 0.00 bad
32 0.43 0.18 bad
31 0.21 0.15 good
73 0.25 0.31 bad
6 0.33 0.19 good
24 0.39 0.13 bad
254 0.18 0.14 good
106 0.20 0.44 bad
19 0.27 0.17 bad
1 0.16 0.05 bad
289 0.34 0.29 good
215 0.26 0.20 bad
18 0.24 0.14 good
242 0.11 0.16 good
28 0.19 0.33 good
371 0.33 0.33 bad
13 0.39 0.23 bad
7 0.32 0.14 good
42 0.37 0.21 bad
446 0.15 0.30 bad
11 0.33 0.20 bad
13 0.32 0.10 good
70 0.14 0.30 good
138 0.21 0.21 good
33 0.25 0.44 good
3 0.08 0.34 bad
21 0.12 0.20 good
10 0.21 0.14 bad
22 0.31 0.07 bad
5 0.26 0.42 bad
2 0.04 0.32 bad
119 0.25 0.25 bad
8 0.22 0.39 bad
110 0.15 0.36 good
183 0.22 0.27 bad
57 0.33 0.24 bad
193 0.13 0.19 bad
4 0.54 0.08 bad
3 0.20 0.05 bad
22 0.28 0.22 bad
3 0.33 0.19 bad
55 0.15 0.24 good
53 0.30 0.27 bad
65 0.23 0.19 bad
321 0.18 0.23 good
49 0.27 0.28 bad
141 0.16 0.29 good
121 0.26 0.34 bad
57 0.23 0.33 good
4 0.46 0.00 bad
100 0.28 0.33 good
558 0.22 0.33 good
253 0.34 0.26 bad
8 0.34 0.27 bad
39 0.26 0.21 good
6 0.50 0.26 bad
102 0.27 0.24 good
188 0.15 0.17 bad
1586 0.10 0.20 good
34 0.36 0.24 bad
31 0.28 0.24 bad
63 0.30 0.15 bad
25 0.36 0.21 bad
5 0.45 0.14 bad
112 0.39 0.30 bad
274 0.20 0.33 good
15 0.20 0.25 good
32 0.37 0.30 good
149 0.08 0.20 good
146 0.22 0.26 good
108 0.13 0.23 good
510 0.16 0.26 good
5 0.13 0.11 good
1 0.33 0.33 bad
168 0.21 0.34 good
293 0.24 0.29 bad
9 0.32 0.05 bad
303 0.15 0.33 good
206 0.24 0.36 good
7 0.07 0.54 bad
19 0.19 0.49 bad
365 0.15 0.24 good
125 0.16 0.19 bad
50 0.25 0.22 good