BookScoreCount FourStarRate Mode Class
95
1 2 4 6 7 8 10 16 17 19 20 21 22 23 27 28 29 33 36 38 39 41 42 43 45 46 48 49 50 51 52 55 56 57 58 60 61 62 63 64 69 71 73 75 76 77 78 79 80 81 82 83 84 85 86 91 94 95 98 100 103 105 106 107 109 110 111 112 114 115 117 118 120 121 122 123 125 127 128 129 132 133 135 136 138 139 140 142 144 146 148 149 150 152 153
967 0.36 8.00 good
47 0.24 6.00 bad
78 0.25 6.00 bad
187 0.18 2.00 good
27 0.11 6.00 bad
177 0.22 6.00 bad
78 0.27 8.00 bad
119 0.20 6.00 good
36 0.23 8.00 bad
250 0.22 10.00 bad
112 0.20 2.00 good
44 0.14 4.00 bad
159 0.28 6.00 bad
116 0.08 4.00 good
150 0.15 2.00 good
263 0.31 8.00 bad
290 0.20 10.00 good
192 0.23 6.00 good
223 0.34 8.00 bad
63 0.17 4.00 bad
20 0.05 2.00 bad
670 0.29 6.00 good
686 0.20 2.00 bad
81 0.14 2.00 good
299 0.23 6.00 bad
108 0.33 8.00 good
1248 0.33 8.00 bad
72 0.23 6.00 bad
29 0.14 6.00 good
133 0.21 6.00 bad
1780 0.30 10.00 bad
55 0.20 6.00 bad
80 0.10 6.00 good
2109 0.29 8.00 bad
461 0.30 10.00 good
108 0.20 10.00 bad
86 0.44 8.00 good
13 0.34 4.00 bad
91 0.20 2.00 good
45 0.14 2.00 bad
20 0.42 8.00 bad
248 0.25 8.00 bad
19 0.39 8.00 bad
21 0.30 6.00 good
429 0.36 8.00 good
745 0.27 10.00 bad
217 0.24 6.00 bad
531 0.17 2.00 bad
714 0.19 10.00 bad
25 0.08 6.00 bad
31 0.05 4.00 bad
104 0.22 6.00 bad
21 0.19 6.00 bad
356 0.24 2.00 good
222 0.27 6.00 bad
654 0.28 10.00 good
218 0.33 8.00 good
13 0.00 6.00 bad
2113 0.33 8.00 good
42 0.27 6.00 bad
29 0.26 6.00 bad
339 0.33 8.00 good
349 0.24 6.00 good
1184 0.17 10.00 bad
88 0.24 6.00 bad
112 0.24 6.00 bad
182 0.26 8.00 good
201 0.15 6.00 bad
1114 0.23 10.00 bad
282 0.19 6.00 bad
34 0.14 6.00 bad
274 0.30 6.00 bad
45 0.25 8.00 good
59 0.08 6.00 bad
385 0.29 8.00 bad
93 0.30 6.00 good
768 0.20 10.00 good
387 0.26 10.00 good
607 0.23 10.00 good
2063 0.26 10.00 good
614 0.35 8.00 good
23 0.33 8.00 bad
1310 0.29 8.00 bad
68 0.05 6.00 bad
328 0.19 2.00 bad
1100 0.36 8.00 good
21 0.54 8.00 bad
2366 0.24 10.00 good
364 0.18 6.00 bad
2356 0.37 8.00 good
1080 0.06 2.00 bad
674 0.26 8.00 good
21 0.20 6.00 bad
45 0.14 2.00 good
209 0.22 6.00 good