BookScore Mode Kurtosis Class
95
0 2 3 4 7 10 15 16 17 19 20 21 22 23 24 26 27 28 29 31 33 34 35 36 38 40 41 43 45 47 50 51 52 53 54 56 58 60 62 64 65 67 68 69 70 71 72 75 78 79 81 85 87 88 90 91 92 93 94 95 96 98 99 101 102 103 105 109 111 113 114 115 116 119 120 121 122 124 125 126 127 129 130 132 133 136 137 139 143 146 148 149 150 151 152
6.4 8.00 200.91 good
6.4 6.00 267.71 bad
6.4 8.00 155.27 bad
5.8 6.00 113.07 bad
5.8 6.00 181.37 bad
5.8 8.00 143.84 bad
6.6 6.00 188.48 bad
5.7 6.00 87.54 good
5.6 8.00 80.31 bad
6.7 10.00 181.41 bad
5.3 2.00 48.29 good
4.6 4.00 66.70 bad
6.5 6.00 468.11 bad
4.7 4.00 78.49 good
5.5 6.00 114.10 bad
6.5 6.00 249.04 bad
4.5 2.00 40.03 good
7.2 8.00 418.19 bad
7.1 10.00 194.89 good
5.8 6.00 211.54 good
6.1 6.00 163.05 good
5.1 6.00 192.82 bad
5.5 2.00 41.11 good
6.7 8.00 203.97 bad
5.9 4.00 172.89 bad
6.7 8.00 227.23 good
6.7 6.00 389.04 good
5.1 2.00 44.83 good
5.8 6.00 135.14 bad
5.3 4.00 85.63 bad
5.3 6.00 119.73 good
5.9 6.00 339.26 bad
7.9 10.00 453.60 bad
4.0 2.00 31.11 bad
7.0 6.00 245.77 good
5.3 6.00 74.03 good
7.5 10.00 256.16 good
6.2 10.00 95.85 bad
5.3 4.00 199.64 bad
4.4 2.00 59.06 bad
4.8 6.00 77.07 bad
7.6 10.00 278.88 good
6.8 8.00 223.96 bad
7.4 8.00 758.93 bad
5.9 2.00 49.13 bad
6.1 8.00 106.33 bad
7.3 10.00 259.41 good
6.4 6.00 344.01 good
6.2 6.00 147.32 bad
5.2 2.00 65.93 bad
5.8 6.00 173.53 bad
5.2 2.00 51.21 good
6.4 10.00 95.46 bad
6.7 10.00 118.81 good
4.0 2.00 25.57 bad
7.2 10.00 191.97 good
7.8 10.00 444.03 good
6.9 8.00 288.02 bad
7.0 8.00 299.63 good
5.5 6.00 128.84 bad
6.7 8.00 282.28 good
7.3 8.00 391.57 good
6.5 6.00 243.27 bad
7.1 10.00 286.97 bad
5.3 2.00 65.28 good
6.6 6.00 664.54 bad
7.4 8.00 385.10 good
6.0 6.00 170.95 bad
5.8 8.00 113.09 good
6.1 6.00 164.81 bad
8.5 10.00 875.52 bad
5.5 6.00 125.49 bad
6.0 6.00 138.45 good
7.3 8.00 297.36 good
5.6 8.00 75.21 good
4.5 6.00 102.63 bad
7.0 8.00 313.76 bad
5.6 6.00 101.09 good
8.9 10.00 1797.82 good
6.4 10.00 76.64 good
7.4 10.00 319.05 good
7.3 10.00 209.65 good
5.7 6.00 73.99 bad
6.4 8.00 212.10 good
5.9 8.00 194.01 bad
4.8 6.00 63.17 bad
7.8 10.00 478.73 good
7.0 8.00 304.97 good
5.5 8.00 86.23 bad
7.0 8.00 402.15 good
3.3 2.00 9.99 bad
6.0 8.00 113.50 good
6.1 6.00 158.29 bad
6.8 10.00 105.22 bad
5.1 2.00 62.68 good