AddListCount ThreeStarRate Median Class
101
0 1 2 3 5 6 9 10 11 12 13 16 17 19 21 22 23 25 26 27 29 30 31 32 33 34 36 37 38 40 42 43 44 46 47 48 49 52 55 57 60 62 63 64 65 66 68 69 70 72 74 75 77 78 79 80 82 83 84 85 88 90 92 93 95 98 99 103 104 105 107 108 109 111 112 113 114 115 117 120 121 123 125 128 130 131 132 136 137 139 140 142 143 144 146 147 148 149 150 151 153
214 0.28 6.00 good
492 0.23 8.00 good
12 0.40 6.00 bad
38 0.27 6.00 bad
122 0.26 6.00 good
42 0.21 6.00 good
14 0.26 6.00 bad
25 0.23 6.00 bad
15 0.40 6.00 bad
12 0.44 6.00 bad
9 0.39 6.00 bad
25 0.23 6.00 good
10 0.20 6.00 bad
70 0.22 6.00 bad
12 0.16 4.00 bad
61 0.40 6.00 bad
32 0.28 4.00 good
2 0.20 4.00 bad
32 0.43 6.00 bad
31 0.21 4.00 good
68 0.22 8.00 good
9 0.32 6.00 bad
6 0.33 6.00 good
111 0.31 8.00 bad
49 0.29 6.00 good
24 0.39 6.00 bad
63 0.23 8.00 bad
106 0.20 8.00 bad
19 0.27 6.00 bad
172 0.24 8.00 good
215 0.26 6.00 bad
18 0.24 6.00 good
242 0.11 4.00 good
28 0.19 8.00 good
20 0.20 4.00 bad
371 0.33 6.00 bad
13 0.39 6.00 bad
446 0.15 8.00 bad
11 0.33 6.00 bad
551 0.21 6.00 bad
19 0.18 6.00 bad
3 0.08 4.00 bad
21 0.12 6.00 good
10 0.21 4.00 bad
22 0.31 4.00 bad
2 0.43 6.00 bad
45 0.25 8.00 bad
5 0.26 8.00 bad
2 0.04 8.00 bad
180 0.26 8.00 good
16 0.36 6.00 bad
8 0.40 6.00 good
183 0.22 8.00 bad
57 0.33 6.00 bad
94 0.26 6.00 bad
193 0.13 10.00 bad
3 0.20 4.00 bad
22 0.28 6.00 bad
3 0.33 6.00 bad
55 0.15 4.00 good
321 0.18 8.00 good
4 0.20 2.00 bad
141 0.16 8.00 good
121 0.26 8.00 bad
4 0.46 6.00 bad
558 0.22 8.00 good
253 0.34 6.00 bad
6 0.50 6.00 bad
5 0.34 4.00 bad
98 0.19 8.00 good
188 0.15 6.00 bad
1586 0.10 10.00 good
34 0.36 6.00 bad
53 0.26 6.00 good
63 0.30 6.00 bad
25 0.36 6.00 bad
218 0.09 10.00 bad
76 0.35 6.00 bad
5 0.45 6.00 bad
15 0.20 6.00 good
14 0.32 4.00 bad
32 0.37 6.00 good
149 0.08 10.00 good
108 0.13 8.00 good
11 0.28 6.00 bad
5 0.13 4.00 good
131 0.25 6.00 good
9 0.32 4.00 bad
303 0.15 8.00 good
206 0.24 8.00 good
7 0.07 8.00 bad
365 0.15 8.00 good
42 0.22 6.00 bad
103 0.27 6.00 bad
710 0.27 8.00 good
26 0.19 4.00 good
54 0.04 2.00 bad
178 0.23 6.00 good
5 0.35 6.00 bad
125 0.16 8.00 bad
50 0.25 6.00 good