BookScore ThreeStarRate Mode Class
96
1 2 3 5 10 11 13 17 19 21 22 23 24 25 26 28 32 33 35 36 37 38 39 40 41 43 45 46 47 48 49 50 52 53 54 56 58 60 61 63 64 65 66 67 68 69 71 74 76 79 80 82 83 84 85 86 88 89 90 92 93 94 95 96 98 100 101 104 106 109 111 113 114 119 120 122 123 124 126 129 130 133 134 135 136 137 139 140 141 142 145 147 148 149 150 152
7.2 0.23 8.00 good
6.4 0.40 6.00 bad
6.4 0.27 8.00 bad
5.6 0.26 6.00 good
5.8 0.23 8.00 bad
6.9 0.40 6.00 bad
5.5 0.39 6.00 bad
5.6 0.20 8.00 bad
6.7 0.22 10.00 bad
4.6 0.16 4.00 bad
6.5 0.40 6.00 bad
4.7 0.28 4.00 good
5.5 0.36 6.00 bad
4.8 0.20 2.00 bad
6.5 0.43 6.00 bad
7.2 0.25 8.00 bad
6.8 0.31 8.00 bad
6.1 0.29 6.00 good
5.5 0.18 2.00 good
6.7 0.23 8.00 bad
7.8 0.20 8.00 bad
5.9 0.27 4.00 bad
3.5 0.16 2.00 bad
6.7 0.24 8.00 good
6.7 0.34 6.00 good
5.1 0.24 2.00 good
5.8 0.30 6.00 bad
7.1 0.19 8.00 good
5.3 0.20 4.00 bad
6.8 0.33 8.00 bad
5.9 0.39 6.00 bad
5.3 0.32 6.00 good
7.9 0.15 10.00 bad
4.0 0.14 2.00 bad
7.0 0.33 6.00 good
5.3 0.32 6.00 good
7.5 0.14 10.00 good
6.2 0.18 10.00 bad
7.5 0.25 8.00 good
6.2 0.12 2.00 good
4.4 0.21 2.00 bad
4.8 0.31 6.00 bad
5.9 0.43 6.00 bad
7.6 0.16 10.00 good
6.8 0.25 8.00 bad
7.4 0.26 8.00 bad
6.1 0.25 8.00 bad
6.1 0.36 6.00 bad
6.8 0.15 8.00 good
5.2 0.26 2.00 bad
8.3 0.13 10.00 bad
5.6 0.20 4.00 bad
6.6 0.28 6.00 bad
5.9 0.33 6.00 bad
5.2 0.15 2.00 good
7.0 0.30 6.00 bad
6.7 0.18 10.00 good
6.4 0.27 8.00 bad
4.0 0.20 2.00 bad
7.8 0.16 10.00 good
6.9 0.26 8.00 bad
7.0 0.23 8.00 good
5.5 0.46 6.00 bad
6.7 0.28 8.00 good
7.3 0.22 8.00 good
7.0 0.34 6.00 bad
7.1 0.26 10.00 bad
4.9 0.34 6.00 bad
6.0 0.27 6.00 good
6.0 0.36 6.00 bad
5.8 0.26 8.00 good
6.1 0.36 6.00 bad
8.5 0.09 10.00 bad
7.3 0.20 8.00 good
5.6 0.20 8.00 good
7.0 0.28 8.00 bad
7.0 0.37 6.00 good
5.6 0.29 6.00 good
6.4 0.16 10.00 good
7.3 0.16 10.00 good
5.7 0.28 6.00 bad
5.9 0.33 8.00 bad
6.5 0.21 8.00 good
7.0 0.24 8.00 bad
4.8 0.32 6.00 bad
7.8 0.15 10.00 good
7.0 0.24 8.00 good
6.4 0.07 8.00 bad
6.9 0.19 8.00 bad
7.8 0.15 10.00 good
6.7 0.45 6.00 bad
3.9 0.19 2.00 good
3.3 0.04 2.00 bad
6.0 0.23 8.00 good
6.1 0.35 6.00 bad
5.1 0.28 2.00 good