BookScore BookScoreCount Median Class
104
2 3 6 8 10 11 12 13 14 15 16 17 20 22 23 24 25 27 28 29 30 31 34 36 37 40 41 44 45 46 47 48 49 50 51 53 54 55 57 58 59 60 62 64 65 66 69 71 72 73 74 75 79 80 81 82 84 86 87 91 92 93 94 95 96 97 99 101 103 104 105 107 108 109 110 111 112 113 115 116 119 120 123 124 125 127 128 129 130 132 134 135 136 138 139 140 141 142 144 145 147 149 150 153
6.4 47 6.00 bad
6.4 129 6.00 bad
6.0 187 6.00 good
6.5 177 6.00 bad
5.8 78 6.00 bad
6.9 51 6.00 bad
6.0 25 6.00 bad
5.5 48 6.00 bad
5.9 454 6.00 good
6.6 658 6.00 bad
5.7 119 6.00 good
5.6 36 6.00 bad
5.3 112 4.00 good
6.5 159 6.00 bad
4.7 116 4.00 good
5.5 70 6.00 bad
4.8 11 4.00 bad
4.5 150 4.00 good
7.2 263 8.00 bad
7.1 290 8.00 good
5.4 29 6.00 bad
5.8 44 6.00 good
5.1 97 6.00 bad
6.7 223 8.00 bad
7.8 216 8.00 bad
6.7 495 8.00 good
6.7 670 6.00 good
5.4 1885 4.00 good
5.8 299 6.00 bad
7.1 108 8.00 good
5.3 79 4.00 bad
6.8 1248 6.00 bad
5.9 72 6.00 bad
5.3 29 6.00 good
5.9 133 6.00 bad
4.0 22 4.00 bad
7.0 43 6.00 good
5.6 55 6.00 bad
6.2 2109 6.00 bad
7.5 461 8.00 good
6.5 484 6.00 good
6.2 108 6.00 bad
5.3 13 4.00 bad
4.4 45 4.00 bad
4.8 82 4.00 bad
5.9 21 6.00 bad
7.4 20 8.00 bad
6.1 248 6.00 bad
7.3 956 8.00 good
6.8 19 8.00 bad
6.1 46 6.00 bad
6.4 21 6.00 good
5.2 531 6.00 bad
8.3 714 10.00 bad
5.8 25 6.00 bad
5.6 31 4.00 bad
5.9 21 6.00 bad
7.0 222 8.00 bad
6.4 182 6.00 bad
7.2 654 8.00 good
7.8 527 8.00 good
6.9 396 8.00 bad
7.0 218 8.00 good
5.5 13 6.00 bad
6.7 188 8.00 good
6.5 39 8.00 good
6.5 942 6.00 bad
7.1 219 8.00 bad
6.6 29 6.00 bad
4.9 25 4.00 bad
7.4 339 8.00 good
6.4 1184 6.00 bad
8.7 5393 10.00 good
6.0 88 6.00 bad
5.8 112 6.00 bad
5.8 182 6.00 good
5.4 201 6.00 bad
6.1 136 6.00 bad
5.5 282 6.00 bad
6.0 19 6.00 good
7.3 1575 8.00 good
5.6 45 6.00 good
7.0 93 6.00 good
5.6 320 6.00 good
8.9 768 10.00 good
7.4 387 8.00 good
6.5 607 8.00 good
7.3 2063 8.00 good
5.7 82 6.00 bad
6.4 614 6.00 good
6.5 795 8.00 good
7.0 1310 8.00 bad
4.8 68 4.00 bad
5.7 328 6.00 bad
7.0 1100 8.00 good
6.4 21 8.00 bad
6.9 83 8.00 bad
7.8 2366 8.00 good
5.4 364 6.00 bad
6.7 61 6.00 bad
3.9 208 4.00 good
6.0 674 6.00 good
6.1 21 6.00 bad
5.7 209 6.00 good