FourStarRate FiveStarRate Mode Class
96
1 2 3 4 5 7 8 11 13 15 17 18 20 25 28 29 32 33 34 36 40 41 43 44 45 46 47 49 51 53 54 56 57 59 60 64 67 68 69 70 72 73 74 75 76 77 78 79 81 82 84 86 88 92 94 96 97 98 100 103 104 105 106 107 108 110 111 112 114 115 118 120 123 125 126 127 129 132 133 135 137 138 139 140 141 142 143 144 145 146 147 148 149 151 152 153
0.36 0.25 8.00 good
0.24 0.15 6.00 bad
0.27 0.18 8.00 bad
0.25 0.10 6.00 bad
0.21 0.12 6.00 good
0.11 0.11 6.00 bad
0.22 0.21 6.00 bad
0.32 0.16 6.00 bad
0.13 0.09 6.00 bad
0.25 0.23 6.00 bad
0.23 0.12 8.00 bad
0.14 0.28 10.00 bad
0.20 0.13 2.00 good
0.00 0.20 2.00 bad
0.31 0.27 8.00 bad
0.20 0.36 10.00 good
0.39 0.13 8.00 bad
0.23 0.15 6.00 good
0.13 0.03 6.00 bad
0.34 0.19 8.00 bad
0.33 0.19 8.00 good
0.29 0.17 6.00 good
0.14 0.14 2.00 good
0.16 0.23 2.00 good
0.23 0.10 6.00 bad
0.33 0.27 8.00 good
0.22 0.08 4.00 bad
0.23 0.10 6.00 bad
0.21 0.07 6.00 bad
0.00 0.10 2.00 bad
0.21 0.29 6.00 good
0.10 0.13 6.00 good
0.29 0.18 8.00 bad
0.21 0.25 10.00 good
0.20 0.23 10.00 bad
0.14 0.02 2.00 bad
0.25 0.42 10.00 good
0.30 0.22 8.00 bad
0.42 0.21 8.00 bad
0.32 0.20 2.00 bad
0.20 0.35 10.00 good
0.39 0.17 8.00 bad
0.31 0.04 6.00 bad
0.30 0.10 6.00 good
0.36 0.24 8.00 good
0.27 0.37 10.00 bad
0.24 0.16 6.00 bad
0.17 0.10 2.00 bad
0.08 0.13 6.00 bad
0.05 0.22 4.00 bad
0.19 0.14 6.00 bad
0.27 0.26 6.00 bad
0.23 0.30 10.00 good
0.29 0.42 10.00 good
0.33 0.23 8.00 good
0.33 0.17 8.00 good
0.40 0.13 8.00 good
0.33 0.29 8.00 good
0.27 0.25 6.00 bad
0.26 0.11 6.00 bad
0.04 0.09 6.00 bad
0.33 0.31 8.00 good
0.24 0.16 6.00 good
0.17 0.31 10.00 bad
0.20 0.63 10.00 good
0.24 0.10 6.00 bad
0.26 0.12 8.00 good
0.15 0.11 6.00 bad
0.23 0.60 10.00 bad
0.19 0.07 6.00 bad
0.30 0.11 6.00 bad
0.25 0.11 8.00 good
0.30 0.20 6.00 good
0.20 0.67 10.00 good
0.21 0.30 10.00 good
0.26 0.36 10.00 good
0.26 0.37 10.00 good
0.35 0.13 8.00 good
0.33 0.04 8.00 bad
0.29 0.26 8.00 bad
0.33 0.38 10.00 good
0.19 0.18 2.00 bad
0.36 0.22 8.00 good
0.54 0.05 8.00 bad
0.49 0.15 8.00 bad
0.24 0.46 10.00 good
0.24 0.10 8.00 bad
0.18 0.09 6.00 bad
0.33 0.08 6.00 bad
0.37 0.19 8.00 good
0.09 0.02 2.00 good
0.06 0.08 2.00 bad
0.26 0.15 8.00 good
0.19 0.37 10.00 bad
0.14 0.09 2.00 good
0.22 0.12 6.00 good