ThreeStarRate FourStarRate FiveStarRate Class
101
0 2 3 5 6 7 9 10 11 13 15 16 17 21 22 23 24 26 27 28 31 32 33 34 35 38 40 41 42 43 44 45 46 47 48 49 50 52 53 54 55 58 59 61 62 64 65 66 68 69 70 71 74 75 76 78 80 82 84 85 86 89 90 95 97 100 101 103 104 105 106 107 108 109 112 113 115 117 118 120 123 124 125 126 127 128 129 132 133 134 136 141 142 143 144 146 148 149 150 151 152
0.28 0.30 0.15 good
0.40 0.24 0.15 bad
0.27 0.27 0.18 bad
0.26 0.21 0.12 good
0.21 0.18 0.23 good
0.48 0.11 0.11 bad
0.26 0.30 0.02 bad
0.23 0.27 0.09 bad
0.40 0.32 0.16 bad
0.39 0.13 0.09 bad
0.27 0.25 0.23 bad
0.23 0.20 0.14 good
0.20 0.23 0.12 bad
0.16 0.14 0.04 bad
0.40 0.28 0.11 bad
0.28 0.08 0.06 good
0.36 0.13 0.11 bad
0.43 0.18 0.19 bad
0.21 0.15 0.05 good
0.25 0.31 0.27 bad
0.33 0.19 0.09 good
0.31 0.39 0.13 bad
0.29 0.23 0.15 good
0.39 0.13 0.03 bad
0.18 0.14 0.21 good
0.27 0.17 0.13 bad
0.24 0.33 0.19 good
0.34 0.29 0.17 good
0.26 0.20 0.11 bad
0.24 0.14 0.14 good
0.11 0.16 0.23 good
0.30 0.23 0.10 bad
0.19 0.33 0.27 good
0.20 0.22 0.08 bad
0.33 0.33 0.17 bad
0.39 0.23 0.10 bad
0.32 0.14 0.07 good
0.15 0.30 0.42 bad
0.14 0.00 0.10 bad
0.33 0.21 0.29 good
0.33 0.20 0.06 bad
0.14 0.30 0.37 good
0.21 0.21 0.25 good
0.25 0.44 0.21 good
0.08 0.34 0.00 bad
0.21 0.14 0.02 bad
0.31 0.07 0.07 bad
0.43 0.19 0.10 bad
0.25 0.30 0.22 bad
0.26 0.42 0.21 bad
0.04 0.32 0.20 bad
0.25 0.25 0.17 bad
0.36 0.31 0.04 bad
0.40 0.30 0.10 good
0.15 0.36 0.24 good
0.33 0.24 0.16 bad
0.13 0.19 0.58 bad
0.20 0.05 0.22 bad
0.33 0.19 0.14 bad
0.15 0.24 0.10 good
0.30 0.27 0.26 bad
0.27 0.28 0.17 bad
0.20 0.07 0.07 bad
0.46 0.00 0.15 bad
0.26 0.40 0.13 good
0.34 0.27 0.25 bad
0.26 0.27 0.27 bad
0.50 0.26 0.11 bad
0.34 0.04 0.09 bad
0.19 0.33 0.31 good
0.27 0.24 0.16 good
0.15 0.17 0.31 bad
0.10 0.20 0.63 good
0.36 0.24 0.10 bad
0.30 0.15 0.11 bad
0.36 0.21 0.14 bad
0.35 0.19 0.07 bad
0.45 0.14 0.09 bad
0.39 0.30 0.11 bad
0.20 0.25 0.11 good
0.37 0.30 0.20 good
0.29 0.20 0.11 good
0.08 0.20 0.67 good
0.16 0.21 0.30 good
0.22 0.26 0.36 good
0.13 0.23 0.31 good
0.16 0.26 0.37 good
0.25 0.35 0.13 good
0.33 0.33 0.04 bad
0.21 0.34 0.18 good
0.32 0.05 0.09 bad
0.19 0.49 0.15 bad
0.15 0.24 0.46 good
0.22 0.24 0.10 bad
0.27 0.18 0.09 bad
0.27 0.37 0.19 good
0.04 0.06 0.08 bad
0.23 0.26 0.15 good
0.35 0.20 0.15 bad
0.16 0.19 0.37 bad
0.28 0.14 0.09 good