BookWordCount ThreeStarRate FourStarRate Class
94
0 4 6 8 9 11 12 13 15 16 18 19 20 21 22 23 25 26 27 28 29 33 34 37 38 39 42 44 46 47 49 50 51 52 53 54 55 57 60 63 64 65 68 70 71 72 73 74 77 79 81 82 86 87 89 90 91 92 95 97 98 100 101 103 106 107 108 109 110 111 115 116 117 118 119 120 125 126 127 129 130 134 135 136 138 141 142 144 145 147 148 149 151 152
177.20 0.28 0.30 good
139.00 0.33 0.25 bad
59.60 0.21 0.18 good
143.50 0.30 0.22 bad
21.30 0.26 0.30 bad
13.40 0.40 0.32 bad
21.80 0.44 0.08 bad
27.50 0.39 0.13 bad
257.20 0.27 0.25 bad
135.80 0.23 0.20 good
24.10 0.28 0.14 bad
122.40 0.22 0.22 bad
82.30 0.15 0.20 good
74.10 0.16 0.14 bad
77.70 0.40 0.28 bad
122.20 0.28 0.08 good
35.90 0.20 0.00 bad
62.70 0.43 0.18 bad
147.20 0.21 0.15 good
53.00 0.25 0.31 bad
233.90 0.22 0.20 good
178.90 0.29 0.23 good
154.60 0.39 0.13 bad
51.30 0.20 0.44 bad
80.20 0.27 0.17 bad
22.80 0.16 0.05 bad
300.10 0.26 0.20 bad
296.80 0.11 0.16 good
123.50 0.19 0.33 good
49.70 0.20 0.22 bad
44.50 0.39 0.23 bad
51.90 0.32 0.14 good
84.60 0.37 0.21 bad
76.10 0.15 0.30 bad
53.70 0.14 0.00 bad
13.00 0.33 0.21 good
106.40 0.33 0.20 bad
293.40 0.21 0.29 bad
45.10 0.18 0.20 bad
108.60 0.12 0.20 good
54.40 0.21 0.14 bad
72.20 0.31 0.07 bad
79.60 0.25 0.30 bad
55.40 0.04 0.32 bad
98.90 0.25 0.25 bad
390.00 0.26 0.20 good
68.60 0.22 0.39 bad
49.30 0.36 0.31 bad
1070.70 0.22 0.27 bad
131.20 0.26 0.17 bad
87.70 0.54 0.08 bad
183.00 0.20 0.05 bad
129.90 0.30 0.27 bad
112.10 0.23 0.19 bad
153.20 0.27 0.28 bad
50.40 0.20 0.07 bad
126.20 0.16 0.28 good
116.50 0.16 0.29 good
99.00 0.46 0.00 bad
22.20 0.26 0.40 good
170.60 0.22 0.33 good
59.90 0.34 0.27 bad
219.60 0.26 0.27 bad
21.40 0.50 0.26 bad
64.40 0.27 0.24 good
310.00 0.15 0.17 bad
446.50 0.10 0.20 good
101.10 0.36 0.24 bad
133.50 0.28 0.24 bad
148.90 0.26 0.26 good
119.20 0.35 0.19 bad
118.30 0.42 0.12 good
59.10 0.45 0.14 bad
92.20 0.39 0.30 bad
427.70 0.20 0.33 good
85.80 0.20 0.25 good
65.70 0.08 0.20 good
89.70 0.16 0.21 good
34.20 0.22 0.26 good
322.80 0.16 0.26 good
46.30 0.28 0.16 bad
179.50 0.21 0.34 good
335.20 0.24 0.29 bad
72.70 0.32 0.05 bad
212.90 0.22 0.19 bad
25.10 0.19 0.49 bad
518.00 0.15 0.24 good
319.70 0.27 0.18 bad
62.30 0.45 0.33 bad
154.00 0.19 0.09 good
209.90 0.04 0.06 bad
382.10 0.23 0.26 good
93.00 0.16 0.19 bad
163.50 0.28 0.14 good