BookScore TwoStarRate Kurtosis Class
96
1 2 3 9 10 11 13 15 17 19 21 22 23 24 25 26 28 31 33 34 36 39 40 45 46 47 48 50 51 53 54 55 56 58 59 60 62 64 66 67 69 70 71 72 74 75 76 78 79 81 82 83 84 85 87 89 90 91 93 94 95 97 98 101 102 103 104 105 106 107 109 110 111 113 114 115 116 118 119 120 122 123 124 131 132 133 134 135 136 138 139 141 142 150 151 153
7.2 0.08 406.22 good
6.4 0.10 267.71 bad
6.4 0.12 155.27 bad
5.4 0.18 110.48 bad
5.8 0.26 143.84 bad
6.9 0.04 491.68 bad
5.5 0.24 156.17 bad
6.6 0.13 188.48 bad
5.6 0.22 80.31 bad
6.7 0.18 181.41 bad
4.6 0.37 66.70 bad
6.5 0.15 468.11 bad
4.7 0.31 78.49 good
5.5 0.21 114.10 bad
4.8 0.20 28.01 bad
6.5 0.09 249.04 bad
7.2 0.11 418.19 bad
5.8 0.30 211.54 good
6.1 0.20 163.05 good
5.1 0.30 192.82 bad
6.7 0.10 203.97 bad
3.5 0.26 53.89 bad
6.7 0.12 227.23 good
5.8 0.20 135.14 bad
7.1 0.07 218.67 good
5.3 0.28 85.63 bad
6.8 0.09 362.40 bad
5.3 0.28 119.73 good
5.9 0.30 339.26 bad
4.0 0.33 31.11 bad
7.0 0.05 245.77 good
5.6 0.28 182.02 bad
5.3 0.20 74.03 good
7.5 0.05 256.16 good
6.5 0.21 148.52 good
6.2 0.21 95.85 bad
5.3 0.50 199.64 bad
4.4 0.27 59.06 bad
5.9 0.14 204.65 bad
7.6 0.06 278.88 good
7.4 0.05 758.93 bad
5.9 0.10 49.13 bad
6.1 0.12 106.33 bad
7.3 0.08 259.41 good
6.1 0.22 393.48 bad
6.4 0.10 344.01 good
6.8 0.07 159.36 good
6.2 0.10 147.32 bad
5.2 0.19 65.93 bad
5.8 0.08 173.53 bad
5.6 0.41 87.78 bad
6.6 0.17 188.48 bad
5.9 0.14 116.65 bad
5.2 0.19 51.21 good
6.4 0.09 95.46 bad
6.4 0.17 208.64 bad
4.0 0.13 25.57 bad
7.2 0.08 191.97 good
6.9 0.08 288.02 bad
7.0 0.11 299.63 good
5.5 0.23 128.84 bad
6.5 0.03 198.40 good
7.3 0.08 391.57 good
7.1 0.10 286.97 bad
5.3 0.14 65.28 good
6.6 0.08 664.54 bad
4.9 0.31 92.39 bad
7.4 0.08 385.10 good
6.0 0.14 114.14 good
6.4 0.12 72.91 bad
6.0 0.14 170.95 bad
5.8 0.21 131.59 bad
5.8 0.16 113.09 good
6.1 0.13 164.81 bad
8.5 0.02 875.52 bad
5.5 0.19 125.49 bad
6.0 0.12 138.45 good
6.5 0.11 387.39 bad
7.3 0.06 297.36 good
5.6 0.18 75.21 good
7.0 0.10 313.76 bad
7.0 0.08 502.72 good
5.6 0.19 101.09 good
4.4 0.41 58.14 good
6.4 0.14 212.10 good
5.9 0.13 194.01 bad
6.5 0.12 176.74 good
7.0 0.09 234.30 bad
4.8 0.24 63.17 bad
5.7 0.10 56.35 bad
7.0 0.07 304.97 good
6.9 0.03 311.51 bad
7.8 0.05 364.52 good
6.1 0.15 158.29 bad
6.8 0.07 105.22 bad
5.7 0.22 105.28 good