BookScore FiveStarRate Mode Class
102
0 3 5 9 10 12 13 14 15 16 17 18 19 21 22 25 26 29 31 32 33 34 35 36 37 39 40 41 44 46 48 49 50 52 53 54 56 58 59 60 61 62 64 66 67 69 70 71 72 73 76 77 78 79 80 81 84 86 87 88 89 91 93 95 96 99 102 103 104 105 106 109 111 112 114 115 116 117 118 119 120 123 125 126 127 128 129 132 133 136 137 138 139 140 141 142 143 145 146 147 148 152
6.4 0.15 8.00 good
6.4 0.18 8.00 bad
5.6 0.12 6.00 good
5.4 0.02 8.00 bad
5.8 0.09 8.00 bad
6.0 0.20 6.00 bad
5.5 0.09 6.00 bad
5.9 0.20 2.00 good
6.6 0.23 6.00 bad
5.7 0.14 6.00 good
5.6 0.12 8.00 bad
6.5 0.28 10.00 bad
6.7 0.28 10.00 bad
4.6 0.04 4.00 bad
6.5 0.11 6.00 bad
4.8 0.20 2.00 bad
6.5 0.19 6.00 bad
7.1 0.36 10.00 good
5.8 0.09 6.00 good
6.8 0.13 8.00 bad
6.1 0.15 6.00 good
5.1 0.03 6.00 bad
5.5 0.21 2.00 good
6.7 0.19 8.00 bad
7.8 0.28 8.00 bad
3.5 0.00 2.00 bad
6.7 0.19 8.00 good
6.7 0.17 6.00 good
5.4 0.23 2.00 good
7.1 0.27 8.00 good
6.8 0.17 8.00 bad
5.9 0.10 6.00 bad
5.3 0.07 6.00 good
7.9 0.42 10.00 bad
4.0 0.10 2.00 bad
7.0 0.29 6.00 good
5.3 0.13 6.00 good
7.5 0.37 10.00 good
6.5 0.25 10.00 good
6.2 0.23 10.00 bad
7.5 0.21 8.00 good
5.3 0.00 4.00 bad
4.4 0.02 2.00 bad
5.9 0.10 6.00 bad
7.6 0.42 10.00 good
7.4 0.21 8.00 bad
5.9 0.20 2.00 bad
6.1 0.17 8.00 bad
7.3 0.35 10.00 good
6.8 0.17 8.00 bad
6.8 0.24 8.00 good
7.6 0.37 10.00 bad
6.2 0.16 6.00 bad
5.2 0.10 2.00 bad
8.3 0.58 10.00 bad
5.8 0.13 6.00 bad
5.9 0.14 6.00 bad
7.0 0.26 6.00 bad
6.4 0.27 10.00 bad
6.7 0.30 10.00 good
6.4 0.17 8.00 bad
7.2 0.34 10.00 good
6.9 0.21 8.00 bad
5.5 0.15 6.00 bad
6.7 0.17 8.00 good
6.5 0.17 6.00 bad
5.3 0.08 2.00 good
6.6 0.11 6.00 bad
4.9 0.09 6.00 bad
7.4 0.31 8.00 good
6.0 0.16 6.00 good
6.0 0.10 6.00 bad
5.8 0.12 8.00 good
5.4 0.11 6.00 bad
8.5 0.60 10.00 bad
5.5 0.07 6.00 bad
6.0 0.17 6.00 good
5.5 0.09 6.00 bad
6.5 0.11 6.00 bad
7.3 0.29 8.00 good
5.6 0.11 8.00 good
7.0 0.20 6.00 good
8.9 0.67 10.00 good
6.4 0.30 10.00 good
7.4 0.36 10.00 good
6.5 0.31 10.00 good
7.3 0.37 10.00 good
6.4 0.13 8.00 good
5.9 0.04 8.00 bad
4.8 0.09 6.00 bad
7.8 0.38 10.00 good
5.7 0.18 2.00 bad
7.0 0.22 8.00 good
6.4 0.05 8.00 bad
6.9 0.15 8.00 bad
7.8 0.46 10.00 good
5.5 0.10 8.00 bad
6.7 0.08 6.00 bad
7.0 0.19 8.00 good
3.9 0.02 2.00 good
3.3 0.08 2.00 bad
5.1 0.09 2.00 good