ThreeStarRate FiveStarRate Mode Class
102
0 2 6 8 9 10 11 12 15 16 17 18 19 20 22 24 26 27 29 30 31 32 33 39 40 41 44 45 46 47 48 49 50 51 53 55 57 58 59 61 62 63 64 65 66 67 69 70 71 72 76 77 78 79 83 84 86 87 89 91 94 95 97 98 100 104 105 107 110 111 112 113 114 115 118 119 120 121 122 123 124 125 126 127 128 130 132 133 134 135 136 137 138 139 141 142 143 149 150 151 152 153
0.28 0.15 8.00 good
0.40 0.15 6.00 bad
0.21 0.23 2.00 good
0.30 0.21 6.00 bad
0.26 0.02 8.00 bad
0.23 0.09 8.00 bad
0.40 0.16 6.00 bad
0.44 0.20 6.00 bad
0.27 0.23 6.00 bad
0.23 0.14 6.00 good
0.20 0.12 8.00 bad
0.28 0.28 10.00 bad
0.22 0.28 10.00 bad
0.15 0.13 2.00 good
0.40 0.11 6.00 bad
0.36 0.11 6.00 bad
0.43 0.19 6.00 bad
0.21 0.05 2.00 good
0.22 0.36 10.00 good
0.32 0.11 6.00 bad
0.33 0.09 6.00 good
0.31 0.13 8.00 bad
0.29 0.15 6.00 good
0.16 0.00 2.00 bad
0.24 0.19 8.00 good
0.34 0.17 6.00 good
0.11 0.23 2.00 good
0.30 0.10 6.00 bad
0.19 0.27 8.00 good
0.20 0.08 4.00 bad
0.33 0.17 8.00 bad
0.39 0.10 6.00 bad
0.32 0.07 6.00 good
0.37 0.07 6.00 bad
0.14 0.10 2.00 bad
0.33 0.06 6.00 bad
0.21 0.18 8.00 bad
0.14 0.37 10.00 good
0.21 0.25 10.00 good
0.25 0.21 8.00 good
0.08 0.00 4.00 bad
0.12 0.30 2.00 good
0.21 0.02 2.00 bad
0.31 0.07 6.00 bad
0.43 0.10 6.00 bad
0.16 0.42 10.00 good
0.26 0.21 8.00 bad
0.04 0.20 2.00 bad
0.25 0.17 8.00 bad
0.26 0.35 10.00 good
0.15 0.24 8.00 good
0.22 0.37 10.00 bad
0.33 0.16 6.00 bad
0.26 0.10 2.00 bad
0.28 0.22 6.00 bad
0.33 0.14 6.00 bad
0.30 0.26 6.00 bad
0.23 0.27 10.00 bad
0.27 0.17 8.00 bad
0.16 0.34 10.00 good
0.23 0.23 8.00 good
0.46 0.15 6.00 bad
0.26 0.13 8.00 good
0.22 0.29 8.00 good
0.34 0.25 6.00 bad
0.34 0.09 6.00 bad
0.19 0.31 8.00 good
0.15 0.31 10.00 bad
0.28 0.10 6.00 bad
0.26 0.12 8.00 good
0.30 0.11 6.00 bad
0.36 0.14 6.00 bad
0.09 0.60 10.00 bad
0.35 0.07 6.00 bad
0.39 0.11 6.00 bad
0.20 0.29 8.00 good
0.20 0.11 8.00 good
0.32 0.02 6.00 bad
0.28 0.25 8.00 bad
0.37 0.20 6.00 good
0.29 0.11 6.00 good
0.08 0.67 10.00 good
0.16 0.30 10.00 good
0.22 0.36 10.00 good
0.13 0.31 10.00 good
0.28 0.17 6.00 bad
0.25 0.13 8.00 good
0.33 0.04 8.00 bad
0.21 0.18 8.00 good
0.24 0.26 8.00 bad
0.32 0.09 6.00 bad
0.15 0.38 10.00 good
0.22 0.18 2.00 bad
0.24 0.22 8.00 good
0.19 0.15 8.00 bad
0.15 0.46 10.00 good
0.22 0.10 8.00 bad
0.23 0.15 8.00 good
0.35 0.15 6.00 bad
0.16 0.37 10.00 bad
0.28 0.09 2.00 good
0.25 0.12 6.00 good