TwoStarRate FourStarRate Median Class
95
1 2 3 5 6 7 9 10 12 13 14 16 18 20 22 27 28 29 30 31 32 33 34 35 36 37 38 39 40 41 43 44 45 49 50 51 52 53 55 56 59 60 61 63 64 65 66 67 68 72 75 79 81 84 86 90 91 93 94 96 97 100 101 102 104 105 107 109 110 111 112 113 114 115 118 122 123 127 128 130 131 132 134 136 138 139 141 143 145 148 149 150 151 152 153
0.08 0.36 8.00 good
0.10 0.24 6.00 bad
0.12 0.27 6.00 bad
0.20 0.21 6.00 good
0.14 0.18 6.00 good
0.15 0.11 6.00 bad
0.18 0.30 6.00 bad
0.26 0.27 6.00 bad
0.08 0.08 6.00 bad
0.24 0.13 6.00 bad
0.14 0.19 6.00 good
0.22 0.20 6.00 good
0.17 0.14 6.00 bad
0.20 0.20 4.00 good
0.15 0.28 6.00 bad
0.17 0.15 4.00 good
0.11 0.31 8.00 bad
0.10 0.20 8.00 good
0.18 0.14 6.00 bad
0.30 0.19 6.00 good
0.09 0.39 8.00 bad
0.20 0.23 6.00 good
0.30 0.13 6.00 bad
0.12 0.14 6.00 good
0.10 0.34 8.00 bad
0.03 0.44 8.00 bad
0.35 0.17 6.00 bad
0.26 0.05 2.00 bad
0.12 0.33 8.00 good
0.14 0.29 6.00 good
0.13 0.14 6.00 good
0.07 0.16 4.00 good
0.20 0.23 6.00 bad
0.10 0.23 6.00 bad
0.28 0.14 6.00 good
0.30 0.21 6.00 bad
0.04 0.30 8.00 bad
0.33 0.00 4.00 bad
0.28 0.20 6.00 bad
0.20 0.10 6.00 good
0.21 0.21 6.00 good
0.21 0.20 6.00 bad
0.08 0.44 8.00 good
0.07 0.20 6.00 good
0.27 0.14 4.00 bad
0.28 0.07 4.00 bad
0.14 0.19 6.00 bad
0.06 0.25 8.00 good
0.11 0.30 8.00 bad
0.08 0.20 8.00 good
0.10 0.30 6.00 good
0.19 0.17 6.00 bad
0.08 0.08 6.00 bad
0.14 0.19 6.00 bad
0.03 0.27 8.00 bad
0.13 0.07 2.00 bad
0.08 0.28 8.00 good
0.08 0.34 8.00 bad
0.11 0.33 8.00 good
0.11 0.33 8.00 good
0.03 0.40 8.00 good
0.02 0.27 8.00 bad
0.10 0.27 8.00 bad
0.14 0.21 6.00 good
0.31 0.04 4.00 bad
0.08 0.33 8.00 good
0.12 0.17 6.00 bad
0.14 0.24 6.00 bad
0.21 0.24 6.00 bad
0.16 0.26 6.00 good
0.20 0.15 6.00 bad
0.13 0.21 6.00 bad
0.02 0.23 10.00 bad
0.19 0.19 6.00 bad
0.11 0.30 6.00 bad
0.10 0.29 8.00 bad
0.08 0.30 6.00 good
0.06 0.26 8.00 good
0.08 0.23 8.00 good
0.13 0.16 6.00 bad
0.41 0.11 4.00 good
0.14 0.35 6.00 good
0.12 0.34 8.00 good
0.24 0.05 4.00 bad
0.10 0.19 6.00 bad
0.07 0.36 8.00 good
0.03 0.49 8.00 bad
0.21 0.24 6.00 bad
0.10 0.33 6.00 bad
0.03 0.06 2.00 bad
0.18 0.26 6.00 good
0.15 0.20 6.00 bad
0.07 0.19 8.00 bad
0.19 0.14 6.00 good
0.22 0.22 6.00 good