BookScore ThreeStarRate FiveStarRate Class
96
0 1 2 3 4 5 6 7 8 10 13 15 17 18 19 20 21 22 23 24 27 28 30 32 37 39 42 44 45 46 48 49 50 51 52 53 54 58 59 60 62 63 64 67 68 69 70 71 72 73 74 76 77 80 82 83 85 86 88 89 90 91 92 94 95 96 99 100 102 104 106 107 108 109 113 114 115 117 118 119 120 121 122 123 124 129 132 134 136 137 139 140 141 145 148 153
6.4 0.28 0.15 good
7.2 0.23 0.25 good
6.4 0.40 0.15 bad
6.4 0.27 0.18 bad
5.8 0.33 0.10 bad
5.6 0.26 0.12 good
6.0 0.21 0.23 good
5.8 0.48 0.11 bad
6.5 0.30 0.21 bad
5.8 0.23 0.09 bad
5.5 0.39 0.09 bad
6.6 0.27 0.23 bad
5.6 0.20 0.12 bad
6.5 0.28 0.28 bad
6.7 0.22 0.28 bad
5.3 0.15 0.13 good
4.6 0.16 0.04 bad
6.5 0.40 0.11 bad
4.7 0.28 0.06 good
5.5 0.36 0.11 bad
4.5 0.21 0.05 good
7.2 0.25 0.27 bad
5.4 0.32 0.11 bad
6.8 0.31 0.13 bad
7.8 0.20 0.28 bad
3.5 0.16 0.00 bad
5.4 0.26 0.11 bad
5.4 0.11 0.23 good
5.8 0.30 0.10 bad
7.1 0.19 0.27 good
6.8 0.33 0.17 bad
5.9 0.39 0.10 bad
5.3 0.32 0.07 good
5.9 0.37 0.07 bad
7.9 0.15 0.42 bad
4.0 0.14 0.10 bad
7.0 0.33 0.29 good
7.5 0.14 0.37 good
6.5 0.21 0.25 good
6.2 0.18 0.23 bad
5.3 0.08 0.00 bad
6.2 0.12 0.30 good
4.4 0.21 0.02 bad
7.6 0.16 0.42 good
6.8 0.25 0.22 bad
7.4 0.26 0.21 bad
5.9 0.04 0.20 bad
6.1 0.25 0.17 bad
7.3 0.26 0.35 good
6.8 0.22 0.17 bad
6.1 0.36 0.04 bad
6.8 0.15 0.24 good
7.6 0.22 0.37 bad
8.3 0.13 0.58 bad
5.6 0.20 0.22 bad
6.6 0.28 0.22 bad
5.2 0.15 0.10 good
7.0 0.30 0.26 bad
6.7 0.18 0.30 good
6.4 0.27 0.17 bad
4.0 0.20 0.07 bad
7.2 0.16 0.34 good
7.8 0.16 0.42 good
7.0 0.23 0.23 good
5.5 0.46 0.15 bad
6.7 0.28 0.17 good
6.5 0.34 0.17 bad
7.0 0.34 0.25 bad
5.3 0.26 0.08 good
4.9 0.34 0.09 bad
6.0 0.27 0.16 good
6.4 0.15 0.31 bad
8.7 0.10 0.63 good
6.0 0.36 0.10 bad
6.1 0.36 0.14 bad
8.5 0.09 0.60 bad
5.5 0.35 0.07 bad
5.5 0.45 0.09 bad
6.5 0.39 0.11 bad
7.3 0.20 0.29 good
5.6 0.20 0.11 good
4.5 0.32 0.02 bad
7.0 0.28 0.25 bad
7.0 0.37 0.20 good
5.6 0.29 0.11 good
7.3 0.16 0.37 good
6.4 0.25 0.13 good
6.5 0.21 0.18 good
4.8 0.32 0.09 bad
7.8 0.15 0.38 good
7.0 0.24 0.22 good
6.4 0.07 0.05 bad
6.9 0.19 0.15 bad
6.7 0.45 0.08 bad
3.3 0.04 0.08 bad
5.7 0.25 0.12 good