ThreeStarRate FourStarRate FiveStarRate Class
91
2 3 6 9 10 12 14 15 17 21 22 25 26 29 30 32 33 35 36 37 39 40 41 42 44 50 51 52 54 55 59 61 62 63 64 65 67 69 70 71 72 73 74 75 77 78 82 83 84 88 89 91 95 97 98 99 100 101 102 103 104 106 107 108 109 110 111 112 113 119 122 124 126 128 129 130 133 134 135 136 137 138 139 141 144 145 148 149 150 151 152
0.40 0.24 0.15 bad
0.27 0.27 0.18 bad
0.21 0.18 0.23 good
0.26 0.30 0.02 bad
0.23 0.27 0.09 bad
0.44 0.08 0.20 bad
0.21 0.19 0.20 good
0.27 0.25 0.23 bad
0.20 0.23 0.12 bad
0.16 0.14 0.04 bad
0.40 0.28 0.11 bad
0.20 0.00 0.20 bad
0.43 0.18 0.19 bad
0.22 0.20 0.36 good
0.32 0.14 0.11 bad
0.31 0.39 0.13 bad
0.29 0.23 0.15 good
0.18 0.14 0.21 good
0.23 0.34 0.19 bad
0.20 0.44 0.28 bad
0.16 0.05 0.00 bad
0.24 0.33 0.19 good
0.34 0.29 0.17 good
0.26 0.20 0.11 bad
0.11 0.16 0.23 good
0.32 0.14 0.07 good
0.37 0.21 0.07 bad
0.15 0.30 0.42 bad
0.33 0.21 0.29 good
0.33 0.20 0.06 bad
0.21 0.21 0.25 good
0.25 0.44 0.21 good
0.08 0.34 0.00 bad
0.12 0.20 0.30 good
0.21 0.14 0.02 bad
0.31 0.07 0.07 bad
0.16 0.25 0.42 good
0.26 0.42 0.21 bad
0.04 0.32 0.20 bad
0.25 0.25 0.17 bad
0.26 0.20 0.35 good
0.22 0.39 0.17 bad
0.36 0.31 0.04 bad
0.40 0.30 0.10 good
0.22 0.27 0.37 bad
0.33 0.24 0.16 bad
0.20 0.05 0.22 bad
0.28 0.22 0.22 bad
0.33 0.19 0.14 bad
0.18 0.23 0.30 good
0.27 0.28 0.17 bad
0.16 0.28 0.34 good
0.46 0.00 0.15 bad
0.26 0.40 0.13 good
0.22 0.33 0.29 good
0.34 0.26 0.17 bad
0.34 0.27 0.25 bad
0.26 0.27 0.27 bad
0.26 0.21 0.08 good
0.50 0.26 0.11 bad
0.34 0.04 0.09 bad
0.27 0.24 0.16 good
0.15 0.17 0.31 bad
0.10 0.20 0.63 good
0.36 0.24 0.10 bad
0.28 0.24 0.10 bad
0.26 0.26 0.12 good
0.30 0.15 0.11 bad
0.36 0.21 0.14 bad
0.20 0.33 0.29 good
0.28 0.29 0.25 bad
0.29 0.20 0.11 good
0.16 0.21 0.30 good
0.13 0.23 0.31 good
0.16 0.26 0.37 good
0.28 0.16 0.17 bad
0.33 0.33 0.04 bad
0.21 0.34 0.18 good
0.24 0.29 0.26 bad
0.32 0.05 0.09 bad
0.15 0.33 0.38 good
0.22 0.19 0.18 bad
0.24 0.36 0.22 good
0.19 0.49 0.15 bad
0.27 0.18 0.09 bad
0.45 0.33 0.08 bad
0.04 0.06 0.08 bad
0.23 0.26 0.15 good
0.35 0.20 0.15 bad
0.16 0.19 0.37 bad
0.28 0.14 0.09 good