BookScoreCount ThreeStarRate Kurtosis Class
107
0 1 6 8 9 11 12 13 14 15 18 20 21 22 24 25 26 30 31 32 33 34 35 37 39 40 41 43 46 47 49 51 53 54 55 56 57 59 60 62 63 64 65 66 67 69 70 71 72 73 74 76 77 78 79 82 84 85 86 87 88 91 93 94 96 97 98 99 100 101 103 104 105 107 108 109 110 111 113 114 115 117 118 120 121 122 124 125 127 128 129 130 131 134 135 137 140 141 142 143 144 146 147 148 150 151 152
568 0.28 200.91 good
967 0.23 406.22 good
187 0.21 75.15 good
177 0.30 196.73 bad
51 0.26 110.48 bad
51 0.40 491.68 bad
25 0.44 114.51 bad
48 0.39 156.17 bad
454 0.21 68.44 good
658 0.27 188.48 bad
23 0.28 137.29 bad
112 0.15 48.29 good
44 0.16 66.70 bad
159 0.40 468.11 bad
70 0.36 114.10 bad
11 0.20 28.01 bad
100 0.43 249.04 bad
29 0.32 80.73 bad
44 0.33 211.54 good
292 0.31 404.81 bad
192 0.29 163.05 good
97 0.39 192.82 bad
1909 0.18 41.11 good
216 0.20 948.64 bad
20 0.16 53.89 bad
495 0.24 227.23 good
670 0.34 389.04 good
81 0.24 44.83 good
108 0.19 218.67 good
79 0.20 85.63 bad
72 0.39 155.38 bad
133 0.37 339.26 bad
22 0.14 31.11 bad
43 0.33 245.77 good
55 0.33 182.02 bad
80 0.32 74.03 good
2109 0.21 94.54 bad
484 0.21 148.52 good
108 0.18 95.85 bad
13 0.08 199.64 bad
91 0.12 55.29 good
45 0.21 59.06 bad
82 0.31 77.07 bad
21 0.43 204.65 bad
90 0.16 278.88 good
20 0.26 758.93 bad
51 0.04 49.13 bad
248 0.25 106.33 bad
956 0.26 259.41 good
19 0.22 278.58 bad
46 0.36 393.48 bad
429 0.15 159.36 good
745 0.22 440.27 bad
217 0.33 147.32 bad
531 0.26 65.93 bad
31 0.20 87.78 bad
21 0.33 116.65 bad
356 0.15 51.21 good
222 0.30 249.84 bad
182 0.23 95.46 bad
1636 0.18 118.81 good
654 0.16 191.97 good
396 0.26 288.02 bad
218 0.23 299.63 good
188 0.28 282.28 good
39 0.26 198.40 good
2113 0.22 391.57 good
942 0.34 243.27 bad
42 0.34 297.05 bad
219 0.26 286.97 bad
29 0.50 664.54 bad
25 0.34 92.39 bad
339 0.19 385.10 good
1184 0.15 72.91 bad
5393 0.10 1238.93 good
88 0.36 170.95 bad
112 0.28 131.59 bad
182 0.26 113.09 good
136 0.36 164.81 bad
1114 0.09 875.52 bad
282 0.35 125.49 bad
34 0.45 132.92 bad
274 0.39 387.39 bad
45 0.20 75.21 good
59 0.32 102.63 bad
385 0.28 313.76 bad
320 0.29 101.09 good
768 0.08 1797.82 good
387 0.22 319.05 good
607 0.13 82.37 good
2063 0.16 209.65 good
82 0.28 73.99 bad
31 0.13 58.14 good
795 0.21 176.74 good
1310 0.24 234.30 bad
1641 0.15 478.73 good
21 0.07 361.68 bad
83 0.19 311.51 bad
2366 0.15 364.52 good
153 0.22 86.23 bad
364 0.27 97.95 bad
2356 0.27 402.15 good
208 0.19 40.59 good
1080 0.04 9.99 bad
21 0.35 158.29 bad
638 0.16 105.22 bad
45 0.28 62.68 good