BookScoreCount Mode Kurtosis Class
99
0 2 3 5 6 11 12 13 14 15 18 19 22 25 26 29 30 32 33 34 35 36 37 38 39 41 42 43 44 46 47 49 53 54 56 57 58 60 63 67 68 69 70 71 72 73 74 76 77 79 81 83 84 87 90 91 94 95 97 98 100 101 102 105 106 107 108 109 110 111 112 113 114 115 117 119 120 122 125 126 127 129 130 131 132 133 135 137 139 140 141 144 145 146 147 148 150 152 153
568 8.00 200.91 good
47 6.00 267.71 bad
129 8.00 155.27 bad
439 6.00 93.52 good
187 2.00 75.15 good
51 6.00 491.68 bad
25 6.00 114.51 bad
48 6.00 156.17 bad
454 2.00 68.44 good
658 6.00 188.48 bad
23 10.00 137.29 bad
250 10.00 181.41 bad
159 6.00 468.11 bad
11 2.00 28.01 bad
100 6.00 249.04 bad
290 10.00 194.89 good
29 6.00 80.73 bad
292 8.00 404.81 bad
192 6.00 163.05 good
97 6.00 192.82 bad
1909 2.00 41.11 good
223 8.00 203.97 bad
216 8.00 948.64 bad
63 4.00 172.89 bad
20 2.00 53.89 bad
670 6.00 389.04 good
686 2.00 74.29 bad
81 2.00 44.83 good
1885 2.00 29.34 good
108 8.00 218.67 good
79 4.00 85.63 bad
72 6.00 155.38 bad
22 2.00 31.11 bad
43 6.00 245.77 good
80 6.00 74.03 good
2109 8.00 94.54 bad
461 10.00 256.16 good
108 10.00 95.85 bad
91 2.00 55.29 good
90 10.00 278.88 good
153 8.00 223.96 bad
20 8.00 758.93 bad
51 2.00 49.13 bad
248 8.00 106.33 bad
956 10.00 259.41 good
19 8.00 278.58 bad
46 6.00 393.48 bad
429 8.00 159.36 good
745 10.00 440.27 bad
531 2.00 65.93 bad
25 6.00 173.53 bad
104 6.00 188.48 bad
21 6.00 116.65 bad
182 10.00 95.46 bad
16 2.00 25.57 bad
654 10.00 191.97 good
218 8.00 299.63 good
13 6.00 128.84 bad
39 8.00 198.40 good
2113 8.00 391.57 good
42 6.00 297.05 bad
219 10.00 286.97 bad
225 2.00 65.28 good
339 8.00 385.10 good
349 6.00 114.14 good
1184 10.00 72.91 bad
5393 10.00 1238.93 good
88 6.00 170.95 bad
112 6.00 131.59 bad
182 8.00 113.09 good
201 6.00 84.03 bad
136 6.00 164.81 bad
1114 10.00 875.52 bad
282 6.00 125.49 bad
34 6.00 132.92 bad
1575 8.00 297.36 good
45 8.00 75.21 good
385 8.00 313.76 bad
768 10.00 1797.82 good
353 10.00 76.64 good
387 10.00 319.05 good
2063 10.00 209.65 good
82 6.00 73.99 bad
31 4.00 58.14 good
614 8.00 212.10 good
23 8.00 194.01 bad
1310 8.00 234.30 bad
1641 10.00 478.73 good
1100 8.00 304.97 good
21 8.00 361.68 bad
83 8.00 311.51 bad
364 6.00 97.95 bad
61 6.00 909.70 bad
2356 8.00 402.15 good
208 2.00 40.59 good
1080 2.00 9.99 bad
21 6.00 158.29 bad
45 2.00 62.68 good
209 6.00 105.28 good