AddListCount ThreeStarRate Mode Class
94
1 2 3 4 5 7 8 12 14 15 17 18 19 20 22 23 24 27 28 29 34 36 37 38 40 41 42 43 44 45 46 47 50 52 54 55 56 58 60 61 62 63 65 66 68 69 70 72 73 74 75 76 79 80 84 85 86 88 90 96 97 98 100 101 104 110 111 114 116 117 118 119 120 121 122 125 127 128 129 132 134 135 136 137 138 139 140 141 143 144 147 148 150 152
492 0.23 8.00 good
12 0.40 6.00 bad
38 0.27 8.00 bad
22 0.33 6.00 bad
122 0.26 6.00 good
8 0.48 6.00 bad
53 0.30 6.00 bad
12 0.44 6.00 bad
136 0.21 2.00 good
204 0.27 6.00 bad
10 0.20 8.00 bad
7 0.28 10.00 bad
70 0.22 10.00 bad
17 0.15 2.00 good
61 0.40 6.00 bad
32 0.28 4.00 good
23 0.36 6.00 bad
31 0.21 2.00 good
73 0.25 8.00 bad
68 0.22 10.00 good
24 0.39 6.00 bad
63 0.23 8.00 bad
106 0.20 8.00 bad
19 0.27 4.00 bad
172 0.24 8.00 good
289 0.34 6.00 good
215 0.26 2.00 bad
18 0.24 2.00 good
242 0.11 2.00 good
93 0.30 6.00 bad
28 0.19 8.00 good
20 0.20 4.00 bad
7 0.32 6.00 good
446 0.15 10.00 bad
9 0.33 6.00 good
11 0.33 6.00 bad
13 0.32 6.00 good
70 0.14 10.00 good
19 0.18 10.00 bad
33 0.25 8.00 good
3 0.08 4.00 bad
21 0.12 2.00 good
22 0.31 6.00 bad
2 0.43 6.00 bad
45 0.25 8.00 bad
5 0.26 8.00 bad
2 0.04 2.00 bad
180 0.26 10.00 good
8 0.22 8.00 bad
16 0.36 6.00 bad
8 0.40 6.00 good
110 0.15 8.00 good
94 0.26 2.00 bad
193 0.13 10.00 bad
3 0.33 6.00 bad
55 0.15 2.00 good
53 0.30 6.00 bad
321 0.18 10.00 good
4 0.20 2.00 bad
100 0.28 8.00 good
7 0.26 8.00 good
558 0.22 8.00 good
8 0.34 6.00 bad
65 0.26 10.00 bad
5 0.34 6.00 bad
31 0.28 6.00 bad
53 0.26 8.00 good
218 0.09 10.00 bad
7 0.42 6.00 good
5 0.45 6.00 bad
112 0.39 6.00 bad
274 0.20 8.00 good
15 0.20 8.00 good
14 0.32 6.00 bad
126 0.28 8.00 bad
149 0.08 10.00 good
146 0.22 10.00 good
108 0.13 10.00 good
510 0.16 10.00 good
131 0.25 8.00 good
168 0.21 8.00 good
293 0.24 8.00 bad
9 0.32 6.00 bad
303 0.15 10.00 good
53 0.22 2.00 bad
206 0.24 8.00 good
7 0.07 8.00 bad
19 0.19 8.00 bad
42 0.22 8.00 bad
103 0.27 6.00 bad
26 0.19 2.00 good
54 0.04 2.00 bad
5 0.35 6.00 bad
12 0.28 2.00 good