BookScore TwoStarRate Kurtosis Class
97
0 1 2 3 5 7 8 10 13 14 15 16 18 19 21 24 26 27 28 29 30 32 33 35 39 40 41 43 44 45 46 48 49 50 52 53 54 56 57 61 63 64 68 69 71 73 74 75 76 77 78 79 80 81 86 87 88 93 96 99 100 101 103 105 106 107 109 110 111 114 115 116 117 118 119 121 125 126 127 128 130 131 135 136 137 138 141 142 143 144 145 146 149 150 151 152 153
6.4 0.15 200.91 good
7.2 0.08 406.22 good
6.4 0.10 267.71 bad
6.4 0.12 155.27 bad
5.6 0.20 93.52 good
5.8 0.15 181.37 bad
6.5 0.16 196.73 bad
5.8 0.26 143.84 bad
5.5 0.24 156.17 bad
5.9 0.14 68.44 good
6.6 0.13 188.48 bad
5.7 0.22 87.54 good
6.5 0.17 137.29 bad
6.7 0.18 181.41 bad
4.6 0.37 66.70 bad
5.5 0.21 114.10 bad
6.5 0.09 249.04 bad
4.5 0.17 40.03 good
7.2 0.11 418.19 bad
7.1 0.10 194.89 good
5.4 0.18 80.73 bad
6.8 0.09 404.81 bad
6.1 0.20 163.05 good
5.5 0.12 41.11 good
3.5 0.26 53.89 bad
6.7 0.12 227.23 good
6.7 0.14 389.04 good
5.1 0.13 44.83 good
5.4 0.07 29.34 good
5.8 0.20 135.14 bad
7.1 0.07 218.67 good
6.8 0.09 362.40 bad
5.9 0.10 155.38 bad
5.3 0.28 119.73 good
7.9 0.04 453.60 bad
4.0 0.33 31.11 bad
7.0 0.05 245.77 good
5.3 0.20 74.03 good
6.2 0.07 94.54 bad
7.5 0.08 1104.85 good
6.2 0.07 55.29 good
4.4 0.27 59.06 bad
6.8 0.11 223.96 bad
7.4 0.05 758.93 bad
6.1 0.12 106.33 bad
6.8 0.11 278.58 bad
6.1 0.22 393.48 bad
6.4 0.10 344.01 good
6.8 0.07 159.36 good
7.6 0.07 440.27 bad
6.2 0.10 147.32 bad
5.2 0.19 65.93 bad
8.3 0.03 599.56 bad
5.8 0.08 173.53 bad
7.0 0.03 249.84 bad
6.4 0.09 95.46 bad
6.7 0.10 118.81 good
6.9 0.08 288.02 bad
6.7 0.11 282.28 good
6.5 0.12 243.27 bad
7.0 0.02 297.05 bad
7.1 0.10 286.97 bad
6.6 0.08 664.54 bad
7.4 0.08 385.10 good
6.0 0.14 114.14 good
6.4 0.12 72.91 bad
6.0 0.14 170.95 bad
5.8 0.21 131.59 bad
5.8 0.16 113.09 good
8.5 0.02 875.52 bad
5.5 0.19 125.49 bad
6.0 0.12 138.45 good
5.5 0.11 132.92 bad
6.5 0.11 387.39 bad
7.3 0.06 297.36 good
4.5 0.30 102.63 bad
8.9 0.02 1797.82 good
6.4 0.06 76.64 good
7.4 0.06 319.05 good
6.5 0.08 82.37 good
5.7 0.13 73.99 bad
4.4 0.41 58.14 good
7.0 0.09 234.30 bad
4.8 0.24 63.17 bad
7.8 0.05 478.73 good
5.7 0.10 56.35 bad
6.9 0.03 311.51 bad
7.8 0.05 364.52 good
5.5 0.21 86.23 bad
5.4 0.25 97.95 bad
6.7 0.10 909.70 bad
7.0 0.09 402.15 good
6.0 0.18 113.50 good
6.1 0.15 158.29 bad
6.8 0.07 105.22 bad
5.1 0.19 62.68 good
5.7 0.22 105.28 good