BookScore BookScoreCount TwoStarRate Class
94
0 2 4 6 7 11 12 17 18 20 22 23 25 26 27 28 29 30 32 33 39 42 43 44 46 47 49 54 55 60 62 64 65 66 69 70 71 73 74 76 77 78 82 83 85 86 87 89 91 93 94 96 97 98 99 100 101 102 103 107 108 109 110 112 113 116 117 118 119 120 121 122 123 124 125 126 127 130 131 133 137 138 139 140 141 143 145 146 147 149 150 151 152 153
6.4 568 0.15 good
6.4 47 0.10 bad
5.8 78 0.09 bad
6.0 187 0.14 good
5.8 27 0.15 bad
6.9 51 0.04 bad
6.0 25 0.08 bad
5.6 36 0.22 bad
6.5 23 0.17 bad
5.3 112 0.20 good
6.5 159 0.15 bad
4.7 116 0.31 good
4.8 11 0.20 bad
6.5 100 0.09 bad
4.5 150 0.17 good
7.2 263 0.11 bad
7.1 290 0.10 good
5.4 29 0.18 bad
6.8 292 0.09 bad
6.1 192 0.20 good
3.5 20 0.26 bad
5.4 686 0.17 bad
5.1 81 0.13 good
5.4 1885 0.07 good
7.1 108 0.07 good
5.3 79 0.28 bad
5.9 72 0.10 bad
7.0 43 0.05 good
5.6 55 0.28 bad
6.2 108 0.21 bad
5.3 13 0.50 bad
4.4 45 0.27 bad
4.8 82 0.28 bad
5.9 21 0.14 bad
7.4 20 0.05 bad
5.9 51 0.10 bad
6.1 248 0.12 bad
6.8 19 0.11 bad
6.1 46 0.22 bad
6.8 429 0.07 good
7.6 745 0.07 bad
6.2 217 0.10 bad
5.6 31 0.41 bad
6.6 104 0.17 bad
5.2 356 0.19 good
7.0 222 0.03 bad
6.4 182 0.09 bad
6.4 145 0.17 bad
7.2 654 0.08 good
6.9 396 0.08 bad
7.0 218 0.11 good
6.7 188 0.11 good
6.5 39 0.03 good
7.3 2113 0.08 good
6.5 942 0.12 bad
7.0 42 0.02 bad
7.1 219 0.10 bad
5.3 225 0.14 good
6.6 29 0.08 bad
6.4 1184 0.12 bad
8.7 5393 0.02 good
6.0 88 0.14 bad
5.8 112 0.21 bad
5.4 201 0.20 bad
6.1 136 0.13 bad
6.0 19 0.12 good
5.5 34 0.11 bad
6.5 274 0.11 bad
7.3 1575 0.06 good
5.6 45 0.18 good
4.5 59 0.30 bad
7.0 385 0.10 bad
7.0 93 0.08 good
5.6 320 0.19 good
8.9 768 0.02 good
6.4 353 0.06 good
7.4 387 0.06 good
5.7 82 0.13 bad
4.4 31 0.41 good
5.9 23 0.13 bad
7.8 1641 0.05 good
5.7 328 0.10 bad
7.0 1100 0.07 good
6.4 21 0.30 bad
6.9 83 0.03 bad
5.5 153 0.21 bad
6.7 61 0.10 bad
7.0 2356 0.09 good
3.9 208 0.22 good
6.0 674 0.18 good
6.1 21 0.15 bad
6.8 638 0.07 bad
5.1 45 0.19 good
5.7 209 0.22 good