BookWordCount FiveStarRate Mode Class
100
0 1 2 3 8 9 10 11 12 13 14 15 16 20 22 23 24 25 26 27 28 29 31 33 34 35 37 39 40 41 42 43 44 45 46 47 48 49 50 51 54 57 59 60 61 62 71 72 73 74 76 78 79 82 83 85 86 87 88 89 92 93 94 95 97 98 100 101 103 104 105 106 107 108 111 115 116 120 123 124 127 128 129 130 131 132 133 134 136 138 139 141 142 143 146 147 148 149 150 153
177.20 0.15 8.00 good
289.90 0.25 8.00 good
48.30 0.15 6.00 bad
52.30 0.18 8.00 bad
143.50 0.21 6.00 bad
21.30 0.02 8.00 bad
82.50 0.09 8.00 bad
13.40 0.16 6.00 bad
21.80 0.20 6.00 bad
27.50 0.09 6.00 bad
123.80 0.20 2.00 good
257.20 0.23 6.00 bad
135.80 0.14 6.00 good
82.30 0.13 2.00 good
77.70 0.11 6.00 bad
122.20 0.06 4.00 good
74.80 0.11 6.00 bad
35.90 0.20 2.00 bad
62.70 0.19 6.00 bad
147.20 0.05 2.00 good
53.00 0.27 8.00 bad
233.90 0.36 10.00 good
78.00 0.09 6.00 good
178.90 0.15 6.00 good
154.60 0.03 6.00 bad
713.10 0.21 2.00 good
51.30 0.28 8.00 bad
22.80 0.00 2.00 bad
153.10 0.19 8.00 good
168.40 0.17 6.00 good
300.10 0.11 2.00 bad
74.40 0.14 2.00 good
296.80 0.23 2.00 good
380.50 0.10 6.00 bad
123.50 0.27 8.00 good
49.70 0.08 4.00 bad
281.40 0.17 8.00 bad
44.50 0.10 6.00 bad
51.90 0.07 6.00 good
84.60 0.07 6.00 bad
13.00 0.29 6.00 good
293.40 0.18 8.00 bad
133.40 0.25 10.00 good
45.10 0.23 10.00 bad
17.00 0.21 8.00 good
49.60 0.00 4.00 bad
98.90 0.17 8.00 bad
390.00 0.35 10.00 good
68.60 0.17 8.00 bad
49.30 0.04 6.00 bad
46.20 0.24 8.00 good
70.00 0.16 6.00 bad
131.20 0.10 2.00 bad
183.00 0.22 4.00 bad
40.80 0.22 6.00 bad
87.20 0.10 2.00 good
129.90 0.26 6.00 bad
112.10 0.27 10.00 bad
315.30 0.30 10.00 good
153.20 0.17 8.00 bad
116.50 0.42 10.00 good
90.50 0.21 8.00 bad
63.70 0.23 8.00 good
99.00 0.15 6.00 bad
22.20 0.13 8.00 good
170.60 0.29 8.00 good
59.90 0.25 6.00 bad
219.60 0.27 10.00 bad
21.40 0.11 6.00 bad
150.50 0.09 6.00 bad
198.70 0.31 8.00 good
64.40 0.16 6.00 good
310.00 0.31 10.00 bad
446.50 0.63 10.00 good
148.90 0.12 8.00 good
119.20 0.07 6.00 bad
118.30 0.17 6.00 good
85.80 0.11 8.00 good
153.40 0.20 6.00 good
223.00 0.11 6.00 good
34.20 0.36 10.00 good
296.70 0.31 10.00 good
322.80 0.37 10.00 good
46.30 0.17 6.00 bad
195.70 0.06 4.00 good
237.20 0.13 8.00 good
145.80 0.04 8.00 bad
179.50 0.18 8.00 good
72.70 0.09 6.00 bad
212.90 0.18 2.00 bad
130.30 0.22 8.00 good
25.10 0.15 8.00 bad
518.00 0.46 10.00 good
177.70 0.10 8.00 bad
477.20 0.19 8.00 good
154.00 0.02 2.00 good
209.90 0.08 2.00 bad
382.10 0.15 8.00 good
44.60 0.15 6.00 bad
73.20 0.12 6.00 good