BookWordCount FiveStarRate Mode Class
92
0 1 3 4 5 6 8 9 10 11 12 15 21 22 23 24 27 28 29 34 36 37 38 39 40 42 43 44 45 46 47 49 52 53 58 61 65 66 68 74 75 76 78 79 80 83 84 86 87 89 90 93 96 97 98 101 102 104 105 106 110 112 114 116 117 118 119 120 121 122 123 125 126 129 131 134 135 136 137 139 140 141 142 143 144 145 146 147 148 149 150 152
177.20 0.15 8.00 good
289.90 0.25 8.00 good
52.30 0.18 8.00 bad
139.00 0.10 6.00 bad
158.50 0.12 6.00 good
59.60 0.23 2.00 good
143.50 0.21 6.00 bad
21.30 0.02 8.00 bad
82.50 0.09 8.00 bad
13.40 0.16 6.00 bad
21.80 0.20 6.00 bad
257.20 0.23 6.00 bad
74.10 0.04 4.00 bad
77.70 0.11 6.00 bad
122.20 0.06 4.00 good
74.80 0.11 6.00 bad
147.20 0.05 2.00 good
53.00 0.27 8.00 bad
233.90 0.36 10.00 good
154.60 0.03 6.00 bad
87.00 0.19 8.00 bad
51.30 0.28 8.00 bad
80.20 0.13 4.00 bad
22.80 0.00 2.00 bad
153.10 0.19 8.00 good
300.10 0.11 2.00 bad
74.40 0.14 2.00 good
296.80 0.23 2.00 good
380.50 0.10 6.00 bad
123.50 0.27 8.00 good
49.70 0.08 4.00 bad
44.50 0.10 6.00 bad
76.10 0.42 10.00 bad
53.70 0.10 2.00 bad
63.50 0.37 10.00 good
17.00 0.21 8.00 good
72.20 0.07 6.00 bad
34.80 0.10 6.00 bad
79.60 0.22 8.00 bad
49.30 0.04 6.00 bad
39.60 0.10 6.00 good
46.20 0.24 8.00 good
70.00 0.16 6.00 bad
131.20 0.10 2.00 bad
144.70 0.58 10.00 bad
40.80 0.22 6.00 bad
30.00 0.14 6.00 bad
129.90 0.26 6.00 bad
112.10 0.27 10.00 bad
153.20 0.17 8.00 bad
50.40 0.07 2.00 bad
90.50 0.21 8.00 bad
34.10 0.17 8.00 good
22.20 0.13 8.00 good
170.60 0.29 8.00 good
219.60 0.27 10.00 bad
78.10 0.08 2.00 good
150.50 0.09 6.00 bad
198.70 0.31 8.00 good
64.40 0.16 6.00 good
133.50 0.10 6.00 bad
107.80 0.11 6.00 bad
31.70 0.60 10.00 bad
118.30 0.17 6.00 good
59.10 0.09 6.00 bad
92.20 0.11 6.00 bad
427.70 0.29 8.00 good
85.80 0.11 8.00 good
145.90 0.02 6.00 bad
79.20 0.25 8.00 bad
153.40 0.20 6.00 good
65.70 0.67 10.00 good
89.70 0.30 10.00 good
322.80 0.37 10.00 good
195.70 0.06 4.00 good
179.50 0.18 8.00 good
335.20 0.26 8.00 bad
72.70 0.09 6.00 bad
448.70 0.38 10.00 good
130.30 0.22 8.00 good
43.40 0.05 8.00 bad
25.10 0.15 8.00 bad
518.00 0.46 10.00 good
177.70 0.10 8.00 bad
319.70 0.09 6.00 bad
62.30 0.08 6.00 bad
477.20 0.19 8.00 good
154.00 0.02 2.00 good
209.90 0.08 2.00 bad
382.10 0.15 8.00 good
44.60 0.15 6.00 bad
163.50 0.09 2.00 good