BookWordCount Mode Median Class
99
0 1 4 5 6 7 8 9 13 15 16 18 19 20 21 22 23 24 26 27 31 33 35 37 38 40 41 42 43 45 46 48 51 53 54 55 56 57 59 60 62 63 64 65 66 69 70 71 72 73 74 75 76 77 78 79 81 82 83 85 86 87 91 92 93 94 95 96 98 99 100 102 103 107 111 115 117 118 122 123 124 125 126 127 129 130 132 133 134 138 140 143 144 146 147 148 150 151 152
177.20 8.00 6.00 good
289.90 8.00 8.00 good
139.00 6.00 6.00 bad
158.50 6.00 6.00 good
59.60 2.00 6.00 good
38.90 6.00 6.00 bad
143.50 6.00 6.00 bad
21.30 8.00 6.00 bad
27.50 6.00 6.00 bad
257.20 6.00 6.00 bad
135.80 6.00 6.00 good
24.10 10.00 6.00 bad
122.40 10.00 6.00 bad
82.30 2.00 4.00 good
74.10 4.00 4.00 bad
77.70 6.00 6.00 bad
122.20 4.00 4.00 good
74.80 6.00 6.00 bad
62.70 6.00 6.00 bad
147.20 2.00 4.00 good
78.00 6.00 6.00 good
178.90 6.00 6.00 good
713.10 2.00 6.00 good
51.30 8.00 8.00 bad
80.20 4.00 6.00 bad
153.10 8.00 8.00 good
168.40 6.00 6.00 good
300.10 2.00 6.00 bad
74.40 2.00 6.00 good
380.50 6.00 6.00 bad
123.50 8.00 8.00 good
281.40 8.00 6.00 bad
84.60 6.00 6.00 bad
53.70 2.00 4.00 bad
13.00 6.00 6.00 good
106.40 6.00 6.00 bad
40.40 6.00 6.00 good
293.40 8.00 6.00 bad
133.40 10.00 6.00 good
45.10 10.00 6.00 bad
49.60 4.00 4.00 bad
108.60 2.00 6.00 good
54.40 2.00 4.00 bad
72.20 6.00 4.00 bad
34.80 6.00 6.00 bad
7.30 8.00 8.00 bad
55.40 2.00 8.00 bad
98.90 8.00 6.00 bad
390.00 10.00 8.00 good
68.60 8.00 8.00 bad
49.30 6.00 6.00 bad
39.60 6.00 6.00 good
46.20 8.00 8.00 good
1070.70 10.00 8.00 bad
70.00 6.00 6.00 bad
131.20 2.00 6.00 bad
87.70 6.00 6.00 bad
183.00 4.00 4.00 bad
40.80 6.00 6.00 bad
87.20 2.00 4.00 good
129.90 6.00 8.00 bad
112.10 10.00 6.00 bad
126.20 10.00 8.00 good
116.50 10.00 8.00 good
90.50 8.00 8.00 bad
63.70 8.00 8.00 good
99.00 6.00 6.00 bad
34.10 8.00 8.00 good
170.60 8.00 8.00 good
181.90 6.00 6.00 bad
59.90 6.00 8.00 bad
78.10 2.00 6.00 good
21.40 6.00 6.00 bad
310.00 10.00 6.00 bad
148.90 8.00 6.00 good
119.20 6.00 6.00 bad
59.10 6.00 6.00 bad
92.20 6.00 6.00 bad
79.20 8.00 8.00 bad
153.40 6.00 6.00 good
223.00 6.00 6.00 good
65.70 10.00 10.00 good
89.70 10.00 8.00 good
34.20 10.00 8.00 good
322.80 10.00 8.00 good
46.30 6.00 6.00 bad
237.20 8.00 6.00 good
145.80 8.00 6.00 bad
179.50 8.00 8.00 good
212.90 2.00 6.00 bad
43.40 8.00 8.00 bad
177.70 8.00 6.00 bad
319.70 6.00 6.00 bad
477.20 8.00 8.00 good
154.00 2.00 4.00 good
209.90 2.00 2.00 bad
44.60 6.00 6.00 bad
93.00 10.00 8.00 bad
163.50 2.00 6.00 good