ThreeStarRate FiveStarRate Median Class
102
0 1 4 5 6 8 9 10 11 12 15 16 17 18 19 21 23 24 25 28 30 32 34 37 38 39 40 41 42 44 49 50 51 52 53 54 55 56 58 61 62 63 65 66 67 70 71 72 73 74 75 77 78 79 80 82 83 86 89 90 92 97 98 99 100 101 102 105 107 108 110 111 112 115 116 117 118 119 120 121 125 127 128 129 130 134 135 136 137 138 140 141 143 144 145 146 147 148 149 150 152 153
0.28 0.15 6.00 good
0.23 0.25 8.00 good
0.33 0.10 6.00 bad
0.26 0.12 6.00 good
0.21 0.23 6.00 good
0.30 0.21 6.00 bad
0.26 0.02 6.00 bad
0.23 0.09 6.00 bad
0.40 0.16 6.00 bad
0.44 0.20 6.00 bad
0.27 0.23 6.00 bad
0.23 0.14 6.00 good
0.20 0.12 6.00 bad
0.28 0.28 6.00 bad
0.22 0.28 6.00 bad
0.16 0.04 4.00 bad
0.28 0.06 4.00 good
0.36 0.11 6.00 bad
0.20 0.20 4.00 bad
0.25 0.27 8.00 bad
0.32 0.11 6.00 bad
0.31 0.13 8.00 bad
0.39 0.03 6.00 bad
0.20 0.28 8.00 bad
0.27 0.13 6.00 bad
0.16 0.00 2.00 bad
0.24 0.19 8.00 good
0.34 0.17 6.00 good
0.26 0.11 6.00 bad
0.11 0.23 4.00 good
0.39 0.10 6.00 bad
0.32 0.07 6.00 good
0.37 0.07 6.00 bad
0.15 0.42 8.00 bad
0.14 0.10 4.00 bad
0.33 0.29 6.00 good
0.33 0.06 6.00 bad
0.32 0.13 6.00 good
0.14 0.37 8.00 good
0.25 0.21 8.00 good
0.08 0.00 4.00 bad
0.12 0.30 6.00 good
0.31 0.07 4.00 bad
0.43 0.10 6.00 bad
0.16 0.42 8.00 good
0.04 0.20 8.00 bad
0.25 0.17 6.00 bad
0.26 0.35 8.00 good
0.22 0.17 8.00 bad
0.36 0.04 6.00 bad
0.40 0.10 6.00 good
0.22 0.37 8.00 bad
0.33 0.16 6.00 bad
0.26 0.10 6.00 bad
0.13 0.58 10.00 bad
0.20 0.22 4.00 bad
0.28 0.22 6.00 bad
0.30 0.26 8.00 bad
0.27 0.17 6.00 bad
0.20 0.07 2.00 bad
0.16 0.42 8.00 good
0.26 0.13 8.00 good
0.22 0.29 8.00 good
0.34 0.17 6.00 bad
0.34 0.25 8.00 bad
0.26 0.27 8.00 bad
0.26 0.08 6.00 good
0.19 0.31 8.00 good
0.15 0.31 6.00 bad
0.10 0.63 10.00 good
0.28 0.10 6.00 bad
0.26 0.12 6.00 good
0.30 0.11 6.00 bad
0.35 0.07 6.00 bad
0.42 0.17 6.00 good
0.45 0.09 6.00 bad
0.39 0.11 6.00 bad
0.20 0.29 8.00 good
0.20 0.11 6.00 good
0.32 0.02 4.00 bad
0.08 0.67 10.00 good
0.22 0.36 8.00 good
0.13 0.31 8.00 good
0.16 0.37 8.00 good
0.28 0.17 6.00 bad
0.21 0.18 8.00 good
0.24 0.26 8.00 bad
0.32 0.09 4.00 bad
0.15 0.38 8.00 good
0.22 0.18 6.00 bad
0.07 0.05 8.00 bad
0.19 0.15 8.00 bad
0.22 0.10 6.00 bad
0.27 0.09 6.00 bad
0.45 0.08 6.00 bad
0.27 0.19 8.00 good
0.19 0.02 4.00 good
0.04 0.08 2.00 bad
0.23 0.15 6.00 good
0.35 0.15 6.00 bad
0.28 0.09 6.00 good
0.25 0.12 6.00 good