BookWordCount ThreeStarRate FiveStarRate Class
103
1 3 4 5 6 9 11 12 13 14 15 17 18 20 22 23 24 25 30 31 32 36 37 38 39 40 42 43 44 45 46 48 49 51 53 54 55 57 58 59 60 61 63 66 67 68 69 72 73 74 75 77 78 79 80 81 82 84 86 87 89 90 91 92 93 94 95 98 99 100 102 104 105 106 107 108 109 110 111 112 113 114 116 117 119 125 127 128 130 132 133 134 135 137 139 141 144 145 147 148 149 151 153
289.90 0.23 0.25 good
52.30 0.27 0.18 bad
139.00 0.33 0.10 bad
158.50 0.26 0.12 good
59.60 0.21 0.23 good
21.30 0.26 0.02 bad
13.40 0.40 0.16 bad
21.80 0.44 0.20 bad
27.50 0.39 0.09 bad
123.80 0.21 0.20 good
257.20 0.27 0.23 bad
33.60 0.20 0.12 bad
24.10 0.28 0.28 bad
82.30 0.15 0.13 good
77.70 0.40 0.11 bad
122.20 0.28 0.06 good
74.80 0.36 0.11 bad
35.90 0.20 0.20 bad
150.70 0.32 0.11 bad
78.00 0.33 0.09 good
51.10 0.31 0.13 bad
87.00 0.23 0.19 bad
51.30 0.20 0.28 bad
80.20 0.27 0.13 bad
22.80 0.16 0.00 bad
153.10 0.24 0.19 good
300.10 0.26 0.11 bad
74.40 0.24 0.14 good
296.80 0.11 0.23 good
380.50 0.30 0.10 bad
123.50 0.19 0.27 good
281.40 0.33 0.17 bad
44.50 0.39 0.10 bad
84.60 0.37 0.07 bad
53.70 0.14 0.10 bad
13.00 0.33 0.29 good
106.40 0.33 0.06 bad
293.40 0.21 0.18 bad
63.50 0.14 0.37 good
133.40 0.21 0.25 good
45.10 0.18 0.23 bad
17.00 0.25 0.21 good
108.60 0.12 0.30 good
34.80 0.43 0.10 bad
16.80 0.16 0.42 good
79.60 0.25 0.22 bad
7.30 0.26 0.21 bad
390.00 0.26 0.35 good
68.60 0.22 0.17 bad
49.30 0.36 0.04 bad
39.60 0.40 0.10 good
1070.70 0.22 0.37 bad
70.00 0.33 0.16 bad
131.20 0.26 0.10 bad
144.70 0.13 0.58 bad
87.70 0.54 0.13 bad
183.00 0.20 0.22 bad
30.00 0.33 0.14 bad
129.90 0.30 0.26 bad
112.10 0.23 0.27 bad
153.20 0.27 0.17 bad
50.40 0.20 0.07 bad
126.20 0.16 0.34 good
116.50 0.16 0.42 good
90.50 0.26 0.21 bad
63.70 0.23 0.23 good
99.00 0.46 0.15 bad
170.60 0.22 0.29 good
181.90 0.34 0.17 bad
59.90 0.34 0.25 bad
78.10 0.26 0.08 good
150.50 0.34 0.09 bad
198.70 0.19 0.31 good
64.40 0.27 0.16 good
310.00 0.15 0.31 bad
446.50 0.10 0.63 good
101.10 0.36 0.10 bad
133.50 0.28 0.10 bad
148.90 0.26 0.12 good
107.80 0.30 0.11 bad
247.80 0.36 0.14 bad
31.70 0.09 0.60 bad
118.30 0.42 0.17 good
59.10 0.45 0.09 bad
427.70 0.20 0.29 good
65.70 0.08 0.67 good
34.20 0.22 0.36 good
296.70 0.13 0.31 good
46.30 0.28 0.17 bad
237.20 0.25 0.13 good
145.80 0.33 0.04 bad
179.50 0.21 0.18 good
335.20 0.24 0.26 bad
448.70 0.15 0.38 good
130.30 0.24 0.22 good
25.10 0.19 0.15 bad
319.70 0.27 0.09 bad
62.30 0.45 0.08 bad
154.00 0.19 0.02 good
209.90 0.04 0.08 bad
382.10 0.23 0.15 good
93.00 0.16 0.37 bad
73.20 0.25 0.12 good