BookScore FourStarRate Mode Class
102
0 3 4 5 7 8 9 14 16 17 18 19 22 23 24 25 27 28 29 30 32 33 37 39 40 41 42 43 44 45 46 47 49 50 51 53 54 55 56 59 60 61 62 64 65 66 67 69 70 71 72 74 75 76 77 78 80 81 82 83 84 86 88 89 92 93 94 95 96 97 98 99 101 104 105 106 107 108 109 114 116 117 119 120 121 123 125 127 128 129 131 133 135 136 137 138 140 149 150 151 152 153
6.4 0.30 8.00 good
6.4 0.27 8.00 bad
5.8 0.25 6.00 bad
5.6 0.21 6.00 good
5.8 0.11 6.00 bad
6.5 0.22 6.00 bad
5.4 0.30 8.00 bad
5.9 0.19 2.00 good
5.7 0.20 6.00 good
5.6 0.23 8.00 bad
6.5 0.14 10.00 bad
6.7 0.22 10.00 bad
6.5 0.28 6.00 bad
4.7 0.08 4.00 good
5.5 0.13 6.00 bad
4.8 0.00 2.00 bad
4.5 0.15 2.00 good
7.2 0.31 8.00 bad
7.1 0.20 10.00 good
5.4 0.14 6.00 bad
6.8 0.39 8.00 bad
6.1 0.23 6.00 good
7.8 0.44 8.00 bad
3.5 0.05 2.00 bad
6.7 0.33 8.00 good
6.7 0.29 6.00 good
5.4 0.20 2.00 bad
5.1 0.14 2.00 good
5.4 0.16 2.00 good
5.8 0.23 6.00 bad
7.1 0.33 8.00 good
5.3 0.22 4.00 bad
5.9 0.23 6.00 bad
5.3 0.14 6.00 good
5.9 0.21 6.00 bad
4.0 0.00 2.00 bad
7.0 0.21 6.00 good
5.6 0.20 6.00 bad
5.3 0.10 6.00 good
6.5 0.21 10.00 good
6.2 0.20 10.00 bad
7.5 0.44 8.00 good
5.3 0.34 4.00 bad
4.4 0.14 2.00 bad
4.8 0.07 6.00 bad
5.9 0.19 6.00 bad
7.6 0.25 10.00 good
7.4 0.42 8.00 bad
5.9 0.32 2.00 bad
6.1 0.25 8.00 bad
7.3 0.20 10.00 good
6.1 0.31 6.00 bad
6.4 0.30 6.00 good
6.8 0.36 8.00 good
7.6 0.27 10.00 bad
6.2 0.24 6.00 bad
8.3 0.19 10.00 bad
5.8 0.08 6.00 bad
5.6 0.05 4.00 bad
6.6 0.22 6.00 bad
5.9 0.19 6.00 bad
7.0 0.27 6.00 bad
6.7 0.23 10.00 good
6.4 0.28 8.00 bad
7.8 0.29 10.00 good
6.9 0.34 8.00 bad
7.0 0.33 8.00 good
5.5 0.00 6.00 bad
6.7 0.33 8.00 good
6.5 0.40 8.00 good
7.3 0.33 8.00 good
6.5 0.26 6.00 bad
7.1 0.27 10.00 bad
4.9 0.04 6.00 bad
7.4 0.33 8.00 good
6.0 0.24 6.00 good
6.4 0.17 10.00 bad
8.7 0.20 10.00 good
6.0 0.24 6.00 bad
8.5 0.23 10.00 bad
6.0 0.12 6.00 good
5.5 0.14 6.00 bad
7.3 0.33 8.00 good
5.6 0.25 8.00 good
4.5 0.08 6.00 bad
7.0 0.30 6.00 good
8.9 0.20 10.00 good
7.4 0.26 10.00 good
6.5 0.23 10.00 good
7.3 0.26 10.00 good
4.4 0.11 4.00 good
5.9 0.33 8.00 bad
7.0 0.29 8.00 bad
4.8 0.05 6.00 bad
7.8 0.33 10.00 good
5.7 0.19 2.00 bad
6.4 0.54 8.00 bad
6.0 0.26 8.00 good
6.1 0.20 6.00 bad
6.8 0.19 10.00 bad
5.1 0.14 2.00 good
5.7 0.22 6.00 good