BookWordCount BookScore Kurtosis Class
102
0 6 7 8 9 10 11 12 13 14 15 16 17 19 20 22 24 25 26 28 29 31 32 33 34 36 37 38 39 41 42 43 44 46 48 50 51 52 53 54 55 56 57 58 61 62 63 66 67 69 71 73 74 75 76 77 79 83 85 86 87 88 91 92 93 95 97 99 100 101 102 103 104 105 106 110 111 112 114 115 116 117 118 120 123 124 125 126 127 129 134 135 137 141 142 143 144 147 149 150 151 152
177.20 6.4 200.91 good
59.60 6.0 75.15 good
38.90 5.8 181.37 bad
143.50 6.5 196.73 bad
21.30 5.4 110.48 bad
82.50 5.8 143.84 bad
13.40 6.9 491.68 bad
21.80 6.0 114.51 bad
27.50 5.5 156.17 bad
123.80 5.9 68.44 good
257.20 6.6 188.48 bad
135.80 5.7 87.54 good
33.60 5.6 80.31 bad
122.40 6.7 181.41 bad
82.30 5.3 48.29 good
77.70 6.5 468.11 bad
74.80 5.5 114.10 bad
35.90 4.8 28.01 bad
62.70 6.5 249.04 bad
53.00 7.2 418.19 bad
233.90 7.1 194.89 good
78.00 5.8 211.54 good
51.10 6.8 404.81 bad
178.90 6.1 163.05 good
154.60 5.1 192.82 bad
87.00 6.7 203.97 bad
51.30 7.8 948.64 bad
80.20 5.9 172.89 bad
22.80 3.5 53.89 bad
168.40 6.7 389.04 good
300.10 5.4 74.29 bad
74.40 5.1 44.83 good
296.80 5.4 29.34 good
123.50 7.1 218.67 good
281.40 6.8 362.40 bad
51.90 5.3 119.73 good
84.60 5.9 339.26 bad
76.10 7.9 453.60 bad
53.70 4.0 31.11 bad
13.00 7.0 245.77 good
106.40 5.6 182.02 bad
40.40 5.3 74.03 good
293.40 6.2 94.54 bad
63.50 7.5 256.16 good
17.00 7.5 1104.85 good
49.60 5.3 199.64 bad
108.60 6.2 55.29 good
34.80 5.9 204.65 bad
16.80 7.6 278.88 good
7.30 7.4 758.93 bad
98.90 6.1 106.33 bad
68.60 6.8 278.58 bad
49.30 6.1 393.48 bad
39.60 6.4 344.01 good
46.20 6.8 159.36 good
1070.70 7.6 440.27 bad
131.20 5.2 65.93 bad
40.80 6.6 188.48 bad
87.20 5.2 51.21 good
129.90 7.0 249.84 bad
112.10 6.4 95.46 bad
315.30 6.7 118.81 good
126.20 7.2 191.97 good
116.50 7.8 444.03 good
90.50 6.9 288.02 bad
99.00 5.5 128.84 bad
22.20 6.5 198.40 good
181.90 6.5 243.27 bad
59.90 7.0 297.05 bad
219.60 7.1 286.97 bad
78.10 5.3 65.28 good
21.40 6.6 664.54 bad
150.50 4.9 92.39 bad
198.70 7.4 385.10 good
64.40 6.0 114.14 good
133.50 5.8 131.59 bad
148.90 5.8 113.09 good
107.80 5.4 84.03 bad
31.70 8.5 875.52 bad
119.20 5.5 125.49 bad
118.30 6.0 138.45 good
59.10 5.5 132.92 bad
92.20 6.5 387.39 bad
85.80 5.6 75.21 good
153.40 7.0 502.72 good
223.00 5.6 101.09 good
65.70 8.9 1797.82 good
89.70 6.4 76.64 good
34.20 7.4 319.05 good
322.80 7.3 209.65 good
179.50 6.5 176.74 good
335.20 7.0 234.30 bad
448.70 7.8 478.73 good
25.10 6.9 311.51 bad
518.00 7.8 364.52 good
177.70 5.5 86.23 bad
319.70 5.4 97.95 bad
154.00 3.9 40.59 good
382.10 6.0 113.50 good
44.60 6.1 158.29 bad
93.00 6.8 105.22 bad
163.50 5.1 62.68 good