AddListCount ThreeStarRate Median Class
102
0 6 7 8 9 10 11 13 14 15 19 22 24 25 27 28 29 31 33 34 35 36 37 38 44 46 47 49 50 51 53 54 55 57 58 59 60 61 62 63 64 66 67 68 69 70 71 72 73 74 75 78 79 80 84 85 86 88 91 92 93 94 95 96 97 98 99 100 102 103 105 106 107 108 109 111 112 113 114 115 116 117 118 119 120 121 122 126 127 128 131 133 134 135 136 140 144 146 147 149 152 153
214 0.28 6.00 good
42 0.21 6.00 good
8 0.48 6.00 bad
53 0.30 6.00 bad
14 0.26 6.00 bad
25 0.23 6.00 bad
15 0.40 6.00 bad
9 0.39 6.00 bad
136 0.21 6.00 good
204 0.27 6.00 bad
70 0.22 6.00 bad
61 0.40 6.00 bad
23 0.36 6.00 bad
2 0.20 4.00 bad
31 0.21 4.00 good
73 0.25 8.00 bad
68 0.22 8.00 good
6 0.33 6.00 good
49 0.29 6.00 good
24 0.39 6.00 bad
254 0.18 6.00 good
63 0.23 8.00 bad
106 0.20 8.00 bad
19 0.27 6.00 bad
242 0.11 4.00 good
28 0.19 8.00 good
20 0.20 4.00 bad
13 0.39 6.00 bad
7 0.32 6.00 good
42 0.37 6.00 bad
1 0.14 4.00 bad
9 0.33 6.00 good
11 0.33 6.00 bad
551 0.21 6.00 bad
70 0.14 8.00 good
138 0.21 6.00 good
19 0.18 6.00 bad
33 0.25 8.00 good
3 0.08 4.00 bad
21 0.12 6.00 good
10 0.21 4.00 bad
2 0.43 6.00 bad
17 0.16 8.00 good
45 0.25 8.00 bad
5 0.26 8.00 bad
2 0.04 8.00 bad
119 0.25 6.00 bad
180 0.26 8.00 good
8 0.22 8.00 bad
16 0.36 6.00 bad
8 0.40 6.00 good
57 0.33 6.00 bad
94 0.26 6.00 bad
193 0.13 10.00 bad
3 0.33 6.00 bad
55 0.15 4.00 good
53 0.30 8.00 bad
321 0.18 8.00 good
218 0.16 8.00 good
141 0.16 8.00 good
121 0.26 8.00 bad
57 0.23 8.00 good
4 0.46 6.00 bad
100 0.28 8.00 good
7 0.26 8.00 good
558 0.22 8.00 good
253 0.34 6.00 bad
8 0.34 8.00 bad
39 0.26 6.00 good
6 0.50 6.00 bad
98 0.19 8.00 good
102 0.27 6.00 good
188 0.15 6.00 bad
1586 0.10 10.00 good
34 0.36 6.00 bad
53 0.26 6.00 good
63 0.30 6.00 bad
25 0.36 6.00 bad
218 0.09 10.00 bad
76 0.35 6.00 bad
7 0.42 6.00 good
5 0.45 6.00 bad
112 0.39 6.00 bad
274 0.20 8.00 good
15 0.20 6.00 good
14 0.32 4.00 bad
126 0.28 8.00 bad
48 0.16 8.00 good
146 0.22 8.00 good
108 0.13 8.00 good
5 0.13 4.00 good
1 0.33 6.00 bad
168 0.21 8.00 good
293 0.24 8.00 bad
9 0.32 4.00 bad
7 0.07 8.00 bad
103 0.27 6.00 bad
710 0.27 8.00 good
26 0.19 4.00 good
178 0.23 6.00 good
12 0.28 6.00 good
50 0.25 6.00 good