BookWordCount FiveStarRate Kurtosis Class
90
2 5 10 11 13 14 15 16 17 18 20 21 22 23 26 27 29 30 31 32 34 36 40 41 42 44 46 47 48 49 51 52 53 54 57 58 62 64 68 69 70 72 74 75 76 78 80 83 84 85 88 90 91 92 93 95 96 97 100 101 102 103 105 107 108 109 110 112 117 118 119 120 121 126 128 129 130 133 134 136 137 141 144 145 146 147 148 149 151 152
48.30 0.15 267.71 bad
158.50 0.12 93.52 good
82.50 0.09 143.84 bad
13.40 0.16 491.68 bad
27.50 0.09 156.17 bad
123.80 0.20 68.44 good
257.20 0.23 188.48 bad
135.80 0.14 87.54 good
33.60 0.12 80.31 bad
24.10 0.28 137.29 bad
82.30 0.13 48.29 good
74.10 0.04 66.70 bad
77.70 0.11 468.11 bad
122.20 0.06 78.49 good
62.70 0.19 249.04 bad
147.20 0.05 40.03 good
233.90 0.36 194.89 good
150.70 0.11 80.73 bad
78.00 0.09 211.54 good
51.10 0.13 404.81 bad
154.60 0.03 192.82 bad
87.00 0.19 203.97 bad
153.10 0.19 227.23 good
168.40 0.17 389.04 good
300.10 0.11 74.29 bad
296.80 0.23 29.34 good
123.50 0.27 218.67 good
49.70 0.08 85.63 bad
281.40 0.17 362.40 bad
44.50 0.10 155.38 bad
84.60 0.07 339.26 bad
76.10 0.42 453.60 bad
53.70 0.10 31.11 bad
13.00 0.29 245.77 good
293.40 0.18 94.54 bad
63.50 0.37 256.16 good
49.60 0.00 199.64 bad
54.40 0.02 59.06 bad
79.60 0.22 223.96 bad
7.30 0.21 758.93 bad
55.40 0.20 49.13 bad
390.00 0.35 259.41 good
49.30 0.04 393.48 bad
39.60 0.10 344.01 good
46.20 0.24 159.36 good
70.00 0.16 147.32 bad
144.70 0.58 599.56 bad
40.80 0.22 188.48 bad
30.00 0.14 116.65 bad
87.20 0.10 51.21 good
315.30 0.30 118.81 good
50.40 0.07 25.57 bad
126.20 0.34 191.97 good
116.50 0.42 444.03 good
90.50 0.21 288.02 bad
99.00 0.15 128.84 bad
34.10 0.17 282.28 good
22.20 0.13 198.40 good
59.90 0.25 297.05 bad
219.60 0.27 286.97 bad
78.10 0.08 65.28 good
21.40 0.11 664.54 bad
198.70 0.31 385.10 good
310.00 0.31 72.91 bad
446.50 0.63 1238.93 good
101.10 0.10 170.95 bad
133.50 0.10 131.59 bad
107.80 0.11 84.03 bad
59.10 0.09 132.92 bad
92.20 0.11 387.39 bad
427.70 0.29 297.36 good
85.80 0.11 75.21 good
145.90 0.02 102.63 bad
89.70 0.30 76.64 good
296.70 0.31 82.37 good
322.80 0.37 209.65 good
46.30 0.17 73.99 bad
145.80 0.04 194.01 bad
179.50 0.18 176.74 good
72.70 0.09 63.17 bad
448.70 0.38 478.73 good
25.10 0.15 311.51 bad
319.70 0.09 97.95 bad
62.30 0.08 909.70 bad
477.20 0.19 402.15 good
154.00 0.02 40.59 good
209.90 0.08 9.99 bad
382.10 0.15 113.50 good
93.00 0.37 105.22 bad
163.50 0.09 62.68 good