BookScoreCount TwoStarRate ThreeStarRate Class
96
1 2 3 6 7 8 9 11 12 13 14 15 16 17 18 20 21 22 23 24 26 27 29 30 34 35 36 41 43 44 45 48 49 50 51 52 57 58 59 60 61 62 63 66 67 70 71 73 75 77 80 82 83 84 85 87 88 94 96 97 98 99 102 104 105 106 107 108 110 114 116 117 120 123 125 128 129 131 132 133 134 135 136 137 139 140 141 142 144 145 146 147 148 149 151 152
967 0.08 0.23 good
47 0.10 0.40 bad
129 0.12 0.27 bad
187 0.14 0.21 good
27 0.15 0.48 bad
177 0.16 0.30 bad
51 0.18 0.26 bad
51 0.04 0.40 bad
25 0.08 0.44 bad
48 0.24 0.39 bad
454 0.14 0.21 good
658 0.13 0.27 bad
119 0.22 0.23 good
36 0.22 0.20 bad
23 0.17 0.28 bad
112 0.20 0.15 good
44 0.37 0.16 bad
159 0.15 0.40 bad
116 0.31 0.28 good
70 0.21 0.36 bad
100 0.09 0.43 bad
150 0.17 0.21 good
290 0.10 0.22 good
29 0.18 0.32 bad
97 0.30 0.39 bad
1909 0.12 0.18 good
223 0.10 0.23 bad
670 0.14 0.34 good
81 0.13 0.24 good
1885 0.07 0.11 good
299 0.20 0.30 bad
1248 0.09 0.33 bad
72 0.10 0.39 bad
29 0.28 0.32 good
133 0.30 0.37 bad
1780 0.04 0.15 bad
2109 0.07 0.21 bad
461 0.05 0.14 good
484 0.21 0.21 good
108 0.21 0.18 bad
86 0.08 0.25 good
13 0.50 0.08 bad
91 0.07 0.12 good
21 0.14 0.43 bad
90 0.06 0.16 good
51 0.10 0.04 bad
248 0.12 0.25 bad
19 0.11 0.22 bad
21 0.10 0.40 good
745 0.07 0.22 bad
714 0.03 0.13 bad
31 0.41 0.20 bad
104 0.17 0.28 bad
21 0.14 0.33 bad
356 0.19 0.15 good
182 0.09 0.23 bad
1636 0.10 0.18 good
218 0.11 0.23 good
188 0.11 0.28 good
39 0.03 0.26 good
2113 0.08 0.22 good
942 0.12 0.34 bad
225 0.14 0.26 good
25 0.31 0.34 bad
339 0.08 0.19 good
349 0.14 0.27 good
1184 0.12 0.15 bad
5393 0.02 0.10 good
112 0.21 0.28 bad
1114 0.02 0.09 bad
19 0.12 0.42 good
34 0.11 0.45 bad
45 0.18 0.20 good
93 0.08 0.37 good
768 0.02 0.08 good
607 0.08 0.13 good
2063 0.07 0.16 good
31 0.41 0.13 good
614 0.14 0.25 good
23 0.13 0.33 bad
795 0.12 0.21 good
1310 0.09 0.24 bad
68 0.24 0.32 bad
1641 0.05 0.15 good
1100 0.07 0.24 good
21 0.30 0.07 bad
83 0.03 0.19 bad
2366 0.05 0.15 good
364 0.25 0.27 bad
61 0.10 0.45 bad
2356 0.09 0.27 good
208 0.22 0.19 good
1080 0.03 0.04 bad
674 0.18 0.23 good
638 0.07 0.16 bad
45 0.19 0.28 good