BookWordCount FiveStarRate Kurtosis Class
95
0 2 3 5 8 9 10 11 13 14 15 16 17 18 19 21 22 24 25 26 29 30 34 35 36 37 38 41 42 43 44 46 47 48 49 50 51 55 56 57 58 59 61 65 66 69 72 73 74 75 80 82 83 85 87 88 90 92 94 96 99 100 101 103 107 109 110 112 113 114 115 117 118 120 121 122 123 125 126 127 129 130 131 135 136 137 138 139 141 145 146 147 148 150 153
177.20 0.15 200.91 good
48.30 0.15 267.71 bad
52.30 0.18 155.27 bad
158.50 0.12 93.52 good
143.50 0.21 196.73 bad
21.30 0.02 110.48 bad
82.50 0.09 143.84 bad
13.40 0.16 491.68 bad
27.50 0.09 156.17 bad
123.80 0.20 68.44 good
257.20 0.23 188.48 bad
135.80 0.14 87.54 good
33.60 0.12 80.31 bad
24.10 0.28 137.29 bad
122.40 0.28 181.41 bad
74.10 0.04 66.70 bad
77.70 0.11 468.11 bad
74.80 0.11 114.10 bad
35.90 0.20 28.01 bad
62.70 0.19 249.04 bad
233.90 0.36 194.89 good
150.70 0.11 80.73 bad
154.60 0.03 192.82 bad
713.10 0.21 41.11 good
87.00 0.19 203.97 bad
51.30 0.28 948.64 bad
80.20 0.13 172.89 bad
168.40 0.17 389.04 good
300.10 0.11 74.29 bad
74.40 0.14 44.83 good
296.80 0.23 29.34 good
123.50 0.27 218.67 good
49.70 0.08 85.63 bad
281.40 0.17 362.40 bad
44.50 0.10 155.38 bad
51.90 0.07 119.73 good
84.60 0.07 339.26 bad
106.40 0.06 182.02 bad
40.40 0.13 74.03 good
293.40 0.18 94.54 bad
63.50 0.37 256.16 good
133.40 0.25 148.52 good
17.00 0.21 1104.85 good
72.20 0.07 77.07 bad
34.80 0.10 204.65 bad
7.30 0.21 758.93 bad
390.00 0.35 259.41 good
68.60 0.17 278.58 bad
49.30 0.04 393.48 bad
39.60 0.10 344.01 good
144.70 0.58 599.56 bad
183.00 0.22 87.78 bad
40.80 0.22 188.48 bad
87.20 0.10 51.21 good
112.10 0.27 95.46 bad
315.30 0.30 118.81 good
50.40 0.07 25.57 bad
116.50 0.42 444.03 good
63.70 0.23 299.63 good
34.10 0.17 282.28 good
181.90 0.17 243.27 bad
59.90 0.25 297.05 bad
219.60 0.27 286.97 bad
21.40 0.11 664.54 bad
310.00 0.31 72.91 bad
101.10 0.10 170.95 bad
133.50 0.10 131.59 bad
107.80 0.11 84.03 bad
247.80 0.14 164.81 bad
31.70 0.60 875.52 bad
119.20 0.07 125.49 bad
59.10 0.09 132.92 bad
92.20 0.11 387.39 bad
85.80 0.11 75.21 good
145.90 0.02 102.63 bad
79.20 0.25 313.76 bad
153.40 0.20 502.72 good
65.70 0.67 1797.82 good
89.70 0.30 76.64 good
34.20 0.36 319.05 good
322.80 0.37 209.65 good
46.30 0.17 73.99 bad
195.70 0.06 58.14 good
335.20 0.26 234.30 bad
72.70 0.09 63.17 bad
448.70 0.38 478.73 good
212.90 0.18 56.35 bad
130.30 0.22 304.97 good
25.10 0.15 311.51 bad
62.30 0.08 909.70 bad
477.20 0.19 402.15 good
154.00 0.02 40.59 good
209.90 0.08 9.99 bad
44.60 0.15 158.29 bad
73.20 0.12 105.28 good