FourStarRate FiveStarRate Kurtosis Class
99
1 2 3 4 6 8 11 12 13 15 16 17 19 20 22 25 26 27 29 30 31 32 36 37 39 40 41 43 47 48 50 51 52 56 58 59 60 62 64 65 66 68 69 71 72 73 74 75 76 77 80 81 82 84 87 88 89 90 91 93 94 95 96 101 103 105 107 108 109 110 112 113 114 115 116 117 119 120 122 124 125 126 127 128 129 131 132 133 134 135 136 137 139 142 146 147 148 152 153
0.36 0.25 406.22 good
0.24 0.15 267.71 bad
0.27 0.18 155.27 bad
0.25 0.10 113.07 bad
0.18 0.23 75.15 good
0.22 0.21 196.73 bad
0.32 0.16 491.68 bad
0.08 0.20 114.51 bad
0.13 0.09 156.17 bad
0.25 0.23 188.48 bad
0.20 0.14 87.54 good
0.23 0.12 80.31 bad
0.22 0.28 181.41 bad
0.20 0.13 48.29 good
0.28 0.11 468.11 bad
0.00 0.20 28.01 bad
0.18 0.19 249.04 bad
0.15 0.05 40.03 good
0.20 0.36 194.89 good
0.14 0.11 80.73 bad
0.19 0.09 211.54 good
0.39 0.13 404.81 bad
0.34 0.19 203.97 bad
0.44 0.28 948.64 bad
0.05 0.00 53.89 bad
0.33 0.19 227.23 good
0.29 0.17 389.04 good
0.14 0.14 44.83 good
0.22 0.08 85.63 bad
0.33 0.17 362.40 bad
0.14 0.07 119.73 good
0.21 0.07 339.26 bad
0.30 0.42 453.60 bad
0.10 0.13 74.03 good
0.30 0.37 256.16 good
0.21 0.25 148.52 good
0.20 0.23 95.85 bad
0.34 0.00 199.64 bad
0.14 0.02 59.06 bad
0.07 0.07 77.07 bad
0.19 0.10 204.65 bad
0.30 0.22 223.96 bad
0.42 0.21 758.93 bad
0.25 0.17 106.33 bad
0.20 0.35 259.41 good
0.39 0.17 278.58 bad
0.31 0.04 393.48 bad
0.30 0.10 344.01 good
0.36 0.24 159.36 good
0.27 0.37 440.27 bad
0.19 0.58 599.56 bad
0.08 0.13 173.53 bad
0.05 0.22 87.78 bad
0.19 0.14 116.65 bad
0.19 0.27 95.46 bad
0.23 0.30 118.81 good
0.28 0.17 208.64 bad
0.07 0.07 25.57 bad
0.28 0.34 191.97 good
0.34 0.21 288.02 bad
0.33 0.23 299.63 good
0.00 0.15 128.84 bad
0.33 0.17 282.28 good
0.27 0.27 286.97 bad
0.26 0.11 664.54 bad
0.33 0.31 385.10 good
0.17 0.31 72.91 bad
0.20 0.63 1238.93 good
0.24 0.10 170.95 bad
0.24 0.10 131.59 bad
0.15 0.11 84.03 bad
0.21 0.14 164.81 bad
0.23 0.60 875.52 bad
0.19 0.07 125.49 bad
0.12 0.17 138.45 good
0.14 0.09 132.92 bad
0.33 0.29 297.36 good
0.25 0.11 75.21 good
0.29 0.25 313.76 bad
0.20 0.11 101.09 good
0.20 0.67 1797.82 good
0.21 0.30 76.64 good
0.26 0.36 319.05 good
0.23 0.31 82.37 good
0.26 0.37 209.65 good
0.11 0.06 58.14 good
0.35 0.13 212.10 good
0.33 0.04 194.01 bad
0.34 0.18 176.74 good
0.29 0.26 234.30 bad
0.05 0.09 63.17 bad
0.33 0.38 478.73 good
0.36 0.22 304.97 good
0.24 0.46 364.52 good
0.37 0.19 402.15 good
0.09 0.02 40.59 good
0.06 0.08 9.99 bad
0.14 0.09 62.68 good
0.22 0.12 105.28 good