BookWordCount FourStarRate Mode Class
89
2 6 7 9 11 12 13 15 17 20 24 25 27 29 31 32 34 35 38 40 41 43 44 46 47 49 50 53 54 56 57 58 59 60 62 63 65 67 69 71 73 74 75 76 78 79 80 81 84 85 87 89 91 92 94 96 98 99 100 102 105 106 107 108 110 114 115 116 117 118 120 121 124 125 126 127 128 133 135 137 138 139 140 143 146 147 148 151 153
48.30 0.24 6.00 bad
59.60 0.18 2.00 good
38.90 0.11 6.00 bad
21.30 0.30 8.00 bad
13.40 0.32 6.00 bad
21.80 0.08 6.00 bad
27.50 0.13 6.00 bad
257.20 0.25 6.00 bad
33.60 0.23 8.00 bad
82.30 0.20 2.00 good
74.80 0.13 6.00 bad
35.90 0.00 2.00 bad
147.20 0.15 2.00 good
233.90 0.20 10.00 good
78.00 0.19 6.00 good
51.10 0.39 8.00 bad
154.60 0.13 6.00 bad
713.10 0.14 2.00 good
80.20 0.17 4.00 bad
153.10 0.33 8.00 good
168.40 0.29 6.00 good
74.40 0.14 2.00 good
296.80 0.16 2.00 good
123.50 0.33 8.00 good
49.70 0.22 4.00 bad
44.50 0.23 6.00 bad
51.90 0.14 6.00 good
53.70 0.00 2.00 bad
13.00 0.21 6.00 good
40.40 0.10 6.00 good
293.40 0.29 8.00 bad
63.50 0.30 10.00 good
133.40 0.21 10.00 good
45.10 0.20 10.00 bad
49.60 0.34 4.00 bad
108.60 0.20 2.00 good
72.20 0.07 6.00 bad
16.80 0.25 10.00 good
7.30 0.42 8.00 bad
98.90 0.25 8.00 bad
68.60 0.39 8.00 bad
49.30 0.31 6.00 bad
39.60 0.30 6.00 good
46.20 0.36 8.00 good
70.00 0.24 6.00 bad
131.20 0.17 2.00 bad
144.70 0.19 10.00 bad
87.70 0.08 6.00 bad
30.00 0.19 6.00 bad
87.20 0.24 2.00 good
112.10 0.19 10.00 bad
153.20 0.28 8.00 bad
126.20 0.28 10.00 good
116.50 0.29 10.00 good
63.70 0.33 8.00 good
34.10 0.33 8.00 good
170.60 0.33 8.00 good
181.90 0.26 6.00 bad
59.90 0.27 6.00 bad
78.10 0.21 2.00 good
198.70 0.33 8.00 good
64.40 0.24 6.00 good
310.00 0.17 10.00 bad
446.50 0.20 10.00 good
133.50 0.24 6.00 bad
31.70 0.23 10.00 bad
119.20 0.19 6.00 bad
118.30 0.12 6.00 good
59.10 0.14 6.00 bad
92.20 0.30 6.00 bad
85.80 0.25 8.00 good
145.90 0.08 6.00 bad
223.00 0.20 6.00 good
65.70 0.20 10.00 good
89.70 0.21 10.00 good
34.20 0.26 10.00 good
296.70 0.23 10.00 good
145.80 0.33 8.00 bad
335.20 0.29 8.00 bad
448.70 0.33 10.00 good
212.90 0.19 2.00 bad
130.30 0.36 8.00 good
43.40 0.54 8.00 bad
177.70 0.24 8.00 bad
477.20 0.37 8.00 good
154.00 0.09 2.00 good
209.90 0.06 2.00 bad
93.00 0.19 10.00 bad
73.20 0.22 6.00 good