AddListCount FiveStarRate Kurtosis Class
100
1 3 5 6 8 9 10 11 12 13 14 15 18 19 20 21 22 23 24 25 26 28 32 33 34 35 36 38 40 41 42 43 44 45 46 47 48 49 50 54 55 57 61 63 66 71 74 75 76 77 79 80 83 85 86 87 88 90 91 92 93 94 95 96 97 100 101 102 103 105 107 108 109 112 113 114 116 117 118 119 120 121 123 126 127 129 130 131 132 133 134 138 139 140 143 148 149 150 151 152
492 0.25 406.22 good
38 0.18 155.27 bad
122 0.12 93.52 good
42 0.23 75.15 good
53 0.21 196.73 bad
14 0.02 110.48 bad
25 0.09 143.84 bad
15 0.16 491.68 bad
12 0.20 114.51 bad
9 0.09 156.17 bad
136 0.20 68.44 good
204 0.23 188.48 bad
7 0.28 137.29 bad
70 0.28 181.41 bad
17 0.13 48.29 good
12 0.04 66.70 bad
61 0.11 468.11 bad
32 0.06 78.49 good
23 0.11 114.10 bad
2 0.20 28.01 bad
32 0.19 249.04 bad
73 0.27 418.19 bad
111 0.13 404.81 bad
49 0.15 163.05 good
24 0.03 192.82 bad
254 0.21 41.11 good
63 0.19 203.97 bad
19 0.13 172.89 bad
172 0.19 227.23 good
289 0.17 389.04 good
215 0.11 74.29 bad
18 0.14 44.83 good
242 0.23 29.34 good
93 0.10 135.14 bad
28 0.27 218.67 good
20 0.08 85.63 bad
371 0.17 362.40 bad
13 0.10 155.38 bad
7 0.07 119.73 good
9 0.29 245.77 good
11 0.06 182.02 bad
551 0.18 94.54 bad
33 0.21 1104.85 good
21 0.30 55.29 good
2 0.10 204.65 bad
119 0.17 106.33 bad
16 0.04 393.48 bad
8 0.10 344.01 good
110 0.24 159.36 good
183 0.37 440.27 bad
94 0.10 65.93 bad
193 0.58 599.56 bad
22 0.22 188.48 bad
55 0.10 51.21 good
53 0.26 249.84 bad
65 0.27 95.46 bad
321 0.30 118.81 good
4 0.07 25.57 bad
218 0.34 191.97 good
141 0.42 444.03 good
121 0.21 288.02 bad
57 0.23 299.63 good
4 0.15 128.84 bad
100 0.17 282.28 good
7 0.13 198.40 good
8 0.25 297.05 bad
65 0.27 286.97 bad
39 0.08 65.28 good
6 0.11 664.54 bad
98 0.31 385.10 good
188 0.31 72.91 bad
1586 0.63 1238.93 good
34 0.10 170.95 bad
63 0.11 84.03 bad
25 0.14 164.81 bad
218 0.60 875.52 bad
7 0.17 138.45 good
5 0.09 132.92 bad
112 0.11 387.39 bad
274 0.29 297.36 good
15 0.11 75.21 good
14 0.02 102.63 bad
32 0.20 502.72 good
48 0.30 76.64 good
146 0.36 319.05 good
510 0.37 209.65 good
11 0.17 73.99 bad
5 0.06 58.14 good
131 0.13 212.10 good
1 0.04 194.01 bad
168 0.18 176.74 good
53 0.18 56.35 bad
206 0.22 304.97 good
7 0.05 361.68 bad
42 0.10 86.23 bad
54 0.08 9.99 bad
178 0.15 113.50 good
5 0.15 158.29 bad
125 0.37 105.22 bad
12 0.09 62.68 good