FiveStarRate Median Kurtosis Class
100
0 1 5 8 9 10 11 12 13 14 19 21 22 23 27 28 30 31 32 36 39 40 42 43 45 46 47 48 49 50 51 53 56 57 58 59 63 64 65 66 68 71 72 73 74 75 76 78 79 80 81 83 84 85 87 91 92 93 98 99 100 101 102 103 104 105 107 108 109 110 111 112 116 117 120 121 122 123 124 125 127 128 129 131 132 135 138 139 140 141 142 144 145 147 148 149 150 151 152 153
0.15 6.00 200.91 good
0.25 8.00 406.22 good
0.12 6.00 93.52 good
0.21 6.00 196.73 bad
0.02 6.00 110.48 bad
0.09 6.00 143.84 bad
0.16 6.00 491.68 bad
0.20 6.00 114.51 bad
0.09 6.00 156.17 bad
0.20 6.00 68.44 good
0.28 6.00 181.41 bad
0.04 4.00 66.70 bad
0.11 6.00 468.11 bad
0.06 4.00 78.49 good
0.05 4.00 40.03 good
0.27 8.00 418.19 bad
0.11 6.00 80.73 bad
0.09 6.00 211.54 good
0.13 8.00 404.81 bad
0.19 8.00 203.97 bad
0.00 2.00 53.89 bad
0.19 8.00 227.23 good
0.11 6.00 74.29 bad
0.14 6.00 44.83 good
0.10 6.00 135.14 bad
0.27 8.00 218.67 good
0.08 4.00 85.63 bad
0.17 6.00 362.40 bad
0.10 6.00 155.38 bad
0.07 6.00 119.73 good
0.07 6.00 339.26 bad
0.10 4.00 31.11 bad
0.13 6.00 74.03 good
0.18 6.00 94.54 bad
0.37 8.00 256.16 good
0.25 6.00 148.52 good
0.30 6.00 55.29 good
0.02 4.00 59.06 bad
0.07 4.00 77.07 bad
0.10 6.00 204.65 bad
0.22 8.00 223.96 bad
0.17 6.00 106.33 bad
0.35 8.00 259.41 good
0.17 8.00 278.58 bad
0.04 6.00 393.48 bad
0.10 6.00 344.01 good
0.24 8.00 159.36 good
0.16 6.00 147.32 bad
0.10 6.00 65.93 bad
0.58 10.00 599.56 bad
0.13 6.00 173.53 bad
0.22 6.00 188.48 bad
0.14 6.00 116.65 bad
0.10 4.00 51.21 good
0.27 6.00 95.46 bad
0.34 8.00 191.97 good
0.42 8.00 444.03 good
0.21 8.00 288.02 bad
0.29 8.00 391.57 good
0.17 6.00 243.27 bad
0.25 8.00 297.05 bad
0.27 8.00 286.97 bad
0.08 6.00 65.28 good
0.11 6.00 664.54 bad
0.09 4.00 92.39 bad
0.31 8.00 385.10 good
0.31 6.00 72.91 bad
0.63 10.00 1238.93 good
0.10 6.00 170.95 bad
0.10 6.00 131.59 bad
0.12 6.00 113.09 good
0.11 6.00 84.03 bad
0.17 6.00 138.45 good
0.09 6.00 132.92 bad
0.11 6.00 75.21 good
0.02 4.00 102.63 bad
0.25 8.00 313.76 bad
0.20 6.00 502.72 good
0.11 6.00 101.09 good
0.67 10.00 1797.82 good
0.36 8.00 319.05 good
0.31 8.00 82.37 good
0.37 8.00 209.65 good
0.06 4.00 58.14 good
0.13 6.00 212.10 good
0.26 8.00 234.30 bad
0.18 6.00 56.35 bad
0.22 8.00 304.97 good
0.05 8.00 361.68 bad
0.15 8.00 311.51 bad
0.46 8.00 364.52 good
0.09 6.00 97.95 bad
0.08 6.00 909.70 bad
0.02 4.00 40.59 good
0.08 2.00 9.99 bad
0.15 6.00 113.50 good
0.15 6.00 158.29 bad
0.37 8.00 105.22 bad
0.09 6.00 62.68 good
0.12 6.00 105.28 good