FiveStarRate Median Kurtosis Class
99
0 1 3 4 6 7 8 9 10 11 12 14 15 17 22 23 24 25 26 27 28 29 32 33 35 36 38 39 41 42 46 47 50 51 52 53 54 57 58 59 60 63 64 66 67 68 69 70 71 72 73 74 77 78 80 81 82 83 84 85 86 88 89 93 94 95 96 97 98 99 103 104 105 107 108 110 111 113 114 119 120 124 129 130 131 132 133 135 137 141 142 143 144 147 148 150 151 152 153
0.15 6.00 200.91 good
0.25 8.00 406.22 good
0.18 6.00 155.27 bad
0.10 6.00 113.07 bad
0.23 6.00 75.15 good
0.11 6.00 181.37 bad
0.21 6.00 196.73 bad
0.02 6.00 110.48 bad
0.09 6.00 143.84 bad
0.16 6.00 491.68 bad
0.20 6.00 114.51 bad
0.20 6.00 68.44 good
0.23 6.00 188.48 bad
0.12 6.00 80.31 bad
0.11 6.00 468.11 bad
0.06 4.00 78.49 good
0.11 6.00 114.10 bad
0.20 4.00 28.01 bad
0.19 6.00 249.04 bad
0.05 4.00 40.03 good
0.27 8.00 418.19 bad
0.36 8.00 194.89 good
0.13 8.00 404.81 bad
0.15 6.00 163.05 good
0.21 6.00 41.11 good
0.19 8.00 203.97 bad
0.13 6.00 172.89 bad
0.00 2.00 53.89 bad
0.17 6.00 389.04 good
0.11 6.00 74.29 bad
0.27 8.00 218.67 good
0.08 4.00 85.63 bad
0.07 6.00 119.73 good
0.07 6.00 339.26 bad
0.42 8.00 453.60 bad
0.10 4.00 31.11 bad
0.29 6.00 245.77 good
0.18 6.00 94.54 bad
0.37 8.00 256.16 good
0.25 6.00 148.52 good
0.23 6.00 95.85 bad
0.30 6.00 55.29 good
0.02 4.00 59.06 bad
0.10 6.00 204.65 bad
0.42 8.00 278.88 good
0.22 8.00 223.96 bad
0.21 8.00 758.93 bad
0.20 8.00 49.13 bad
0.17 6.00 106.33 bad
0.35 8.00 259.41 good
0.17 8.00 278.58 bad
0.04 6.00 393.48 bad
0.37 8.00 440.27 bad
0.16 6.00 147.32 bad
0.58 10.00 599.56 bad
0.13 6.00 173.53 bad
0.22 4.00 87.78 bad
0.22 6.00 188.48 bad
0.14 6.00 116.65 bad
0.10 4.00 51.21 good
0.26 8.00 249.84 bad
0.30 8.00 118.81 good
0.17 6.00 208.64 bad
0.21 8.00 288.02 bad
0.23 8.00 299.63 good
0.15 6.00 128.84 bad
0.17 8.00 282.28 good
0.13 8.00 198.40 good
0.29 8.00 391.57 good
0.17 6.00 243.27 bad
0.11 6.00 664.54 bad
0.09 4.00 92.39 bad
0.31 8.00 385.10 good
0.31 6.00 72.91 bad
0.63 10.00 1238.93 good
0.10 6.00 131.59 bad
0.12 6.00 113.09 good
0.14 6.00 164.81 bad
0.60 10.00 875.52 bad
0.29 8.00 297.36 good
0.11 6.00 75.21 good
0.11 6.00 101.09 good
0.37 8.00 209.65 good
0.17 6.00 73.99 bad
0.06 4.00 58.14 good
0.13 6.00 212.10 good
0.04 6.00 194.01 bad
0.26 8.00 234.30 bad
0.38 8.00 478.73 good
0.15 8.00 311.51 bad
0.46 8.00 364.52 good
0.10 6.00 86.23 bad
0.09 6.00 97.95 bad
0.02 4.00 40.59 good
0.08 2.00 9.99 bad
0.15 6.00 158.29 bad
0.37 8.00 105.22 bad
0.09 6.00 62.68 good
0.12 6.00 105.28 good