BookWordCount FourStarRate Mode Class
103
1 2 5 6 7 8 9 12 13 14 15 16 17 20 21 23 24 25 26 27 29 31 32 33 35 36 38 40 41 42 45 46 47 50 51 52 53 55 56 57 58 59 60 62 64 66 67 68 69 70 71 72 73 74 75 76 77 79 82 84 85 86 87 89 91 92 93 96 97 98 102 103 105 106 107 108 109 111 112 117 119 120 121 122 124 127 128 132 136 137 138 139 140 141 142 143 144 145 146 147 149 151 153
289.90 0.36 8.00 good
48.30 0.24 6.00 bad
158.50 0.21 6.00 good
59.60 0.18 2.00 good
38.90 0.11 6.00 bad
143.50 0.22 6.00 bad
21.30 0.30 8.00 bad
21.80 0.08 6.00 bad
27.50 0.13 6.00 bad
123.80 0.19 2.00 good
257.20 0.25 6.00 bad
135.80 0.20 6.00 good
33.60 0.23 8.00 bad
82.30 0.20 2.00 good
74.10 0.14 4.00 bad
122.20 0.08 4.00 good
74.80 0.13 6.00 bad
35.90 0.00 2.00 bad
62.70 0.18 6.00 bad
147.20 0.15 2.00 good
233.90 0.20 10.00 good
78.00 0.19 6.00 good
51.10 0.39 8.00 bad
178.90 0.23 6.00 good
713.10 0.14 2.00 good
87.00 0.34 8.00 bad
80.20 0.17 4.00 bad
153.10 0.33 8.00 good
168.40 0.29 6.00 good
300.10 0.20 2.00 bad
380.50 0.23 6.00 bad
123.50 0.33 8.00 good
49.70 0.22 4.00 bad
51.90 0.14 6.00 good
84.60 0.21 6.00 bad
76.10 0.30 10.00 bad
53.70 0.00 2.00 bad
106.40 0.20 6.00 bad
40.40 0.10 6.00 good
293.40 0.29 8.00 bad
63.50 0.30 10.00 good
133.40 0.21 10.00 good
45.10 0.20 10.00 bad
49.60 0.34 4.00 bad
54.40 0.14 2.00 bad
34.80 0.19 6.00 bad
16.80 0.25 10.00 good
79.60 0.30 8.00 bad
7.30 0.42 8.00 bad
55.40 0.32 2.00 bad
98.90 0.25 8.00 bad
390.00 0.20 10.00 good
68.60 0.39 8.00 bad
49.30 0.31 6.00 bad
39.60 0.30 6.00 good
46.20 0.36 8.00 good
1070.70 0.27 10.00 bad
131.20 0.17 2.00 bad
183.00 0.05 4.00 bad
30.00 0.19 6.00 bad
87.20 0.24 2.00 good
129.90 0.27 6.00 bad
112.10 0.19 10.00 bad
153.20 0.28 8.00 bad
126.20 0.28 10.00 good
116.50 0.29 10.00 good
90.50 0.34 8.00 bad
34.10 0.33 8.00 good
22.20 0.40 8.00 good
170.60 0.33 8.00 good
78.10 0.21 2.00 good
21.40 0.26 6.00 bad
198.70 0.33 8.00 good
64.40 0.24 6.00 good
310.00 0.17 10.00 bad
446.50 0.20 10.00 good
101.10 0.24 6.00 bad
148.90 0.26 8.00 good
107.80 0.15 6.00 bad
59.10 0.14 6.00 bad
427.70 0.33 8.00 good
85.80 0.25 8.00 good
145.90 0.08 6.00 bad
79.20 0.29 8.00 bad
223.00 0.20 6.00 good
34.20 0.26 10.00 good
296.70 0.23 10.00 good
237.20 0.35 8.00 good
72.70 0.05 6.00 bad
448.70 0.33 10.00 good
212.90 0.19 2.00 bad
130.30 0.36 8.00 good
43.40 0.54 8.00 bad
25.10 0.49 8.00 bad
518.00 0.24 10.00 good
177.70 0.24 8.00 bad
319.70 0.18 6.00 bad
62.30 0.33 6.00 bad
477.20 0.37 8.00 good
154.00 0.09 2.00 good
382.10 0.26 8.00 good
93.00 0.19 10.00 bad
73.20 0.22 6.00 good