FourStarRate Median Kurtosis Class
98
0 1 3 5 9 10 11 12 13 14 15 16 18 20 21 23 25 26 27 30 32 33 34 36 37 38 39 41 44 45 47 48 50 51 52 53 54 57 58 59 61 63 66 68 70 71 72 73 74 76 78 80 81 84 86 87 88 89 90 91 93 94 98 99 102 103 104 105 107 110 112 113 115 116 117 118 119 120 122 123 126 127 128 130 131 132 134 135 137 138 145 146 147 148 149 150 151 152
0.30 6.00 200.91 good
0.36 8.00 406.22 good
0.27 6.00 155.27 bad
0.21 6.00 93.52 good
0.30 6.00 110.48 bad
0.27 6.00 143.84 bad
0.32 6.00 491.68 bad
0.08 6.00 114.51 bad
0.13 6.00 156.17 bad
0.19 6.00 68.44 good
0.25 6.00 188.48 bad
0.20 6.00 87.54 good
0.14 6.00 137.29 bad
0.20 4.00 48.29 good
0.14 4.00 66.70 bad
0.08 4.00 78.49 good
0.00 4.00 28.01 bad
0.18 6.00 249.04 bad
0.15 4.00 40.03 good
0.14 6.00 80.73 bad
0.39 8.00 404.81 bad
0.23 6.00 163.05 good
0.13 6.00 192.82 bad
0.34 8.00 203.97 bad
0.44 8.00 948.64 bad
0.17 6.00 172.89 bad
0.05 2.00 53.89 bad
0.29 6.00 389.04 good
0.16 4.00 29.34 good
0.23 6.00 135.14 bad
0.22 4.00 85.63 bad
0.33 6.00 362.40 bad
0.14 6.00 119.73 good
0.21 6.00 339.26 bad
0.30 8.00 453.60 bad
0.00 4.00 31.11 bad
0.21 6.00 245.77 good
0.29 6.00 94.54 bad
0.30 8.00 256.16 good
0.21 6.00 148.52 good
0.44 8.00 1104.85 good
0.20 6.00 55.29 good
0.19 6.00 204.65 bad
0.30 8.00 223.96 bad
0.32 8.00 49.13 bad
0.25 6.00 106.33 bad
0.20 8.00 259.41 good
0.39 8.00 278.58 bad
0.31 6.00 393.48 bad
0.36 8.00 159.36 good
0.24 6.00 147.32 bad
0.19 10.00 599.56 bad
0.08 6.00 173.53 bad
0.19 6.00 116.65 bad
0.27 8.00 249.84 bad
0.19 6.00 95.46 bad
0.23 8.00 118.81 good
0.28 6.00 208.64 bad
0.07 2.00 25.57 bad
0.28 8.00 191.97 good
0.34 8.00 288.02 bad
0.33 8.00 299.63 good
0.33 8.00 391.57 good
0.26 6.00 243.27 bad
0.21 6.00 65.28 good
0.26 6.00 664.54 bad
0.04 4.00 92.39 bad
0.33 8.00 385.10 good
0.17 6.00 72.91 bad
0.24 6.00 131.59 bad
0.15 6.00 84.03 bad
0.21 6.00 164.81 bad
0.19 6.00 125.49 bad
0.12 6.00 138.45 good
0.14 6.00 132.92 bad
0.30 6.00 387.39 bad
0.33 8.00 297.36 good
0.25 6.00 75.21 good
0.29 8.00 313.76 bad
0.30 6.00 502.72 good
0.21 8.00 76.64 good
0.26 8.00 319.05 good
0.23 8.00 82.37 good
0.16 6.00 73.99 bad
0.11 4.00 58.14 good
0.35 6.00 212.10 good
0.34 8.00 176.74 good
0.29 8.00 234.30 bad
0.33 8.00 478.73 good
0.19 6.00 56.35 bad
0.33 6.00 909.70 bad
0.37 8.00 402.15 good
0.09 4.00 40.59 good
0.06 2.00 9.99 bad
0.26 6.00 113.50 good
0.20 6.00 158.29 bad
0.19 8.00 105.22 bad
0.14 6.00 62.68 good