BookScoreCount AddListCount Median Class
97
0 1 2 3 4 8 9 10 11 16 17 20 21 22 23 25 26 27 28 29 30 32 33 35 36 40 41 42 43 44 45 47 51 52 57 58 61 62 63 64 65 66 67 68 69 70 71 72 73 74 75 76 77 78 79 82 83 85 86 88 89 91 93 94 95 96 100 103 106 107 108 109 110 112 113 117 121 124 126 127 128 129 131 133 135 136 137 138 139 140 143 144 147 148 149 152 153
568 214 6.00 good
967 492 8.00 good
47 12 6.00 bad
129 38 6.00 bad
78 22 6.00 bad
177 53 6.00 bad
51 14 6.00 bad
78 25 6.00 bad
51 15 6.00 bad
119 25 6.00 good
36 10 6.00 bad
112 17 4.00 good
44 12 4.00 bad
159 61 6.00 bad
116 32 4.00 good
11 2 4.00 bad
100 32 6.00 bad
150 31 4.00 good
263 73 8.00 bad
290 68 8.00 good
29 9 6.00 bad
292 111 8.00 bad
192 49 6.00 good
1909 254 6.00 good
223 63 8.00 bad
495 172 8.00 good
670 289 6.00 good
686 215 6.00 bad
81 18 6.00 good
1885 242 4.00 good
299 93 6.00 bad
79 20 4.00 bad
133 42 6.00 bad
1780 446 8.00 bad
2109 551 6.00 bad
461 70 8.00 good
86 33 8.00 good
13 3 4.00 bad
91 21 6.00 good
45 10 4.00 bad
82 22 4.00 bad
21 2 6.00 bad
90 17 8.00 good
153 45 8.00 bad
20 5 8.00 bad
51 2 8.00 bad
248 119 6.00 bad
956 180 8.00 good
19 8 8.00 bad
46 16 6.00 bad
21 8 6.00 good
429 110 8.00 good
745 183 8.00 bad
217 57 6.00 bad
531 94 6.00 bad
31 3 4.00 bad
104 22 6.00 bad
356 55 4.00 good
222 53 8.00 bad
1636 321 8.00 good
145 49 6.00 bad
654 218 8.00 good
396 121 8.00 bad
218 57 8.00 good
13 4 6.00 bad
188 100 8.00 good
42 8 8.00 bad
29 6 6.00 bad
349 102 6.00 good
1184 188 6.00 bad
5393 1586 10.00 good
88 34 6.00 bad
112 31 6.00 bad
201 63 6.00 bad
136 25 6.00 bad
34 5 6.00 bad
59 14 4.00 bad
320 57 6.00 good
353 48 8.00 good
387 146 8.00 good
607 108 8.00 good
2063 510 8.00 good
31 5 4.00 good
23 1 6.00 bad
1310 293 8.00 bad
68 9 4.00 bad
1641 303 8.00 good
328 53 6.00 bad
1100 206 8.00 good
21 7 8.00 bad
153 42 6.00 bad
364 103 6.00 bad
208 26 4.00 good
1080 54 2.00 bad
674 178 6.00 good
45 12 6.00 good
209 50 6.00 good