AddListCount ThreeStarRate Kurtosis Class
94
2 3 4 5 10 14 16 18 19 20 22 23 26 27 29 30 32 33 34 35 36 37 38 40 41 43 46 47 48 50 52 53 57 58 59 60 61 66 67 68 69 70 71 72 74 75 76 77 78 79 82 84 86 89 90 91 92 95 98 99 100 101 102 103 104 105 106 109 111 112 113 116 117 121 123 125 127 128 129 130 131 132 134 135 138 141 142 143 145 146 148 149 150 152
12 0.40 267.71 bad
38 0.27 155.27 bad
22 0.33 113.07 bad
122 0.26 93.52 good
25 0.23 143.84 bad
136 0.21 68.44 good
25 0.23 87.54 good
7 0.28 137.29 bad
70 0.22 181.41 bad
17 0.15 48.29 good
61 0.40 468.11 bad
32 0.28 78.49 good
32 0.43 249.04 bad
31 0.21 40.03 good
68 0.22 194.89 good
9 0.32 80.73 bad
111 0.31 404.81 bad
49 0.29 163.05 good
24 0.39 192.82 bad
254 0.18 41.11 good
63 0.23 203.97 bad
106 0.20 948.64 bad
19 0.27 172.89 bad
172 0.24 227.23 good
289 0.34 389.04 good
18 0.24 44.83 good
28 0.19 218.67 good
20 0.20 85.63 bad
371 0.33 362.40 bad
7 0.32 119.73 good
446 0.15 453.60 bad
1 0.14 31.11 bad
551 0.21 94.54 bad
70 0.14 256.16 good
138 0.21 148.52 good
19 0.18 95.85 bad
33 0.25 1104.85 good
2 0.43 204.65 bad
17 0.16 278.88 good
45 0.25 223.96 bad
5 0.26 758.93 bad
2 0.04 49.13 bad
119 0.25 106.33 bad
180 0.26 259.41 good
16 0.36 393.48 bad
8 0.40 344.01 good
110 0.15 159.36 good
183 0.22 440.27 bad
57 0.33 147.32 bad
94 0.26 65.93 bad
3 0.20 87.78 bad
3 0.33 116.65 bad
53 0.30 249.84 bad
49 0.27 208.64 bad
4 0.20 25.57 bad
218 0.16 191.97 good
141 0.16 444.03 good
4 0.46 128.84 bad
558 0.22 391.57 good
253 0.34 243.27 bad
8 0.34 297.05 bad
65 0.26 286.97 bad
39 0.26 65.28 good
6 0.50 664.54 bad
5 0.34 92.39 bad
98 0.19 385.10 good
102 0.27 114.14 good
34 0.36 170.95 bad
53 0.26 113.09 good
63 0.30 84.03 bad
25 0.36 164.81 bad
7 0.42 138.45 good
5 0.45 132.92 bad
14 0.32 102.63 bad
32 0.37 502.72 good
149 0.08 1797.82 good
146 0.22 319.05 good
108 0.13 82.37 good
510 0.16 209.65 good
11 0.28 73.99 bad
5 0.13 58.14 good
131 0.25 212.10 good
168 0.21 176.74 good
293 0.24 234.30 bad
53 0.22 56.35 bad
19 0.19 311.51 bad
365 0.15 364.52 good
42 0.22 86.23 bad
28 0.45 909.70 bad
710 0.27 402.15 good
54 0.04 9.99 bad
178 0.23 113.50 good
5 0.35 158.29 bad
12 0.28 62.68 good