FourStarRate Mode Median Class
98
3 4 5 6 7 9 12 14 15 17 18 19 20 21 22 23 25 26 27 29 31 34 35 36 37 39 40 43 44 45 46 47 48 49 50 51 52 56 60 62 64 66 67 68 69 70 71 72 75 76 77 78 80 82 84 86 92 93 94 96 97 99 100 101 103 105 107 108 110 112 113 114 116 117 118 119 120 121 123 124 125 126 128 129 131 132 136 137 140 141 143 145 146 147 148 149 150 152
0.27 8.00 6.00 bad
0.25 6.00 6.00 bad
0.21 6.00 6.00 good
0.18 2.00 6.00 good
0.11 6.00 6.00 bad
0.30 8.00 6.00 bad
0.08 6.00 6.00 bad
0.19 2.00 6.00 good
0.25 6.00 6.00 bad
0.23 8.00 6.00 bad
0.14 10.00 6.00 bad
0.22 10.00 6.00 bad
0.20 2.00 4.00 good
0.14 4.00 4.00 bad
0.28 6.00 6.00 bad
0.08 4.00 4.00 good
0.00 2.00 4.00 bad
0.18 6.00 6.00 bad
0.15 2.00 4.00 good
0.20 10.00 8.00 good
0.19 6.00 6.00 good
0.13 6.00 6.00 bad
0.14 2.00 6.00 good
0.34 8.00 8.00 bad
0.44 8.00 8.00 bad
0.05 2.00 2.00 bad
0.33 8.00 8.00 good
0.14 2.00 6.00 good
0.16 2.00 4.00 good
0.23 6.00 6.00 bad
0.33 8.00 8.00 good
0.22 4.00 4.00 bad
0.33 8.00 6.00 bad
0.23 6.00 6.00 bad
0.14 6.00 6.00 good
0.21 6.00 6.00 bad
0.30 10.00 8.00 bad
0.10 6.00 6.00 good
0.20 10.00 6.00 bad
0.34 4.00 4.00 bad
0.14 2.00 4.00 bad
0.19 6.00 6.00 bad
0.25 10.00 8.00 good
0.30 8.00 8.00 bad
0.42 8.00 8.00 bad
0.32 2.00 8.00 bad
0.25 8.00 6.00 bad
0.20 10.00 8.00 good
0.30 6.00 6.00 good
0.36 8.00 8.00 good
0.27 10.00 8.00 bad
0.24 6.00 6.00 bad
0.19 10.00 10.00 bad
0.05 4.00 4.00 bad
0.19 6.00 6.00 bad
0.27 6.00 8.00 bad
0.29 10.00 8.00 good
0.34 8.00 8.00 bad
0.33 8.00 8.00 good
0.33 8.00 8.00 good
0.40 8.00 8.00 good
0.26 6.00 6.00 bad
0.27 6.00 8.00 bad
0.27 10.00 8.00 bad
0.26 6.00 6.00 bad
0.33 8.00 8.00 good
0.17 10.00 6.00 bad
0.20 10.00 10.00 good
0.24 6.00 6.00 bad
0.15 6.00 6.00 bad
0.21 6.00 6.00 bad
0.23 10.00 10.00 bad
0.12 6.00 6.00 good
0.14 6.00 6.00 bad
0.30 6.00 6.00 bad
0.33 8.00 8.00 good
0.25 8.00 6.00 good
0.08 6.00 4.00 bad
0.30 6.00 6.00 good
0.20 6.00 6.00 good
0.20 10.00 10.00 good
0.21 10.00 8.00 good
0.23 10.00 8.00 good
0.26 10.00 8.00 good
0.11 4.00 4.00 good
0.35 8.00 6.00 good
0.05 6.00 4.00 bad
0.33 10.00 8.00 good
0.54 8.00 8.00 bad
0.49 8.00 8.00 bad
0.24 8.00 6.00 bad
0.33 6.00 6.00 bad
0.37 8.00 8.00 good
0.09 2.00 4.00 good
0.06 2.00 2.00 bad
0.26 8.00 6.00 good
0.20 6.00 6.00 bad
0.14 2.00 6.00 good