AddListCount FourStarRate Median Class
98
0 3 5 6 7 8 9 10 12 17 19 20 21 22 24 27 28 29 32 34 35 36 37 41 42 44 46 47 50 51 53 56 57 58 59 60 63 65 67 68 69 70 72 73 75 76 77 78 80 81 86 87 88 90 91 92 94 95 97 98 99 101 102 103 104 109 110 111 112 113 115 116 117 118 120 121 122 123 125 127 128 129 131 132 133 134 136 137 140 141 142 144 145 147 148 150 152 153
214 0.30 6.00 good
38 0.27 6.00 bad
122 0.21 6.00 good
42 0.18 6.00 good
8 0.11 6.00 bad
53 0.22 6.00 bad
14 0.30 6.00 bad
25 0.27 6.00 bad
12 0.08 6.00 bad
10 0.23 6.00 bad
70 0.22 6.00 bad
17 0.20 4.00 good
12 0.14 4.00 bad
61 0.28 6.00 bad
23 0.13 6.00 bad
31 0.15 4.00 good
73 0.31 8.00 bad
68 0.20 8.00 good
111 0.39 8.00 bad
24 0.13 6.00 bad
254 0.14 6.00 good
63 0.34 8.00 bad
106 0.44 8.00 bad
289 0.29 6.00 good
215 0.20 6.00 bad
242 0.16 4.00 good
28 0.33 8.00 good
20 0.22 4.00 bad
7 0.14 6.00 good
42 0.21 6.00 bad
1 0.00 4.00 bad
13 0.10 6.00 good
551 0.29 6.00 bad
70 0.30 8.00 good
138 0.21 6.00 good
19 0.20 6.00 bad
21 0.20 6.00 good
22 0.07 4.00 bad
17 0.25 8.00 good
45 0.30 8.00 bad
5 0.42 8.00 bad
2 0.32 8.00 bad
180 0.20 8.00 good
8 0.39 8.00 bad
8 0.30 6.00 good
110 0.36 8.00 good
183 0.27 8.00 bad
57 0.24 6.00 bad
193 0.19 10.00 bad
4 0.08 6.00 bad
53 0.27 8.00 bad
65 0.19 6.00 bad
321 0.23 8.00 good
4 0.07 2.00 bad
218 0.28 8.00 good
141 0.29 8.00 good
57 0.33 8.00 good
4 0.00 6.00 bad
7 0.40 8.00 good
558 0.33 8.00 good
253 0.26 6.00 bad
65 0.27 8.00 bad
39 0.21 6.00 good
6 0.26 6.00 bad
5 0.04 4.00 bad
34 0.24 6.00 bad
31 0.24 6.00 bad
53 0.26 6.00 good
63 0.15 6.00 bad
25 0.21 6.00 bad
76 0.19 6.00 bad
7 0.12 6.00 good
5 0.14 6.00 bad
112 0.30 6.00 bad
15 0.25 6.00 good
14 0.08 4.00 bad
126 0.29 8.00 bad
32 0.30 6.00 good
149 0.20 10.00 good
146 0.26 8.00 good
108 0.23 8.00 good
510 0.26 8.00 good
5 0.11 4.00 good
131 0.35 6.00 good
1 0.33 6.00 bad
168 0.34 8.00 good
9 0.05 4.00 bad
303 0.33 8.00 good
7 0.54 8.00 bad
19 0.49 8.00 bad
365 0.24 8.00 good
103 0.18 6.00 bad
28 0.33 6.00 bad
26 0.09 4.00 good
54 0.06 2.00 bad
5 0.20 6.00 bad
12 0.14 6.00 good
50 0.22 6.00 good