BookWordCount BookScore Kurtosis Class
93
0 1 2 4 5 6 8 9 11 12 13 14 16 17 18 21 22 23 24 25 26 29 30 32 33 35 36 37 41 43 44 46 47 51 52 54 55 56 58 63 66 68 70 71 72 73 75 76 78 79 80 81 82 83 86 88 90 91 94 97 100 102 103 105 106 107 108 109 110 112 117 118 119 120 121 122 123 125 126 130 131 133 135 136 139 141 142 143 145 146 149 152 153
177.20 6.4 200.91 good
289.90 7.2 406.22 good
48.30 6.4 267.71 bad
139.00 5.8 113.07 bad
158.50 5.6 93.52 good
59.60 6.0 75.15 good
143.50 6.5 196.73 bad
21.30 5.4 110.48 bad
13.40 6.9 491.68 bad
21.80 6.0 114.51 bad
27.50 5.5 156.17 bad
123.80 5.9 68.44 good
135.80 5.7 87.54 good
33.60 5.6 80.31 bad
24.10 6.5 137.29 bad
74.10 4.6 66.70 bad
77.70 6.5 468.11 bad
122.20 4.7 78.49 good
74.80 5.5 114.10 bad
35.90 4.8 28.01 bad
62.70 6.5 249.04 bad
233.90 7.1 194.89 good
150.70 5.4 80.73 bad
51.10 6.8 404.81 bad
178.90 6.1 163.05 good
713.10 5.5 41.11 good
87.00 6.7 203.97 bad
51.30 7.8 948.64 bad
168.40 6.7 389.04 good
74.40 5.1 44.83 good
296.80 5.4 29.34 good
123.50 7.1 218.67 good
49.70 5.3 85.63 bad
84.60 5.9 339.26 bad
76.10 7.9 453.60 bad
13.00 7.0 245.77 good
106.40 5.6 182.02 bad
40.40 5.3 74.03 good
63.50 7.5 256.16 good
108.60 6.2 55.29 good
34.80 5.9 204.65 bad
79.60 6.8 223.96 bad
55.40 5.9 49.13 bad
98.90 6.1 106.33 bad
390.00 7.3 259.41 good
68.60 6.8 278.58 bad
39.60 6.4 344.01 good
46.20 6.8 159.36 good
70.00 6.2 147.32 bad
131.20 5.2 65.93 bad
144.70 8.3 599.56 bad
87.70 5.8 173.53 bad
183.00 5.6 87.78 bad
40.80 6.6 188.48 bad
129.90 7.0 249.84 bad
315.30 6.7 118.81 good
50.40 4.0 25.57 bad
126.20 7.2 191.97 good
63.70 7.0 299.63 good
22.20 6.5 198.40 good
59.90 7.0 297.05 bad
78.10 5.3 65.28 good
21.40 6.6 664.54 bad
198.70 7.4 385.10 good
64.40 6.0 114.14 good
310.00 6.4 72.91 bad
446.50 8.7 1238.93 good
101.10 6.0 170.95 bad
133.50 5.8 131.59 bad
107.80 5.4 84.03 bad
59.10 5.5 132.92 bad
92.20 6.5 387.39 bad
427.70 7.3 297.36 good
85.80 5.6 75.21 good
145.90 4.5 102.63 bad
79.20 7.0 313.76 bad
153.40 7.0 502.72 good
65.70 8.9 1797.82 good
89.70 6.4 76.64 good
46.30 5.7 73.99 bad
195.70 4.4 58.14 good
145.80 5.9 194.01 bad
335.20 7.0 234.30 bad
72.70 4.8 63.17 bad
130.30 7.0 304.97 good
25.10 6.9 311.51 bad
518.00 7.8 364.52 good
177.70 5.5 86.23 bad
62.30 6.7 909.70 bad
477.20 7.0 402.15 good
382.10 6.0 113.50 good
163.50 5.1 62.68 good
73.20 5.7 105.28 good