BookScoreCount TwoStarRate Kurtosis Class
92
0 1 2 3 4 5 7 10 11 17 19 20 21 22 23 24 25 28 29 36 37 38 40 42 43 45 46 47 49 50 51 52 53 54 55 56 58 60 61 62 63 64 65 67 68 69 71 73 78 80 81 82 83 84 86 89 91 92 93 96 97 98 102 103 104 105 109 111 112 113 118 119 122 123 124 125 127 128 129 130 133 134 138 142 144 145 146 148 149 150 151 153
568 0.15 200.91 good
967 0.08 406.22 good
47 0.10 267.71 bad
129 0.12 155.27 bad
78 0.09 113.07 bad
439 0.20 93.52 good
27 0.15 181.37 bad
78 0.26 143.84 bad
51 0.04 491.68 bad
36 0.22 80.31 bad
250 0.18 181.41 bad
112 0.20 48.29 good
44 0.37 66.70 bad
159 0.15 468.11 bad
116 0.31 78.49 good
70 0.21 114.10 bad
11 0.20 28.01 bad
263 0.11 418.19 bad
290 0.10 194.89 good
223 0.10 203.97 bad
216 0.03 948.64 bad
63 0.35 172.89 bad
495 0.12 227.23 good
686 0.17 74.29 bad
81 0.13 44.83 good
299 0.20 135.14 bad
108 0.07 218.67 good
79 0.28 85.63 bad
72 0.10 155.38 bad
29 0.28 119.73 good
133 0.30 339.26 bad
1780 0.04 453.60 bad
22 0.33 31.11 bad
43 0.05 245.77 good
55 0.28 182.02 bad
80 0.20 74.03 good
461 0.05 256.16 good
108 0.21 95.85 bad
86 0.08 1104.85 good
13 0.50 199.64 bad
91 0.07 55.29 good
45 0.27 59.06 bad
82 0.28 77.07 bad
90 0.06 278.88 good
153 0.11 223.96 bad
20 0.05 758.93 bad
248 0.12 106.33 bad
19 0.11 278.58 bad
217 0.10 147.32 bad
714 0.03 599.56 bad
25 0.08 173.53 bad
31 0.41 87.78 bad
104 0.17 188.48 bad
21 0.14 116.65 bad
222 0.03 249.84 bad
145 0.17 208.64 bad
654 0.08 191.97 good
527 0.04 444.03 good
396 0.08 288.02 bad
188 0.11 282.28 good
39 0.03 198.40 good
2113 0.08 391.57 good
225 0.14 65.28 good
29 0.08 664.54 bad
25 0.31 92.39 bad
339 0.08 385.10 good
88 0.14 170.95 bad
182 0.16 113.09 good
201 0.20 84.03 bad
136 0.13 164.81 bad
274 0.11 387.39 bad
1575 0.06 297.36 good
385 0.10 313.76 bad
93 0.08 502.72 good
320 0.19 101.09 good
768 0.02 1797.82 good
387 0.06 319.05 good
607 0.08 82.37 good
2063 0.07 209.65 good
82 0.13 73.99 bad
23 0.13 194.01 bad
795 0.12 176.74 good
328 0.10 56.35 bad
2366 0.05 364.52 good
364 0.25 97.95 bad
61 0.10 909.70 bad
2356 0.09 402.15 good
1080 0.03 9.99 bad
674 0.18 113.50 good
21 0.15 158.29 bad
638 0.07 105.22 bad
209 0.22 105.28 good