BookWordCount BookScoreCount FourStarRate Class
94
0 2 4 6 7 8 10 11 12 15 17 18 21 22 23 24 25 26 27 28 30 32 34 35 36 42 43 46 47 48 49 51 54 55 56 57 58 61 62 64 66 67 68 70 71 73 75 76 77 78 79 81 82 86 88 90 91 94 96 98 101 102 104 109 110 111 112 113 114 115 117 118 119 121 125 126 127 128 129 130 131 132 133 134 137 138 142 144 145 147 148 149 152 153
177.20 568 0.30 good
48.30 47 0.24 bad
139.00 78 0.25 bad
59.60 187 0.18 good
38.90 27 0.11 bad
143.50 177 0.22 bad
82.50 78 0.27 bad
13.40 51 0.32 bad
21.80 25 0.08 bad
257.20 658 0.25 bad
33.60 36 0.23 bad
24.10 23 0.14 bad
74.10 44 0.14 bad
77.70 159 0.28 bad
122.20 116 0.08 good
74.80 70 0.13 bad
35.90 11 0.00 bad
62.70 100 0.18 bad
147.20 150 0.15 good
53.00 263 0.31 bad
150.70 29 0.14 bad
51.10 292 0.39 bad
154.60 97 0.13 bad
713.10 1909 0.14 good
87.00 223 0.34 bad
300.10 686 0.20 bad
74.40 81 0.14 good
123.50 108 0.33 good
49.70 79 0.22 bad
281.40 1248 0.33 bad
44.50 72 0.23 bad
84.60 133 0.21 bad
13.00 43 0.21 good
106.40 55 0.20 bad
40.40 80 0.10 good
293.40 2109 0.29 bad
63.50 461 0.30 good
17.00 86 0.44 good
49.60 13 0.34 bad
54.40 45 0.14 bad
34.80 21 0.19 bad
16.80 90 0.25 good
79.60 153 0.30 bad
55.40 51 0.32 bad
98.90 248 0.25 bad
68.60 19 0.39 bad
39.60 21 0.30 good
46.20 429 0.36 good
1070.70 745 0.27 bad
70.00 217 0.24 bad
131.20 531 0.17 bad
87.70 25 0.08 bad
183.00 31 0.05 bad
129.90 222 0.27 bad
315.30 1636 0.23 good
50.40 16 0.07 bad
126.20 654 0.28 good
63.70 218 0.33 good
34.10 188 0.33 good
170.60 2113 0.33 good
219.60 219 0.27 bad
78.10 225 0.21 good
150.50 25 0.04 bad
101.10 88 0.24 bad
133.50 112 0.24 bad
148.90 182 0.26 good
107.80 201 0.15 bad
247.80 136 0.21 bad
31.70 1114 0.23 bad
119.20 282 0.19 bad
59.10 34 0.14 bad
92.20 274 0.30 bad
427.70 1575 0.33 good
145.90 59 0.08 bad
65.70 768 0.20 good
89.70 353 0.21 good
34.20 387 0.26 good
296.70 607 0.23 good
322.80 2063 0.26 good
46.30 82 0.16 bad
195.70 31 0.11 good
237.20 614 0.35 good
145.80 23 0.33 bad
179.50 795 0.34 good
448.70 1641 0.33 good
212.90 328 0.19 bad
518.00 2366 0.24 good
319.70 364 0.18 bad
62.30 61 0.33 bad
154.00 208 0.09 good
209.90 1080 0.06 bad
382.10 674 0.26 good
163.50 45 0.14 good
73.20 209 0.22 good