FourStarRate Median Kurtosis Class
96
0 1 2 3 4 6 7 8 10 16 17 18 19 21 22 23 24 25 26 27 28 30 31 32 34 37 42 43 44 45 47 48 49 51 52 54 56 57 58 60 63 64 65 66 70 72 73 74 75 76 79 80 81 82 83 85 89 90 92 94 95 96 98 99 100 101 102 103 105 106 108 109 110 113 114 117 118 121 124 125 127 130 131 132 133 138 140 141 142 143 144 145 146 147 151 152
0.30 6.00 200.91 good
0.36 8.00 406.22 good
0.24 6.00 267.71 bad
0.27 6.00 155.27 bad
0.25 6.00 113.07 bad
0.18 6.00 75.15 good
0.11 6.00 181.37 bad
0.22 6.00 196.73 bad
0.27 6.00 143.84 bad
0.20 6.00 87.54 good
0.23 6.00 80.31 bad
0.14 6.00 137.29 bad
0.22 6.00 181.41 bad
0.14 4.00 66.70 bad
0.28 6.00 468.11 bad
0.08 4.00 78.49 good
0.13 6.00 114.10 bad
0.00 4.00 28.01 bad
0.18 6.00 249.04 bad
0.15 4.00 40.03 good
0.31 8.00 418.19 bad
0.14 6.00 80.73 bad
0.19 6.00 211.54 good
0.39 8.00 404.81 bad
0.13 6.00 192.82 bad
0.44 8.00 948.64 bad
0.20 6.00 74.29 bad
0.14 6.00 44.83 good
0.16 4.00 29.34 good
0.23 6.00 135.14 bad
0.22 4.00 85.63 bad
0.33 6.00 362.40 bad
0.23 6.00 155.38 bad
0.21 6.00 339.26 bad
0.30 8.00 453.60 bad
0.21 6.00 245.77 good
0.10 6.00 74.03 good
0.29 6.00 94.54 bad
0.30 8.00 256.16 good
0.20 6.00 95.85 bad
0.20 6.00 55.29 good
0.14 4.00 59.06 bad
0.07 4.00 77.07 bad
0.19 6.00 204.65 bad
0.32 8.00 49.13 bad
0.20 8.00 259.41 good
0.39 8.00 278.58 bad
0.31 6.00 393.48 bad
0.30 6.00 344.01 good
0.36 8.00 159.36 good
0.17 6.00 65.93 bad
0.19 10.00 599.56 bad
0.08 6.00 173.53 bad
0.05 4.00 87.78 bad
0.22 6.00 188.48 bad
0.24 4.00 51.21 good
0.28 6.00 208.64 bad
0.07 2.00 25.57 bad
0.29 8.00 444.03 good
0.33 8.00 299.63 good
0.00 6.00 128.84 bad
0.33 8.00 282.28 good
0.33 8.00 391.57 good
0.26 6.00 243.27 bad
0.27 8.00 297.05 bad
0.27 8.00 286.97 bad
0.21 6.00 65.28 good
0.26 6.00 664.54 bad
0.33 8.00 385.10 good
0.24 6.00 114.14 good
0.20 10.00 1238.93 good
0.24 6.00 170.95 bad
0.24 6.00 131.59 bad
0.21 6.00 164.81 bad
0.23 10.00 875.52 bad
0.14 6.00 132.92 bad
0.30 6.00 387.39 bad
0.08 4.00 102.63 bad
0.20 6.00 101.09 good
0.20 10.00 1797.82 good
0.26 8.00 319.05 good
0.16 6.00 73.99 bad
0.11 4.00 58.14 good
0.35 6.00 212.10 good
0.33 6.00 194.01 bad
0.19 6.00 56.35 bad
0.54 8.00 361.68 bad
0.49 8.00 311.51 bad
0.24 8.00 364.52 good
0.24 6.00 86.23 bad
0.18 6.00 97.95 bad
0.33 6.00 909.70 bad
0.37 8.00 402.15 good
0.09 4.00 40.59 good
0.19 8.00 105.22 bad
0.14 6.00 62.68 good