ThreeStarRate FourStarRate Mode Class
96
0 6 8 12 13 14 15 16 18 21 23 24 26 27 28 29 35 36 37 38 39 40 41 43 46 47 51 52 53 54 55 60 62 64 65 66 68 70 71 72 74 75 76 79 80 81 83 84 87 88 91 94 95 96 97 98 100 101 102 105 106 107 108 109 110 111 112 113 114 115 116 117 121 122 123 124 125 126 127 131 132 133 136 137 139 141 142 143 144 146 147 149 150 151 152 153
0.28 0.30 8.00 good
0.21 0.18 2.00 good
0.30 0.22 6.00 bad
0.44 0.08 6.00 bad
0.39 0.13 6.00 bad
0.21 0.19 2.00 good
0.27 0.25 6.00 bad
0.23 0.20 6.00 good
0.28 0.14 10.00 bad
0.16 0.14 4.00 bad
0.28 0.08 4.00 good
0.36 0.13 6.00 bad
0.43 0.18 6.00 bad
0.21 0.15 2.00 good
0.25 0.31 8.00 bad
0.22 0.20 10.00 good
0.18 0.14 2.00 good
0.23 0.34 8.00 bad
0.20 0.44 8.00 bad
0.27 0.17 4.00 bad
0.16 0.05 2.00 bad
0.24 0.33 8.00 good
0.34 0.29 6.00 good
0.24 0.14 2.00 good
0.19 0.33 8.00 good
0.20 0.22 4.00 bad
0.37 0.21 6.00 bad
0.15 0.30 10.00 bad
0.14 0.00 2.00 bad
0.33 0.21 6.00 good
0.33 0.20 6.00 bad
0.18 0.20 10.00 bad
0.08 0.34 4.00 bad
0.21 0.14 2.00 bad
0.31 0.07 6.00 bad
0.43 0.19 6.00 bad
0.25 0.30 8.00 bad
0.04 0.32 2.00 bad
0.25 0.25 8.00 bad
0.26 0.20 10.00 good
0.36 0.31 6.00 bad
0.40 0.30 6.00 good
0.15 0.36 8.00 good
0.26 0.17 2.00 bad
0.13 0.19 10.00 bad
0.54 0.08 6.00 bad
0.28 0.22 6.00 bad
0.33 0.19 6.00 bad
0.23 0.19 10.00 bad
0.18 0.23 10.00 good
0.16 0.28 10.00 good
0.23 0.33 8.00 good
0.46 0.00 6.00 bad
0.28 0.33 8.00 good
0.26 0.40 8.00 good
0.22 0.33 8.00 good
0.34 0.27 6.00 bad
0.26 0.27 10.00 bad
0.26 0.21 2.00 good
0.19 0.33 8.00 good
0.27 0.24 6.00 good
0.15 0.17 10.00 bad
0.10 0.20 10.00 good
0.36 0.24 6.00 bad
0.28 0.24 6.00 bad
0.26 0.26 8.00 good
0.30 0.15 6.00 bad
0.36 0.21 6.00 bad
0.09 0.23 10.00 bad
0.35 0.19 6.00 bad
0.42 0.12 6.00 good
0.45 0.14 6.00 bad
0.32 0.08 6.00 bad
0.28 0.29 8.00 bad
0.37 0.30 6.00 good
0.29 0.20 6.00 good
0.08 0.20 10.00 good
0.16 0.21 10.00 good
0.22 0.26 10.00 good
0.13 0.11 4.00 good
0.25 0.35 8.00 good
0.33 0.33 8.00 bad
0.32 0.05 6.00 bad
0.15 0.33 10.00 good
0.24 0.36 8.00 good
0.19 0.49 8.00 bad
0.15 0.24 10.00 good
0.22 0.24 8.00 bad
0.27 0.18 6.00 bad
0.27 0.37 8.00 good
0.19 0.09 2.00 good
0.23 0.26 8.00 good
0.35 0.20 6.00 bad
0.16 0.19 10.00 bad
0.28 0.14 2.00 good
0.25 0.22 6.00 good