BookWordCount BookScore TwoStarRate Class
96
0 1 2 4 6 8 9 10 13 14 17 19 20 21 22 25 29 30 32 34 35 37 38 42 43 45 46 47 48 49 50 51 57 58 59 60 62 67 68 71 74 75 77 79 80 83 84 85 86 87 88 89 92 93 94 97 98 99 101 102 103 105 106 107 108 110 111 112 114 115 117 119 120 122 123 125 126 128 129 133 134 135 136 139 140 141 142 143 144 146 147 148 150 151 152 153
177.20 6.4 0.15 good
289.90 7.2 0.08 good
48.30 6.4 0.10 bad
139.00 5.8 0.09 bad
59.60 6.0 0.14 good
143.50 6.5 0.16 bad
21.30 5.4 0.18 bad
82.50 5.8 0.26 bad
27.50 5.5 0.24 bad
123.80 5.9 0.14 good
33.60 5.6 0.22 bad
122.40 6.7 0.18 bad
82.30 5.3 0.20 good
74.10 4.6 0.37 bad
77.70 6.5 0.15 bad
35.90 4.8 0.20 bad
233.90 7.1 0.10 good
150.70 5.4 0.18 bad
51.10 6.8 0.09 bad
154.60 5.1 0.30 bad
713.10 5.5 0.12 good
51.30 7.8 0.03 bad
80.20 5.9 0.35 bad
300.10 5.4 0.17 bad
74.40 5.1 0.13 good
380.50 5.8 0.20 bad
123.50 7.1 0.07 good
49.70 5.3 0.28 bad
281.40 6.8 0.09 bad
44.50 5.9 0.10 bad
51.90 5.3 0.28 good
84.60 5.9 0.30 bad
293.40 6.2 0.07 bad
63.50 7.5 0.05 good
133.40 6.5 0.21 good
45.10 6.2 0.21 bad
49.60 5.3 0.50 bad
16.80 7.6 0.06 good
79.60 6.8 0.11 bad
98.90 6.1 0.12 bad
49.30 6.1 0.22 bad
39.60 6.4 0.10 good
1070.70 7.6 0.07 bad
131.20 5.2 0.19 bad
144.70 8.3 0.03 bad
40.80 6.6 0.17 bad
30.00 5.9 0.14 bad
87.20 5.2 0.19 good
129.90 7.0 0.03 bad
112.10 6.4 0.09 bad
315.30 6.7 0.10 good
153.20 6.4 0.17 bad
116.50 7.8 0.04 good
90.50 6.9 0.08 bad
63.70 7.0 0.11 good
22.20 6.5 0.03 good
170.60 7.3 0.08 good
181.90 6.5 0.12 bad
219.60 7.1 0.10 bad
78.10 5.3 0.14 good
21.40 6.6 0.08 bad
198.70 7.4 0.08 good
64.40 6.0 0.14 good
310.00 6.4 0.12 bad
446.50 8.7 0.02 good
133.50 5.8 0.21 bad
148.90 5.8 0.16 good
107.80 5.4 0.20 bad
31.70 8.5 0.02 bad
119.20 5.5 0.19 bad
59.10 5.5 0.11 bad
427.70 7.3 0.06 good
85.80 5.6 0.18 good
79.20 7.0 0.10 bad
153.40 7.0 0.08 good
65.70 8.9 0.02 good
89.70 6.4 0.06 good
296.70 6.5 0.08 good
322.80 7.3 0.07 good
145.80 5.9 0.13 bad
179.50 6.5 0.12 good
335.20 7.0 0.09 bad
72.70 4.8 0.24 bad
130.30 7.0 0.07 good
43.40 6.4 0.30 bad
25.10 6.9 0.03 bad
518.00 7.8 0.05 good
177.70 5.5 0.21 bad
319.70 5.4 0.25 bad
477.20 7.0 0.09 good
154.00 3.9 0.22 good
209.90 3.3 0.03 bad
44.60 6.1 0.15 bad
93.00 6.8 0.07 bad
163.50 5.1 0.19 good
73.20 5.7 0.22 good