AddListCount FiveStarRate Kurtosis Class
94
0 1 2 4 5 6 7 8 9 10 11 12 13 14 15 18 19 20 21 22 23 24 29 30 33 35 39 40 42 43 44 45 46 48 49 50 51 53 54 55 56 57 60 62 64 67 68 69 70 71 72 77 80 81 90 92 93 97 98 99 101 102 103 106 107 108 110 111 112 114 115 119 120 121 123 124 125 126 127 129 130 131 132 134 135 136 137 138 141 146 147 148 149 151
214 0.15 200.91 good
492 0.25 406.22 good
12 0.15 267.71 bad
22 0.10 113.07 bad
122 0.12 93.52 good
42 0.23 75.15 good
8 0.11 181.37 bad
53 0.21 196.73 bad
14 0.02 110.48 bad
25 0.09 143.84 bad
15 0.16 491.68 bad
12 0.20 114.51 bad
9 0.09 156.17 bad
136 0.20 68.44 good
204 0.23 188.48 bad
7 0.28 137.29 bad
70 0.28 181.41 bad
17 0.13 48.29 good
12 0.04 66.70 bad
61 0.11 468.11 bad
32 0.06 78.49 good
23 0.11 114.10 bad
68 0.36 194.89 good
9 0.11 80.73 bad
49 0.15 163.05 good
254 0.21 41.11 good
1 0.00 53.89 bad
172 0.19 227.23 good
215 0.11 74.29 bad
18 0.14 44.83 good
242 0.23 29.34 good
93 0.10 135.14 bad
28 0.27 218.67 good
371 0.17 362.40 bad
13 0.10 155.38 bad
7 0.07 119.73 good
42 0.07 339.26 bad
1 0.10 31.11 bad
9 0.29 245.77 good
11 0.06 182.02 bad
13 0.13 74.03 good
551 0.18 94.54 bad
19 0.23 95.85 bad
3 0.00 199.64 bad
10 0.02 59.06 bad
17 0.42 278.88 good
45 0.22 223.96 bad
5 0.21 758.93 bad
2 0.20 49.13 bad
119 0.17 106.33 bad
180 0.35 259.41 good
183 0.37 440.27 bad
193 0.58 599.56 bad
4 0.13 173.53 bad
4 0.07 25.57 bad
141 0.42 444.03 good
121 0.21 288.02 bad
7 0.13 198.40 good
558 0.29 391.57 good
253 0.17 243.27 bad
65 0.27 286.97 bad
39 0.08 65.28 good
6 0.11 664.54 bad
102 0.16 114.14 good
188 0.31 72.91 bad
1586 0.63 1238.93 good
31 0.10 131.59 bad
53 0.12 113.09 good
63 0.11 84.03 bad
218 0.60 875.52 bad
76 0.07 125.49 bad
274 0.29 297.36 good
15 0.11 75.21 good
14 0.02 102.63 bad
32 0.20 502.72 good
57 0.11 101.09 good
149 0.67 1797.82 good
48 0.30 76.64 good
146 0.36 319.05 good
510 0.37 209.65 good
11 0.17 73.99 bad
5 0.06 58.14 good
131 0.13 212.10 good
168 0.18 176.74 good
293 0.26 234.30 bad
9 0.09 63.17 bad
303 0.38 478.73 good
53 0.18 56.35 bad
19 0.15 311.51 bad
710 0.19 402.15 good
26 0.02 40.59 good
54 0.08 9.99 bad
178 0.15 113.50 good
125 0.37 105.22 bad