TwoStarRate FiveStarRate Mode Class
88
0 1 2 5 6 7 10 11 12 13 14 17 18 20 21 25 26 28 30 31 33 34 35 38 39 41 43 47 49 51 53 54 56 57 58 59 60 61 63 64 65 68 69 70 71 73 74 75 76 77 78 79 81 83 85 88 91 92 93 94 95 99 100 102 105 106 109 110 112 117 119 121 124 129 134 135 137 138 141 143 144 145 146 149 150 151 152 153
0.15 0.15 8.00 good
0.08 0.25 8.00 good
0.10 0.15 6.00 bad
0.20 0.12 6.00 good
0.14 0.23 2.00 good
0.15 0.11 6.00 bad
0.26 0.09 8.00 bad
0.04 0.16 6.00 bad
0.08 0.20 6.00 bad
0.24 0.09 6.00 bad
0.14 0.20 2.00 good
0.22 0.12 8.00 bad
0.17 0.28 10.00 bad
0.20 0.13 2.00 good
0.37 0.04 4.00 bad
0.20 0.20 2.00 bad
0.09 0.19 6.00 bad
0.11 0.27 8.00 bad
0.18 0.11 6.00 bad
0.30 0.09 6.00 good
0.20 0.15 6.00 good
0.30 0.03 6.00 bad
0.12 0.21 2.00 good
0.35 0.13 4.00 bad
0.26 0.00 2.00 bad
0.14 0.17 6.00 good
0.13 0.14 2.00 good
0.28 0.08 4.00 bad
0.10 0.10 6.00 bad
0.30 0.07 6.00 bad
0.33 0.10 2.00 bad
0.05 0.29 6.00 good
0.20 0.13 6.00 good
0.07 0.18 8.00 bad
0.05 0.37 10.00 good
0.21 0.25 10.00 good
0.21 0.23 10.00 bad
0.08 0.21 8.00 good
0.07 0.30 2.00 good
0.27 0.02 2.00 bad
0.28 0.07 6.00 bad
0.11 0.22 8.00 bad
0.05 0.21 8.00 bad
0.10 0.20 2.00 bad
0.12 0.17 8.00 bad
0.11 0.17 8.00 bad
0.22 0.04 6.00 bad
0.10 0.10 6.00 good
0.07 0.24 8.00 good
0.07 0.37 10.00 bad
0.10 0.16 6.00 bad
0.19 0.10 2.00 bad
0.08 0.13 6.00 bad
0.17 0.22 6.00 bad
0.19 0.10 2.00 good
0.10 0.30 10.00 good
0.08 0.34 10.00 good
0.04 0.42 10.00 good
0.08 0.21 8.00 bad
0.11 0.23 8.00 good
0.23 0.15 6.00 bad
0.12 0.17 6.00 bad
0.02 0.25 6.00 bad
0.14 0.08 2.00 good
0.08 0.31 8.00 good
0.14 0.16 6.00 good
0.14 0.10 6.00 bad
0.21 0.10 6.00 bad
0.20 0.11 6.00 bad
0.11 0.09 6.00 bad
0.06 0.29 8.00 good
0.30 0.02 6.00 bad
0.19 0.11 6.00 good
0.07 0.37 10.00 good
0.12 0.18 8.00 good
0.09 0.26 8.00 bad
0.05 0.38 10.00 good
0.10 0.18 2.00 bad
0.03 0.15 8.00 bad
0.21 0.10 8.00 bad
0.25 0.09 6.00 bad
0.10 0.08 6.00 bad
0.09 0.19 8.00 good
0.18 0.15 8.00 good
0.15 0.15 6.00 bad
0.07 0.37 10.00 bad
0.19 0.09 2.00 good
0.22 0.12 6.00 good