BookScoreCount FourStarRate Mode Class
103
2 3 5 6 7 8 9 12 13 14 16 17 18 19 20 21 22 24 25 27 28 29 31 32 33 34 35 37 39 42 43 44 45 46 48 49 50 53 54 55 56 57 60 61 62 63 65 66 68 69 70 71 73 74 75 76 77 78 79 80 81 83 85 86 87 91 93 96 97 102 103 106 107 108 110 112 113 114 116 117 118 119 120 121 122 123 126 127 128 129 133 135 136 137 138 139 143 144 147 148 149 150 151
47 0.24 6.00 bad
129 0.27 8.00 bad
439 0.21 6.00 good
187 0.18 2.00 good
27 0.11 6.00 bad
177 0.22 6.00 bad
51 0.30 8.00 bad
25 0.08 6.00 bad
48 0.13 6.00 bad
454 0.19 2.00 good
119 0.20 6.00 good
36 0.23 8.00 bad
23 0.14 10.00 bad
250 0.22 10.00 bad
112 0.20 2.00 good
44 0.14 4.00 bad
159 0.28 6.00 bad
70 0.13 6.00 bad
11 0.00 2.00 bad
150 0.15 2.00 good
263 0.31 8.00 bad
290 0.20 10.00 good
44 0.19 6.00 good
292 0.39 8.00 bad
192 0.23 6.00 good
97 0.13 6.00 bad
1909 0.14 2.00 good
216 0.44 8.00 bad
20 0.05 2.00 bad
686 0.20 2.00 bad
81 0.14 2.00 good
1885 0.16 2.00 good
299 0.23 6.00 bad
108 0.33 8.00 good
1248 0.33 8.00 bad
72 0.23 6.00 bad
29 0.14 6.00 good
22 0.00 2.00 bad
43 0.21 6.00 good
55 0.20 6.00 bad
80 0.10 6.00 good
2109 0.29 8.00 bad
108 0.20 10.00 bad
86 0.44 8.00 good
13 0.34 4.00 bad
91 0.20 2.00 good
82 0.07 6.00 bad
21 0.19 6.00 bad
153 0.30 8.00 bad
20 0.42 8.00 bad
51 0.32 2.00 bad
248 0.25 8.00 bad
19 0.39 8.00 bad
46 0.31 6.00 bad
21 0.30 6.00 good
429 0.36 8.00 good
745 0.27 10.00 bad
217 0.24 6.00 bad
531 0.17 2.00 bad
714 0.19 10.00 bad
25 0.08 6.00 bad
104 0.22 6.00 bad
356 0.24 2.00 good
222 0.27 6.00 bad
182 0.19 10.00 bad
654 0.28 10.00 good
396 0.34 8.00 bad
188 0.33 8.00 good
39 0.40 8.00 good
225 0.21 2.00 good
29 0.26 6.00 bad
349 0.24 6.00 good
1184 0.17 10.00 bad
5393 0.20 10.00 good
112 0.24 6.00 bad
201 0.15 6.00 bad
136 0.21 6.00 bad
1114 0.23 10.00 bad
19 0.12 6.00 good
34 0.14 6.00 bad
274 0.30 6.00 bad
1575 0.33 8.00 good
45 0.25 8.00 good
59 0.08 6.00 bad
385 0.29 8.00 bad
93 0.30 6.00 good
353 0.21 10.00 good
387 0.26 10.00 good
607 0.23 10.00 good
2063 0.26 10.00 good
23 0.33 8.00 bad
1310 0.29 8.00 bad
68 0.05 6.00 bad
1641 0.33 10.00 good
328 0.19 2.00 bad
1100 0.36 8.00 good
153 0.24 8.00 bad
364 0.18 6.00 bad
208 0.09 2.00 good
1080 0.06 2.00 bad
674 0.26 8.00 good
21 0.20 6.00 bad
638 0.19 10.00 bad