BookScore Mode Median Class
95
3 5 10 11 15 16 18 19 21 22 23 24 26 27 28 30 31 33 35 37 38 40 41 46 47 48 50 51 55 56 57 59 60 62 64 65 66 68 71 74 77 78 79 81 83 84 85 88 89 90 91 92 93 94 95 96 97 98 99 100 101 102 104 105 106 110 111 112 114 117 118 120 121 123 124 125 126 127 128 129 131 133 135 137 140 141 142 143 144 146 148 149 150 151 153
6.4 8.00 6.00 bad
5.6 6.00 6.00 good
5.8 8.00 6.00 bad
6.9 6.00 6.00 bad
6.6 6.00 6.00 bad
5.7 6.00 6.00 good
6.5 10.00 6.00 bad
6.7 10.00 6.00 bad
4.6 4.00 4.00 bad
6.5 6.00 6.00 bad
4.7 4.00 4.00 good
5.5 6.00 6.00 bad
6.5 6.00 6.00 bad
4.5 2.00 4.00 good
7.2 8.00 8.00 bad
5.4 6.00 6.00 bad
5.8 6.00 6.00 good
6.1 6.00 6.00 good
5.5 2.00 6.00 good
7.8 8.00 8.00 bad
5.9 4.00 6.00 bad
6.7 8.00 8.00 good
6.7 6.00 6.00 good
7.1 8.00 8.00 good
5.3 4.00 4.00 bad
6.8 8.00 6.00 bad
5.3 6.00 6.00 good
5.9 6.00 6.00 bad
5.6 6.00 6.00 bad
5.3 6.00 6.00 good
6.2 8.00 6.00 bad
6.5 10.00 6.00 good
6.2 10.00 6.00 bad
5.3 4.00 4.00 bad
4.4 2.00 4.00 bad
4.8 6.00 4.00 bad
5.9 6.00 6.00 bad
6.8 8.00 8.00 bad
6.1 8.00 6.00 bad
6.1 6.00 6.00 bad
7.6 10.00 8.00 bad
6.2 6.00 6.00 bad
5.2 2.00 6.00 bad
5.8 6.00 6.00 bad
6.6 6.00 6.00 bad
5.9 6.00 6.00 bad
5.2 2.00 4.00 good
6.7 10.00 8.00 good
6.4 8.00 6.00 bad
4.0 2.00 2.00 bad
7.2 10.00 8.00 good
7.8 10.00 8.00 good
6.9 8.00 8.00 bad
7.0 8.00 8.00 good
5.5 6.00 6.00 bad
6.7 8.00 8.00 good
6.5 8.00 8.00 good
7.3 8.00 8.00 good
6.5 6.00 6.00 bad
7.0 6.00 8.00 bad
7.1 10.00 8.00 bad
5.3 2.00 6.00 good
4.9 6.00 4.00 bad
7.4 8.00 8.00 good
6.0 6.00 6.00 good
5.8 6.00 6.00 bad
5.8 8.00 6.00 good
5.4 6.00 6.00 bad
8.5 10.00 10.00 bad
5.5 6.00 6.00 bad
6.5 6.00 6.00 bad
5.6 8.00 6.00 good
4.5 6.00 4.00 bad
7.0 6.00 6.00 good
5.6 6.00 6.00 good
8.9 10.00 10.00 good
6.4 10.00 8.00 good
7.4 10.00 8.00 good
6.5 10.00 8.00 good
7.3 10.00 8.00 good
4.4 4.00 4.00 good
5.9 8.00 6.00 bad
7.0 8.00 8.00 bad
7.8 10.00 8.00 good
6.4 8.00 8.00 bad
6.9 8.00 8.00 bad
7.8 10.00 8.00 good
5.5 8.00 6.00 bad
5.4 6.00 6.00 bad
7.0 8.00 8.00 good
3.3 2.00 2.00 bad
6.0 8.00 6.00 good
6.1 6.00 6.00 bad
6.8 10.00 8.00 bad
5.7 6.00 6.00 good