BookWordCount BookScore TwoStarRate Class
98
1 4 6 8 9 10 12 15 16 17 18 19 20 23 26 28 29 31 36 37 38 39 40 41 42 43 44 48 49 51 52 53 58 59 61 62 64 66 67 68 71 73 74 76 77 78 80 81 82 83 84 85 86 88 89 90 91 92 93 94 95 96 97 99 100 101 103 105 106 107 109 110 111 112 113 114 116 118 120 121 122 125 132 133 134 135 136 139 140 141 143 144 146 147 148 150 151 153
289.90 7.2 0.08 good
139.00 5.8 0.09 bad
59.60 6.0 0.14 good
143.50 6.5 0.16 bad
21.30 5.4 0.18 bad
82.50 5.8 0.26 bad
21.80 6.0 0.08 bad
257.20 6.6 0.13 bad
135.80 5.7 0.22 good
33.60 5.6 0.22 bad
24.10 6.5 0.17 bad
122.40 6.7 0.18 bad
82.30 5.3 0.20 good
122.20 4.7 0.31 good
62.70 6.5 0.09 bad
53.00 7.2 0.11 bad
233.90 7.1 0.10 good
78.00 5.8 0.30 good
87.00 6.7 0.10 bad
51.30 7.8 0.03 bad
80.20 5.9 0.35 bad
22.80 3.5 0.26 bad
153.10 6.7 0.12 good
168.40 6.7 0.14 good
300.10 5.4 0.17 bad
74.40 5.1 0.13 good
296.80 5.4 0.07 good
281.40 6.8 0.09 bad
44.50 5.9 0.10 bad
84.60 5.9 0.30 bad
76.10 7.9 0.04 bad
53.70 4.0 0.33 bad
63.50 7.5 0.05 good
133.40 6.5 0.21 good
17.00 7.5 0.08 good
49.60 5.3 0.50 bad
54.40 4.4 0.27 bad
34.80 5.9 0.14 bad
16.80 7.6 0.06 good
79.60 6.8 0.11 bad
98.90 6.1 0.12 bad
68.60 6.8 0.11 bad
49.30 6.1 0.22 bad
46.20 6.8 0.07 good
1070.70 7.6 0.07 bad
70.00 6.2 0.10 bad
144.70 8.3 0.03 bad
87.70 5.8 0.08 bad
183.00 5.6 0.41 bad
40.80 6.6 0.17 bad
30.00 5.9 0.14 bad
87.20 5.2 0.19 good
129.90 7.0 0.03 bad
315.30 6.7 0.10 good
153.20 6.4 0.17 bad
50.40 4.0 0.13 bad
126.20 7.2 0.08 good
116.50 7.8 0.04 good
90.50 6.9 0.08 bad
63.70 7.0 0.11 good
99.00 5.5 0.23 bad
34.10 6.7 0.11 good
22.20 6.5 0.03 good
181.90 6.5 0.12 bad
59.90 7.0 0.02 bad
219.60 7.1 0.10 bad
21.40 6.6 0.08 bad
198.70 7.4 0.08 good
64.40 6.0 0.14 good
310.00 6.4 0.12 bad
101.10 6.0 0.14 bad
133.50 5.8 0.21 bad
148.90 5.8 0.16 good
107.80 5.4 0.20 bad
247.80 6.1 0.13 bad
31.70 8.5 0.02 bad
118.30 6.0 0.12 good
92.20 6.5 0.11 bad
85.80 5.6 0.18 good
145.90 4.5 0.30 bad
79.20 7.0 0.10 bad
65.70 8.9 0.02 good
237.20 6.4 0.14 good
145.80 5.9 0.13 bad
179.50 6.5 0.12 good
335.20 7.0 0.09 bad
72.70 4.8 0.24 bad
130.30 7.0 0.07 good
43.40 6.4 0.30 bad
25.10 6.9 0.03 bad
177.70 5.5 0.21 bad
319.70 5.4 0.25 bad
477.20 7.0 0.09 good
154.00 3.9 0.22 good
209.90 3.3 0.03 bad
44.60 6.1 0.15 bad
93.00 6.8 0.07 bad
73.20 5.7 0.22 good