BookScoreCount TwoStarRate Median Class
98
0 1 3 5 6 10 13 14 15 17 18 20 21 22 23 25 26 27 28 30 31 32 33 34 35 37 38 42 43 44 46 47 50 51 52 55 56 57 59 60 61 62 63 64 65 67 69 71 72 74 76 77 80 84 85 86 87 88 90 92 94 96 97 99 100 101 102 103 104 105 112 113 114 115 116 117 118 120 121 122 124 125 126 128 130 131 132 134 135 139 140 141 142 143 145 147 150 152
568 0.15 6.00 good
967 0.08 8.00 good
129 0.12 6.00 bad
439 0.20 6.00 good
187 0.14 6.00 good
78 0.26 6.00 bad
48 0.24 6.00 bad
454 0.14 6.00 good
658 0.13 6.00 bad
36 0.22 6.00 bad
23 0.17 6.00 bad
112 0.20 4.00 good
44 0.37 4.00 bad
159 0.15 6.00 bad
116 0.31 4.00 good
11 0.20 4.00 bad
100 0.09 6.00 bad
150 0.17 4.00 good
263 0.11 8.00 bad
29 0.18 6.00 bad
44 0.30 6.00 good
292 0.09 8.00 bad
192 0.20 6.00 good
97 0.30 6.00 bad
1909 0.12 6.00 good
216 0.03 8.00 bad
63 0.35 6.00 bad
686 0.17 6.00 bad
81 0.13 6.00 good
1885 0.07 4.00 good
108 0.07 8.00 good
79 0.28 4.00 bad
29 0.28 6.00 good
133 0.30 6.00 bad
1780 0.04 8.00 bad
55 0.28 6.00 bad
80 0.20 6.00 good
2109 0.07 6.00 bad
484 0.21 6.00 good
108 0.21 6.00 bad
86 0.08 8.00 good
13 0.50 4.00 bad
91 0.07 6.00 good
45 0.27 4.00 bad
82 0.28 4.00 bad
90 0.06 8.00 good
20 0.05 8.00 bad
248 0.12 6.00 bad
956 0.08 8.00 good
46 0.22 6.00 bad
429 0.07 8.00 good
745 0.07 8.00 bad
714 0.03 10.00 bad
21 0.14 6.00 bad
356 0.19 4.00 good
222 0.03 8.00 bad
182 0.09 6.00 bad
1636 0.10 8.00 good
16 0.13 2.00 bad
527 0.04 8.00 good
218 0.11 8.00 good
188 0.11 8.00 good
39 0.03 8.00 good
942 0.12 6.00 bad
42 0.02 8.00 bad
219 0.10 8.00 bad
225 0.14 6.00 good
29 0.08 6.00 bad
25 0.31 4.00 bad
339 0.08 8.00 good
201 0.20 6.00 bad
136 0.13 6.00 bad
1114 0.02 10.00 bad
282 0.19 6.00 bad
19 0.12 6.00 good
34 0.11 6.00 bad
274 0.11 6.00 bad
45 0.18 6.00 good
59 0.30 4.00 bad
385 0.10 8.00 bad
320 0.19 6.00 good
768 0.02 10.00 good
353 0.06 8.00 good
607 0.08 8.00 good
82 0.13 6.00 bad
31 0.41 4.00 good
614 0.14 6.00 good
795 0.12 8.00 good
1310 0.09 8.00 bad
1100 0.07 8.00 good
21 0.30 8.00 bad
83 0.03 8.00 bad
2366 0.05 8.00 good
153 0.21 6.00 bad
61 0.10 6.00 bad
208 0.22 4.00 good
21 0.15 6.00 bad
45 0.19 6.00 good