AddListCount TwoStarRate Median Class
98
0 1 2 3 5 6 8 11 12 14 16 20 23 24 25 26 27 28 29 31 32 35 36 37 38 39 40 41 42 45 46 48 50 51 55 57 58 59 60 63 65 66 67 68 69 70 71 73 77 78 79 80 81 82 83 89 90 94 96 97 98 99 100 101 102 103 104 105 106 107 111 113 114 115 117 118 119 120 121 122 125 126 130 131 134 137 138 141 142 143 144 145 147 148 149 150 151 153
214 0.15 6.00 good
492 0.08 8.00 good
12 0.10 6.00 bad
38 0.12 6.00 bad
122 0.20 6.00 good
42 0.14 6.00 good
53 0.16 6.00 bad
15 0.04 6.00 bad
12 0.08 6.00 bad
136 0.14 6.00 good
25 0.22 6.00 good
17 0.20 4.00 good
32 0.31 4.00 good
23 0.21 6.00 bad
2 0.20 4.00 bad
32 0.09 6.00 bad
31 0.17 4.00 good
73 0.11 8.00 bad
68 0.10 8.00 good
6 0.30 6.00 good
111 0.09 8.00 bad
254 0.12 6.00 good
63 0.10 8.00 bad
106 0.03 8.00 bad
19 0.35 6.00 bad
1 0.26 2.00 bad
172 0.12 8.00 good
289 0.14 6.00 good
215 0.17 6.00 bad
93 0.20 6.00 bad
28 0.07 8.00 good
371 0.09 6.00 bad
7 0.28 6.00 good
42 0.30 6.00 bad
11 0.28 6.00 bad
551 0.07 6.00 bad
70 0.05 8.00 good
138 0.21 6.00 good
19 0.21 6.00 bad
21 0.07 6.00 good
22 0.28 4.00 bad
2 0.14 6.00 bad
17 0.06 8.00 good
45 0.11 8.00 bad
5 0.05 8.00 bad
2 0.10 8.00 bad
119 0.12 6.00 bad
8 0.11 8.00 bad
183 0.07 8.00 bad
57 0.10 6.00 bad
94 0.19 6.00 bad
193 0.03 10.00 bad
4 0.08 6.00 bad
3 0.41 4.00 bad
22 0.17 6.00 bad
49 0.17 6.00 bad
4 0.13 2.00 bad
57 0.11 8.00 good
100 0.11 8.00 good
7 0.03 8.00 good
558 0.08 8.00 good
253 0.12 6.00 bad
8 0.02 8.00 bad
65 0.10 8.00 bad
39 0.14 6.00 good
6 0.08 6.00 bad
5 0.31 4.00 bad
98 0.08 8.00 good
102 0.14 6.00 good
188 0.12 6.00 bad
53 0.16 6.00 good
25 0.13 6.00 bad
218 0.02 10.00 bad
76 0.19 6.00 bad
5 0.11 6.00 bad
112 0.11 6.00 bad
274 0.06 8.00 good
15 0.18 6.00 good
14 0.30 4.00 bad
126 0.10 8.00 bad
149 0.02 10.00 good
48 0.06 8.00 good
11 0.13 6.00 bad
5 0.41 4.00 good
168 0.12 8.00 good
303 0.05 8.00 good
53 0.10 6.00 bad
19 0.03 8.00 bad
365 0.05 8.00 good
42 0.21 6.00 bad
103 0.25 6.00 bad
28 0.10 6.00 bad
26 0.22 4.00 good
54 0.03 2.00 bad
178 0.18 6.00 good
5 0.15 6.00 bad
125 0.07 8.00 bad
50 0.22 6.00 good