AddListCount FiveStarRate Median Class
95
0 2 4 5 7 8 11 13 14 15 18 19 21 26 29 31 32 33 36 37 38 40 41 44 45 46 47 48 49 50 51 53 54 56 58 59 60 61 62 63 64 66 67 69 70 71 72 74 75 76 78 79 80 81 83 84 85 87 88 89 90 92 95 98 101 102 104 105 110 111 115 117 118 120 121 122 123 124 126 128 130 131 132 134 136 137 139 140 141 144 145 146 147 150 152
214 0.15 6.00 good
12 0.15 6.00 bad
22 0.10 6.00 bad
122 0.12 6.00 good
8 0.11 6.00 bad
53 0.21 6.00 bad
15 0.16 6.00 bad
9 0.09 6.00 bad
136 0.20 6.00 good
204 0.23 6.00 bad
7 0.28 6.00 bad
70 0.28 6.00 bad
12 0.04 4.00 bad
32 0.19 6.00 bad
68 0.36 8.00 good
6 0.09 6.00 good
111 0.13 8.00 bad
49 0.15 6.00 good
63 0.19 8.00 bad
106 0.28 8.00 bad
19 0.13 6.00 bad
172 0.19 8.00 good
289 0.17 6.00 good
242 0.23 4.00 good
93 0.10 6.00 bad
28 0.27 8.00 good
20 0.08 4.00 bad
371 0.17 6.00 bad
13 0.10 6.00 bad
7 0.07 6.00 good
42 0.07 6.00 bad
1 0.10 4.00 bad
9 0.29 6.00 good
13 0.13 6.00 good
70 0.37 8.00 good
138 0.25 6.00 good
19 0.23 6.00 bad
33 0.21 8.00 good
3 0.00 4.00 bad
21 0.30 6.00 good
10 0.02 4.00 bad
2 0.10 6.00 bad
17 0.42 8.00 good
5 0.21 8.00 bad
2 0.20 8.00 bad
119 0.17 6.00 bad
180 0.35 8.00 good
16 0.04 6.00 bad
8 0.10 6.00 good
110 0.24 8.00 good
57 0.16 6.00 bad
94 0.10 6.00 bad
193 0.58 10.00 bad
4 0.13 6.00 bad
22 0.22 6.00 bad
3 0.14 6.00 bad
55 0.10 4.00 good
65 0.27 6.00 bad
321 0.30 8.00 good
49 0.17 6.00 bad
4 0.07 2.00 bad
141 0.42 8.00 good
4 0.15 6.00 bad
558 0.29 8.00 good
65 0.27 8.00 bad
39 0.08 6.00 good
5 0.09 4.00 bad
98 0.31 8.00 good
31 0.10 6.00 bad
53 0.12 6.00 good
76 0.07 6.00 bad
5 0.09 6.00 bad
112 0.11 6.00 bad
15 0.11 6.00 good
14 0.02 4.00 bad
126 0.25 8.00 bad
32 0.20 6.00 good
57 0.11 6.00 good
48 0.30 8.00 good
108 0.31 8.00 good
11 0.17 6.00 bad
5 0.06 4.00 good
131 0.13 6.00 good
168 0.18 8.00 good
9 0.09 4.00 bad
303 0.38 8.00 good
206 0.22 8.00 good
7 0.05 8.00 bad
19 0.15 8.00 bad
103 0.09 6.00 bad
28 0.08 6.00 bad
710 0.19 8.00 good
26 0.02 4.00 good
5 0.15 6.00 bad
12 0.09 6.00 good