BookScore AddListCount FiveStarRate Class
106
0 1 3 4 5 6 7 9 10 11 12 15 16 17 18 19 21 23 24 26 27 28 29 30 31 33 34 35 36 37 38 39 40 41 42 43 44 47 48 49 50 52 53 56 57 58 59 60 61 64 67 69 70 71 74 75 79 82 83 84 85 87 88 90 91 92 93 94 96 97 105 106 107 108 109 111 112 114 115 116 119 121 122 123 124 125 127 128 129 130 132 135 136 137 140 141 142 143 145 147 148 149 150 151 152 153
6.4 214 0.15 good
7.2 492 0.25 good
6.4 38 0.18 bad
5.8 22 0.10 bad
5.6 122 0.12 good
6.0 42 0.23 good
5.8 8 0.11 bad
5.4 14 0.02 bad
5.8 25 0.09 bad
6.9 15 0.16 bad
6.0 12 0.20 bad
6.6 204 0.23 bad
5.7 25 0.14 good
5.6 10 0.12 bad
6.5 7 0.28 bad
6.7 70 0.28 bad
4.6 12 0.04 bad
4.7 32 0.06 good
5.5 23 0.11 bad
6.5 32 0.19 bad
4.5 31 0.05 good
7.2 73 0.27 bad
7.1 68 0.36 good
5.4 9 0.11 bad
5.8 6 0.09 good
6.1 49 0.15 good
5.1 24 0.03 bad
5.5 254 0.21 good
6.7 63 0.19 bad
7.8 106 0.28 bad
5.9 19 0.13 bad
3.5 1 0.00 bad
6.7 172 0.19 good
6.7 289 0.17 good
5.4 215 0.11 bad
5.1 18 0.14 good
5.4 242 0.23 good
5.3 20 0.08 bad
6.8 371 0.17 bad
5.9 13 0.10 bad
5.3 7 0.07 good
7.9 446 0.42 bad
4.0 1 0.10 bad
5.3 13 0.13 good
6.2 551 0.18 bad
7.5 70 0.37 good
6.5 138 0.25 good
6.2 19 0.23 bad
7.5 33 0.21 good
4.4 10 0.02 bad
7.6 17 0.42 good
7.4 5 0.21 bad
5.9 2 0.20 bad
6.1 119 0.17 bad
6.1 16 0.04 bad
6.4 8 0.10 good
5.2 94 0.10 bad
5.6 3 0.22 bad
6.6 22 0.22 bad
5.9 3 0.14 bad
5.2 55 0.10 good
6.4 65 0.27 bad
6.7 321 0.30 good
4.0 4 0.07 bad
7.2 218 0.34 good
7.8 141 0.42 good
6.9 121 0.21 bad
7.0 57 0.23 good
6.7 100 0.17 good
6.5 7 0.13 good
7.4 98 0.31 good
6.0 102 0.16 good
6.4 188 0.31 bad
8.7 1586 0.63 good
6.0 34 0.10 bad
5.8 53 0.12 good
5.4 63 0.11 bad
8.5 218 0.60 bad
5.5 76 0.07 bad
6.0 7 0.17 good
7.3 274 0.29 good
4.5 14 0.02 bad
7.0 126 0.25 bad
7.0 32 0.20 good
5.6 57 0.11 good
8.9 149 0.67 good
7.4 146 0.36 good
6.5 108 0.31 good
7.3 510 0.37 good
5.7 11 0.17 bad
6.4 131 0.13 good
7.0 293 0.26 bad
4.8 9 0.09 bad
7.8 303 0.38 good
6.4 7 0.05 bad
6.9 19 0.15 bad
7.8 365 0.46 good
5.5 42 0.10 bad
6.7 28 0.08 bad
3.9 26 0.02 good
3.3 54 0.08 bad
6.0 178 0.15 good
6.1 5 0.15 bad
6.8 125 0.37 bad
5.1 12 0.09 good
5.7 50 0.12 good