BookWordCount BookScoreCount TwoStarRate Class
96
0 2 4 5 7 8 9 11 12 16 19 22 23 25 27 28 30 31 32 35 37 38 39 42 44 45 46 47 49 51 53 54 56 58 59 61 62 65 67 68 69 71 74 76 77 78 80 81 82 83 84 85 86 87 89 90 93 94 95 96 97 100 102 103 104 106 107 108 109 111 112 113 114 116 117 118 122 126 128 130 131 132 133 134 135 137 138 139 140 141 143 144 150 151 152 153
177.20 568 0.15 good
48.30 47 0.10 bad
139.00 78 0.09 bad
158.50 439 0.20 good
38.90 27 0.15 bad
143.50 177 0.16 bad
21.30 51 0.18 bad
13.40 51 0.04 bad
21.80 25 0.08 bad
135.80 119 0.22 good
122.40 250 0.18 bad
77.70 159 0.15 bad
122.20 116 0.31 good
35.90 11 0.20 bad
147.20 150 0.17 good
53.00 263 0.11 bad
150.70 29 0.18 bad
78.00 44 0.30 good
51.10 292 0.09 bad
713.10 1909 0.12 good
51.30 216 0.03 bad
80.20 63 0.35 bad
22.80 20 0.26 bad
300.10 686 0.17 bad
296.80 1885 0.07 good
380.50 299 0.20 bad
123.50 108 0.07 good
49.70 79 0.28 bad
44.50 72 0.10 bad
84.60 133 0.30 bad
53.70 22 0.33 bad
13.00 43 0.05 good
40.40 80 0.20 good
63.50 461 0.05 good
133.40 484 0.21 good
17.00 86 0.08 good
49.60 13 0.50 bad
72.20 82 0.28 bad
16.80 90 0.06 good
79.60 153 0.11 bad
7.30 20 0.05 bad
98.90 248 0.12 bad
49.30 46 0.22 bad
46.20 429 0.07 good
1070.70 745 0.07 bad
70.00 217 0.10 bad
144.70 714 0.03 bad
87.70 25 0.08 bad
183.00 31 0.41 bad
40.80 104 0.17 bad
30.00 21 0.14 bad
87.20 356 0.19 good
129.90 222 0.03 bad
112.10 182 0.09 bad
153.20 145 0.17 bad
50.40 16 0.13 bad
90.50 396 0.08 bad
63.70 218 0.11 good
99.00 13 0.23 bad
34.10 188 0.11 good
22.20 39 0.03 good
59.90 42 0.02 bad
78.10 225 0.14 good
21.40 29 0.08 bad
150.50 25 0.31 bad
64.40 349 0.14 good
310.00 1184 0.12 bad
446.50 5393 0.02 good
101.10 88 0.14 bad
148.90 182 0.16 good
107.80 201 0.20 bad
247.80 136 0.13 bad
31.70 1114 0.02 bad
118.30 19 0.12 good
59.10 34 0.11 bad
92.20 274 0.11 bad
79.20 385 0.10 bad
89.70 353 0.06 good
296.70 607 0.08 good
46.30 82 0.13 bad
195.70 31 0.41 good
237.20 614 0.14 good
145.80 23 0.13 bad
179.50 795 0.12 good
335.20 1310 0.09 bad
448.70 1641 0.05 good
212.90 328 0.10 bad
130.30 1100 0.07 good
43.40 21 0.30 bad
25.10 83 0.03 bad
177.70 153 0.21 bad
319.70 364 0.25 bad
44.60 21 0.15 bad
93.00 638 0.07 bad
163.50 45 0.19 good
73.20 209 0.22 good