TwoStarRate Mode Median Class
106
0 5 7 8 10 11 16 17 18 20 21 25 26 27 28 29 30 31 32 33 34 36 38 41 42 47 48 49 50 51 52 53 54 55 57 58 59 60 61 62 63 66 67 68 71 72 73 74 75 78 79 80 82 84 85 86 88 89 90 91 92 93 94 96 97 101 102 103 104 106 107 108 111 112 114 115 116 117 118 120 121 122 123 124 126 127 131 132 133 135 136 138 140 141 142 143 144 145 146 147 148 149 150 151 152 153
0.15 8.00 6.00 good
0.20 6.00 6.00 good
0.15 6.00 6.00 bad
0.16 6.00 6.00 bad
0.26 8.00 6.00 bad
0.04 6.00 6.00 bad
0.22 6.00 6.00 good
0.22 8.00 6.00 bad
0.17 10.00 6.00 bad
0.20 2.00 4.00 good
0.37 4.00 4.00 bad
0.20 2.00 4.00 bad
0.09 6.00 6.00 bad
0.17 2.00 4.00 good
0.11 8.00 8.00 bad
0.10 10.00 8.00 good
0.18 6.00 6.00 bad
0.30 6.00 6.00 good
0.09 8.00 8.00 bad
0.20 6.00 6.00 good
0.30 6.00 6.00 bad
0.10 8.00 8.00 bad
0.35 4.00 6.00 bad
0.14 6.00 6.00 good
0.17 2.00 6.00 bad
0.28 4.00 4.00 bad
0.09 8.00 6.00 bad
0.10 6.00 6.00 bad
0.28 6.00 6.00 good
0.30 6.00 6.00 bad
0.04 10.00 8.00 bad
0.33 2.00 4.00 bad
0.05 6.00 6.00 good
0.28 6.00 6.00 bad
0.07 8.00 6.00 bad
0.05 10.00 8.00 good
0.21 10.00 6.00 good
0.21 10.00 6.00 bad
0.08 8.00 8.00 good
0.50 4.00 4.00 bad
0.07 2.00 6.00 good
0.14 6.00 6.00 bad
0.06 10.00 8.00 good
0.11 8.00 8.00 bad
0.12 8.00 6.00 bad
0.08 10.00 8.00 good
0.11 8.00 8.00 bad
0.22 6.00 6.00 bad
0.10 6.00 6.00 good
0.10 6.00 6.00 bad
0.19 2.00 6.00 bad
0.03 10.00 10.00 bad
0.41 4.00 4.00 bad
0.14 6.00 6.00 bad
0.19 2.00 4.00 good
0.03 6.00 8.00 bad
0.10 10.00 8.00 good
0.17 8.00 6.00 bad
0.13 2.00 2.00 bad
0.08 10.00 8.00 good
0.04 10.00 8.00 good
0.08 8.00 8.00 bad
0.11 8.00 8.00 good
0.11 8.00 8.00 good
0.03 8.00 8.00 good
0.10 10.00 8.00 bad
0.14 2.00 6.00 good
0.08 6.00 6.00 bad
0.31 6.00 4.00 bad
0.14 6.00 6.00 good
0.12 10.00 6.00 bad
0.02 10.00 10.00 good
0.16 8.00 6.00 good
0.20 6.00 6.00 bad
0.02 10.00 10.00 bad
0.19 6.00 6.00 bad
0.12 6.00 6.00 good
0.11 6.00 6.00 bad
0.11 6.00 6.00 bad
0.18 8.00 6.00 good
0.30 6.00 4.00 bad
0.10 8.00 8.00 bad
0.08 6.00 6.00 good
0.19 6.00 6.00 good
0.06 10.00 8.00 good
0.06 10.00 8.00 good
0.41 4.00 4.00 good
0.14 8.00 6.00 good
0.13 8.00 6.00 bad
0.09 8.00 8.00 bad
0.24 6.00 4.00 bad
0.10 2.00 6.00 bad
0.30 8.00 8.00 bad
0.03 8.00 8.00 bad
0.05 10.00 8.00 good
0.21 8.00 6.00 bad
0.25 6.00 6.00 bad
0.10 6.00 6.00 bad
0.09 8.00 8.00 good
0.22 2.00 4.00 good
0.03 2.00 2.00 bad
0.18 8.00 6.00 good
0.15 6.00 6.00 bad
0.07 10.00 8.00 bad
0.19 2.00 6.00 good
0.22 6.00 6.00 good