ThreeStarRate FourStarRate Mode Class
99
1 2 4 5 6 7 8 9 10 11 12 13 14 15 16 19 21 22 25 27 28 30 31 32 33 35 36 38 39 40 43 44 45 46 47 48 50 52 53 57 59 61 62 63 65 67 68 69 71 72 74 79 80 81 83 85 86 87 88 91 93 94 95 97 98 99 100 101 102 104 105 106 110 112 113 114 115 116 118 119 120 122 123 124 125 127 129 130 131 132 134 138 139 140 141 142 147 148 152
0.23 0.36 8.00 good
0.40 0.24 6.00 bad
0.33 0.25 6.00 bad
0.26 0.21 6.00 good
0.21 0.18 2.00 good
0.48 0.11 6.00 bad
0.30 0.22 6.00 bad
0.26 0.30 8.00 bad
0.23 0.27 8.00 bad
0.40 0.32 6.00 bad
0.44 0.08 6.00 bad
0.39 0.13 6.00 bad
0.21 0.19 2.00 good
0.27 0.25 6.00 bad
0.23 0.20 6.00 good
0.22 0.22 10.00 bad
0.16 0.14 4.00 bad
0.40 0.28 6.00 bad
0.20 0.00 2.00 bad
0.21 0.15 2.00 good
0.25 0.31 8.00 bad
0.32 0.14 6.00 bad
0.33 0.19 6.00 good
0.31 0.39 8.00 bad
0.29 0.23 6.00 good
0.18 0.14 2.00 good
0.23 0.34 8.00 bad
0.27 0.17 4.00 bad
0.16 0.05 2.00 bad
0.24 0.33 8.00 good
0.24 0.14 2.00 good
0.11 0.16 2.00 good
0.30 0.23 6.00 bad
0.19 0.33 8.00 good
0.20 0.22 4.00 bad
0.33 0.33 8.00 bad
0.32 0.14 6.00 good
0.15 0.30 10.00 bad
0.14 0.00 2.00 bad
0.21 0.29 8.00 bad
0.21 0.21 10.00 good
0.25 0.44 8.00 good
0.08 0.34 4.00 bad
0.12 0.20 2.00 good
0.31 0.07 6.00 bad
0.16 0.25 10.00 good
0.25 0.30 8.00 bad
0.26 0.42 8.00 bad
0.25 0.25 8.00 bad
0.26 0.20 10.00 good
0.36 0.31 6.00 bad
0.26 0.17 2.00 bad
0.13 0.19 10.00 bad
0.54 0.08 6.00 bad
0.28 0.22 6.00 bad
0.15 0.24 2.00 good
0.30 0.27 6.00 bad
0.23 0.19 10.00 bad
0.18 0.23 10.00 good
0.16 0.28 10.00 good
0.26 0.34 8.00 bad
0.23 0.33 8.00 good
0.46 0.00 6.00 bad
0.26 0.40 8.00 good
0.22 0.33 8.00 good
0.34 0.26 6.00 bad
0.34 0.27 6.00 bad
0.26 0.27 10.00 bad
0.26 0.21 2.00 good
0.34 0.04 6.00 bad
0.19 0.33 8.00 good
0.27 0.24 6.00 good
0.28 0.24 6.00 bad
0.30 0.15 6.00 bad
0.36 0.21 6.00 bad
0.09 0.23 10.00 bad
0.35 0.19 6.00 bad
0.42 0.12 6.00 good
0.39 0.30 6.00 bad
0.20 0.33 8.00 good
0.20 0.25 8.00 good
0.28 0.29 8.00 bad
0.37 0.30 6.00 good
0.29 0.20 6.00 good
0.08 0.20 10.00 good
0.22 0.26 10.00 good
0.16 0.26 10.00 good
0.28 0.16 6.00 bad
0.13 0.11 4.00 good
0.25 0.35 8.00 good
0.21 0.34 8.00 good
0.22 0.19 2.00 bad
0.24 0.36 8.00 good
0.07 0.54 8.00 bad
0.19 0.49 8.00 bad
0.15 0.24 10.00 good
0.19 0.09 2.00 good
0.04 0.06 2.00 bad
0.28 0.14 2.00 good