BookScore ThreeStarRate FourStarRate Class
95
0 1 2 3 4 5 6 7 8 9 10 12 13 17 18 20 26 29 30 31 33 34 35 37 38 39 40 41 42 43 44 46 47 50 51 52 53 54 55 56 58 59 60 61 62 63 67 69 70 71 72 75 76 77 78 80 83 84 85 86 87 91 93 96 98 100 104 105 106 108 109 110 114 115 116 119 120 121 123 125 126 128 129 133 135 137 138 140 141 143 144 146 147 150 151
6.4 0.28 0.30 good
7.2 0.23 0.36 good
6.4 0.40 0.24 bad
6.4 0.27 0.27 bad
5.8 0.33 0.25 bad
5.6 0.26 0.21 good
6.0 0.21 0.18 good
5.8 0.48 0.11 bad
6.5 0.30 0.22 bad
5.4 0.26 0.30 bad
5.8 0.23 0.27 bad
6.0 0.44 0.08 bad
5.5 0.39 0.13 bad
5.6 0.20 0.23 bad
6.5 0.28 0.14 bad
5.3 0.15 0.20 good
6.5 0.43 0.18 bad
7.1 0.22 0.20 good
5.4 0.32 0.14 bad
5.8 0.33 0.19 good
6.1 0.29 0.23 good
5.1 0.39 0.13 bad
5.5 0.18 0.14 good
7.8 0.20 0.44 bad
5.9 0.27 0.17 bad
3.5 0.16 0.05 bad
6.7 0.24 0.33 good
6.7 0.34 0.29 good
5.4 0.26 0.20 bad
5.1 0.24 0.14 good
5.4 0.11 0.16 good
7.1 0.19 0.33 good
5.3 0.20 0.22 bad
5.3 0.32 0.14 good
5.9 0.37 0.21 bad
7.9 0.15 0.30 bad
4.0 0.14 0.00 bad
7.0 0.33 0.21 good
5.6 0.33 0.20 bad
5.3 0.32 0.10 good
7.5 0.14 0.30 good
6.5 0.21 0.21 good
6.2 0.18 0.20 bad
7.5 0.25 0.44 good
5.3 0.08 0.34 bad
6.2 0.12 0.20 good
7.6 0.16 0.25 good
7.4 0.26 0.42 bad
5.9 0.04 0.32 bad
6.1 0.25 0.25 bad
7.3 0.26 0.20 good
6.4 0.40 0.30 good
6.8 0.15 0.36 good
7.6 0.22 0.27 bad
6.2 0.33 0.24 bad
8.3 0.13 0.19 bad
6.6 0.28 0.22 bad
5.9 0.33 0.19 bad
5.2 0.15 0.24 good
7.0 0.30 0.27 bad
6.4 0.23 0.19 bad
7.2 0.16 0.28 good
6.9 0.26 0.34 bad
6.7 0.28 0.33 good
7.3 0.22 0.33 good
7.0 0.34 0.27 bad
4.9 0.34 0.04 bad
7.4 0.19 0.33 good
6.0 0.27 0.24 good
8.7 0.10 0.20 good
6.0 0.36 0.24 bad
5.8 0.28 0.24 bad
8.5 0.09 0.23 bad
5.5 0.35 0.19 bad
6.0 0.42 0.12 good
7.3 0.20 0.33 good
5.6 0.20 0.25 good
4.5 0.32 0.08 bad
7.0 0.37 0.30 good
8.9 0.08 0.20 good
6.4 0.16 0.21 good
6.5 0.13 0.23 good
7.3 0.16 0.26 good
5.9 0.33 0.33 bad
7.0 0.24 0.29 bad
7.8 0.15 0.33 good
5.7 0.22 0.19 bad
6.4 0.07 0.54 bad
6.9 0.19 0.49 bad
5.5 0.22 0.24 bad
5.4 0.27 0.18 bad
7.0 0.27 0.37 good
3.9 0.19 0.09 good
6.1 0.35 0.20 bad
6.8 0.16 0.19 bad