BookScore Mode Median Class
95
0 1 3 6 7 8 9 10 13 15 20 21 22 23 26 28 29 32 34 35 36 37 41 43 44 47 48 50 51 52 55 57 59 61 62 63 65 67 68 69 70 71 73 74 76 77 79 81 83 84 86 87 88 92 95 96 97 98 100 102 104 105 106 107 108 109 112 114 115 116 117 118 119 123 126 127 128 129 130 131 132 133 134 135 137 139 140 142 143 145 146 149 150 151 153
6.4 8.00 6.00 good
7.2 8.00 8.00 good
6.4 8.00 6.00 bad
6.0 2.00 6.00 good
5.8 6.00 6.00 bad
6.5 6.00 6.00 bad
5.4 8.00 6.00 bad
5.8 8.00 6.00 bad
5.5 6.00 6.00 bad
6.6 6.00 6.00 bad
5.3 2.00 4.00 good
4.6 4.00 4.00 bad
6.5 6.00 6.00 bad
4.7 4.00 4.00 good
6.5 6.00 6.00 bad
7.2 8.00 8.00 bad
7.1 10.00 8.00 good
6.8 8.00 8.00 bad
5.1 6.00 6.00 bad
5.5 2.00 6.00 good
6.7 8.00 8.00 bad
7.8 8.00 8.00 bad
6.7 6.00 6.00 good
5.1 2.00 6.00 good
5.4 2.00 4.00 good
5.3 4.00 4.00 bad
6.8 8.00 6.00 bad
5.3 6.00 6.00 good
5.9 6.00 6.00 bad
7.9 10.00 8.00 bad
5.6 6.00 6.00 bad
6.2 8.00 6.00 bad
6.5 10.00 6.00 good
7.5 8.00 8.00 good
5.3 4.00 4.00 bad
6.2 2.00 6.00 good
4.8 6.00 4.00 bad
7.6 10.00 8.00 good
6.8 8.00 8.00 bad
7.4 8.00 8.00 bad
5.9 2.00 8.00 bad
6.1 8.00 6.00 bad
6.8 8.00 8.00 bad
6.1 6.00 6.00 bad
6.8 8.00 8.00 good
7.6 10.00 8.00 bad
5.2 2.00 6.00 bad
5.8 6.00 6.00 bad
6.6 6.00 6.00 bad
5.9 6.00 6.00 bad
7.0 6.00 8.00 bad
6.4 10.00 6.00 bad
6.7 10.00 8.00 good
7.8 10.00 8.00 good
5.5 6.00 6.00 bad
6.7 8.00 8.00 good
6.5 8.00 8.00 good
7.3 8.00 8.00 good
7.0 6.00 8.00 bad
5.3 2.00 6.00 good
4.9 6.00 4.00 bad
7.4 8.00 8.00 good
6.0 6.00 6.00 good
6.4 10.00 6.00 bad
8.7 10.00 10.00 good
6.0 6.00 6.00 bad
5.4 6.00 6.00 bad
8.5 10.00 10.00 bad
5.5 6.00 6.00 bad
6.0 6.00 6.00 good
5.5 6.00 6.00 bad
6.5 6.00 6.00 bad
7.3 8.00 8.00 good
7.0 6.00 6.00 good
6.4 10.00 8.00 good
7.4 10.00 8.00 good
6.5 10.00 8.00 good
7.3 10.00 8.00 good
5.7 6.00 6.00 bad
4.4 4.00 4.00 good
6.4 8.00 6.00 good
5.9 8.00 6.00 bad
6.5 8.00 8.00 good
7.0 8.00 8.00 bad
7.8 10.00 8.00 good
7.0 8.00 8.00 good
6.4 8.00 8.00 bad
7.8 10.00 8.00 good
5.5 8.00 6.00 bad
6.7 6.00 6.00 bad
7.0 8.00 8.00 good
6.0 8.00 6.00 good
6.1 6.00 6.00 bad
6.8 10.00 8.00 bad
5.7 6.00 6.00 good