FourStarRate Mode Median Class
94
0 2 3 4 8 11 12 13 14 15 16 18 20 22 24 25 26 27 28 30 31 32 34 35 36 38 39 40 43 46 51 52 53 54 55 59 61 63 64 65 66 67 69 72 73 74 76 80 82 83 85 86 88 89 90 91 94 95 96 97 99 101 103 105 108 109 110 111 112 113 114 115 117 119 122 126 127 129 130 131 134 135 137 138 142 143 144 145 146 147 148 150 151 152
0.30 8.00 6.00 good
0.24 6.00 6.00 bad
0.27 8.00 6.00 bad
0.25 6.00 6.00 bad
0.22 6.00 6.00 bad
0.32 6.00 6.00 bad
0.08 6.00 6.00 bad
0.13 6.00 6.00 bad
0.19 2.00 6.00 good
0.25 6.00 6.00 bad
0.20 6.00 6.00 good
0.14 10.00 6.00 bad
0.20 2.00 4.00 good
0.28 6.00 6.00 bad
0.13 6.00 6.00 bad
0.00 2.00 4.00 bad
0.18 6.00 6.00 bad
0.15 2.00 4.00 good
0.31 8.00 8.00 bad
0.14 6.00 6.00 bad
0.19 6.00 6.00 good
0.39 8.00 8.00 bad
0.13 6.00 6.00 bad
0.14 2.00 6.00 good
0.34 8.00 8.00 bad
0.17 4.00 6.00 bad
0.05 2.00 2.00 bad
0.33 8.00 8.00 good
0.14 2.00 6.00 good
0.33 8.00 8.00 good
0.21 6.00 6.00 bad
0.30 10.00 8.00 bad
0.00 2.00 4.00 bad
0.21 6.00 6.00 good
0.20 6.00 6.00 bad
0.21 10.00 6.00 good
0.44 8.00 8.00 good
0.20 2.00 6.00 good
0.14 2.00 4.00 bad
0.07 6.00 4.00 bad
0.19 6.00 6.00 bad
0.25 10.00 8.00 good
0.42 8.00 8.00 bad
0.20 10.00 8.00 good
0.39 8.00 8.00 bad
0.31 6.00 6.00 bad
0.36 8.00 8.00 good
0.19 10.00 10.00 bad
0.05 4.00 4.00 bad
0.22 6.00 6.00 bad
0.24 2.00 4.00 good
0.27 6.00 8.00 bad
0.23 10.00 8.00 good
0.28 8.00 6.00 bad
0.07 2.00 2.00 bad
0.28 10.00 8.00 good
0.33 8.00 8.00 good
0.00 6.00 6.00 bad
0.33 8.00 8.00 good
0.40 8.00 8.00 good
0.26 6.00 6.00 bad
0.27 10.00 8.00 bad
0.26 6.00 6.00 bad
0.33 8.00 8.00 good
0.20 10.00 10.00 good
0.24 6.00 6.00 bad
0.24 6.00 6.00 bad
0.26 8.00 6.00 good
0.15 6.00 6.00 bad
0.21 6.00 6.00 bad
0.23 10.00 10.00 bad
0.19 6.00 6.00 bad
0.14 6.00 6.00 bad
0.33 8.00 8.00 good
0.29 8.00 8.00 bad
0.21 10.00 8.00 good
0.26 10.00 8.00 good
0.26 10.00 8.00 good
0.16 6.00 6.00 bad
0.11 4.00 4.00 good
0.34 8.00 8.00 good
0.29 8.00 8.00 bad
0.33 10.00 8.00 good
0.19 2.00 6.00 bad
0.24 10.00 8.00 good
0.24 8.00 6.00 bad
0.18 6.00 6.00 bad
0.33 6.00 6.00 bad
0.37 8.00 8.00 good
0.09 2.00 4.00 good
0.06 2.00 2.00 bad
0.20 6.00 6.00 bad
0.19 10.00 8.00 bad
0.14 2.00 6.00 good