ThreeStarRate Median Kurtosis Class
95
0 2 5 7 9 10 12 16 18 20 21 24 27 28 30 31 32 33 36 38 39 41 42 47 48 50 51 52 53 54 55 56 59 60 61 62 63 65 66 68 70 71 72 74 76 77 82 84 85 87 88 89 90 91 92 95 97 98 99 100 101 102 103 107 108 110 111 113 114 115 116 117 118 119 120 122 124 125 126 127 128 130 131 133 136 137 140 141 143 148 149 150 151 152 153
0.28 6.00 200.91 good
0.40 6.00 267.71 bad
0.26 6.00 93.52 good
0.48 6.00 181.37 bad
0.26 6.00 110.48 bad
0.23 6.00 143.84 bad
0.44 6.00 114.51 bad
0.23 6.00 87.54 good
0.28 6.00 137.29 bad
0.15 4.00 48.29 good
0.16 4.00 66.70 bad
0.36 6.00 114.10 bad
0.21 4.00 40.03 good
0.25 8.00 418.19 bad
0.32 6.00 80.73 bad
0.33 6.00 211.54 good
0.31 8.00 404.81 bad
0.29 6.00 163.05 good
0.23 8.00 203.97 bad
0.27 6.00 172.89 bad
0.16 2.00 53.89 bad
0.34 6.00 389.04 good
0.26 6.00 74.29 bad
0.20 4.00 85.63 bad
0.33 6.00 362.40 bad
0.32 6.00 119.73 good
0.37 6.00 339.26 bad
0.15 8.00 453.60 bad
0.14 4.00 31.11 bad
0.33 6.00 245.77 good
0.33 6.00 182.02 bad
0.32 6.00 74.03 good
0.21 6.00 148.52 good
0.18 6.00 95.85 bad
0.25 8.00 1104.85 good
0.08 4.00 199.64 bad
0.12 6.00 55.29 good
0.31 4.00 77.07 bad
0.43 6.00 204.65 bad
0.25 8.00 223.96 bad
0.04 8.00 49.13 bad
0.25 6.00 106.33 bad
0.26 8.00 259.41 good
0.36 6.00 393.48 bad
0.15 8.00 159.36 good
0.22 8.00 440.27 bad
0.20 4.00 87.78 bad
0.33 6.00 116.65 bad
0.15 4.00 51.21 good
0.23 6.00 95.46 bad
0.18 8.00 118.81 good
0.27 6.00 208.64 bad
0.20 2.00 25.57 bad
0.16 8.00 191.97 good
0.16 8.00 444.03 good
0.46 6.00 128.84 bad
0.26 8.00 198.40 good
0.22 8.00 391.57 good
0.34 6.00 243.27 bad
0.34 8.00 297.05 bad
0.26 8.00 286.97 bad
0.26 6.00 65.28 good
0.50 6.00 664.54 bad
0.15 6.00 72.91 bad
0.10 10.00 1238.93 good
0.28 6.00 131.59 bad
0.26 6.00 113.09 good
0.36 6.00 164.81 bad
0.09 10.00 875.52 bad
0.35 6.00 125.49 bad
0.42 6.00 138.45 good
0.45 6.00 132.92 bad
0.39 6.00 387.39 bad
0.20 8.00 297.36 good
0.20 6.00 75.21 good
0.28 8.00 313.76 bad
0.29 6.00 101.09 good
0.08 10.00 1797.82 good
0.16 8.00 76.64 good
0.22 8.00 319.05 good
0.13 8.00 82.37 good
0.28 6.00 73.99 bad
0.13 4.00 58.14 good
0.33 6.00 194.01 bad
0.32 4.00 63.17 bad
0.15 8.00 478.73 good
0.07 8.00 361.68 bad
0.19 8.00 311.51 bad
0.22 6.00 86.23 bad
0.04 2.00 9.99 bad
0.23 6.00 113.50 good
0.35 6.00 158.29 bad
0.16 8.00 105.22 bad
0.28 6.00 62.68 good
0.25 6.00 105.28 good