BookWordCount FourStarRate Median Class
102
1 2 6 7 9 10 11 12 13 14 17 20 21 22 23 24 25 26 32 33 36 37 39 40 41 42 43 44 45 48 49 50 51 52 53 55 56 57 58 60 61 65 66 67 68 69 71 72 76 79 81 82 84 87 88 90 91 92 93 94 95 97 98 99 100 101 103 105 106 107 109 110 111 112 113 114 115 116 118 119 120 121 122 124 125 126 127 128 132 133 137 138 139 140 141 143 144 145 147 148 149 150
289.90 0.36 8.00 good
48.30 0.24 6.00 bad
59.60 0.18 6.00 good
38.90 0.11 6.00 bad
21.30 0.30 6.00 bad
82.50 0.27 6.00 bad
13.40 0.32 6.00 bad
21.80 0.08 6.00 bad
27.50 0.13 6.00 bad
123.80 0.19 6.00 good
33.60 0.23 6.00 bad
82.30 0.20 4.00 good
74.10 0.14 4.00 bad
77.70 0.28 6.00 bad
122.20 0.08 4.00 good
74.80 0.13 6.00 bad
35.90 0.00 4.00 bad
62.70 0.18 6.00 bad
51.10 0.39 8.00 bad
178.90 0.23 6.00 good
87.00 0.34 8.00 bad
51.30 0.44 8.00 bad
22.80 0.05 2.00 bad
153.10 0.33 8.00 good
168.40 0.29 6.00 good
300.10 0.20 6.00 bad
74.40 0.14 6.00 good
296.80 0.16 4.00 good
380.50 0.23 6.00 bad
281.40 0.33 6.00 bad
44.50 0.23 6.00 bad
51.90 0.14 6.00 good
84.60 0.21 6.00 bad
76.10 0.30 8.00 bad
53.70 0.00 4.00 bad
106.40 0.20 6.00 bad
40.40 0.10 6.00 good
293.40 0.29 6.00 bad
63.50 0.30 8.00 good
45.10 0.20 6.00 bad
17.00 0.44 8.00 good
72.20 0.07 4.00 bad
34.80 0.19 6.00 bad
16.80 0.25 8.00 good
79.60 0.30 8.00 bad
7.30 0.42 8.00 bad
98.90 0.25 6.00 bad
390.00 0.20 8.00 good
46.20 0.36 8.00 good
131.20 0.17 6.00 bad
87.70 0.08 6.00 bad
183.00 0.05 4.00 bad
30.00 0.19 6.00 bad
112.10 0.19 6.00 bad
315.30 0.23 8.00 good
50.40 0.07 2.00 bad
126.20 0.28 8.00 good
116.50 0.29 8.00 good
90.50 0.34 8.00 bad
63.70 0.33 8.00 good
99.00 0.00 6.00 bad
22.20 0.40 8.00 good
170.60 0.33 8.00 good
181.90 0.26 6.00 bad
59.90 0.27 8.00 bad
219.60 0.27 8.00 bad
21.40 0.26 6.00 bad
198.70 0.33 8.00 good
64.40 0.24 6.00 good
310.00 0.17 6.00 bad
101.10 0.24 6.00 bad
133.50 0.24 6.00 bad
148.90 0.26 6.00 good
107.80 0.15 6.00 bad
247.80 0.21 6.00 bad
31.70 0.23 10.00 bad
119.20 0.19 6.00 bad
118.30 0.12 6.00 good
92.20 0.30 6.00 bad
427.70 0.33 8.00 good
85.80 0.25 6.00 good
145.90 0.08 4.00 bad
79.20 0.29 8.00 bad
223.00 0.20 6.00 good
65.70 0.20 10.00 good
89.70 0.21 8.00 good
34.20 0.26 8.00 good
296.70 0.23 8.00 good
237.20 0.35 6.00 good
145.80 0.33 6.00 bad
448.70 0.33 8.00 good
212.90 0.19 6.00 bad
130.30 0.36 8.00 good
43.40 0.54 8.00 bad
25.10 0.49 8.00 bad
177.70 0.24 6.00 bad
319.70 0.18 6.00 bad
62.30 0.33 6.00 bad
154.00 0.09 4.00 good
209.90 0.06 2.00 bad
382.10 0.26 6.00 good
44.60 0.20 6.00 bad