AddListCount FiveStarRate Median Class
98
3 4 5 10 12 13 14 17 18 20 23 24 25 27 28 29 30 32 33 36 37 40 41 44 45 48 50 51 52 53 54 55 56 57 58 59 60 62 64 65 66 67 70 71 72 73 74 75 76 77 79 80 84 85 87 88 89 90 93 94 96 97 99 100 101 102 104 107 108 112 114 115 116 120 122 123 124 125 126 127 128 132 133 134 136 137 141 142 143 144 145 146 147 148 149 150 152 153
38 0.18 6.00 bad
22 0.10 6.00 bad
122 0.12 6.00 good
25 0.09 6.00 bad
12 0.20 6.00 bad
9 0.09 6.00 bad
136 0.20 6.00 good
10 0.12 6.00 bad
7 0.28 6.00 bad
17 0.13 4.00 good
32 0.06 4.00 good
23 0.11 6.00 bad
2 0.20 4.00 bad
31 0.05 4.00 good
73 0.27 8.00 bad
68 0.36 8.00 good
9 0.11 6.00 bad
111 0.13 8.00 bad
49 0.15 6.00 good
63 0.19 8.00 bad
106 0.28 8.00 bad
172 0.19 8.00 good
289 0.17 6.00 good
242 0.23 4.00 good
93 0.10 6.00 bad
371 0.17 6.00 bad
7 0.07 6.00 good
42 0.07 6.00 bad
446 0.42 8.00 bad
1 0.10 4.00 bad
9 0.29 6.00 good
11 0.06 6.00 bad
13 0.13 6.00 good
551 0.18 6.00 bad
70 0.37 8.00 good
138 0.25 6.00 good
19 0.23 6.00 bad
3 0.00 4.00 bad
10 0.02 4.00 bad
22 0.07 4.00 bad
2 0.10 6.00 bad
17 0.42 8.00 good
2 0.20 8.00 bad
119 0.17 6.00 bad
180 0.35 8.00 good
8 0.17 8.00 bad
16 0.04 6.00 bad
8 0.10 6.00 good
110 0.24 8.00 good
183 0.37 8.00 bad
94 0.10 6.00 bad
193 0.58 10.00 bad
3 0.14 6.00 bad
55 0.10 4.00 good
65 0.27 6.00 bad
321 0.30 8.00 good
49 0.17 6.00 bad
4 0.07 2.00 bad
121 0.21 8.00 bad
57 0.23 8.00 good
100 0.17 8.00 good
7 0.13 8.00 good
253 0.17 6.00 bad
8 0.25 8.00 bad
65 0.27 8.00 bad
39 0.08 6.00 good
5 0.09 4.00 bad
188 0.31 6.00 bad
1586 0.63 10.00 good
63 0.11 6.00 bad
218 0.60 10.00 bad
76 0.07 6.00 bad
7 0.17 6.00 good
15 0.11 6.00 good
126 0.25 8.00 bad
32 0.20 6.00 good
57 0.11 6.00 good
149 0.67 10.00 good
48 0.30 8.00 good
146 0.36 8.00 good
108 0.31 8.00 good
131 0.13 6.00 good
1 0.04 6.00 bad
168 0.18 8.00 good
9 0.09 4.00 bad
303 0.38 8.00 good
19 0.15 8.00 bad
365 0.46 8.00 good
42 0.10 6.00 bad
103 0.09 6.00 bad
28 0.08 6.00 bad
710 0.19 8.00 good
26 0.02 4.00 good
54 0.08 2.00 bad
178 0.15 6.00 good
5 0.15 6.00 bad
12 0.09 6.00 good
50 0.12 6.00 good