BookScoreCount AddListCount FourStarRate Class
98
0 1 2 3 4 8 13 14 16 17 20 21 22 23 24 25 26 27 28 29 30 35 36 38 39 40 42 43 46 47 49 50 53 55 56 57 58 59 60 61 62 64 65 66 67 68 69 70 72 73 74 78 81 82 83 85 86 90 91 93 94 97 98 99 100 101 102 106 107 109 110 112 113 114 115 120 121 122 123 124 125 126 127 129 130 132 134 135 136 140 141 142 145 147 149 150 151 153
568 214 0.30 good
967 492 0.36 good
47 12 0.24 bad
129 38 0.27 bad
78 22 0.25 bad
177 53 0.22 bad
48 9 0.13 bad
454 136 0.19 good
119 25 0.20 good
36 10 0.23 bad
112 17 0.20 good
44 12 0.14 bad
159 61 0.28 bad
116 32 0.08 good
70 23 0.13 bad
11 2 0.00 bad
100 32 0.18 bad
150 31 0.15 good
263 73 0.31 bad
290 68 0.20 good
29 9 0.14 bad
1909 254 0.14 good
223 63 0.34 bad
63 19 0.17 bad
20 1 0.05 bad
495 172 0.33 good
686 215 0.20 bad
81 18 0.14 good
108 28 0.33 good
79 20 0.22 bad
72 13 0.23 bad
29 7 0.14 good
22 1 0.00 bad
55 11 0.20 bad
80 13 0.10 good
2109 551 0.29 bad
461 70 0.30 good
484 138 0.21 good
108 19 0.20 bad
86 33 0.44 good
13 3 0.34 bad
45 10 0.14 bad
82 22 0.07 bad
21 2 0.19 bad
90 17 0.25 good
153 45 0.30 bad
20 5 0.42 bad
51 2 0.32 bad
956 180 0.20 good
19 8 0.39 bad
46 16 0.31 bad
217 57 0.24 bad
25 4 0.08 bad
31 3 0.05 bad
104 22 0.22 bad
356 55 0.24 good
222 53 0.27 bad
16 4 0.07 bad
654 218 0.28 good
396 121 0.34 bad
218 57 0.33 good
39 7 0.40 good
2113 558 0.33 good
942 253 0.26 bad
42 8 0.27 bad
219 65 0.27 bad
225 39 0.21 good
349 102 0.24 good
1184 188 0.17 bad
88 34 0.24 bad
112 31 0.24 bad
201 63 0.15 bad
136 25 0.21 bad
1114 218 0.23 bad
282 76 0.19 bad
45 15 0.25 good
59 14 0.08 bad
385 126 0.29 bad
93 32 0.30 good
320 57 0.20 good
768 149 0.20 good
353 48 0.21 good
387 146 0.26 good
2063 510 0.26 good
82 11 0.16 bad
614 131 0.35 good
795 168 0.34 good
1310 293 0.29 bad
68 9 0.05 bad
21 7 0.54 bad
83 19 0.49 bad
2366 365 0.24 good
61 28 0.33 bad
208 26 0.09 good
674 178 0.26 good
21 5 0.20 bad
638 125 0.19 bad
209 50 0.22 good