AddListCount ThreeStarRate FourStarRate Class
97
0 3 4 5 6 7 8 13 14 15 16 18 19 20 21 22 23 24 25 28 29 30 32 33 35 37 38 39 42 43 44 45 48 50 52 53 54 55 57 58 59 60 61 62 63 66 67 68 70 71 72 73 75 78 79 80 81 84 85 86 87 91 92 94 99 100 103 104 105 106 107 109 110 111 112 113 115 116 117 121 122 124 127 128 129 133 134 139 140 142 145 148 149 150 151 152 153
214 0.28 0.30 good
38 0.27 0.27 bad
22 0.33 0.25 bad
122 0.26 0.21 good
42 0.21 0.18 good
8 0.48 0.11 bad
53 0.30 0.22 bad
9 0.39 0.13 bad
136 0.21 0.19 good
204 0.27 0.25 bad
25 0.23 0.20 good
7 0.28 0.14 bad
70 0.22 0.22 bad
17 0.15 0.20 good
12 0.16 0.14 bad
61 0.40 0.28 bad
32 0.28 0.08 good
23 0.36 0.13 bad
2 0.20 0.00 bad
73 0.25 0.31 bad
68 0.22 0.20 good
9 0.32 0.14 bad
111 0.31 0.39 bad
49 0.29 0.23 good
254 0.18 0.14 good
106 0.20 0.44 bad
19 0.27 0.17 bad
1 0.16 0.05 bad
215 0.26 0.20 bad
18 0.24 0.14 good
242 0.11 0.16 good
93 0.30 0.23 bad
371 0.33 0.33 bad
7 0.32 0.14 good
446 0.15 0.30 bad
1 0.14 0.00 bad
9 0.33 0.21 good
11 0.33 0.20 bad
551 0.21 0.29 bad
70 0.14 0.30 good
138 0.21 0.21 good
19 0.18 0.20 bad
33 0.25 0.44 good
3 0.08 0.34 bad
21 0.12 0.20 good
2 0.43 0.19 bad
17 0.16 0.25 good
45 0.25 0.30 bad
2 0.04 0.32 bad
119 0.25 0.25 bad
180 0.26 0.20 good
8 0.22 0.39 bad
8 0.40 0.30 good
57 0.33 0.24 bad
94 0.26 0.17 bad
193 0.13 0.19 bad
4 0.54 0.08 bad
3 0.33 0.19 bad
55 0.15 0.24 good
53 0.30 0.27 bad
65 0.23 0.19 bad
218 0.16 0.28 good
141 0.16 0.29 good
57 0.23 0.33 good
253 0.34 0.26 bad
8 0.34 0.27 bad
6 0.50 0.26 bad
5 0.34 0.04 bad
98 0.19 0.33 good
102 0.27 0.24 good
188 0.15 0.17 bad
34 0.36 0.24 bad
31 0.28 0.24 bad
53 0.26 0.26 good
63 0.30 0.15 bad
25 0.36 0.21 bad
76 0.35 0.19 bad
7 0.42 0.12 good
5 0.45 0.14 bad
14 0.32 0.08 bad
126 0.28 0.29 bad
57 0.29 0.20 good
146 0.22 0.26 good
108 0.13 0.23 good
510 0.16 0.26 good
1 0.33 0.33 bad
168 0.21 0.34 good
206 0.24 0.36 good
7 0.07 0.54 bad
365 0.15 0.24 good
28 0.45 0.33 bad
54 0.04 0.06 bad
178 0.23 0.26 good
5 0.35 0.20 bad
125 0.16 0.19 bad
12 0.28 0.14 good
50 0.25 0.22 good