ThreeStarRate FiveStarRate Kurtosis Class
98
0 1 2 3 7 8 9 10 14 15 16 17 18 19 20 22 23 24 26 27 29 30 32 35 36 37 38 40 41 43 44 46 47 49 53 54 56 57 58 59 61 62 63 65 66 68 69 71 72 73 74 75 76 77 78 79 80 82 83 84 85 87 88 89 93 94 95 96 97 98 100 103 104 105 106 107 110 112 115 116 117 118 119 120 121 122 124 125 126 127 130 132 133 134 135 136 151 153
0.28 0.15 200.91 good
0.23 0.25 406.22 good
0.40 0.15 267.71 bad
0.27 0.18 155.27 bad
0.48 0.11 181.37 bad
0.30 0.21 196.73 bad
0.26 0.02 110.48 bad
0.23 0.09 143.84 bad
0.21 0.20 68.44 good
0.27 0.23 188.48 bad
0.23 0.14 87.54 good
0.20 0.12 80.31 bad
0.28 0.28 137.29 bad
0.22 0.28 181.41 bad
0.15 0.13 48.29 good
0.40 0.11 468.11 bad
0.28 0.06 78.49 good
0.36 0.11 114.10 bad
0.43 0.19 249.04 bad
0.21 0.05 40.03 good
0.22 0.36 194.89 good
0.32 0.11 80.73 bad
0.31 0.13 404.81 bad
0.18 0.21 41.11 good
0.23 0.19 203.97 bad
0.20 0.28 948.64 bad
0.27 0.13 172.89 bad
0.24 0.19 227.23 good
0.34 0.17 389.04 good
0.24 0.14 44.83 good
0.11 0.23 29.34 good
0.19 0.27 218.67 good
0.20 0.08 85.63 bad
0.39 0.10 155.38 bad
0.14 0.10 31.11 bad
0.33 0.29 245.77 good
0.32 0.13 74.03 good
0.21 0.18 94.54 bad
0.14 0.37 256.16 good
0.21 0.25 148.52 good
0.25 0.21 1104.85 good
0.08 0.00 199.64 bad
0.12 0.30 55.29 good
0.31 0.07 77.07 bad
0.43 0.10 204.65 bad
0.25 0.22 223.96 bad
0.26 0.21 758.93 bad
0.25 0.17 106.33 bad
0.26 0.35 259.41 good
0.22 0.17 278.58 bad
0.36 0.04 393.48 bad
0.40 0.10 344.01 good
0.15 0.24 159.36 good
0.22 0.37 440.27 bad
0.33 0.16 147.32 bad
0.26 0.10 65.93 bad
0.13 0.58 599.56 bad
0.20 0.22 87.78 bad
0.28 0.22 188.48 bad
0.33 0.14 116.65 bad
0.15 0.10 51.21 good
0.23 0.27 95.46 bad
0.18 0.30 118.81 good
0.27 0.17 208.64 bad
0.26 0.21 288.02 bad
0.23 0.23 299.63 good
0.46 0.15 128.84 bad
0.28 0.17 282.28 good
0.26 0.13 198.40 good
0.22 0.29 391.57 good
0.34 0.25 297.05 bad
0.50 0.11 664.54 bad
0.34 0.09 92.39 bad
0.19 0.31 385.10 good
0.27 0.16 114.14 good
0.15 0.31 72.91 bad
0.28 0.10 131.59 bad
0.30 0.11 84.03 bad
0.35 0.07 125.49 bad
0.42 0.17 138.45 good
0.45 0.09 132.92 bad
0.39 0.11 387.39 bad
0.20 0.29 297.36 good
0.20 0.11 75.21 good
0.32 0.02 102.63 bad
0.28 0.25 313.76 bad
0.29 0.11 101.09 good
0.08 0.67 1797.82 good
0.16 0.30 76.64 good
0.22 0.36 319.05 good
0.28 0.17 73.99 bad
0.25 0.13 212.10 good
0.33 0.04 194.01 bad
0.21 0.18 176.74 good
0.24 0.26 234.30 bad
0.32 0.09 63.17 bad
0.16 0.37 105.22 bad
0.25 0.12 105.28 good