BookScore AddListCount Median Class
99
0 2 3 4 5 8 9 10 11 12 14 15 16 17 20 22 25 27 30 31 32 36 38 39 41 42 44 46 47 48 50 51 52 53 54 55 56 60 61 62 63 64 65 69 70 71 72 73 74 75 76 78 79 80 81 82 83 85 87 88 93 94 95 97 101 103 106 107 108 110 111 112 114 115 118 119 120 122 123 124 125 127 128 129 130 133 134 135 136 137 138 139 140 141 142 146 147 149 150
6.4 214 6.00 good
6.4 12 6.00 bad
6.4 38 6.00 bad
5.8 22 6.00 bad
5.6 122 6.00 good
6.5 53 6.00 bad
5.4 14 6.00 bad
5.8 25 6.00 bad
6.9 15 6.00 bad
6.0 12 6.00 bad
5.9 136 6.00 good
6.6 204 6.00 bad
5.7 25 6.00 good
5.6 10 6.00 bad
5.3 17 4.00 good
6.5 61 6.00 bad
4.8 2 4.00 bad
4.5 31 4.00 good
5.4 9 6.00 bad
5.8 6 6.00 good
6.8 111 8.00 bad
6.7 63 8.00 bad
5.9 19 6.00 bad
3.5 1 2.00 bad
6.7 289 6.00 good
5.4 215 6.00 bad
5.4 242 4.00 good
7.1 28 8.00 good
5.3 20 4.00 bad
6.8 371 6.00 bad
5.3 7 6.00 good
5.9 42 6.00 bad
7.9 446 8.00 bad
4.0 1 4.00 bad
7.0 9 6.00 good
5.6 11 6.00 bad
5.3 13 6.00 good
6.2 19 6.00 bad
7.5 33 8.00 good
5.3 3 4.00 bad
6.2 21 6.00 good
4.4 10 4.00 bad
4.8 22 4.00 bad
7.4 5 8.00 bad
5.9 2 8.00 bad
6.1 119 6.00 bad
7.3 180 8.00 good
6.8 8 8.00 bad
6.1 16 6.00 bad
6.4 8 6.00 good
6.8 110 8.00 good
6.2 57 6.00 bad
5.2 94 6.00 bad
8.3 193 10.00 bad
5.8 4 6.00 bad
5.6 3 4.00 bad
6.6 22 6.00 bad
5.2 55 4.00 good
6.4 65 6.00 bad
6.7 321 8.00 good
6.9 121 8.00 bad
7.0 57 8.00 good
5.5 4 6.00 bad
6.5 7 8.00 good
7.1 65 8.00 bad
6.6 6 6.00 bad
6.0 102 6.00 good
6.4 188 6.00 bad
8.7 1586 10.00 good
5.8 31 6.00 bad
5.8 53 6.00 good
5.4 63 6.00 bad
8.5 218 10.00 bad
5.5 76 6.00 bad
6.5 112 6.00 bad
7.3 274 8.00 good
5.6 15 6.00 good
7.0 126 8.00 bad
7.0 32 6.00 good
5.6 57 6.00 good
8.9 149 10.00 good
7.4 146 8.00 good
6.5 108 8.00 good
7.3 510 8.00 good
5.7 11 6.00 bad
5.9 1 6.00 bad
6.5 168 8.00 good
7.0 293 8.00 bad
4.8 9 4.00 bad
7.8 303 8.00 good
5.7 53 6.00 bad
7.0 206 8.00 good
6.4 7 8.00 bad
6.9 19 8.00 bad
7.8 365 8.00 good
7.0 710 8.00 good
3.9 26 4.00 good
6.0 178 6.00 good
6.1 5 6.00 bad