BookScoreCount ThreeStarRate Median Class
99
1 4 7 8 11 12 13 14 15 16 17 20 22 24 25 26 27 28 29 31 33 34 36 37 39 40 41 42 44 45 46 47 48 49 52 53 54 55 58 59 61 62 64 65 67 69 70 71 72 73 74 75 79 80 81 82 83 84 85 86 88 89 92 93 95 99 100 101 102 104 105 106 107 108 109 111 112 113 114 115 117 119 120 121 125 128 129 130 131 134 135 136 137 142 144 146 148 151 153
967 0.23 8.00 good
78 0.33 6.00 bad
27 0.48 6.00 bad
177 0.30 6.00 bad
51 0.40 6.00 bad
25 0.44 6.00 bad
48 0.39 6.00 bad
454 0.21 6.00 good
658 0.27 6.00 bad
119 0.23 6.00 good
36 0.20 6.00 bad
112 0.15 4.00 good
159 0.40 6.00 bad
70 0.36 6.00 bad
11 0.20 4.00 bad
100 0.43 6.00 bad
150 0.21 4.00 good
263 0.25 8.00 bad
290 0.22 8.00 good
44 0.33 6.00 good
192 0.29 6.00 good
97 0.39 6.00 bad
223 0.23 8.00 bad
216 0.20 8.00 bad
20 0.16 2.00 bad
495 0.24 8.00 good
670 0.34 6.00 good
686 0.26 6.00 bad
1885 0.11 4.00 good
299 0.30 6.00 bad
108 0.19 8.00 good
79 0.20 4.00 bad
1248 0.33 6.00 bad
72 0.39 6.00 bad
1780 0.15 8.00 bad
22 0.14 4.00 bad
43 0.33 6.00 good
55 0.33 6.00 bad
461 0.14 8.00 good
484 0.21 6.00 good
86 0.25 8.00 good
13 0.08 4.00 bad
45 0.21 4.00 bad
82 0.31 4.00 bad
90 0.16 8.00 good
20 0.26 8.00 bad
51 0.04 8.00 bad
248 0.25 6.00 bad
956 0.26 8.00 good
19 0.22 8.00 bad
46 0.36 6.00 bad
21 0.40 6.00 good
531 0.26 6.00 bad
714 0.13 10.00 bad
25 0.54 6.00 bad
31 0.20 4.00 bad
104 0.28 6.00 bad
21 0.33 6.00 bad
356 0.15 4.00 good
222 0.30 8.00 bad
1636 0.18 8.00 good
145 0.27 6.00 bad
527 0.16 8.00 good
396 0.26 8.00 bad
13 0.46 6.00 bad
942 0.34 6.00 bad
42 0.34 8.00 bad
219 0.26 8.00 bad
225 0.26 6.00 good
25 0.34 4.00 bad
339 0.19 8.00 good
349 0.27 6.00 good
1184 0.15 6.00 bad
5393 0.10 10.00 good
88 0.36 6.00 bad
182 0.26 6.00 good
201 0.30 6.00 bad
136 0.36 6.00 bad
1114 0.09 10.00 bad
282 0.35 6.00 bad
34 0.45 6.00 bad
1575 0.20 8.00 good
45 0.20 6.00 good
59 0.32 4.00 bad
768 0.08 10.00 good
607 0.13 8.00 good
2063 0.16 8.00 good
82 0.28 6.00 bad
31 0.13 4.00 good
795 0.21 8.00 good
1310 0.24 8.00 bad
68 0.32 4.00 bad
1641 0.15 8.00 good
2366 0.15 8.00 good
364 0.27 6.00 bad
2356 0.27 8.00 good
1080 0.04 2.00 bad
638 0.16 8.00 bad
209 0.25 6.00 good