AddListCount ThreeStarRate FourStarRate Class
99
1 2 3 4 6 7 8 9 10 11 13 15 16 17 18 19 20 22 23 24 25 28 29 30 34 35 38 39 40 41 42 43 44 45 47 48 49 51 52 57 58 59 60 62 63 64 65 69 70 72 73 78 79 80 82 84 85 87 89 90 91 92 93 94 97 98 99 100 101 106 107 108 109 111 113 115 116 118 120 122 124 125 129 130 131 133 134 135 136 137 138 139 140 142 145 148 150 151 152
492 0.23 0.36 good
12 0.40 0.24 bad
38 0.27 0.27 bad
22 0.33 0.25 bad
42 0.21 0.18 good
8 0.48 0.11 bad
53 0.30 0.22 bad
14 0.26 0.30 bad
25 0.23 0.27 bad
15 0.40 0.32 bad
9 0.39 0.13 bad
204 0.27 0.25 bad
25 0.23 0.20 good
10 0.20 0.23 bad
7 0.28 0.14 bad
70 0.22 0.22 bad
17 0.15 0.20 good
61 0.40 0.28 bad
32 0.28 0.08 good
23 0.36 0.13 bad
2 0.20 0.00 bad
73 0.25 0.31 bad
68 0.22 0.20 good
9 0.32 0.14 bad
24 0.39 0.13 bad
254 0.18 0.14 good
19 0.27 0.17 bad
1 0.16 0.05 bad
172 0.24 0.33 good
289 0.34 0.29 good
215 0.26 0.20 bad
18 0.24 0.14 good
242 0.11 0.16 good
93 0.30 0.23 bad
20 0.20 0.22 bad
371 0.33 0.33 bad
13 0.39 0.23 bad
42 0.37 0.21 bad
446 0.15 0.30 bad
551 0.21 0.29 bad
70 0.14 0.30 good
138 0.21 0.21 good
19 0.18 0.20 bad
3 0.08 0.34 bad
21 0.12 0.20 good
10 0.21 0.14 bad
22 0.31 0.07 bad
5 0.26 0.42 bad
2 0.04 0.32 bad
180 0.26 0.20 good
8 0.22 0.39 bad
57 0.33 0.24 bad
94 0.26 0.17 bad
193 0.13 0.19 bad
3 0.20 0.05 bad
3 0.33 0.19 bad
55 0.15 0.24 good
65 0.23 0.19 bad
49 0.27 0.28 bad
4 0.20 0.07 bad
218 0.16 0.28 good
141 0.16 0.29 good
121 0.26 0.34 bad
57 0.23 0.33 good
7 0.26 0.40 good
558 0.22 0.33 good
253 0.34 0.26 bad
8 0.34 0.27 bad
65 0.26 0.27 bad
102 0.27 0.24 good
188 0.15 0.17 bad
1586 0.10 0.20 good
34 0.36 0.24 bad
53 0.26 0.26 good
25 0.36 0.21 bad
76 0.35 0.19 bad
7 0.42 0.12 good
112 0.39 0.30 bad
15 0.20 0.25 good
126 0.28 0.29 bad
57 0.29 0.20 good
149 0.08 0.20 good
510 0.16 0.26 good
11 0.28 0.16 bad
5 0.13 0.11 good
1 0.33 0.33 bad
168 0.21 0.34 good
293 0.24 0.29 bad
9 0.32 0.05 bad
303 0.15 0.33 good
53 0.22 0.19 bad
206 0.24 0.36 good
7 0.07 0.54 bad
365 0.15 0.24 good
28 0.45 0.33 bad
54 0.04 0.06 bad
5 0.35 0.20 bad
125 0.16 0.19 bad
12 0.28 0.14 good