FiveStarRate Mode Kurtosis Class
97
0 1 2 4 6 7 8 9 10 12 14 16 18 19 20 22 23 24 25 26 27 29 31 33 34 35 36 38 39 40 41 44 45 46 47 51 53 54 55 56 57 59 61 62 63 64 65 69 70 71 72 75 76 77 78 79 80 82 92 94 95 96 97 98 99 100 101 102 103 104 106 110 111 113 114 115 117 118 119 120 121 124 126 127 128 129 131 132 133 135 136 144 145 146 149 150 152
0.15 8.00 200.91 good
0.25 8.00 406.22 good
0.15 6.00 267.71 bad
0.10 6.00 113.07 bad
0.23 2.00 75.15 good
0.11 6.00 181.37 bad
0.21 6.00 196.73 bad
0.02 8.00 110.48 bad
0.09 8.00 143.84 bad
0.20 6.00 114.51 bad
0.20 2.00 68.44 good
0.14 6.00 87.54 good
0.28 10.00 137.29 bad
0.28 10.00 181.41 bad
0.13 2.00 48.29 good
0.11 6.00 468.11 bad
0.06 4.00 78.49 good
0.11 6.00 114.10 bad
0.20 2.00 28.01 bad
0.19 6.00 249.04 bad
0.05 2.00 40.03 good
0.36 10.00 194.89 good
0.09 6.00 211.54 good
0.15 6.00 163.05 good
0.03 6.00 192.82 bad
0.21 2.00 41.11 good
0.19 8.00 203.97 bad
0.13 4.00 172.89 bad
0.00 2.00 53.89 bad
0.19 8.00 227.23 good
0.17 6.00 389.04 good
0.23 2.00 29.34 good
0.10 6.00 135.14 bad
0.27 8.00 218.67 good
0.08 4.00 85.63 bad
0.07 6.00 339.26 bad
0.10 2.00 31.11 bad
0.29 6.00 245.77 good
0.06 6.00 182.02 bad
0.13 6.00 74.03 good
0.18 8.00 94.54 bad
0.25 10.00 148.52 good
0.21 8.00 1104.85 good
0.00 4.00 199.64 bad
0.30 2.00 55.29 good
0.02 2.00 59.06 bad
0.07 6.00 77.07 bad
0.21 8.00 758.93 bad
0.20 2.00 49.13 bad
0.17 8.00 106.33 bad
0.35 10.00 259.41 good
0.10 6.00 344.01 good
0.24 8.00 159.36 good
0.37 10.00 440.27 bad
0.16 6.00 147.32 bad
0.10 2.00 65.93 bad
0.58 10.00 599.56 bad
0.22 4.00 87.78 bad
0.42 10.00 444.03 good
0.23 8.00 299.63 good
0.15 6.00 128.84 bad
0.17 8.00 282.28 good
0.13 8.00 198.40 good
0.29 8.00 391.57 good
0.17 6.00 243.27 bad
0.25 6.00 297.05 bad
0.27 10.00 286.97 bad
0.08 2.00 65.28 good
0.11 6.00 664.54 bad
0.09 6.00 92.39 bad
0.16 6.00 114.14 good
0.10 6.00 131.59 bad
0.12 8.00 113.09 good
0.14 6.00 164.81 bad
0.60 10.00 875.52 bad
0.07 6.00 125.49 bad
0.09 6.00 132.92 bad
0.11 6.00 387.39 bad
0.29 8.00 297.36 good
0.11 8.00 75.21 good
0.02 6.00 102.63 bad
0.11 6.00 101.09 good
0.30 10.00 76.64 good
0.36 10.00 319.05 good
0.31 10.00 82.37 good
0.37 10.00 209.65 good
0.06 4.00 58.14 good
0.13 8.00 212.10 good
0.04 8.00 194.01 bad
0.26 8.00 234.30 bad
0.09 6.00 63.17 bad
0.09 6.00 97.95 bad
0.08 6.00 909.70 bad
0.19 8.00 402.15 good
0.15 8.00 113.50 good
0.15 6.00 158.29 bad
0.09 2.00 62.68 good