BookWordCount FourStarRate Mode Class
92
0 1 2 3 5 7 8 10 13 14 15 16 17 19 20 22 23 24 25 26 27 29 33 36 37 38 39 40 43 44 45 48 49 51 52 53 54 55 56 57 59 61 64 66 67 70 73 75 76 80 81 82 84 89 90 91 94 95 96 97 98 99 100 103 105 107 108 109 110 117 118 119 122 124 125 126 127 129 132 134 136 137 138 139 143 144 145 146 148 150 151 152
177.20 0.30 8.00 good
289.90 0.36 8.00 good
48.30 0.24 6.00 bad
52.30 0.27 8.00 bad
158.50 0.21 6.00 good
38.90 0.11 6.00 bad
143.50 0.22 6.00 bad
82.50 0.27 8.00 bad
27.50 0.13 6.00 bad
123.80 0.19 2.00 good
257.20 0.25 6.00 bad
135.80 0.20 6.00 good
33.60 0.23 8.00 bad
122.40 0.22 10.00 bad
82.30 0.20 2.00 good
77.70 0.28 6.00 bad
122.20 0.08 4.00 good
74.80 0.13 6.00 bad
35.90 0.00 2.00 bad
62.70 0.18 6.00 bad
147.20 0.15 2.00 good
233.90 0.20 10.00 good
178.90 0.23 6.00 good
87.00 0.34 8.00 bad
51.30 0.44 8.00 bad
80.20 0.17 4.00 bad
22.80 0.05 2.00 bad
153.10 0.33 8.00 good
74.40 0.14 2.00 good
296.80 0.16 2.00 good
380.50 0.23 6.00 bad
281.40 0.33 8.00 bad
44.50 0.23 6.00 bad
84.60 0.21 6.00 bad
76.10 0.30 10.00 bad
53.70 0.00 2.00 bad
13.00 0.21 6.00 good
106.40 0.20 6.00 bad
40.40 0.10 6.00 good
293.40 0.29 8.00 bad
133.40 0.21 10.00 good
17.00 0.44 8.00 good
54.40 0.14 2.00 bad
34.80 0.19 6.00 bad
16.80 0.25 10.00 good
55.40 0.32 2.00 bad
68.60 0.39 8.00 bad
39.60 0.30 6.00 good
46.20 0.36 8.00 good
144.70 0.19 10.00 bad
87.70 0.08 6.00 bad
183.00 0.05 4.00 bad
30.00 0.19 6.00 bad
153.20 0.28 8.00 bad
50.40 0.07 2.00 bad
126.20 0.28 10.00 good
63.70 0.33 8.00 good
99.00 0.00 6.00 bad
34.10 0.33 8.00 good
22.20 0.40 8.00 good
170.60 0.33 8.00 good
181.90 0.26 6.00 bad
59.90 0.27 6.00 bad
21.40 0.26 6.00 bad
198.70 0.33 8.00 good
310.00 0.17 10.00 bad
446.50 0.20 10.00 good
101.10 0.24 6.00 bad
133.50 0.24 6.00 bad
59.10 0.14 6.00 bad
92.20 0.30 6.00 bad
427.70 0.33 8.00 good
79.20 0.29 8.00 bad
223.00 0.20 6.00 good
65.70 0.20 10.00 good
89.70 0.21 10.00 good
34.20 0.26 10.00 good
322.80 0.26 10.00 good
237.20 0.35 8.00 good
179.50 0.34 8.00 good
72.70 0.05 6.00 bad
448.70 0.33 10.00 good
212.90 0.19 2.00 bad
130.30 0.36 8.00 good
177.70 0.24 8.00 bad
319.70 0.18 6.00 bad
62.30 0.33 6.00 bad
477.20 0.37 8.00 good
209.90 0.06 2.00 bad
44.60 0.20 6.00 bad
93.00 0.19 10.00 bad
163.50 0.14 2.00 good