TwoStarRate Mode Median Class
94
2 4 5 6 7 11 12 13 14 15 16 18 20 25 26 29 31 33 35 36 38 39 41 43 44 45 46 47 48 50 52 56 57 58 60 61 62 66 67 68 69 71 72 73 74 75 76 78 81 82 83 84 85 86 87 88 91 92 95 96 98 100 103 105 107 110 112 113 115 119 120 122 123 125 126 130 131 132 134 136 137 138 139 140 141 142 146 147 148 149 150 151 152 153
0.10 6.00 6.00 bad
0.09 6.00 6.00 bad
0.20 6.00 6.00 good
0.14 2.00 6.00 good
0.15 6.00 6.00 bad
0.04 6.00 6.00 bad
0.08 6.00 6.00 bad
0.24 6.00 6.00 bad
0.14 2.00 6.00 good
0.13 6.00 6.00 bad
0.22 6.00 6.00 good
0.17 10.00 6.00 bad
0.20 2.00 4.00 good
0.20 2.00 4.00 bad
0.09 6.00 6.00 bad
0.10 10.00 8.00 good
0.30 6.00 6.00 good
0.20 6.00 6.00 good
0.12 2.00 6.00 good
0.10 8.00 8.00 bad
0.35 4.00 6.00 bad
0.26 2.00 2.00 bad
0.14 6.00 6.00 good
0.13 2.00 6.00 good
0.07 2.00 4.00 good
0.20 6.00 6.00 bad
0.07 8.00 8.00 good
0.28 4.00 4.00 bad
0.09 8.00 6.00 bad
0.28 6.00 6.00 good
0.04 10.00 8.00 bad
0.20 6.00 6.00 good
0.07 8.00 6.00 bad
0.05 10.00 8.00 good
0.21 10.00 6.00 bad
0.08 8.00 8.00 good
0.50 4.00 4.00 bad
0.14 6.00 6.00 bad
0.06 10.00 8.00 good
0.11 8.00 8.00 bad
0.05 8.00 8.00 bad
0.12 8.00 6.00 bad
0.08 10.00 8.00 good
0.11 8.00 8.00 bad
0.22 6.00 6.00 bad
0.10 6.00 6.00 good
0.07 8.00 8.00 good
0.10 6.00 6.00 bad
0.08 6.00 6.00 bad
0.41 4.00 4.00 bad
0.17 6.00 6.00 bad
0.14 6.00 6.00 bad
0.19 2.00 4.00 good
0.03 6.00 8.00 bad
0.09 10.00 6.00 bad
0.10 10.00 8.00 good
0.08 10.00 8.00 good
0.04 10.00 8.00 good
0.23 6.00 6.00 bad
0.11 8.00 8.00 good
0.08 8.00 8.00 good
0.02 6.00 8.00 bad
0.08 6.00 6.00 bad
0.08 8.00 8.00 good
0.12 10.00 6.00 bad
0.21 6.00 6.00 bad
0.20 6.00 6.00 bad
0.13 6.00 6.00 bad
0.19 6.00 6.00 bad
0.06 8.00 8.00 good
0.18 8.00 6.00 good
0.10 8.00 8.00 bad
0.08 6.00 6.00 good
0.02 10.00 10.00 good
0.06 10.00 8.00 good
0.13 6.00 6.00 bad
0.41 4.00 4.00 good
0.14 8.00 6.00 good
0.12 8.00 8.00 good
0.24 6.00 4.00 bad
0.05 10.00 8.00 good
0.10 2.00 6.00 bad
0.07 8.00 8.00 good
0.30 8.00 8.00 bad
0.03 8.00 8.00 bad
0.05 10.00 8.00 good
0.09 8.00 8.00 good
0.22 2.00 4.00 good
0.03 2.00 2.00 bad
0.18 8.00 6.00 good
0.15 6.00 6.00 bad
0.07 10.00 8.00 bad
0.19 2.00 6.00 good
0.22 6.00 6.00 good