BookWordCount TwoStarRate FiveStarRate Class
102
0 2 4 6 9 10 12 13 15 16 17 19 20 22 23 26 27 28 29 30 31 32 33 35 36 37 41 42 43 44 45 46 47 48 49 52 56 57 58 61 62 63 65 67 73 74 75 76 77 79 80 81 82 83 84 85 87 88 89 90 92 93 94 95 96 97 98 99 102 103 105 106 108 109 110 111 112 113 115 117 118 122 123 124 125 126 131 134 136 137 138 139 140 141 142 144 147 148 149 150 152 153
177.20 0.15 0.15 good
48.30 0.10 0.15 bad
139.00 0.09 0.10 bad
59.60 0.14 0.23 good
21.30 0.18 0.02 bad
82.50 0.26 0.09 bad
21.80 0.08 0.20 bad
27.50 0.24 0.09 bad
257.20 0.13 0.23 bad
135.80 0.22 0.14 good
33.60 0.22 0.12 bad
122.40 0.18 0.28 bad
82.30 0.20 0.13 good
77.70 0.15 0.11 bad
122.20 0.31 0.06 good
62.70 0.09 0.19 bad
147.20 0.17 0.05 good
53.00 0.11 0.27 bad
233.90 0.10 0.36 good
150.70 0.18 0.11 bad
78.00 0.30 0.09 good
51.10 0.09 0.13 bad
178.90 0.20 0.15 good
713.10 0.12 0.21 good
87.00 0.10 0.19 bad
51.30 0.03 0.28 bad
168.40 0.14 0.17 good
300.10 0.17 0.11 bad
74.40 0.13 0.14 good
296.80 0.07 0.23 good
380.50 0.20 0.10 bad
123.50 0.07 0.27 good
49.70 0.28 0.08 bad
281.40 0.09 0.17 bad
44.50 0.10 0.10 bad
76.10 0.04 0.42 bad
40.40 0.20 0.13 good
293.40 0.07 0.18 bad
63.50 0.05 0.37 good
17.00 0.08 0.21 good
49.60 0.50 0.00 bad
108.60 0.07 0.30 good
72.20 0.28 0.07 bad
16.80 0.06 0.42 good
68.60 0.11 0.17 bad
49.30 0.22 0.04 bad
39.60 0.10 0.10 good
46.20 0.07 0.24 good
1070.70 0.07 0.37 bad
131.20 0.19 0.10 bad
144.70 0.03 0.58 bad
87.70 0.08 0.13 bad
183.00 0.41 0.22 bad
40.80 0.17 0.22 bad
30.00 0.14 0.14 bad
87.20 0.19 0.10 good
112.10 0.09 0.27 bad
315.30 0.10 0.30 good
153.20 0.17 0.17 bad
50.40 0.13 0.07 bad
116.50 0.04 0.42 good
90.50 0.08 0.21 bad
63.70 0.11 0.23 good
99.00 0.23 0.15 bad
34.10 0.11 0.17 good
22.20 0.03 0.13 good
170.60 0.08 0.29 good
181.90 0.12 0.17 bad
78.10 0.14 0.08 good
21.40 0.08 0.11 bad
198.70 0.08 0.31 good
64.40 0.14 0.16 good
446.50 0.02 0.63 good
101.10 0.14 0.10 bad
133.50 0.21 0.10 bad
148.90 0.16 0.12 good
107.80 0.20 0.11 bad
247.80 0.13 0.14 bad
119.20 0.19 0.07 bad
59.10 0.11 0.09 bad
92.20 0.11 0.11 bad
79.20 0.10 0.25 bad
153.40 0.08 0.20 good
223.00 0.19 0.11 good
65.70 0.02 0.67 good
89.70 0.06 0.30 good
195.70 0.41 0.06 good
179.50 0.12 0.18 good
72.70 0.24 0.09 bad
448.70 0.05 0.38 good
212.90 0.10 0.18 bad
130.30 0.07 0.22 good
43.40 0.30 0.05 bad
25.10 0.03 0.15 bad
518.00 0.05 0.46 good
319.70 0.25 0.09 bad
154.00 0.22 0.02 good
209.90 0.03 0.08 bad
382.10 0.18 0.15 good
44.60 0.15 0.15 bad
163.50 0.19 0.09 good
73.20 0.22 0.12 good