ThreeStarRate FourStarRate Median Class
96
0 1 2 3 4 5 6 7 8 11 12 14 16 17 19 21 22 23 25 26 27 30 31 33 34 35 36 37 38 40 41 43 44 45 46 47 49 53 54 57 58 61 62 66 68 71 72 73 74 76 77 78 79 83 85 86 87 88 89 97 99 102 103 106 107 110 111 113 114 115 116 117 118 119 120 121 124 125 127 129 130 131 133 134 135 136 140 141 142 144 145 147 149 150 151 153
0.28 0.30 6.00 good
0.23 0.36 8.00 good
0.40 0.24 6.00 bad
0.27 0.27 6.00 bad
0.33 0.25 6.00 bad
0.26 0.21 6.00 good
0.21 0.18 6.00 good
0.48 0.11 6.00 bad
0.30 0.22 6.00 bad
0.40 0.32 6.00 bad
0.44 0.08 6.00 bad
0.21 0.19 6.00 good
0.23 0.20 6.00 good
0.20 0.23 6.00 bad
0.22 0.22 6.00 bad
0.16 0.14 4.00 bad
0.40 0.28 6.00 bad
0.28 0.08 4.00 good
0.20 0.00 4.00 bad
0.43 0.18 6.00 bad
0.21 0.15 4.00 good
0.32 0.14 6.00 bad
0.33 0.19 6.00 good
0.29 0.23 6.00 good
0.39 0.13 6.00 bad
0.18 0.14 6.00 good
0.23 0.34 8.00 bad
0.20 0.44 8.00 bad
0.27 0.17 6.00 bad
0.24 0.33 8.00 good
0.34 0.29 6.00 good
0.24 0.14 6.00 good
0.11 0.16 4.00 good
0.30 0.23 6.00 bad
0.19 0.33 8.00 good
0.20 0.22 4.00 bad
0.39 0.23 6.00 bad
0.14 0.00 4.00 bad
0.33 0.21 6.00 good
0.21 0.29 6.00 bad
0.14 0.30 8.00 good
0.25 0.44 8.00 good
0.08 0.34 4.00 bad
0.43 0.19 6.00 bad
0.25 0.30 8.00 bad
0.25 0.25 6.00 bad
0.26 0.20 8.00 good
0.22 0.39 8.00 bad
0.36 0.31 6.00 bad
0.15 0.36 8.00 good
0.22 0.27 8.00 bad
0.33 0.24 6.00 bad
0.26 0.17 6.00 bad
0.28 0.22 6.00 bad
0.15 0.24 4.00 good
0.30 0.27 8.00 bad
0.23 0.19 6.00 bad
0.18 0.23 8.00 good
0.27 0.28 6.00 bad
0.26 0.40 8.00 good
0.34 0.26 6.00 bad
0.26 0.21 6.00 good
0.50 0.26 6.00 bad
0.27 0.24 6.00 good
0.15 0.17 6.00 bad
0.28 0.24 6.00 bad
0.26 0.26 6.00 good
0.36 0.21 6.00 bad
0.09 0.23 10.00 bad
0.35 0.19 6.00 bad
0.42 0.12 6.00 good
0.45 0.14 6.00 bad
0.39 0.30 6.00 bad
0.20 0.33 8.00 good
0.20 0.25 6.00 good
0.32 0.08 4.00 bad
0.29 0.20 6.00 good
0.08 0.20 10.00 good
0.22 0.26 8.00 good
0.16 0.26 8.00 good
0.28 0.16 6.00 bad
0.13 0.11 4.00 good
0.33 0.33 6.00 bad
0.21 0.34 8.00 good
0.24 0.29 8.00 bad
0.32 0.05 4.00 bad
0.07 0.54 8.00 bad
0.19 0.49 8.00 bad
0.15 0.24 8.00 good
0.27 0.18 6.00 bad
0.45 0.33 6.00 bad
0.19 0.09 4.00 good
0.23 0.26 6.00 good
0.35 0.20 6.00 bad
0.16 0.19 8.00 bad
0.25 0.22 6.00 good