AddListCount Mode Median Class
99
0 2 5 6 7 8 9 10 12 14 15 17 18 19 24 25 27 29 30 31 32 33 34 36 37 38 40 41 42 43 44 45 46 47 52 55 59 62 63 65 67 70 73 74 75 76 78 84 85 86 87 88 90 91 93 95 96 98 100 101 103 104 105 106 108 111 112 113 116 117 118 119 120 121 123 124 126 127 128 129 130 132 133 135 136 137 138 139 141 142 143 144 145 147 148 149 150 151 153
214 8.00 6.00 good
12 6.00 6.00 bad
122 6.00 6.00 good
42 2.00 6.00 good
8 6.00 6.00 bad
53 6.00 6.00 bad
14 8.00 6.00 bad
25 8.00 6.00 bad
12 6.00 6.00 bad
136 2.00 6.00 good
204 6.00 6.00 bad
10 8.00 6.00 bad
7 10.00 6.00 bad
70 10.00 6.00 bad
23 6.00 6.00 bad
2 2.00 4.00 bad
31 2.00 4.00 good
68 10.00 8.00 good
9 6.00 6.00 bad
6 6.00 6.00 good
111 8.00 8.00 bad
49 6.00 6.00 good
24 6.00 6.00 bad
63 8.00 8.00 bad
106 8.00 8.00 bad
19 4.00 6.00 bad
172 8.00 8.00 good
289 6.00 6.00 good
215 2.00 6.00 bad
18 2.00 6.00 good
242 2.00 4.00 good
93 6.00 6.00 bad
28 8.00 8.00 good
20 4.00 4.00 bad
446 10.00 8.00 bad
11 6.00 6.00 bad
138 10.00 6.00 good
3 4.00 4.00 bad
21 2.00 6.00 good
22 6.00 4.00 bad
17 10.00 8.00 good
2 2.00 8.00 bad
8 8.00 8.00 bad
16 6.00 6.00 bad
8 6.00 6.00 good
110 8.00 8.00 good
57 6.00 6.00 bad
3 6.00 6.00 bad
55 2.00 4.00 good
53 6.00 8.00 bad
65 10.00 6.00 bad
321 10.00 8.00 good
4 2.00 2.00 bad
218 10.00 8.00 good
121 8.00 8.00 bad
4 6.00 6.00 bad
100 8.00 8.00 good
558 8.00 8.00 good
8 6.00 8.00 bad
65 10.00 8.00 bad
6 6.00 6.00 bad
5 6.00 4.00 bad
98 8.00 8.00 good
102 6.00 6.00 good
1586 10.00 10.00 good
53 8.00 6.00 good
63 6.00 6.00 bad
25 6.00 6.00 bad
7 6.00 6.00 good
5 6.00 6.00 bad
112 6.00 6.00 bad
274 8.00 8.00 good
15 8.00 6.00 good
14 6.00 4.00 bad
32 6.00 6.00 good
57 6.00 6.00 good
48 10.00 8.00 good
146 10.00 8.00 good
108 10.00 8.00 good
510 10.00 8.00 good
11 6.00 6.00 bad
131 8.00 6.00 good
1 8.00 6.00 bad
293 8.00 8.00 bad
9 6.00 4.00 bad
303 10.00 8.00 good
53 2.00 6.00 bad
206 8.00 8.00 good
19 8.00 8.00 bad
365 10.00 8.00 good
42 8.00 6.00 bad
103 6.00 6.00 bad
28 6.00 6.00 bad
26 2.00 4.00 good
54 2.00 2.00 bad
178 8.00 6.00 good
5 6.00 6.00 bad
125 10.00 8.00 bad
50 6.00 6.00 good