AddListCount FourStarRate Kurtosis Class
95
0 1 2 4 5 6 8 9 10 11 12 13 14 17 18 19 20 21 22 23 24 25 27 29 31 32 34 35 37 38 40 42 43 45 49 50 51 52 53 54 56 57 58 63 65 66 68 69 70 71 72 73 74 75 76 77 79 85 86 89 91 92 96 97 99 100 101 103 104 106 107 109 110 111 113 114 119 121 122 123 125 127 131 135 136 139 140 144 145 146 147 148 149 150 152
214 0.30 200.91 good
492 0.36 406.22 good
12 0.24 267.71 bad
22 0.25 113.07 bad
122 0.21 93.52 good
42 0.18 75.15 good
53 0.22 196.73 bad
14 0.30 110.48 bad
25 0.27 143.84 bad
15 0.32 491.68 bad
12 0.08 114.51 bad
9 0.13 156.17 bad
136 0.19 68.44 good
10 0.23 80.31 bad
7 0.14 137.29 bad
70 0.22 181.41 bad
17 0.20 48.29 good
12 0.14 66.70 bad
61 0.28 468.11 bad
32 0.08 78.49 good
23 0.13 114.10 bad
2 0.00 28.01 bad
31 0.15 40.03 good
68 0.20 194.89 good
6 0.19 211.54 good
111 0.39 404.81 bad
24 0.13 192.82 bad
254 0.14 41.11 good
106 0.44 948.64 bad
19 0.17 172.89 bad
172 0.33 227.23 good
215 0.20 74.29 bad
18 0.14 44.83 good
93 0.23 135.14 bad
13 0.23 155.38 bad
7 0.14 119.73 good
42 0.21 339.26 bad
446 0.30 453.60 bad
1 0.00 31.11 bad
9 0.21 245.77 good
13 0.10 74.03 good
551 0.29 94.54 bad
70 0.30 256.16 good
21 0.20 55.29 good
22 0.07 77.07 bad
2 0.19 204.65 bad
45 0.30 223.96 bad
5 0.42 758.93 bad
2 0.32 49.13 bad
119 0.25 106.33 bad
180 0.20 259.41 good
8 0.39 278.58 bad
16 0.31 393.48 bad
8 0.30 344.01 good
110 0.36 159.36 good
183 0.27 440.27 bad
94 0.17 65.93 bad
55 0.24 51.21 good
53 0.27 249.84 bad
49 0.28 208.64 bad
218 0.28 191.97 good
141 0.29 444.03 good
100 0.33 282.28 good
7 0.40 198.40 good
253 0.26 243.27 bad
8 0.27 297.05 bad
65 0.27 286.97 bad
6 0.26 664.54 bad
5 0.04 92.39 bad
102 0.24 114.14 good
188 0.17 72.91 bad
34 0.24 170.95 bad
31 0.24 131.59 bad
53 0.26 113.09 good
25 0.21 164.81 bad
218 0.23 875.52 bad
274 0.33 297.36 good
14 0.08 102.63 bad
126 0.29 313.76 bad
32 0.30 502.72 good
149 0.20 1797.82 good
146 0.26 319.05 good
5 0.11 58.14 good
293 0.29 234.30 bad
9 0.05 63.17 bad
206 0.36 304.97 good
7 0.54 361.68 bad
103 0.18 97.95 bad
28 0.33 909.70 bad
710 0.37 402.15 good
26 0.09 40.59 good
54 0.06 9.99 bad
178 0.26 113.50 good
5 0.20 158.29 bad
12 0.14 62.68 good