BookWordCount TwoStarRate Kurtosis Class
98
0 1 2 3 4 5 6 9 10 12 13 14 15 16 17 20 23 25 28 29 30 33 35 36 37 38 41 42 43 44 45 47 50 51 52 55 58 59 60 61 62 63 64 65 67 70 71 72 74 75 76 77 78 79 80 84 85 86 88 90 91 92 93 94 95 97 98 99 100 102 104 106 107 108 111 112 114 116 117 118 120 122 125 127 129 131 132 133 135 138 141 143 144 145 147 148 149 151
177.20 0.15 200.91 good
289.90 0.08 406.22 good
48.30 0.10 267.71 bad
52.30 0.12 155.27 bad
139.00 0.09 113.07 bad
158.50 0.20 93.52 good
59.60 0.14 75.15 good
21.30 0.18 110.48 bad
82.50 0.26 143.84 bad
21.80 0.08 114.51 bad
27.50 0.24 156.17 bad
123.80 0.14 68.44 good
257.20 0.13 188.48 bad
135.80 0.22 87.54 good
33.60 0.22 80.31 bad
82.30 0.20 48.29 good
122.20 0.31 78.49 good
35.90 0.20 28.01 bad
53.00 0.11 418.19 bad
233.90 0.10 194.89 good
150.70 0.18 80.73 bad
178.90 0.20 163.05 good
713.10 0.12 41.11 good
87.00 0.10 203.97 bad
51.30 0.03 948.64 bad
80.20 0.35 172.89 bad
168.40 0.14 389.04 good
300.10 0.17 74.29 bad
74.40 0.13 44.83 good
296.80 0.07 29.34 good
380.50 0.20 135.14 bad
49.70 0.28 85.63 bad
51.90 0.28 119.73 good
84.60 0.30 339.26 bad
76.10 0.04 453.60 bad
106.40 0.28 182.02 bad
63.50 0.05 256.16 good
133.40 0.21 148.52 good
45.10 0.21 95.85 bad
17.00 0.08 1104.85 good
49.60 0.50 199.64 bad
108.60 0.07 55.29 good
54.40 0.27 59.06 bad
72.20 0.28 77.07 bad
16.80 0.06 278.88 good
55.40 0.10 49.13 bad
98.90 0.12 106.33 bad
390.00 0.08 259.41 good
49.30 0.22 393.48 bad
39.60 0.10 344.01 good
46.20 0.07 159.36 good
1070.70 0.07 440.27 bad
70.00 0.10 147.32 bad
131.20 0.19 65.93 bad
144.70 0.03 599.56 bad
30.00 0.14 116.65 bad
87.20 0.19 51.21 good
129.90 0.03 249.84 bad
315.30 0.10 118.81 good
50.40 0.13 25.57 bad
126.20 0.08 191.97 good
116.50 0.04 444.03 good
90.50 0.08 288.02 bad
63.70 0.11 299.63 good
99.00 0.23 128.84 bad
22.20 0.03 198.40 good
170.60 0.08 391.57 good
181.90 0.12 243.27 bad
59.90 0.02 297.05 bad
78.10 0.14 65.28 good
150.50 0.31 92.39 bad
64.40 0.14 114.14 good
310.00 0.12 72.91 bad
446.50 0.02 1238.93 good
148.90 0.16 113.09 good
107.80 0.20 84.03 bad
31.70 0.02 875.52 bad
118.30 0.12 138.45 good
59.10 0.11 132.92 bad
92.20 0.11 387.39 bad
85.80 0.18 75.21 good
79.20 0.10 313.76 bad
65.70 0.02 1797.82 good
34.20 0.06 319.05 good
322.80 0.07 209.65 good
195.70 0.41 58.14 good
237.20 0.14 212.10 good
145.80 0.13 194.01 bad
335.20 0.09 234.30 bad
212.90 0.10 56.35 bad
25.10 0.03 311.51 bad
177.70 0.21 86.23 bad
319.70 0.25 97.95 bad
62.30 0.10 909.70 bad
154.00 0.22 40.59 good
209.90 0.03 9.99 bad
382.10 0.18 113.50 good
93.00 0.07 105.22 bad