ThreeStarRate FiveStarRate Mode Class
97
0 1 2 3 4 5 6 7 8 12 13 14 15 16 19 20 23 24 25 26 27 28 29 30 32 34 36 37 38 39 41 42 43 44 46 47 48 49 52 53 57 58 60 61 62 63 64 65 66 68 70 73 74 75 78 80 85 86 87 88 91 93 95 96 97 98 99 105 108 110 112 113 114 115 117 122 123 125 127 128 130 131 132 135 137 140 141 142 143 144 145 146 147 148 150 152 153
0.28 0.15 8.00 good
0.23 0.25 8.00 good
0.40 0.15 6.00 bad
0.27 0.18 8.00 bad
0.33 0.10 6.00 bad
0.26 0.12 6.00 good
0.21 0.23 2.00 good
0.48 0.11 6.00 bad
0.30 0.21 6.00 bad
0.44 0.20 6.00 bad
0.39 0.09 6.00 bad
0.21 0.20 2.00 good
0.27 0.23 6.00 bad
0.23 0.14 6.00 good
0.22 0.28 10.00 bad
0.15 0.13 2.00 good
0.28 0.06 4.00 good
0.36 0.11 6.00 bad
0.20 0.20 2.00 bad
0.43 0.19 6.00 bad
0.21 0.05 2.00 good
0.25 0.27 8.00 bad
0.22 0.36 10.00 good
0.32 0.11 6.00 bad
0.31 0.13 8.00 bad
0.39 0.03 6.00 bad
0.23 0.19 8.00 bad
0.20 0.28 8.00 bad
0.27 0.13 4.00 bad
0.16 0.00 2.00 bad
0.34 0.17 6.00 good
0.26 0.11 2.00 bad
0.24 0.14 2.00 good
0.11 0.23 2.00 good
0.19 0.27 8.00 good
0.20 0.08 4.00 bad
0.33 0.17 8.00 bad
0.39 0.10 6.00 bad
0.15 0.42 10.00 bad
0.14 0.10 2.00 bad
0.21 0.18 8.00 bad
0.14 0.37 10.00 good
0.18 0.23 10.00 bad
0.25 0.21 8.00 good
0.08 0.00 4.00 bad
0.12 0.30 2.00 good
0.21 0.02 2.00 bad
0.31 0.07 6.00 bad
0.43 0.10 6.00 bad
0.25 0.22 8.00 bad
0.04 0.20 2.00 bad
0.22 0.17 8.00 bad
0.36 0.04 6.00 bad
0.40 0.10 6.00 good
0.33 0.16 6.00 bad
0.13 0.58 10.00 bad
0.15 0.10 2.00 good
0.30 0.26 6.00 bad
0.23 0.27 10.00 bad
0.18 0.30 10.00 good
0.16 0.34 10.00 good
0.26 0.21 8.00 bad
0.46 0.15 6.00 bad
0.28 0.17 8.00 good
0.26 0.13 8.00 good
0.22 0.29 8.00 good
0.34 0.17 6.00 bad
0.19 0.31 8.00 good
0.10 0.63 10.00 good
0.28 0.10 6.00 bad
0.30 0.11 6.00 bad
0.36 0.14 6.00 bad
0.09 0.60 10.00 bad
0.35 0.07 6.00 bad
0.45 0.09 6.00 bad
0.28 0.25 8.00 bad
0.37 0.20 6.00 good
0.08 0.67 10.00 good
0.22 0.36 10.00 good
0.13 0.31 10.00 good
0.28 0.17 6.00 bad
0.13 0.06 4.00 good
0.25 0.13 8.00 good
0.24 0.26 8.00 bad
0.15 0.38 10.00 good
0.07 0.05 8.00 bad
0.19 0.15 8.00 bad
0.15 0.46 10.00 good
0.22 0.10 8.00 bad
0.27 0.09 6.00 bad
0.45 0.08 6.00 bad
0.27 0.19 8.00 good
0.19 0.02 2.00 good
0.04 0.08 2.00 bad
0.35 0.15 6.00 bad
0.28 0.09 2.00 good
0.25 0.12 6.00 good