BookScore ThreeStarRate Kurtosis Class
97
0 1 2 4 6 7 8 9 10 12 13 14 16 23 24 25 26 28 29 31 33 34 35 37 38 39 40 42 44 45 46 47 49 50 51 53 54 55 57 59 60 66 68 69 70 71 74 76 77 78 79 80 81 82 83 85 86 87 89 90 92 93 94 95 97 101 102 103 104 105 107 108 109 112 113 114 117 118 120 121 123 124 125 126 127 128 130 133 134 136 137 138 141 142 144 146 151
6.4 0.28 200.91 good
7.2 0.23 406.22 good
6.4 0.40 267.71 bad
5.8 0.33 113.07 bad
6.0 0.21 75.15 good
5.8 0.48 181.37 bad
6.5 0.30 196.73 bad
5.4 0.26 110.48 bad
5.8 0.23 143.84 bad
6.0 0.44 114.51 bad
5.5 0.39 156.17 bad
5.9 0.21 68.44 good
5.7 0.23 87.54 good
4.7 0.28 78.49 good
5.5 0.36 114.10 bad
4.8 0.20 28.01 bad
6.5 0.43 249.04 bad
7.2 0.25 418.19 bad
7.1 0.22 194.89 good
5.8 0.33 211.54 good
6.1 0.29 163.05 good
5.1 0.39 192.82 bad
5.5 0.18 41.11 good
7.8 0.20 948.64 bad
5.9 0.27 172.89 bad
3.5 0.16 53.89 bad
6.7 0.24 227.23 good
5.4 0.26 74.29 bad
5.4 0.11 29.34 good
5.8 0.30 135.14 bad
7.1 0.19 218.67 good
5.3 0.20 85.63 bad
5.9 0.39 155.38 bad
5.3 0.32 119.73 good
5.9 0.37 339.26 bad
4.0 0.14 31.11 bad
7.0 0.33 245.77 good
5.6 0.33 182.02 bad
6.2 0.21 94.54 bad
6.5 0.21 148.52 good
6.2 0.18 95.85 bad
5.9 0.43 204.65 bad
6.8 0.25 223.96 bad
7.4 0.26 758.93 bad
5.9 0.04 49.13 bad
6.1 0.25 106.33 bad
6.1 0.36 393.48 bad
6.8 0.15 159.36 good
7.6 0.22 440.27 bad
6.2 0.33 147.32 bad
5.2 0.26 65.93 bad
8.3 0.13 599.56 bad
5.8 0.54 173.53 bad
5.6 0.20 87.78 bad
6.6 0.28 188.48 bad
5.2 0.15 51.21 good
7.0 0.30 249.84 bad
6.4 0.23 95.46 bad
6.4 0.27 208.64 bad
4.0 0.20 25.57 bad
7.8 0.16 444.03 good
6.9 0.26 288.02 bad
7.0 0.23 299.63 good
5.5 0.46 128.84 bad
6.5 0.26 198.40 good
7.1 0.26 286.97 bad
5.3 0.26 65.28 good
6.6 0.50 664.54 bad
4.9 0.34 92.39 bad
7.4 0.19 385.10 good
6.4 0.15 72.91 bad
8.7 0.10 1238.93 good
6.0 0.36 170.95 bad
5.4 0.30 84.03 bad
6.1 0.36 164.81 bad
8.5 0.09 875.52 bad
5.5 0.45 132.92 bad
6.5 0.39 387.39 bad
5.6 0.20 75.21 good
4.5 0.32 102.63 bad
7.0 0.37 502.72 good
5.6 0.29 101.09 good
8.9 0.08 1797.82 good
6.4 0.16 76.64 good
7.4 0.22 319.05 good
6.5 0.13 82.37 good
5.7 0.28 73.99 bad
5.9 0.33 194.01 bad
6.5 0.21 176.74 good
4.8 0.32 63.17 bad
7.8 0.15 478.73 good
5.7 0.22 56.35 bad
6.9 0.19 311.51 bad
7.8 0.15 364.52 good
5.4 0.27 97.95 bad
7.0 0.27 402.15 good
6.8 0.16 105.22 bad