BookScoreCount TwoStarRate Median Class
100
1 3 4 5 6 9 11 12 13 14 15 16 17 18 20 23 24 25 26 27 30 31 32 33 34 35 38 39 40 42 43 46 47 48 50 51 53 55 57 58 59 60 61 62 64 67 70 71 72 73 74 76 77 80 81 82 83 84 86 89 90 92 94 96 97 98 99 100 101 102 104 105 107 108 109 111 116 118 119 121 124 127 128 129 131 132 133 135 136 138 139 140 142 143 148 149 150 151 152 153
967 0.08 8.00 good
129 0.12 6.00 bad
78 0.09 6.00 bad
439 0.20 6.00 good
187 0.14 6.00 good
51 0.18 6.00 bad
51 0.04 6.00 bad
25 0.08 6.00 bad
48 0.24 6.00 bad
454 0.14 6.00 good
658 0.13 6.00 bad
119 0.22 6.00 good
36 0.22 6.00 bad
23 0.17 6.00 bad
112 0.20 4.00 good
116 0.31 4.00 good
70 0.21 6.00 bad
11 0.20 4.00 bad
100 0.09 6.00 bad
150 0.17 4.00 good
29 0.18 6.00 bad
44 0.30 6.00 good
292 0.09 8.00 bad
192 0.20 6.00 good
97 0.30 6.00 bad
1909 0.12 6.00 good
63 0.35 6.00 bad
20 0.26 2.00 bad
495 0.12 8.00 good
686 0.17 6.00 bad
81 0.13 6.00 good
108 0.07 8.00 good
79 0.28 4.00 bad
1248 0.09 6.00 bad
29 0.28 6.00 good
133 0.30 6.00 bad
22 0.33 4.00 bad
55 0.28 6.00 bad
2109 0.07 6.00 bad
461 0.05 8.00 good
484 0.21 6.00 good
108 0.21 6.00 bad
86 0.08 8.00 good
13 0.50 4.00 bad
45 0.27 4.00 bad
90 0.06 8.00 good
51 0.10 8.00 bad
248 0.12 6.00 bad
956 0.08 8.00 good
19 0.11 8.00 bad
46 0.22 6.00 bad
429 0.07 8.00 good
745 0.07 8.00 bad
714 0.03 10.00 bad
25 0.08 6.00 bad
31 0.41 4.00 bad
104 0.17 6.00 bad
21 0.14 6.00 bad
222 0.03 8.00 bad
145 0.17 6.00 bad
16 0.13 2.00 bad
527 0.04 8.00 good
218 0.11 8.00 good
188 0.11 8.00 good
39 0.03 8.00 good
2113 0.08 8.00 good
942 0.12 6.00 bad
42 0.02 8.00 bad
219 0.10 8.00 bad
225 0.14 6.00 good
25 0.31 4.00 bad
339 0.08 8.00 good
1184 0.12 6.00 bad
5393 0.02 10.00 good
88 0.14 6.00 bad
182 0.16 6.00 good
19 0.12 6.00 good
274 0.11 6.00 bad
1575 0.06 8.00 good
59 0.30 4.00 bad
320 0.19 6.00 good
387 0.06 8.00 good
607 0.08 8.00 good
2063 0.07 8.00 good
31 0.41 4.00 good
614 0.14 6.00 good
23 0.13 6.00 bad
1310 0.09 8.00 bad
68 0.24 4.00 bad
328 0.10 6.00 bad
1100 0.07 8.00 good
21 0.30 8.00 bad
2366 0.05 8.00 good
153 0.21 6.00 bad
1080 0.03 2.00 bad
674 0.18 6.00 good
21 0.15 6.00 bad
638 0.07 8.00 bad
45 0.19 6.00 good
209 0.22 6.00 good