AddListCount Mode Median Class
102
0 2 3 5 7 9 11 13 17 18 19 22 23 24 25 27 28 29 32 33 34 35 36 37 38 40 41 42 44 45 46 48 49 52 53 54 55 56 57 58 59 61 62 64 67 68 69 70 71 73 76 77 78 80 81 82 84 86 89 90 91 92 93 94 99 101 103 105 106 107 108 109 110 112 113 115 116 119 120 121 122 123 124 127 129 131 132 134 135 136 137 138 139 140 141 142 145 146 147 148 151 152
214 8.00 6.00 good
12 6.00 6.00 bad
38 8.00 6.00 bad
122 6.00 6.00 good
8 6.00 6.00 bad
14 8.00 6.00 bad
15 6.00 6.00 bad
9 6.00 6.00 bad
10 8.00 6.00 bad
7 10.00 6.00 bad
70 10.00 6.00 bad
61 6.00 6.00 bad
32 4.00 4.00 good
23 6.00 6.00 bad
2 2.00 4.00 bad
31 2.00 4.00 good
73 8.00 8.00 bad
68 10.00 8.00 good
111 8.00 8.00 bad
49 6.00 6.00 good
24 6.00 6.00 bad
254 2.00 6.00 good
63 8.00 8.00 bad
106 8.00 8.00 bad
19 4.00 6.00 bad
172 8.00 8.00 good
289 6.00 6.00 good
215 2.00 6.00 bad
242 2.00 4.00 good
93 6.00 6.00 bad
28 8.00 8.00 good
371 8.00 6.00 bad
13 6.00 6.00 bad
446 10.00 8.00 bad
1 2.00 4.00 bad
9 6.00 6.00 good
11 6.00 6.00 bad
13 6.00 6.00 good
551 8.00 6.00 bad
70 10.00 8.00 good
138 10.00 6.00 good
33 8.00 8.00 good
3 4.00 4.00 bad
10 2.00 4.00 bad
17 10.00 8.00 good
45 8.00 8.00 bad
5 8.00 8.00 bad
2 2.00 8.00 bad
119 8.00 6.00 bad
8 8.00 8.00 bad
110 8.00 8.00 good
183 10.00 8.00 bad
57 6.00 6.00 bad
193 10.00 10.00 bad
4 6.00 6.00 bad
3 4.00 4.00 bad
3 6.00 6.00 bad
53 6.00 8.00 bad
49 8.00 6.00 bad
4 2.00 2.00 bad
218 10.00 8.00 good
141 10.00 8.00 good
121 8.00 8.00 bad
57 8.00 8.00 good
253 6.00 6.00 bad
65 10.00 8.00 bad
6 6.00 6.00 bad
98 8.00 8.00 good
102 6.00 6.00 good
188 10.00 6.00 bad
1586 10.00 10.00 good
34 6.00 6.00 bad
31 6.00 6.00 bad
63 6.00 6.00 bad
25 6.00 6.00 bad
76 6.00 6.00 bad
7 6.00 6.00 good
274 8.00 8.00 good
15 8.00 6.00 good
14 6.00 4.00 bad
126 8.00 8.00 bad
32 6.00 6.00 good
57 6.00 6.00 good
146 10.00 8.00 good
510 10.00 8.00 good
5 4.00 4.00 good
131 8.00 6.00 good
168 8.00 8.00 good
293 8.00 8.00 bad
9 6.00 4.00 bad
303 10.00 8.00 good
53 2.00 6.00 bad
206 8.00 8.00 good
7 8.00 8.00 bad
19 8.00 8.00 bad
365 10.00 8.00 good
28 6.00 6.00 bad
710 8.00 8.00 good
26 2.00 4.00 good
54 2.00 2.00 bad
125 10.00 8.00 bad
12 2.00 6.00 good