ThreeStarRate FiveStarRate Mode Class
95
2 4 5 7 8 9 10 11 12 13 14 17 22 25 26 31 33 34 35 36 37 41 42 43 44 46 49 50 51 52 53 54 56 57 58 59 61 62 65 67 69 71 72 73 79 80 81 82 84 85 86 89 90 91 93 94 95 97 98 100 101 102 103 105 107 110 111 113 115 117 122 123 124 125 126 127 128 129 130 131 133 134 135 137 138 139 141 142 143 146 147 149 150 152 153
0.40 0.15 6.00 bad
0.33 0.10 6.00 bad
0.26 0.12 6.00 good
0.48 0.11 6.00 bad
0.30 0.21 6.00 bad
0.26 0.02 8.00 bad
0.23 0.09 8.00 bad
0.40 0.16 6.00 bad
0.44 0.20 6.00 bad
0.39 0.09 6.00 bad
0.21 0.20 2.00 good
0.20 0.12 8.00 bad
0.40 0.11 6.00 bad
0.20 0.20 2.00 bad
0.43 0.19 6.00 bad
0.33 0.09 6.00 good
0.29 0.15 6.00 good
0.39 0.03 6.00 bad
0.18 0.21 2.00 good
0.23 0.19 8.00 bad
0.20 0.28 8.00 bad
0.34 0.17 6.00 good
0.26 0.11 2.00 bad
0.24 0.14 2.00 good
0.11 0.23 2.00 good
0.19 0.27 8.00 good
0.39 0.10 6.00 bad
0.32 0.07 6.00 good
0.37 0.07 6.00 bad
0.15 0.42 10.00 bad
0.14 0.10 2.00 bad
0.33 0.29 6.00 good
0.32 0.13 6.00 good
0.21 0.18 8.00 bad
0.14 0.37 10.00 good
0.21 0.25 10.00 good
0.25 0.21 8.00 good
0.08 0.00 4.00 bad
0.31 0.07 6.00 bad
0.16 0.42 10.00 good
0.26 0.21 8.00 bad
0.25 0.17 8.00 bad
0.26 0.35 10.00 good
0.22 0.17 8.00 bad
0.26 0.10 2.00 bad
0.13 0.58 10.00 bad
0.54 0.13 6.00 bad
0.20 0.22 4.00 bad
0.33 0.14 6.00 bad
0.15 0.10 2.00 good
0.30 0.26 6.00 bad
0.27 0.17 8.00 bad
0.20 0.07 2.00 bad
0.16 0.34 10.00 good
0.26 0.21 8.00 bad
0.23 0.23 8.00 good
0.46 0.15 6.00 bad
0.26 0.13 8.00 good
0.22 0.29 8.00 good
0.34 0.25 6.00 bad
0.26 0.27 10.00 bad
0.26 0.08 2.00 good
0.50 0.11 6.00 bad
0.19 0.31 8.00 good
0.15 0.31 10.00 bad
0.28 0.10 6.00 bad
0.26 0.12 8.00 good
0.36 0.14 6.00 bad
0.35 0.07 6.00 bad
0.45 0.09 6.00 bad
0.28 0.25 8.00 bad
0.37 0.20 6.00 good
0.29 0.11 6.00 good
0.08 0.67 10.00 good
0.16 0.30 10.00 good
0.22 0.36 10.00 good
0.13 0.31 10.00 good
0.16 0.37 10.00 good
0.28 0.17 6.00 bad
0.13 0.06 4.00 good
0.33 0.04 8.00 bad
0.21 0.18 8.00 good
0.24 0.26 8.00 bad
0.15 0.38 10.00 good
0.22 0.18 2.00 bad
0.24 0.22 8.00 good
0.19 0.15 8.00 bad
0.15 0.46 10.00 good
0.22 0.10 8.00 bad
0.27 0.19 8.00 good
0.19 0.02 2.00 good
0.23 0.15 8.00 good
0.35 0.15 6.00 bad
0.28 0.09 2.00 good
0.25 0.12 6.00 good