BookScoreCount TwoStarRate Median Class
103
2 3 6 7 8 9 10 11 12 13 14 15 16 18 20 21 22 23 24 25 26 27 29 31 33 34 35 36 37 38 39 40 41 43 45 46 47 48 51 52 53 54 55 58 61 62 63 65 67 69 70 71 72 74 76 77 79 81 84 85 86 87 89 90 92 95 97 98 100 101 102 103 105 106 108 109 110 112 115 116 117 119 121 124 125 127 128 131 132 135 136 137 138 139 140 141 145 146 147 148 150 152 153
47 0.10 6.00 bad
129 0.12 6.00 bad
187 0.14 6.00 good
27 0.15 6.00 bad
177 0.16 6.00 bad
51 0.18 6.00 bad
78 0.26 6.00 bad
51 0.04 6.00 bad
25 0.08 6.00 bad
48 0.24 6.00 bad
454 0.14 6.00 good
658 0.13 6.00 bad
119 0.22 6.00 good
23 0.17 6.00 bad
112 0.20 4.00 good
44 0.37 4.00 bad
159 0.15 6.00 bad
116 0.31 4.00 good
70 0.21 6.00 bad
11 0.20 4.00 bad
100 0.09 6.00 bad
150 0.17 4.00 good
290 0.10 8.00 good
44 0.30 6.00 good
192 0.20 6.00 good
97 0.30 6.00 bad
1909 0.12 6.00 good
223 0.10 8.00 bad
216 0.03 8.00 bad
63 0.35 6.00 bad
20 0.26 2.00 bad
495 0.12 8.00 good
670 0.14 6.00 good
81 0.13 6.00 good
299 0.20 6.00 bad
108 0.07 8.00 good
79 0.28 4.00 bad
1248 0.09 6.00 bad
133 0.30 6.00 bad
1780 0.04 8.00 bad
22 0.33 4.00 bad
43 0.05 6.00 good
55 0.28 6.00 bad
461 0.05 8.00 good
86 0.08 8.00 good
13 0.50 4.00 bad
91 0.07 6.00 good
82 0.28 4.00 bad
90 0.06 8.00 good
20 0.05 8.00 bad
51 0.10 8.00 bad
248 0.12 6.00 bad
956 0.08 8.00 good
46 0.22 6.00 bad
429 0.07 8.00 good
745 0.07 8.00 bad
531 0.19 6.00 bad
25 0.08 6.00 bad
21 0.14 6.00 bad
356 0.19 4.00 good
222 0.03 8.00 bad
182 0.09 6.00 bad
145 0.17 6.00 bad
16 0.13 2.00 bad
527 0.04 8.00 good
13 0.23 6.00 bad
39 0.03 8.00 good
2113 0.08 8.00 good
42 0.02 8.00 bad
219 0.10 8.00 bad
225 0.14 6.00 good
29 0.08 6.00 bad
339 0.08 8.00 good
349 0.14 6.00 good
5393 0.02 10.00 good
88 0.14 6.00 bad
112 0.21 6.00 bad
201 0.20 6.00 bad
282 0.19 6.00 bad
19 0.12 6.00 good
34 0.11 6.00 bad
1575 0.06 8.00 good
59 0.30 4.00 bad
320 0.19 6.00 good
768 0.02 10.00 good
387 0.06 8.00 good
607 0.08 8.00 good
31 0.41 4.00 good
614 0.14 6.00 good
1310 0.09 8.00 bad
68 0.24 4.00 bad
1641 0.05 8.00 good
328 0.10 6.00 bad
1100 0.07 8.00 good
21 0.30 8.00 bad
83 0.03 8.00 bad
61 0.10 6.00 bad
2356 0.09 8.00 good
208 0.22 4.00 good
1080 0.03 2.00 bad
21 0.15 6.00 bad
45 0.19 6.00 good
209 0.22 6.00 good