ThreeStarRate Median Kurtosis Class
107
0 1 2 3 4 6 9 12 13 15 16 17 19 20 21 22 23 24 25 26 27 28 29 30 32 33 36 37 39 40 41 42 43 44 45 47 48 49 51 52 53 54 55 56 58 59 60 62 65 66 67 69 70 74 75 76 77 79 83 86 87 89 90 91 93 94 98 99 100 102 107 108 109 110 112 113 114 117 118 119 120 121 122 123 124 126 127 128 129 131 132 134 136 137 138 139 140 141 142 143 144 145 147 148 150 151 153
0.28 6.00 200.91 good
0.23 8.00 406.22 good
0.40 6.00 267.71 bad
0.27 6.00 155.27 bad
0.33 6.00 113.07 bad
0.21 6.00 75.15 good
0.26 6.00 110.48 bad
0.44 6.00 114.51 bad
0.39 6.00 156.17 bad
0.27 6.00 188.48 bad
0.23 6.00 87.54 good
0.20 6.00 80.31 bad
0.22 6.00 181.41 bad
0.15 4.00 48.29 good
0.16 4.00 66.70 bad
0.40 6.00 468.11 bad
0.28 4.00 78.49 good
0.36 6.00 114.10 bad
0.20 4.00 28.01 bad
0.43 6.00 249.04 bad
0.21 4.00 40.03 good
0.25 8.00 418.19 bad
0.22 8.00 194.89 good
0.32 6.00 80.73 bad
0.31 8.00 404.81 bad
0.29 6.00 163.05 good
0.23 8.00 203.97 bad
0.20 8.00 948.64 bad
0.16 2.00 53.89 bad
0.24 8.00 227.23 good
0.34 6.00 389.04 good
0.26 6.00 74.29 bad
0.24 6.00 44.83 good
0.11 4.00 29.34 good
0.30 6.00 135.14 bad
0.20 4.00 85.63 bad
0.33 6.00 362.40 bad
0.39 6.00 155.38 bad
0.37 6.00 339.26 bad
0.15 8.00 453.60 bad
0.14 4.00 31.11 bad
0.33 6.00 245.77 good
0.33 6.00 182.02 bad
0.32 6.00 74.03 good
0.14 8.00 256.16 good
0.21 6.00 148.52 good
0.18 6.00 95.85 bad
0.08 4.00 199.64 bad
0.31 4.00 77.07 bad
0.43 6.00 204.65 bad
0.16 8.00 278.88 good
0.26 8.00 758.93 bad
0.04 8.00 49.13 bad
0.36 6.00 393.48 bad
0.40 6.00 344.01 good
0.15 8.00 159.36 good
0.22 8.00 440.27 bad
0.26 6.00 65.93 bad
0.28 6.00 188.48 bad
0.30 8.00 249.84 bad
0.23 6.00 95.46 bad
0.27 6.00 208.64 bad
0.20 2.00 25.57 bad
0.16 8.00 191.97 good
0.26 8.00 288.02 bad
0.23 8.00 299.63 good
0.22 8.00 391.57 good
0.34 6.00 243.27 bad
0.34 8.00 297.05 bad
0.26 6.00 65.28 good
0.15 6.00 72.91 bad
0.10 10.00 1238.93 good
0.36 6.00 170.95 bad
0.28 6.00 131.59 bad
0.30 6.00 84.03 bad
0.36 6.00 164.81 bad
0.09 10.00 875.52 bad
0.45 6.00 132.92 bad
0.39 6.00 387.39 bad
0.20 8.00 297.36 good
0.20 6.00 75.21 good
0.32 4.00 102.63 bad
0.28 8.00 313.76 bad
0.37 6.00 502.72 good
0.29 6.00 101.09 good
0.16 8.00 76.64 good
0.22 8.00 319.05 good
0.13 8.00 82.37 good
0.16 8.00 209.65 good
0.13 4.00 58.14 good
0.25 6.00 212.10 good
0.21 8.00 176.74 good
0.32 4.00 63.17 bad
0.15 8.00 478.73 good
0.22 6.00 56.35 bad
0.24 8.00 304.97 good
0.07 8.00 361.68 bad
0.19 8.00 311.51 bad
0.15 8.00 364.52 good
0.22 6.00 86.23 bad
0.27 6.00 97.95 bad
0.45 6.00 909.70 bad
0.19 4.00 40.59 good
0.04 2.00 9.99 bad
0.35 6.00 158.29 bad
0.16 8.00 105.22 bad
0.25 6.00 105.28 good