AddListCount FourStarRate Kurtosis Class
94
0 1 2 5 6 7 8 9 10 12 13 15 16 17 19 21 22 24 25 27 28 29 34 35 36 37 38 39 40 41 42 45 46 47 48 49 50 52 54 56 57 59 61 62 64 65 66 69 70 71 73 75 80 81 84 87 88 91 94 95 96 100 101 104 105 106 109 110 112 113 114 116 117 119 120 123 124 127 128 130 131 133 137 139 141 143 144 145 146 147 148 149 150 153
214 0.30 200.91 good
492 0.36 406.22 good
12 0.24 267.71 bad
122 0.21 93.52 good
42 0.18 75.15 good
8 0.11 181.37 bad
53 0.22 196.73 bad
14 0.30 110.48 bad
25 0.27 143.84 bad
12 0.08 114.51 bad
9 0.13 156.17 bad
204 0.25 188.48 bad
25 0.20 87.54 good
10 0.23 80.31 bad
70 0.22 181.41 bad
12 0.14 66.70 bad
61 0.28 468.11 bad
23 0.13 114.10 bad
2 0.00 28.01 bad
31 0.15 40.03 good
73 0.31 418.19 bad
68 0.20 194.89 good
24 0.13 192.82 bad
254 0.14 41.11 good
63 0.34 203.97 bad
106 0.44 948.64 bad
19 0.17 172.89 bad
1 0.05 53.89 bad
172 0.33 227.23 good
289 0.29 389.04 good
215 0.20 74.29 bad
93 0.23 135.14 bad
28 0.33 218.67 good
20 0.22 85.63 bad
371 0.33 362.40 bad
13 0.23 155.38 bad
7 0.14 119.73 good
446 0.30 453.60 bad
9 0.21 245.77 good
13 0.10 74.03 good
551 0.29 94.54 bad
138 0.21 148.52 good
33 0.44 1104.85 good
3 0.34 199.64 bad
10 0.14 59.06 bad
22 0.07 77.07 bad
2 0.19 204.65 bad
5 0.42 758.93 bad
2 0.32 49.13 bad
119 0.25 106.33 bad
8 0.39 278.58 bad
8 0.30 344.01 good
193 0.19 599.56 bad
4 0.08 173.53 bad
3 0.19 116.65 bad
65 0.19 95.46 bad
321 0.23 118.81 good
218 0.28 191.97 good
57 0.33 299.63 good
4 0.00 128.84 bad
100 0.33 282.28 good
8 0.27 297.05 bad
65 0.27 286.97 bad
5 0.04 92.39 bad
98 0.33 385.10 good
102 0.24 114.14 good
34 0.24 170.95 bad
31 0.24 131.59 bad
63 0.15 84.03 bad
25 0.21 164.81 bad
218 0.23 875.52 bad
7 0.12 138.45 good
5 0.14 132.92 bad
274 0.33 297.36 good
15 0.25 75.21 good
32 0.30 502.72 good
57 0.20 101.09 good
146 0.26 319.05 good
108 0.23 82.37 good
11 0.16 73.99 bad
5 0.11 58.14 good
1 0.33 194.01 bad
303 0.33 478.73 good
206 0.36 304.97 good
19 0.49 311.51 bad
42 0.24 86.23 bad
103 0.18 97.95 bad
28 0.33 909.70 bad
710 0.37 402.15 good
26 0.09 40.59 good
54 0.06 9.99 bad
178 0.26 113.50 good
5 0.20 158.29 bad
50 0.22 105.28 good