BookWordCount BookScoreCount AddListCount Class
93
0 1 2 3 6 7 9 10 12 15 16 17 18 19 20 21 22 24 25 27 28 29 30 32 34 35 36 38 39 40 41 43 44 45 47 48 49 51 52 53 54 57 58 63 64 66 70 71 73 80 84 85 86 87 88 90 91 93 94 95 98 100 101 103 106 108 109 111 112 113 114 116 117 118 119 121 124 128 129 130 131 133 134 140 141 142 145 146 147 149 150 152 153
177.20 568 214 good
289.90 967 492 good
48.30 47 12 bad
52.30 129 38 bad
59.60 187 42 good
38.90 27 8 bad
21.30 51 14 bad
82.50 78 25 bad
21.80 25 12 bad
257.20 658 204 bad
135.80 119 25 good
33.60 36 10 bad
24.10 23 7 bad
122.40 250 70 bad
82.30 112 17 good
74.10 44 12 bad
77.70 159 61 bad
74.80 70 23 bad
35.90 11 2 bad
147.20 150 31 good
53.00 263 73 bad
233.90 290 68 good
150.70 29 9 bad
51.10 292 111 bad
154.60 97 24 bad
713.10 1909 254 good
87.00 223 63 bad
80.20 63 19 bad
22.80 20 1 bad
153.10 495 172 good
168.40 670 289 good
74.40 81 18 good
296.80 1885 242 good
380.50 299 93 bad
49.70 79 20 bad
281.40 1248 371 bad
44.50 72 13 bad
84.60 133 42 bad
76.10 1780 446 bad
53.70 22 1 bad
13.00 43 9 good
293.40 2109 551 bad
63.50 461 70 good
108.60 91 21 good
54.40 45 10 bad
34.80 21 2 bad
55.40 51 2 bad
98.90 248 119 bad
68.60 19 8 bad
144.70 714 193 bad
30.00 21 3 bad
87.20 356 55 good
129.90 222 53 bad
112.10 182 65 bad
315.30 1636 321 good
50.40 16 4 bad
126.20 654 218 good
90.50 396 121 bad
63.70 218 57 good
99.00 13 4 bad
170.60 2113 558 good
59.90 42 8 bad
219.60 219 65 bad
21.40 29 6 bad
64.40 349 102 good
446.50 5393 1586 good
101.10 88 34 bad
148.90 182 53 good
107.80 201 63 bad
247.80 136 25 bad
31.70 1114 218 bad
118.30 19 7 good
59.10 34 5 bad
92.20 274 112 bad
427.70 1575 274 good
145.90 59 14 bad
223.00 320 57 good
296.70 607 108 good
322.80 2063 510 good
46.30 82 11 bad
195.70 31 5 good
145.80 23 1 bad
179.50 795 168 good
43.40 21 7 bad
25.10 83 19 bad
518.00 2366 365 good
62.30 61 28 bad
477.20 2356 710 good
154.00 208 26 good
382.10 674 178 good
44.60 21 5 bad
163.50 45 12 good
73.20 209 50 good