BookScore AddListCount ThreeStarRate Class
97
1 2 3 4 6 7 8 10 11 13 14 17 19 20 21 24 26 27 28 29 30 31 33 34 38 39 40 42 46 48 49 51 52 54 55 57 58 59 60 61 62 63 64 66 68 69 70 73 75 77 78 79 80 81 82 85 86 87 88 89 90 91 92 96 97 98 100 101 103 104 105 108 113 114 115 117 119 120 122 123 124 125 126 127 131 133 135 136 138 141 143 145 146 149 150 151 153
7.2 492 0.23 good
6.4 12 0.40 bad
6.4 38 0.27 bad
5.8 22 0.33 bad
6.0 42 0.21 good
5.8 8 0.48 bad
6.5 53 0.30 bad
5.8 25 0.23 bad
6.9 15 0.40 bad
5.5 9 0.39 bad
5.9 136 0.21 good
5.6 10 0.20 bad
6.7 70 0.22 bad
5.3 17 0.15 good
4.6 12 0.16 bad
5.5 23 0.36 bad
6.5 32 0.43 bad
4.5 31 0.21 good
7.2 73 0.25 bad
7.1 68 0.22 good
5.4 9 0.32 bad
5.8 6 0.33 good
6.1 49 0.29 good
5.1 24 0.39 bad
5.9 19 0.27 bad
3.5 1 0.16 bad
6.7 172 0.24 good
5.4 215 0.26 bad
7.1 28 0.19 good
6.8 371 0.33 bad
5.9 13 0.39 bad
5.9 42 0.37 bad
7.9 446 0.15 bad
7.0 9 0.33 good
5.6 11 0.33 bad
6.2 551 0.21 bad
7.5 70 0.14 good
6.5 138 0.21 good
6.2 19 0.18 bad
7.5 33 0.25 good
5.3 3 0.08 bad
6.2 21 0.12 good
4.4 10 0.21 bad
5.9 2 0.43 bad
6.8 45 0.25 bad
7.4 5 0.26 bad
5.9 2 0.04 bad
6.8 8 0.22 bad
6.4 8 0.40 good
7.6 183 0.22 bad
6.2 57 0.33 bad
5.2 94 0.26 bad
8.3 193 0.13 bad
5.8 4 0.54 bad
5.6 3 0.20 bad
5.2 55 0.15 good
7.0 53 0.30 bad
6.4 65 0.23 bad
6.7 321 0.18 good
6.4 49 0.27 bad
4.0 4 0.20 bad
7.2 218 0.16 good
7.8 141 0.16 good
6.7 100 0.28 good
6.5 7 0.26 good
7.3 558 0.22 good
7.0 8 0.34 bad
7.1 65 0.26 bad
6.6 6 0.50 bad
4.9 5 0.34 bad
7.4 98 0.19 good
8.7 1586 0.10 good
6.1 25 0.36 bad
8.5 218 0.09 bad
5.5 76 0.35 bad
5.5 5 0.45 bad
7.3 274 0.20 good
5.6 15 0.20 good
7.0 126 0.28 bad
7.0 32 0.37 good
5.6 57 0.29 good
8.9 149 0.08 good
6.4 48 0.16 good
7.4 146 0.22 good
4.4 5 0.13 good
5.9 1 0.33 bad
7.0 293 0.24 bad
4.8 9 0.32 bad
5.7 53 0.22 bad
6.9 19 0.19 bad
5.5 42 0.22 bad
6.7 28 0.45 bad
7.0 710 0.27 good
6.0 178 0.23 good
6.1 5 0.35 bad
6.8 125 0.16 bad
5.7 50 0.25 good