TwoStarRate FourStarRate Median Class
82
1 2 3 6 7 8 10 11 12 19 20 21 23 24 25 26 27 28 30 33 35 36 39 40 41 42 43 45 46 47 48 49 57 58 59 61 62 64 65 67 68 72 73 76 78 81 82 83 88 92 93 94 95 102 104 107 108 110 111 112 114 115 116 117 118 119 121 125 128 131 132 134 135 136 138 139 141 142 144 146 149 152
0.08 0.36 8.00 good
0.10 0.24 6.00 bad
0.12 0.27 6.00 bad
0.14 0.18 6.00 good
0.15 0.11 6.00 bad
0.16 0.22 6.00 bad
0.26 0.27 6.00 bad
0.04 0.32 6.00 bad
0.08 0.08 6.00 bad
0.18 0.22 6.00 bad
0.20 0.20 4.00 good
0.37 0.14 4.00 bad
0.31 0.08 4.00 good
0.21 0.13 6.00 bad
0.20 0.00 4.00 bad
0.09 0.18 6.00 bad
0.17 0.15 4.00 good
0.11 0.31 8.00 bad
0.18 0.14 6.00 bad
0.20 0.23 6.00 good
0.12 0.14 6.00 good
0.10 0.34 8.00 bad
0.26 0.05 2.00 bad
0.12 0.33 8.00 good
0.14 0.29 6.00 good
0.17 0.20 6.00 bad
0.13 0.14 6.00 good
0.20 0.23 6.00 bad
0.07 0.33 8.00 good
0.28 0.22 4.00 bad
0.09 0.33 6.00 bad
0.10 0.23 6.00 bad
0.07 0.29 6.00 bad
0.05 0.30 8.00 good
0.21 0.21 6.00 good
0.08 0.44 8.00 good
0.50 0.34 4.00 bad
0.27 0.14 4.00 bad
0.28 0.07 4.00 bad
0.06 0.25 8.00 good
0.11 0.30 8.00 bad
0.08 0.20 8.00 good
0.11 0.39 8.00 bad
0.07 0.36 8.00 good
0.10 0.24 6.00 bad
0.08 0.08 6.00 bad
0.41 0.05 4.00 bad
0.17 0.22 6.00 bad
0.10 0.23 8.00 good
0.04 0.29 8.00 good
0.08 0.34 8.00 bad
0.11 0.33 8.00 good
0.23 0.00 6.00 bad
0.14 0.21 6.00 good
0.31 0.04 4.00 bad
0.12 0.17 6.00 bad
0.02 0.20 10.00 good
0.21 0.24 6.00 bad
0.16 0.26 6.00 good
0.20 0.15 6.00 bad
0.02 0.23 10.00 bad
0.19 0.19 6.00 bad
0.12 0.12 6.00 good
0.11 0.14 6.00 bad
0.11 0.30 6.00 bad
0.06 0.33 8.00 good
0.30 0.08 4.00 bad
0.02 0.20 10.00 good
0.08 0.23 8.00 good
0.41 0.11 4.00 good
0.14 0.35 6.00 good
0.12 0.34 8.00 good
0.09 0.29 8.00 bad
0.24 0.05 4.00 bad
0.10 0.19 6.00 bad
0.07 0.36 8.00 good
0.03 0.49 8.00 bad
0.05 0.24 8.00 good
0.25 0.18 6.00 bad
0.09 0.37 8.00 good
0.18 0.26 6.00 good
0.19 0.14 6.00 good