BookScoreCount ThreeStarRate FiveStarRate Class
97
0 2 3 4 6 10 12 13 15 18 19 22 25 28 31 32 33 35 36 39 40 41 42 43 46 47 48 50 51 52 53 55 59 60 61 62 65 66 67 69 72 73 74 76 77 78 79 80 81 82 84 85 87 90 91 92 96 97 98 99 100 102 103 107 108 109 110 111 113 114 115 116 117 118 120 122 123 124 125 126 127 130 131 132 134 136 137 138 141 142 143 144 146 147 148 151 153
568 0.28 0.15 good
47 0.40 0.15 bad
129 0.27 0.18 bad
78 0.33 0.10 bad
187 0.21 0.23 good
78 0.23 0.09 bad
25 0.44 0.20 bad
48 0.39 0.09 bad
658 0.27 0.23 bad
23 0.28 0.28 bad
250 0.22 0.28 bad
159 0.40 0.11 bad
11 0.20 0.20 bad
263 0.25 0.27 bad
44 0.33 0.09 good
292 0.31 0.13 bad
192 0.29 0.15 good
1909 0.18 0.21 good
223 0.23 0.19 bad
20 0.16 0.00 bad
495 0.24 0.19 good
670 0.34 0.17 good
686 0.26 0.11 bad
81 0.24 0.14 good
108 0.19 0.27 good
79 0.20 0.08 bad
1248 0.33 0.17 bad
29 0.32 0.07 good
133 0.37 0.07 bad
1780 0.15 0.42 bad
22 0.14 0.10 bad
55 0.33 0.06 bad
484 0.21 0.25 good
108 0.18 0.23 bad
86 0.25 0.21 good
13 0.08 0.00 bad
82 0.31 0.07 bad
21 0.43 0.10 bad
90 0.16 0.42 good
20 0.26 0.21 bad
956 0.26 0.35 good
19 0.22 0.17 bad
46 0.36 0.04 bad
429 0.15 0.24 good
745 0.22 0.37 bad
217 0.33 0.16 bad
531 0.26 0.10 bad
714 0.13 0.58 bad
25 0.54 0.13 bad
31 0.20 0.22 bad
21 0.33 0.14 bad
356 0.15 0.10 good
182 0.23 0.27 bad
16 0.20 0.07 bad
654 0.16 0.34 good
527 0.16 0.42 good
188 0.28 0.17 good
39 0.26 0.13 good
2113 0.22 0.29 good
942 0.34 0.17 bad
42 0.34 0.25 bad
225 0.26 0.08 good
29 0.50 0.11 bad
1184 0.15 0.31 bad
5393 0.10 0.63 good
88 0.36 0.10 bad
112 0.28 0.10 bad
182 0.26 0.12 good
136 0.36 0.14 bad
1114 0.09 0.60 bad
282 0.35 0.07 bad
19 0.42 0.17 good
34 0.45 0.09 bad
274 0.39 0.11 bad
45 0.20 0.11 good
385 0.28 0.25 bad
93 0.37 0.20 good
320 0.29 0.11 good
768 0.08 0.67 good
353 0.16 0.30 good
387 0.22 0.36 good
82 0.28 0.17 bad
31 0.13 0.06 good
614 0.25 0.13 good
795 0.21 0.18 good
68 0.32 0.09 bad
1641 0.15 0.38 good
328 0.22 0.18 bad
83 0.19 0.15 bad
2366 0.15 0.46 good
153 0.22 0.10 bad
364 0.27 0.09 bad
2356 0.27 0.19 good
208 0.19 0.02 good
1080 0.04 0.08 bad
638 0.16 0.37 bad
209 0.25 0.12 good