BookWordCount AddListCount Median Class
98
0 1 2 3 4 5 8 9 11 13 15 16 17 22 23 24 25 26 28 29 30 31 32 33 34 35 36 37 39 40 42 45 46 47 48 49 52 54 57 60 61 64 65 66 69 70 72 75 76 77 78 79 80 81 82 83 86 88 89 91 94 95 96 99 100 101 102 103 104 106 108 110 111 112 113 116 118 121 122 123 124 125 126 127 128 130 133 134 136 137 138 139 142 143 144 146 151 153
177.20 214 6.00 good
289.90 492 8.00 good
48.30 12 6.00 bad
52.30 38 6.00 bad
139.00 22 6.00 bad
158.50 122 6.00 good
143.50 53 6.00 bad
21.30 14 6.00 bad
13.40 15 6.00 bad
27.50 9 6.00 bad
257.20 204 6.00 bad
135.80 25 6.00 good
33.60 10 6.00 bad
77.70 61 6.00 bad
122.20 32 4.00 good
74.80 23 6.00 bad
35.90 2 4.00 bad
62.70 32 6.00 bad
53.00 73 8.00 bad
233.90 68 8.00 good
150.70 9 6.00 bad
78.00 6 6.00 good
51.10 111 8.00 bad
178.90 49 6.00 good
154.60 24 6.00 bad
713.10 254 6.00 good
87.00 63 8.00 bad
51.30 106 8.00 bad
22.80 1 2.00 bad
153.10 172 8.00 good
300.10 215 6.00 bad
380.50 93 6.00 bad
123.50 28 8.00 good
49.70 20 4.00 bad
281.40 371 6.00 bad
44.50 13 6.00 bad
76.10 446 8.00 bad
13.00 9 6.00 good
293.40 551 6.00 bad
45.10 19 6.00 bad
17.00 33 8.00 good
54.40 10 4.00 bad
72.20 22 4.00 bad
34.80 2 6.00 bad
7.30 5 8.00 bad
55.40 2 8.00 bad
390.00 180 8.00 good
39.60 8 6.00 good
46.20 110 8.00 good
1070.70 183 8.00 bad
70.00 57 6.00 bad
131.20 94 6.00 bad
144.70 193 10.00 bad
87.70 4 6.00 bad
183.00 3 4.00 bad
40.80 22 6.00 bad
129.90 53 8.00 bad
315.30 321 8.00 good
153.20 49 6.00 bad
126.20 218 8.00 good
63.70 57 8.00 good
99.00 4 6.00 bad
34.10 100 8.00 good
181.90 253 6.00 bad
59.90 8 8.00 bad
219.60 65 8.00 bad
78.10 39 6.00 good
21.40 6 6.00 bad
150.50 5 4.00 bad
64.40 102 6.00 good
446.50 1586 10.00 good
133.50 31 6.00 bad
148.90 53 6.00 good
107.80 63 6.00 bad
247.80 25 6.00 bad
118.30 7 6.00 good
92.20 112 6.00 bad
145.90 14 4.00 bad
79.20 126 8.00 bad
153.40 32 6.00 good
223.00 57 6.00 good
65.70 149 10.00 good
89.70 48 8.00 good
34.20 146 8.00 good
296.70 108 8.00 good
46.30 11 6.00 bad
145.80 1 6.00 bad
179.50 168 8.00 good
72.70 9 4.00 bad
448.70 303 8.00 good
212.90 53 6.00 bad
130.30 206 8.00 good
518.00 365 8.00 good
177.70 42 6.00 bad
319.70 103 6.00 bad
477.20 710 8.00 good
93.00 125 8.00 bad
73.20 50 6.00 good