AddListCount FourStarRate Mode Class
101
1 2 3 4 5 6 7 8 9 10 11 12 13 14 16 18 19 21 22 23 25 26 28 30 33 37 38 39 40 41 44 46 47 49 51 53 54 55 61 62 65 66 68 69 71 72 73 75 76 77 78 79 81 84 85 86 87 88 89 90 92 93 94 95 96 97 98 102 103 106 107 108 109 110 113 114 115 116 119 121 122 125 126 129 130 132 133 134 135 136 137 140 142 143 144 145 147 148 149 150 152
492 0.36 8.00 good
12 0.24 6.00 bad
38 0.27 8.00 bad
22 0.25 6.00 bad
122 0.21 6.00 good
42 0.18 2.00 good
8 0.11 6.00 bad
53 0.22 6.00 bad
14 0.30 8.00 bad
25 0.27 8.00 bad
15 0.32 6.00 bad
12 0.08 6.00 bad
9 0.13 6.00 bad
136 0.19 2.00 good
25 0.20 6.00 good
7 0.14 10.00 bad
70 0.22 10.00 bad
12 0.14 4.00 bad
61 0.28 6.00 bad
32 0.08 4.00 good
2 0.00 2.00 bad
32 0.18 6.00 bad
73 0.31 8.00 bad
9 0.14 6.00 bad
49 0.23 6.00 good
106 0.44 8.00 bad
19 0.17 4.00 bad
1 0.05 2.00 bad
172 0.33 8.00 good
289 0.29 6.00 good
242 0.16 2.00 good
28 0.33 8.00 good
20 0.22 4.00 bad
13 0.23 6.00 bad
42 0.21 6.00 bad
1 0.00 2.00 bad
9 0.21 6.00 good
11 0.20 6.00 bad
33 0.44 8.00 good
3 0.34 4.00 bad
22 0.07 6.00 bad
2 0.19 6.00 bad
45 0.30 8.00 bad
5 0.42 8.00 bad
119 0.25 8.00 bad
180 0.20 10.00 good
8 0.39 8.00 bad
8 0.30 6.00 good
110 0.36 8.00 good
183 0.27 10.00 bad
57 0.24 6.00 bad
94 0.17 2.00 bad
4 0.08 6.00 bad
3 0.19 6.00 bad
55 0.24 2.00 good
53 0.27 6.00 bad
65 0.19 10.00 bad
321 0.23 10.00 good
49 0.28 8.00 bad
4 0.07 2.00 bad
141 0.29 10.00 good
121 0.34 8.00 bad
57 0.33 8.00 good
4 0.00 6.00 bad
100 0.33 8.00 good
7 0.40 8.00 good
558 0.33 8.00 good
39 0.21 2.00 good
6 0.26 6.00 bad
102 0.24 6.00 good
188 0.17 10.00 bad
1586 0.20 10.00 good
34 0.24 6.00 bad
31 0.24 6.00 bad
25 0.21 6.00 bad
218 0.23 10.00 bad
76 0.19 6.00 bad
7 0.12 6.00 good
274 0.33 8.00 good
14 0.08 6.00 bad
126 0.29 8.00 bad
149 0.20 10.00 good
48 0.21 10.00 good
510 0.26 10.00 good
11 0.16 6.00 bad
131 0.35 8.00 good
1 0.33 8.00 bad
168 0.34 8.00 good
293 0.29 8.00 bad
9 0.05 6.00 bad
303 0.33 10.00 good
7 0.54 8.00 bad
365 0.24 10.00 good
42 0.24 8.00 bad
103 0.18 6.00 bad
28 0.33 6.00 bad
26 0.09 2.00 good
54 0.06 2.00 bad
178 0.26 8.00 good
5 0.20 6.00 bad
12 0.14 2.00 good