TwoStarRate Mode Median Class
94
0 3 7 11 13 14 16 19 20 21 22 23 25 26 27 29 31 33 34 35 36 39 41 43 44 46 48 49 50 52 56 57 59 61 62 64 66 67 68 69 71 72 73 76 77 79 81 85 86 90 91 93 94 95 96 97 98 100 101 102 103 105 106 108 109 110 111 112 113 114 117 119 120 122 123 124 127 129 131 134 135 136 140 143 144 145 146 147 148 149 150 151 152 153
0.15 8.00 6.00 good
0.12 8.00 6.00 bad
0.15 6.00 6.00 bad
0.04 6.00 6.00 bad
0.24 6.00 6.00 bad
0.14 2.00 6.00 good
0.22 6.00 6.00 good
0.18 10.00 6.00 bad
0.20 2.00 4.00 good
0.37 4.00 4.00 bad
0.15 6.00 6.00 bad
0.31 4.00 4.00 good
0.20 2.00 4.00 bad
0.09 6.00 6.00 bad
0.17 2.00 4.00 good
0.10 10.00 8.00 good
0.30 6.00 6.00 good
0.20 6.00 6.00 good
0.30 6.00 6.00 bad
0.12 2.00 6.00 good
0.10 8.00 8.00 bad
0.26 2.00 2.00 bad
0.14 6.00 6.00 good
0.13 2.00 6.00 good
0.07 2.00 4.00 good
0.07 8.00 8.00 good
0.09 8.00 6.00 bad
0.10 6.00 6.00 bad
0.28 6.00 6.00 good
0.04 10.00 8.00 bad
0.20 6.00 6.00 good
0.07 8.00 6.00 bad
0.21 10.00 6.00 good
0.08 8.00 8.00 good
0.50 4.00 4.00 bad
0.27 2.00 4.00 bad
0.14 6.00 6.00 bad
0.06 10.00 8.00 good
0.11 8.00 8.00 bad
0.05 8.00 8.00 bad
0.12 8.00 6.00 bad
0.08 10.00 8.00 good
0.11 8.00 8.00 bad
0.07 8.00 8.00 good
0.07 10.00 8.00 bad
0.19 2.00 6.00 bad
0.08 6.00 6.00 bad
0.19 2.00 4.00 good
0.03 6.00 8.00 bad
0.13 2.00 2.00 bad
0.08 10.00 8.00 good
0.08 8.00 8.00 bad
0.11 8.00 8.00 good
0.23 6.00 6.00 bad
0.11 8.00 8.00 good
0.03 8.00 8.00 good
0.08 8.00 8.00 good
0.02 6.00 8.00 bad
0.10 10.00 8.00 bad
0.14 2.00 6.00 good
0.08 6.00 6.00 bad
0.08 8.00 8.00 good
0.14 6.00 6.00 good
0.02 10.00 10.00 good
0.14 6.00 6.00 bad
0.21 6.00 6.00 bad
0.16 8.00 6.00 good
0.20 6.00 6.00 bad
0.13 6.00 6.00 bad
0.02 10.00 10.00 bad
0.11 6.00 6.00 bad
0.06 8.00 8.00 good
0.18 8.00 6.00 good
0.10 8.00 8.00 bad
0.08 6.00 6.00 good
0.19 6.00 6.00 good
0.06 10.00 8.00 good
0.07 10.00 8.00 good
0.41 4.00 4.00 good
0.12 8.00 8.00 good
0.09 8.00 8.00 bad
0.24 6.00 4.00 bad
0.30 8.00 8.00 bad
0.21 8.00 6.00 bad
0.25 6.00 6.00 bad
0.10 6.00 6.00 bad
0.09 8.00 8.00 good
0.22 2.00 4.00 good
0.03 2.00 2.00 bad
0.18 8.00 6.00 good
0.15 6.00 6.00 bad
0.07 10.00 8.00 bad
0.19 2.00 6.00 good
0.22 6.00 6.00 good