AddListCount ThreeStarRate FourStarRate Class
98
0 1 4 5 6 7 8 9 11 13 15 17 18 20 22 23 24 25 26 27 28 29 31 35 36 37 41 42 43 44 46 50 52 53 54 55 57 58 59 62 63 64 67 68 70 71 72 73 77 78 79 80 81 83 85 86 88 89 92 93 94 95 97 98 99 100 102 103 104 105 106 107 108 109 110 111 114 117 121 122 124 125 126 127 128 130 133 134 135 136 137 140 143 144 146 150 151 152
214 0.28 0.30 good
492 0.23 0.36 good
22 0.33 0.25 bad
122 0.26 0.21 good
42 0.21 0.18 good
8 0.48 0.11 bad
53 0.30 0.22 bad
14 0.26 0.30 bad
15 0.40 0.32 bad
9 0.39 0.13 bad
204 0.27 0.25 bad
10 0.20 0.23 bad
7 0.28 0.14 bad
17 0.15 0.20 good
61 0.40 0.28 bad
32 0.28 0.08 good
23 0.36 0.13 bad
2 0.20 0.00 bad
32 0.43 0.18 bad
31 0.21 0.15 good
73 0.25 0.31 bad
68 0.22 0.20 good
6 0.33 0.19 good
254 0.18 0.14 good
63 0.23 0.34 bad
106 0.20 0.44 bad
289 0.34 0.29 good
215 0.26 0.20 bad
18 0.24 0.14 good
242 0.11 0.16 good
28 0.19 0.33 good
7 0.32 0.14 good
446 0.15 0.30 bad
1 0.14 0.00 bad
9 0.33 0.21 good
11 0.33 0.20 bad
551 0.21 0.29 bad
70 0.14 0.30 good
138 0.21 0.21 good
3 0.08 0.34 bad
21 0.12 0.20 good
10 0.21 0.14 bad
17 0.16 0.25 good
45 0.25 0.30 bad
2 0.04 0.32 bad
119 0.25 0.25 bad
180 0.26 0.20 good
8 0.22 0.39 bad
183 0.22 0.27 bad
57 0.33 0.24 bad
94 0.26 0.17 bad
193 0.13 0.19 bad
4 0.54 0.08 bad
22 0.28 0.22 bad
55 0.15 0.24 good
53 0.30 0.27 bad
321 0.18 0.23 good
49 0.27 0.28 bad
141 0.16 0.29 good
121 0.26 0.34 bad
57 0.23 0.33 good
4 0.46 0.00 bad
7 0.26 0.40 good
558 0.22 0.33 good
253 0.34 0.26 bad
8 0.34 0.27 bad
39 0.26 0.21 good
6 0.50 0.26 bad
5 0.34 0.04 bad
98 0.19 0.33 good
102 0.27 0.24 good
188 0.15 0.17 bad
1586 0.10 0.20 good
34 0.36 0.24 bad
31 0.28 0.24 bad
53 0.26 0.26 good
218 0.09 0.23 bad
5 0.45 0.14 bad
14 0.32 0.08 bad
126 0.28 0.29 bad
57 0.29 0.20 good
149 0.08 0.20 good
48 0.16 0.21 good
146 0.22 0.26 good
108 0.13 0.23 good
11 0.28 0.16 bad
1 0.33 0.33 bad
168 0.21 0.34 good
293 0.24 0.29 bad
9 0.32 0.05 bad
303 0.15 0.33 good
7 0.07 0.54 bad
42 0.22 0.24 bad
103 0.27 0.18 bad
710 0.27 0.37 good
5 0.35 0.20 bad
125 0.16 0.19 bad
12 0.28 0.14 good