BookWordCount FiveStarRate Mode Class
102
2 5 7 8 10 12 15 16 17 18 20 22 24 25 29 30 31 32 33 35 36 38 39 40 41 43 45 46 47 51 53 54 55 57 58 59 60 62 63 65 67 71 72 73 74 75 76 79 80 81 82 85 87 88 91 92 93 95 97 98 99 101 102 103 104 105 108 109 110 113 115 116 117 119 120 121 122 124 125 126 127 128 129 130 133 134 135 136 137 138 139 140 141 142 143 145 146 147 148 149 152 153
48.30 0.15 6.00 bad
158.50 0.12 6.00 good
38.90 0.11 6.00 bad
143.50 0.21 6.00 bad
82.50 0.09 8.00 bad
21.80 0.20 6.00 bad
257.20 0.23 6.00 bad
135.80 0.14 6.00 good
33.60 0.12 8.00 bad
24.10 0.28 10.00 bad
82.30 0.13 2.00 good
77.70 0.11 6.00 bad
74.80 0.11 6.00 bad
35.90 0.20 2.00 bad
233.90 0.36 10.00 good
150.70 0.11 6.00 bad
78.00 0.09 6.00 good
51.10 0.13 8.00 bad
178.90 0.15 6.00 good
713.10 0.21 2.00 good
87.00 0.19 8.00 bad
80.20 0.13 4.00 bad
22.80 0.00 2.00 bad
153.10 0.19 8.00 good
168.40 0.17 6.00 good
74.40 0.14 2.00 good
380.50 0.10 6.00 bad
123.50 0.27 8.00 good
49.70 0.08 4.00 bad
84.60 0.07 6.00 bad
53.70 0.10 2.00 bad
13.00 0.29 6.00 good
106.40 0.06 6.00 bad
293.40 0.18 8.00 bad
63.50 0.37 10.00 good
133.40 0.25 10.00 good
45.10 0.23 10.00 bad
49.60 0.00 4.00 bad
108.60 0.30 2.00 good
72.20 0.07 6.00 bad
16.80 0.42 10.00 good
98.90 0.17 8.00 bad
390.00 0.35 10.00 good
68.60 0.17 8.00 bad
49.30 0.04 6.00 bad
39.60 0.10 6.00 good
46.20 0.24 8.00 good
131.20 0.10 2.00 bad
144.70 0.58 10.00 bad
87.70 0.13 6.00 bad
183.00 0.22 4.00 bad
87.20 0.10 2.00 good
112.10 0.27 10.00 bad
315.30 0.30 10.00 good
126.20 0.34 10.00 good
116.50 0.42 10.00 good
90.50 0.21 8.00 bad
99.00 0.15 6.00 bad
22.20 0.13 8.00 good
170.60 0.29 8.00 good
181.90 0.17 6.00 bad
219.60 0.27 10.00 bad
78.10 0.08 2.00 good
21.40 0.11 6.00 bad
150.50 0.09 6.00 bad
198.70 0.31 8.00 good
446.50 0.63 10.00 good
101.10 0.10 6.00 bad
133.50 0.10 6.00 bad
247.80 0.14 6.00 bad
119.20 0.07 6.00 bad
118.30 0.17 6.00 good
59.10 0.09 6.00 bad
427.70 0.29 8.00 good
85.80 0.11 8.00 good
145.90 0.02 6.00 bad
79.20 0.25 8.00 bad
223.00 0.11 6.00 good
65.70 0.67 10.00 good
89.70 0.30 10.00 good
34.20 0.36 10.00 good
296.70 0.31 10.00 good
322.80 0.37 10.00 good
46.30 0.17 6.00 bad
145.80 0.04 8.00 bad
179.50 0.18 8.00 good
335.20 0.26 8.00 bad
72.70 0.09 6.00 bad
448.70 0.38 10.00 good
212.90 0.18 2.00 bad
130.30 0.22 8.00 good
43.40 0.05 8.00 bad
25.10 0.15 8.00 bad
518.00 0.46 10.00 good
177.70 0.10 8.00 bad
62.30 0.08 6.00 bad
477.20 0.19 8.00 good
154.00 0.02 2.00 good
209.90 0.08 2.00 bad
382.10 0.15 8.00 good
163.50 0.09 2.00 good
73.20 0.12 6.00 good