BookScoreCount TwoStarRate Kurtosis Class
99
0 1 2 3 4 5 6 7 8 9 12 13 14 15 16 17 18 20 21 24 25 26 28 30 31 32 33 34 35 36 38 39 43 45 46 53 54 56 58 59 60 65 66 67 68 72 73 75 76 77 79 80 81 82 83 84 86 87 88 90 94 95 98 99 100 101 103 106 107 110 111 112 114 116 117 118 119 121 123 124 127 128 129 131 132 133 136 137 138 139 141 142 143 145 146 147 148 150 151
568 0.15 200.91 good
967 0.08 406.22 good
47 0.10 267.71 bad
129 0.12 155.27 bad
78 0.09 113.07 bad
439 0.20 93.52 good
187 0.14 75.15 good
27 0.15 181.37 bad
177 0.16 196.73 bad
51 0.18 110.48 bad
25 0.08 114.51 bad
48 0.24 156.17 bad
454 0.14 68.44 good
658 0.13 188.48 bad
119 0.22 87.54 good
36 0.22 80.31 bad
23 0.17 137.29 bad
112 0.20 48.29 good
44 0.37 66.70 bad
70 0.21 114.10 bad
11 0.20 28.01 bad
100 0.09 249.04 bad
263 0.11 418.19 bad
29 0.18 80.73 bad
44 0.30 211.54 good
292 0.09 404.81 bad
192 0.20 163.05 good
97 0.30 192.82 bad
1909 0.12 41.11 good
223 0.10 203.97 bad
63 0.35 172.89 bad
20 0.26 53.89 bad
81 0.13 44.83 good
299 0.20 135.14 bad
108 0.07 218.67 good
22 0.33 31.11 bad
43 0.05 245.77 good
80 0.20 74.03 good
461 0.05 256.16 good
484 0.21 148.52 good
108 0.21 95.85 bad
82 0.28 77.07 bad
21 0.14 204.65 bad
90 0.06 278.88 good
153 0.11 223.96 bad
956 0.08 259.41 good
19 0.11 278.58 bad
21 0.10 344.01 good
429 0.07 159.36 good
745 0.07 440.27 bad
531 0.19 65.93 bad
714 0.03 599.56 bad
25 0.08 173.53 bad
31 0.41 87.78 bad
104 0.17 188.48 bad
21 0.14 116.65 bad
222 0.03 249.84 bad
182 0.09 95.46 bad
1636 0.10 118.81 good
16 0.13 25.57 bad
218 0.11 299.63 good
13 0.23 128.84 bad
2113 0.08 391.57 good
942 0.12 243.27 bad
42 0.02 297.05 bad
219 0.10 286.97 bad
29 0.08 664.54 bad
349 0.14 114.14 good
1184 0.12 72.91 bad
112 0.21 131.59 bad
182 0.16 113.09 good
201 0.20 84.03 bad
1114 0.02 875.52 bad
19 0.12 138.45 good
34 0.11 132.92 bad
274 0.11 387.39 bad
1575 0.06 297.36 good
59 0.30 102.63 bad
93 0.08 502.72 good
320 0.19 101.09 good
387 0.06 319.05 good
607 0.08 82.37 good
2063 0.07 209.65 good
31 0.41 58.14 good
614 0.14 212.10 good
23 0.13 194.01 bad
68 0.24 63.17 bad
1641 0.05 478.73 good
328 0.10 56.35 bad
1100 0.07 304.97 good
83 0.03 311.51 bad
2366 0.05 364.52 good
153 0.21 86.23 bad
61 0.10 909.70 bad
2356 0.09 402.15 good
208 0.22 40.59 good
1080 0.03 9.99 bad
21 0.15 158.29 bad
638 0.07 105.22 bad