AddListCount FiveStarRate Kurtosis Class
96
0 2 3 5 6 8 9 10 11 14 15 16 18 19 20 21 22 23 24 25 26 29 30 31 33 35 36 37 39 43 44 46 47 50 52 53 56 57 58 59 60 61 64 66 69 70 72 73 75 77 78 79 83 84 85 90 91 92 93 94 95 96 98 99 101 102 103 106 107 108 109 114 117 120 121 122 123 125 126 128 129 130 131 134 135 139 140 141 142 143 145 147 149 150 152 153
214 0.15 200.91 good
12 0.15 267.71 bad
38 0.18 155.27 bad
122 0.12 93.52 good
42 0.23 75.15 good
53 0.21 196.73 bad
14 0.02 110.48 bad
25 0.09 143.84 bad
15 0.16 491.68 bad
136 0.20 68.44 good
204 0.23 188.48 bad
25 0.14 87.54 good
7 0.28 137.29 bad
70 0.28 181.41 bad
17 0.13 48.29 good
12 0.04 66.70 bad
61 0.11 468.11 bad
32 0.06 78.49 good
23 0.11 114.10 bad
2 0.20 28.01 bad
32 0.19 249.04 bad
68 0.36 194.89 good
9 0.11 80.73 bad
6 0.09 211.54 good
49 0.15 163.05 good
254 0.21 41.11 good
63 0.19 203.97 bad
106 0.28 948.64 bad
1 0.00 53.89 bad
18 0.14 44.83 good
242 0.23 29.34 good
28 0.27 218.67 good
20 0.08 85.63 bad
7 0.07 119.73 good
446 0.42 453.60 bad
1 0.10 31.11 bad
13 0.13 74.03 good
551 0.18 94.54 bad
70 0.37 256.16 good
138 0.25 148.52 good
19 0.23 95.85 bad
33 0.21 1104.85 good
10 0.02 59.06 bad
2 0.10 204.65 bad
5 0.21 758.93 bad
2 0.20 49.13 bad
180 0.35 259.41 good
8 0.17 278.58 bad
8 0.10 344.01 good
183 0.37 440.27 bad
57 0.16 147.32 bad
94 0.10 65.93 bad
22 0.22 188.48 bad
3 0.14 116.65 bad
55 0.10 51.21 good
4 0.07 25.57 bad
218 0.34 191.97 good
141 0.42 444.03 good
121 0.21 288.02 bad
57 0.23 299.63 good
4 0.15 128.84 bad
100 0.17 282.28 good
558 0.29 391.57 good
253 0.17 243.27 bad
65 0.27 286.97 bad
39 0.08 65.28 good
6 0.11 664.54 bad
102 0.16 114.14 good
188 0.31 72.91 bad
1586 0.63 1238.93 good
34 0.10 170.95 bad
218 0.60 875.52 bad
5 0.09 132.92 bad
15 0.11 75.21 good
14 0.02 102.63 bad
126 0.25 313.76 bad
32 0.20 502.72 good
149 0.67 1797.82 good
48 0.30 76.64 good
108 0.31 82.37 good
510 0.37 209.65 good
11 0.17 73.99 bad
5 0.06 58.14 good
168 0.18 176.74 good
293 0.26 234.30 bad
206 0.22 304.97 good
7 0.05 361.68 bad
19 0.15 311.51 bad
365 0.46 364.52 good
42 0.10 86.23 bad
28 0.08 909.70 bad
26 0.02 40.59 good
178 0.15 113.50 good
5 0.15 158.29 bad
12 0.09 62.68 good
50 0.12 105.28 good