BookWordCount FourStarRate Kurtosis Class
100
0 1 2 3 7 8 11 12 13 17 19 20 23 24 25 26 27 31 32 33 35 36 39 40 41 46 47 49 50 51 52 53 54 56 58 59 61 62 63 64 68 72 73 74 75 76 77 80 81 82 83 85 86 87 88 89 90 91 92 94 96 97 98 99 102 103 105 106 108 109 110 112 115 118 119 120 121 122 124 125 126 127 128 129 132 133 134 135 136 137 138 139 140 141 143 147 149 150 151 153
177.20 0.30 200.91 good
289.90 0.36 406.22 good
48.30 0.24 267.71 bad
52.30 0.27 155.27 bad
38.90 0.11 181.37 bad
143.50 0.22 196.73 bad
13.40 0.32 491.68 bad
21.80 0.08 114.51 bad
27.50 0.13 156.17 bad
33.60 0.23 80.31 bad
122.40 0.22 181.41 bad
82.30 0.20 48.29 good
122.20 0.08 78.49 good
74.80 0.13 114.10 bad
35.90 0.00 28.01 bad
62.70 0.18 249.04 bad
147.20 0.15 40.03 good
78.00 0.19 211.54 good
51.10 0.39 404.81 bad
178.90 0.23 163.05 good
713.10 0.14 41.11 good
87.00 0.34 203.97 bad
22.80 0.05 53.89 bad
153.10 0.33 227.23 good
168.40 0.29 389.04 good
123.50 0.33 218.67 good
49.70 0.22 85.63 bad
44.50 0.23 155.38 bad
51.90 0.14 119.73 good
84.60 0.21 339.26 bad
76.10 0.30 453.60 bad
53.70 0.00 31.11 bad
13.00 0.21 245.77 good
40.40 0.10 74.03 good
63.50 0.30 256.16 good
133.40 0.21 148.52 good
17.00 0.44 1104.85 good
49.60 0.34 199.64 bad
108.60 0.20 55.29 good
54.40 0.14 59.06 bad
79.60 0.30 223.96 bad
390.00 0.20 259.41 good
68.60 0.39 278.58 bad
49.30 0.31 393.48 bad
39.60 0.30 344.01 good
46.20 0.36 159.36 good
1070.70 0.27 440.27 bad
144.70 0.19 599.56 bad
87.70 0.08 173.53 bad
183.00 0.05 87.78 bad
40.80 0.22 188.48 bad
87.20 0.24 51.21 good
129.90 0.27 249.84 bad
112.10 0.19 95.46 bad
315.30 0.23 118.81 good
153.20 0.28 208.64 bad
50.40 0.07 25.57 bad
126.20 0.28 191.97 good
116.50 0.29 444.03 good
63.70 0.33 299.63 good
34.10 0.33 282.28 good
22.20 0.40 198.40 good
170.60 0.33 391.57 good
181.90 0.26 243.27 bad
78.10 0.21 65.28 good
21.40 0.26 664.54 bad
198.70 0.33 385.10 good
64.40 0.24 114.14 good
446.50 0.20 1238.93 good
101.10 0.24 170.95 bad
133.50 0.24 131.59 bad
107.80 0.15 84.03 bad
119.20 0.19 125.49 bad
92.20 0.30 387.39 bad
427.70 0.33 297.36 good
85.80 0.25 75.21 good
145.90 0.08 102.63 bad
79.20 0.29 313.76 bad
223.00 0.20 101.09 good
65.70 0.20 1797.82 good
89.70 0.21 76.64 good
34.20 0.26 319.05 good
296.70 0.23 82.37 good
322.80 0.26 209.65 good
237.20 0.35 212.10 good
145.80 0.33 194.01 bad
179.50 0.34 176.74 good
335.20 0.29 234.30 bad
72.70 0.05 63.17 bad
448.70 0.33 478.73 good
212.90 0.19 56.35 bad
130.30 0.36 304.97 good
43.40 0.54 361.68 bad
25.10 0.49 311.51 bad
177.70 0.24 86.23 bad
154.00 0.09 40.59 good
382.10 0.26 113.50 good
44.60 0.20 158.29 bad
93.00 0.19 105.22 bad
73.20 0.22 105.28 good