BookScoreCount AddListCount Mode Class
101
1 2 3 4 6 7 10 12 14 16 17 18 19 22 24 25 29 31 32 33 38 40 41 42 43 44 46 47 50 52 53 54 55 56 58 59 63 65 66 67 68 69 70 71 72 73 76 79 81 82 83 85 86 87 88 89 94 95 96 97 98 99 100 101 102 104 105 106 107 108 110 112 114 115 116 117 118 120 121 124 125 126 130 133 134 135 136 137 139 140 141 142 143 144 145 147 149 150 151 152 153
967 492 8.00 good
47 12 6.00 bad
129 38 8.00 bad
78 22 6.00 bad
187 42 2.00 good
27 8 6.00 bad
78 25 8.00 bad
25 12 6.00 bad
454 136 2.00 good
119 25 6.00 good
36 10 8.00 bad
23 7 10.00 bad
250 70 10.00 bad
159 61 6.00 bad
70 23 6.00 bad
11 2 2.00 bad
290 68 10.00 good
44 6 6.00 good
292 111 8.00 bad
192 49 6.00 good
63 19 4.00 bad
495 172 8.00 good
670 289 6.00 good
686 215 2.00 bad
81 18 2.00 good
1885 242 2.00 good
108 28 8.00 good
79 20 4.00 bad
29 7 6.00 good
1780 446 10.00 bad
22 1 2.00 bad
43 9 6.00 good
55 11 6.00 bad
80 13 6.00 good
461 70 10.00 good
484 138 10.00 good
91 21 2.00 good
82 22 6.00 bad
21 2 6.00 bad
90 17 10.00 good
153 45 8.00 bad
20 5 8.00 bad
51 2 2.00 bad
248 119 8.00 bad
956 180 10.00 good
19 8 8.00 bad
429 110 8.00 good
531 94 2.00 bad
25 4 6.00 bad
31 3 4.00 bad
104 22 6.00 bad
356 55 2.00 good
222 53 6.00 bad
182 65 10.00 bad
1636 321 10.00 good
145 49 8.00 bad
218 57 8.00 good
13 4 6.00 bad
188 100 8.00 good
39 7 8.00 good
2113 558 8.00 good
942 253 6.00 bad
42 8 6.00 bad
219 65 10.00 bad
225 39 2.00 good
25 5 6.00 bad
339 98 8.00 good
349 102 6.00 good
1184 188 10.00 bad
5393 1586 10.00 good
112 31 6.00 bad
201 63 6.00 bad
1114 218 10.00 bad
282 76 6.00 bad
19 7 6.00 good
34 5 6.00 bad
274 112 6.00 bad
45 15 8.00 good
59 14 6.00 bad
320 57 6.00 good
768 149 10.00 good
353 48 10.00 good
82 11 6.00 bad
23 1 8.00 bad
795 168 8.00 good
1310 293 8.00 bad
68 9 6.00 bad
1641 303 10.00 good
1100 206 8.00 good
21 7 8.00 bad
83 19 8.00 bad
2366 365 10.00 good
153 42 8.00 bad
364 103 6.00 bad
61 28 6.00 bad
208 26 2.00 good
674 178 8.00 good
21 5 6.00 bad
638 125 10.00 bad
45 12 2.00 good
209 50 6.00 good