BookWordCount AddListCount FiveStarRate Class
94
0 1 3 4 6 8 11 13 14 15 16 17 18 19 20 21 22 25 26 27 28 29 31 34 35 36 37 39 40 41 46 50 52 54 56 57 58 60 61 62 63 64 68 69 74 76 77 78 79 81 85 86 88 89 91 92 93 94 95 97 99 101 102 103 104 105 107 109 111 112 114 115 116 117 120 121 123 125 130 131 132 133 135 136 137 139 140 141 142 143 145 148 151 152
177.20 214 0.15 good
289.90 492 0.25 good
52.30 38 0.18 bad
139.00 22 0.10 bad
59.60 42 0.23 good
143.50 53 0.21 bad
13.40 15 0.16 bad
27.50 9 0.09 bad
123.80 136 0.20 good
257.20 204 0.23 bad
135.80 25 0.14 good
33.60 10 0.12 bad
24.10 7 0.28 bad
122.40 70 0.28 bad
82.30 17 0.13 good
74.10 12 0.04 bad
77.70 61 0.11 bad
35.90 2 0.20 bad
62.70 32 0.19 bad
147.20 31 0.05 good
53.00 73 0.27 bad
233.90 68 0.36 good
78.00 6 0.09 good
154.60 24 0.03 bad
713.10 254 0.21 good
87.00 63 0.19 bad
51.30 106 0.28 bad
22.80 1 0.00 bad
153.10 172 0.19 good
168.40 289 0.17 good
123.50 28 0.27 good
51.90 7 0.07 good
76.10 446 0.42 bad
13.00 9 0.29 good
40.40 13 0.13 good
293.40 551 0.18 bad
63.50 70 0.37 good
45.10 19 0.23 bad
17.00 33 0.21 good
49.60 3 0.00 bad
108.60 21 0.30 good
54.40 10 0.02 bad
79.60 45 0.22 bad
7.30 5 0.21 bad
49.30 16 0.04 bad
46.20 110 0.24 good
1070.70 183 0.37 bad
70.00 57 0.16 bad
131.20 94 0.10 bad
87.70 4 0.13 bad
87.20 55 0.10 good
129.90 53 0.26 bad
315.30 321 0.30 good
153.20 49 0.17 bad
126.20 218 0.34 good
116.50 141 0.42 good
90.50 121 0.21 bad
63.70 57 0.23 good
99.00 4 0.15 bad
22.20 7 0.13 good
181.90 253 0.17 bad
219.60 65 0.27 bad
78.10 39 0.08 good
21.40 6 0.11 bad
150.50 5 0.09 bad
198.70 98 0.31 good
310.00 188 0.31 bad
101.10 34 0.10 bad
148.90 53 0.12 good
107.80 63 0.11 bad
31.70 218 0.60 bad
119.20 76 0.07 bad
118.30 7 0.17 good
59.10 5 0.09 bad
85.80 15 0.11 good
145.90 14 0.02 bad
153.40 32 0.20 good
65.70 149 0.67 good
46.30 11 0.17 bad
195.70 5 0.06 good
237.20 131 0.13 good
145.80 1 0.04 bad
335.20 293 0.26 bad
72.70 9 0.09 bad
448.70 303 0.38 good
130.30 206 0.22 good
43.40 7 0.05 bad
25.10 19 0.15 bad
518.00 365 0.46 good
177.70 42 0.10 bad
62.30 28 0.08 bad
209.90 54 0.08 bad
93.00 125 0.37 bad
163.50 12 0.09 good