AddListCount FourStarRate Median Class
95
0 1 2 7 8 12 13 14 15 16 18 21 22 23 24 25 27 28 29 32 34 35 36 37 41 42 43 44 45 47 48 51 52 54 56 61 62 66 67 68 70 71 72 74 75 76 77 79 80 81 82 85 86 88 90 93 95 96 97 99 100 101 103 104 105 106 107 109 110 111 112 113 117 118 119 120 121 123 128 130 131 135 137 139 140 141 142 143 145 146 147 148 151 152 153
214 0.30 6.00 good
492 0.36 8.00 good
12 0.24 6.00 bad
8 0.11 6.00 bad
53 0.22 6.00 bad
12 0.08 6.00 bad
9 0.13 6.00 bad
136 0.19 6.00 good
204 0.25 6.00 bad
25 0.20 6.00 good
7 0.14 6.00 bad
12 0.14 4.00 bad
61 0.28 6.00 bad
32 0.08 4.00 good
23 0.13 6.00 bad
2 0.00 4.00 bad
31 0.15 4.00 good
73 0.31 8.00 bad
68 0.20 8.00 good
111 0.39 8.00 bad
24 0.13 6.00 bad
254 0.14 6.00 good
63 0.34 8.00 bad
106 0.44 8.00 bad
289 0.29 6.00 good
215 0.20 6.00 bad
18 0.14 6.00 good
242 0.16 4.00 good
93 0.23 6.00 bad
20 0.22 4.00 bad
371 0.33 6.00 bad
42 0.21 6.00 bad
446 0.30 8.00 bad
9 0.21 6.00 good
13 0.10 6.00 good
33 0.44 8.00 good
3 0.34 4.00 bad
2 0.19 6.00 bad
17 0.25 8.00 good
45 0.30 8.00 bad
2 0.32 8.00 bad
119 0.25 6.00 bad
180 0.20 8.00 good
16 0.31 6.00 bad
8 0.30 6.00 good
110 0.36 8.00 good
183 0.27 8.00 bad
94 0.17 6.00 bad
193 0.19 10.00 bad
4 0.08 6.00 bad
3 0.05 4.00 bad
55 0.24 4.00 good
53 0.27 8.00 bad
321 0.23 8.00 good
4 0.07 2.00 bad
121 0.34 8.00 bad
4 0.00 6.00 bad
100 0.33 8.00 good
7 0.40 8.00 good
253 0.26 6.00 bad
8 0.27 8.00 bad
65 0.27 8.00 bad
6 0.26 6.00 bad
5 0.04 4.00 bad
98 0.33 8.00 good
102 0.24 6.00 good
188 0.17 6.00 bad
34 0.24 6.00 bad
31 0.24 6.00 bad
53 0.26 6.00 good
63 0.15 6.00 bad
25 0.21 6.00 bad
5 0.14 6.00 bad
112 0.30 6.00 bad
274 0.33 8.00 good
15 0.25 6.00 good
14 0.08 4.00 bad
32 0.30 6.00 good
108 0.23 8.00 good
11 0.16 6.00 bad
5 0.11 4.00 good
293 0.29 8.00 bad
303 0.33 8.00 good
206 0.36 8.00 good
7 0.54 8.00 bad
19 0.49 8.00 bad
365 0.24 8.00 good
42 0.24 6.00 bad
28 0.33 6.00 bad
710 0.37 8.00 good
26 0.09 4.00 good
54 0.06 2.00 bad
125 0.19 8.00 bad
12 0.14 6.00 good
50 0.22 6.00 good