BookScoreCount TwoStarRate ThreeStarRate Class
98
0 1 5 6 7 8 9 10 11 13 14 15 16 17 20 21 22 24 25 26 28 30 31 35 36 37 39 40 41 43 44 45 47 48 49 50 52 53 54 57 59 60 63 64 66 67 68 70 72 73 74 76 77 81 82 83 84 85 86 88 91 93 94 96 97 98 100 101 105 106 108 111 112 114 115 118 119 120 122 123 124 125 126 130 131 132 135 137 138 139 141 142 143 145 146 147 149 152
568 0.15 0.28 good
967 0.08 0.23 good
439 0.20 0.26 good
187 0.14 0.21 good
27 0.15 0.48 bad
177 0.16 0.30 bad
51 0.18 0.26 bad
78 0.26 0.23 bad
51 0.04 0.40 bad
48 0.24 0.39 bad
454 0.14 0.21 good
658 0.13 0.27 bad
119 0.22 0.23 good
36 0.22 0.20 bad
112 0.20 0.15 good
44 0.37 0.16 bad
159 0.15 0.40 bad
70 0.21 0.36 bad
11 0.20 0.20 bad
100 0.09 0.43 bad
263 0.11 0.25 bad
29 0.18 0.32 bad
44 0.30 0.33 good
1909 0.12 0.18 good
223 0.10 0.23 bad
216 0.03 0.20 bad
20 0.26 0.16 bad
495 0.12 0.24 good
670 0.14 0.34 good
81 0.13 0.24 good
1885 0.07 0.11 good
299 0.20 0.30 bad
79 0.28 0.20 bad
1248 0.09 0.33 bad
72 0.10 0.39 bad
29 0.28 0.32 good
1780 0.04 0.15 bad
22 0.33 0.14 bad
43 0.05 0.33 good
2109 0.07 0.21 bad
484 0.21 0.21 good
108 0.21 0.18 bad
91 0.07 0.12 good
45 0.27 0.21 bad
21 0.14 0.43 bad
90 0.06 0.16 good
153 0.11 0.25 bad
51 0.10 0.04 bad
956 0.08 0.26 good
19 0.11 0.22 bad
46 0.22 0.36 bad
429 0.07 0.15 good
745 0.07 0.22 bad
25 0.08 0.54 bad
31 0.41 0.20 bad
104 0.17 0.28 bad
21 0.14 0.33 bad
356 0.19 0.15 good
222 0.03 0.30 bad
1636 0.10 0.18 good
654 0.08 0.16 good
396 0.08 0.26 bad
218 0.11 0.23 good
188 0.11 0.28 good
39 0.03 0.26 good
2113 0.08 0.22 good
42 0.02 0.34 bad
219 0.10 0.26 bad
339 0.08 0.19 good
349 0.14 0.27 good
5393 0.02 0.10 good
182 0.16 0.26 good
201 0.20 0.30 bad
1114 0.02 0.09 bad
282 0.19 0.35 bad
274 0.11 0.39 bad
1575 0.06 0.20 good
45 0.18 0.20 good
385 0.10 0.28 bad
93 0.08 0.37 good
320 0.19 0.29 good
768 0.02 0.08 good
353 0.06 0.16 good
82 0.13 0.28 bad
31 0.41 0.13 good
614 0.14 0.25 good
1310 0.09 0.24 bad
1641 0.05 0.15 good
328 0.10 0.22 bad
1100 0.07 0.24 good
83 0.03 0.19 bad
2366 0.05 0.15 good
153 0.21 0.22 bad
61 0.10 0.45 bad
2356 0.09 0.27 good
208 0.22 0.19 good
674 0.18 0.23 good
45 0.19 0.28 good