BookWordCount BookScore BookScoreCount Class
98
2 3 4 5 6 7 9 10 13 14 15 18 20 21 22 23 24 25 27 29 31 33 34 35 38 39 40 41 43 45 46 53 55 56 58 60 62 63 64 65 66 67 68 69 70 72 73 74 75 76 77 78 79 81 82 83 84 86 87 89 90 91 94 95 96 97 98 99 101 102 104 106 107 109 110 111 112 114 115 118 119 122 123 128 131 135 136 137 142 143 144 145 146 147 148 150 152 153
48.30 6.4 47 bad
52.30 6.4 129 bad
139.00 5.8 78 bad
158.50 5.6 439 good
59.60 6.0 187 good
38.90 5.8 27 bad
21.30 5.4 51 bad
82.50 5.8 78 bad
27.50 5.5 48 bad
123.80 5.9 454 good
257.20 6.6 658 bad
24.10 6.5 23 bad
82.30 5.3 112 good
74.10 4.6 44 bad
77.70 6.5 159 bad
122.20 4.7 116 good
74.80 5.5 70 bad
35.90 4.8 11 bad
147.20 4.5 150 good
233.90 7.1 290 good
78.00 5.8 44 good
178.90 6.1 192 good
154.60 5.1 97 bad
713.10 5.5 1909 good
80.20 5.9 63 bad
22.80 3.5 20 bad
153.10 6.7 495 good
168.40 6.7 670 good
74.40 5.1 81 good
380.50 5.8 299 bad
123.50 7.1 108 good
53.70 4.0 22 bad
106.40 5.6 55 bad
40.40 5.3 80 good
63.50 7.5 461 good
45.10 6.2 108 bad
49.60 5.3 13 bad
108.60 6.2 91 good
54.40 4.4 45 bad
72.20 4.8 82 bad
34.80 5.9 21 bad
16.80 7.6 90 good
79.60 6.8 153 bad
7.30 7.4 20 bad
55.40 5.9 51 bad
390.00 7.3 956 good
68.60 6.8 19 bad
49.30 6.1 46 bad
39.60 6.4 21 good
46.20 6.8 429 good
1070.70 7.6 745 bad
70.00 6.2 217 bad
131.20 5.2 531 bad
87.70 5.8 25 bad
183.00 5.6 31 bad
40.80 6.6 104 bad
30.00 5.9 21 bad
129.90 7.0 222 bad
112.10 6.4 182 bad
153.20 6.4 145 bad
50.40 4.0 16 bad
126.20 7.2 654 good
63.70 7.0 218 good
99.00 5.5 13 bad
34.10 6.7 188 good
22.20 6.5 39 good
170.60 7.3 2113 good
181.90 6.5 942 bad
219.60 7.1 219 bad
78.10 5.3 225 good
150.50 4.9 25 bad
64.40 6.0 349 good
310.00 6.4 1184 bad
101.10 6.0 88 bad
133.50 5.8 112 bad
148.90 5.8 182 good
107.80 5.4 201 bad
31.70 8.5 1114 bad
119.20 5.5 282 bad
92.20 6.5 274 bad
427.70 7.3 1575 good
79.20 7.0 385 bad
153.40 7.0 93 good
296.70 6.5 607 good
195.70 4.4 31 good
335.20 7.0 1310 bad
72.70 4.8 68 bad
448.70 7.8 1641 good
518.00 7.8 2366 good
177.70 5.5 153 bad
319.70 5.4 364 bad
62.30 6.7 61 bad
477.20 7.0 2356 good
154.00 3.9 208 good
209.90 3.3 1080 bad
44.60 6.1 21 bad
163.50 5.1 45 good
73.20 5.7 209 good