BookWordCount AddListCount FiveStarRate Class
104
0 1 2 3 5 6 7 9 10 13 14 16 17 18 19 20 22 23 24 26 30 31 32 35 36 38 41 42 44 46 47 48 49 50 51 53 56 57 58 59 60 61 63 65 67 68 70 72 73 74 75 76 78 79 83 84 85 87 88 90 92 95 98 99 100 101 102 104 105 106 107 108 109 110 113 114 115 116 117 118 119 121 123 124 126 129 131 132 133 134 136 137 138 139 140 141 143 144 145 146 149 150 152 153
177.20 214 0.15 good
289.90 492 0.25 good
48.30 12 0.15 bad
52.30 38 0.18 bad
158.50 122 0.12 good
59.60 42 0.23 good
38.90 8 0.11 bad
21.30 14 0.02 bad
82.50 25 0.09 bad
27.50 9 0.09 bad
123.80 136 0.20 good
135.80 25 0.14 good
33.60 10 0.12 bad
24.10 7 0.28 bad
122.40 70 0.28 bad
82.30 17 0.13 good
77.70 61 0.11 bad
122.20 32 0.06 good
74.80 23 0.11 bad
62.70 32 0.19 bad
150.70 9 0.11 bad
78.00 6 0.09 good
51.10 111 0.13 bad
713.10 254 0.21 good
87.00 63 0.19 bad
80.20 19 0.13 bad
168.40 289 0.17 good
300.10 215 0.11 bad
296.80 242 0.23 good
123.50 28 0.27 good
49.70 20 0.08 bad
281.40 371 0.17 bad
44.50 13 0.10 bad
51.90 7 0.07 good
84.60 42 0.07 bad
53.70 1 0.10 bad
40.40 13 0.13 good
293.40 551 0.18 bad
63.50 70 0.37 good
133.40 138 0.25 good
45.10 19 0.23 bad
17.00 33 0.21 good
108.60 21 0.30 good
72.20 22 0.07 bad
16.80 17 0.42 good
79.60 45 0.22 bad
55.40 2 0.20 bad
390.00 180 0.35 good
68.60 8 0.17 bad
49.30 16 0.04 bad
39.60 8 0.10 good
46.20 110 0.24 good
70.00 57 0.16 bad
131.20 94 0.10 bad
40.80 22 0.22 bad
30.00 3 0.14 bad
87.20 55 0.10 good
112.10 65 0.27 bad
315.30 321 0.30 good
50.40 4 0.07 bad
116.50 141 0.42 good
99.00 4 0.15 bad
170.60 558 0.29 good
181.90 253 0.17 bad
59.90 8 0.25 bad
219.60 65 0.27 bad
78.10 39 0.08 good
150.50 5 0.09 bad
198.70 98 0.31 good
64.40 102 0.16 good
310.00 188 0.31 bad
446.50 1586 0.63 good
101.10 34 0.10 bad
133.50 31 0.10 bad
247.80 25 0.14 bad
31.70 218 0.60 bad
119.20 76 0.07 bad
118.30 7 0.17 good
59.10 5 0.09 bad
92.20 112 0.11 bad
427.70 274 0.29 good
145.90 14 0.02 bad
153.40 32 0.20 good
223.00 57 0.11 good
89.70 48 0.30 good
322.80 510 0.37 good
195.70 5 0.06 good
237.20 131 0.13 good
145.80 1 0.04 bad
179.50 168 0.18 good
72.70 9 0.09 bad
448.70 303 0.38 good
212.90 53 0.18 bad
130.30 206 0.22 good
43.40 7 0.05 bad
25.10 19 0.15 bad
177.70 42 0.10 bad
319.70 103 0.09 bad
62.30 28 0.08 bad
477.20 710 0.19 good
382.10 178 0.15 good
44.60 5 0.15 bad
163.50 12 0.09 good
73.20 50 0.12 good