Mode Median Kurtosis Class
100
0 1 2 3 4 6 8 9 11 13 14 15 16 17 19 21 22 26 27 28 30 32 33 34 35 36 37 38 39 40 43 45 46 47 49 52 53 54 55 57 59 61 62 63 64 66 67 69 70 71 72 73 76 78 80 83 84 90 91 92 93 94 96 97 98 99 101 102 103 104 105 106 107 110 113 114 115 123 124 127 129 130 131 132 133 134 135 136 137 138 139 140 141 144 145 146 147 149 150 151
8.00 6.00 200.91 good
8.00 8.00 406.22 good
6.00 6.00 267.71 bad
8.00 6.00 155.27 bad
6.00 6.00 113.07 bad
2.00 6.00 75.15 good
6.00 6.00 196.73 bad
8.00 6.00 110.48 bad
6.00 6.00 491.68 bad
6.00 6.00 156.17 bad
2.00 6.00 68.44 good
6.00 6.00 188.48 bad
6.00 6.00 87.54 good
8.00 6.00 80.31 bad
10.00 6.00 181.41 bad
4.00 4.00 66.70 bad
6.00 6.00 468.11 bad
6.00 6.00 249.04 bad
2.00 4.00 40.03 good
8.00 8.00 418.19 bad
6.00 6.00 80.73 bad
8.00 8.00 404.81 bad
6.00 6.00 163.05 good
6.00 6.00 192.82 bad
2.00 6.00 41.11 good
8.00 8.00 203.97 bad
8.00 8.00 948.64 bad
4.00 6.00 172.89 bad
2.00 2.00 53.89 bad
8.00 8.00 227.23 good
2.00 6.00 44.83 good
6.00 6.00 135.14 bad
8.00 8.00 218.67 good
4.00 4.00 85.63 bad
6.00 6.00 155.38 bad
10.00 8.00 453.60 bad
2.00 4.00 31.11 bad
6.00 6.00 245.77 good
6.00 6.00 182.02 bad
8.00 6.00 94.54 bad
10.00 6.00 148.52 good
8.00 8.00 1104.85 good
4.00 4.00 199.64 bad
2.00 6.00 55.29 good
2.00 4.00 59.06 bad
6.00 6.00 204.65 bad
10.00 8.00 278.88 good
8.00 8.00 758.93 bad
2.00 8.00 49.13 bad
8.00 6.00 106.33 bad
10.00 8.00 259.41 good
8.00 8.00 278.58 bad
8.00 8.00 159.36 good
6.00 6.00 147.32 bad
10.00 10.00 599.56 bad
6.00 6.00 188.48 bad
6.00 6.00 116.65 bad
2.00 2.00 25.57 bad
10.00 8.00 191.97 good
10.00 8.00 444.03 good
8.00 8.00 288.02 bad
8.00 8.00 299.63 good
8.00 8.00 282.28 good
8.00 8.00 198.40 good
8.00 8.00 391.57 good
6.00 6.00 243.27 bad
10.00 8.00 286.97 bad
2.00 6.00 65.28 good
6.00 6.00 664.54 bad
6.00 4.00 92.39 bad
8.00 8.00 385.10 good
6.00 6.00 114.14 good
10.00 6.00 72.91 bad
6.00 6.00 131.59 bad
6.00 6.00 164.81 bad
10.00 10.00 875.52 bad
6.00 6.00 125.49 bad
6.00 6.00 502.72 good
6.00 6.00 101.09 good
10.00 8.00 319.05 good
10.00 8.00 209.65 good
6.00 6.00 73.99 bad
4.00 4.00 58.14 good
8.00 6.00 212.10 good
8.00 6.00 194.01 bad
8.00 8.00 176.74 good
8.00 8.00 234.30 bad
6.00 4.00 63.17 bad
10.00 8.00 478.73 good
2.00 6.00 56.35 bad
8.00 8.00 304.97 good
8.00 8.00 361.68 bad
8.00 8.00 311.51 bad
6.00 6.00 97.95 bad
6.00 6.00 909.70 bad
8.00 8.00 402.15 good
2.00 4.00 40.59 good
8.00 6.00 113.50 good
6.00 6.00 158.29 bad
10.00 8.00 105.22 bad