TwoStarRate FiveStarRate Mode Class
99
0 1 2 3 5 7 8 9 10 11 13 16 17 18 19 21 22 25 26 27 28 29 30 31 32 33 37 38 39 42 43 44 45 46 47 48 49 51 52 53 54 56 57 60 61 63 65 66 67 68 69 72 74 77 80 81 84 85 88 89 91 94 95 98 99 104 108 112 114 116 117 118 120 121 123 124 125 126 128 130 131 132 133 134 135 137 138 139 140 141 142 143 144 145 146 147 148 149 152
0.15 0.15 8.00 good
0.08 0.25 8.00 good
0.10 0.15 6.00 bad
0.12 0.18 8.00 bad
0.20 0.12 6.00 good
0.15 0.11 6.00 bad
0.16 0.21 6.00 bad
0.18 0.02 8.00 bad
0.26 0.09 8.00 bad
0.04 0.16 6.00 bad
0.24 0.09 6.00 bad
0.22 0.14 6.00 good
0.22 0.12 8.00 bad
0.17 0.28 10.00 bad
0.18 0.28 10.00 bad
0.37 0.04 4.00 bad
0.15 0.11 6.00 bad
0.20 0.20 2.00 bad
0.09 0.19 6.00 bad
0.17 0.05 2.00 good
0.11 0.27 8.00 bad
0.10 0.36 10.00 good
0.18 0.11 6.00 bad
0.30 0.09 6.00 good
0.09 0.13 8.00 bad
0.20 0.15 6.00 good
0.03 0.28 8.00 bad
0.35 0.13 4.00 bad
0.26 0.00 2.00 bad
0.17 0.11 2.00 bad
0.13 0.14 2.00 good
0.07 0.23 2.00 good
0.20 0.10 6.00 bad
0.07 0.27 8.00 good
0.28 0.08 4.00 bad
0.09 0.17 8.00 bad
0.10 0.10 6.00 bad
0.30 0.07 6.00 bad
0.04 0.42 10.00 bad
0.33 0.10 2.00 bad
0.05 0.29 6.00 good
0.20 0.13 6.00 good
0.07 0.18 8.00 bad
0.21 0.23 10.00 bad
0.08 0.21 8.00 good
0.07 0.30 2.00 good
0.28 0.07 6.00 bad
0.14 0.10 6.00 bad
0.06 0.42 10.00 good
0.11 0.22 8.00 bad
0.05 0.21 8.00 bad
0.08 0.35 10.00 good
0.22 0.04 6.00 bad
0.07 0.37 10.00 bad
0.03 0.58 10.00 bad
0.08 0.13 6.00 bad
0.14 0.14 6.00 bad
0.19 0.10 2.00 good
0.10 0.30 10.00 good
0.17 0.17 8.00 bad
0.08 0.34 10.00 good
0.11 0.23 8.00 good
0.23 0.15 6.00 bad
0.08 0.29 8.00 good
0.12 0.17 6.00 bad
0.31 0.09 6.00 bad
0.02 0.63 10.00 good
0.20 0.11 6.00 bad
0.02 0.60 10.00 bad
0.12 0.17 6.00 good
0.11 0.09 6.00 bad
0.11 0.11 6.00 bad
0.18 0.11 8.00 good
0.30 0.02 6.00 bad
0.08 0.20 6.00 good
0.19 0.11 6.00 good
0.02 0.67 10.00 good
0.06 0.30 10.00 good
0.08 0.31 10.00 good
0.13 0.17 6.00 bad
0.41 0.06 4.00 good
0.14 0.13 8.00 good
0.13 0.04 8.00 bad
0.12 0.18 8.00 good
0.09 0.26 8.00 bad
0.05 0.38 10.00 good
0.10 0.18 2.00 bad
0.07 0.22 8.00 good
0.30 0.05 8.00 bad
0.03 0.15 8.00 bad
0.05 0.46 10.00 good
0.21 0.10 8.00 bad
0.25 0.09 6.00 bad
0.10 0.08 6.00 bad
0.09 0.19 8.00 good
0.22 0.02 2.00 good
0.03 0.08 2.00 bad
0.18 0.15 8.00 good
0.19 0.09 2.00 good