ThreeStarRate FourStarRate Kurtosis Class
95
0 1 2 3 4 5 8 9 10 11 12 14 16 17 18 20 21 22 23 24 25 29 30 31 33 35 36 37 39 41 43 44 45 46 47 51 54 55 59 60 62 63 66 67 70 71 74 75 76 78 79 80 83 84 89 90 93 95 98 100 101 102 105 106 107 110 111 112 113 114 115 116 118 119 120 121 124 126 127 128 129 130 131 134 136 138 139 140 141 142 145 147 148 149 150
0.28 0.30 200.91 good
0.23 0.36 406.22 good
0.40 0.24 267.71 bad
0.27 0.27 155.27 bad
0.33 0.25 113.07 bad
0.26 0.21 93.52 good
0.30 0.22 196.73 bad
0.26 0.30 110.48 bad
0.23 0.27 143.84 bad
0.40 0.32 491.68 bad
0.44 0.08 114.51 bad
0.21 0.19 68.44 good
0.23 0.20 87.54 good
0.20 0.23 80.31 bad
0.28 0.14 137.29 bad
0.15 0.20 48.29 good
0.16 0.14 66.70 bad
0.40 0.28 468.11 bad
0.28 0.08 78.49 good
0.36 0.13 114.10 bad
0.20 0.00 28.01 bad
0.22 0.20 194.89 good
0.32 0.14 80.73 bad
0.33 0.19 211.54 good
0.29 0.23 163.05 good
0.18 0.14 41.11 good
0.23 0.34 203.97 bad
0.20 0.44 948.64 bad
0.16 0.05 53.89 bad
0.34 0.29 389.04 good
0.24 0.14 44.83 good
0.11 0.16 29.34 good
0.30 0.23 135.14 bad
0.19 0.33 218.67 good
0.20 0.22 85.63 bad
0.37 0.21 339.26 bad
0.33 0.21 245.77 good
0.33 0.20 182.02 bad
0.21 0.21 148.52 good
0.18 0.20 95.85 bad
0.08 0.34 199.64 bad
0.12 0.20 55.29 good
0.43 0.19 204.65 bad
0.16 0.25 278.88 good
0.04 0.32 49.13 bad
0.25 0.25 106.33 bad
0.36 0.31 393.48 bad
0.40 0.30 344.01 good
0.15 0.36 159.36 good
0.33 0.24 147.32 bad
0.26 0.17 65.93 bad
0.13 0.19 599.56 bad
0.28 0.22 188.48 bad
0.33 0.19 116.65 bad
0.27 0.28 208.64 bad
0.20 0.07 25.57 bad
0.26 0.34 288.02 bad
0.46 0.00 128.84 bad
0.22 0.33 391.57 good
0.34 0.27 297.05 bad
0.26 0.27 286.97 bad
0.26 0.21 65.28 good
0.19 0.33 385.10 good
0.27 0.24 114.14 good
0.15 0.17 72.91 bad
0.28 0.24 131.59 bad
0.26 0.26 113.09 good
0.30 0.15 84.03 bad
0.36 0.21 164.81 bad
0.09 0.23 875.52 bad
0.35 0.19 125.49 bad
0.42 0.12 138.45 good
0.39 0.30 387.39 bad
0.20 0.33 297.36 good
0.20 0.25 75.21 good
0.32 0.08 102.63 bad
0.29 0.20 101.09 good
0.16 0.21 76.64 good
0.22 0.26 319.05 good
0.13 0.23 82.37 good
0.16 0.26 209.65 good
0.28 0.16 73.99 bad
0.13 0.11 58.14 good
0.21 0.34 176.74 good
0.32 0.05 63.17 bad
0.22 0.19 56.35 bad
0.24 0.36 304.97 good
0.07 0.54 361.68 bad
0.19 0.49 311.51 bad
0.15 0.24 364.52 good
0.45 0.33 909.70 bad
0.19 0.09 40.59 good
0.04 0.06 9.99 bad
0.23 0.26 113.50 good
0.35 0.20 158.29 bad