BookWordCount AddListCount ThreeStarRate Class
95
0 1 2 4 5 6 7 8 9 10 11 12 13 15 17 19 20 21 22 25 26 27 28 29 30 31 32 35 37 38 39 41 42 45 47 48 49 50 51 52 53 54 57 58 59 60 61 62 63 65 66 71 73 74 75 77 79 80 83 85 88 90 91 92 93 94 95 96 98 99 100 101 102 108 110 111 112 115 116 117 118 121 130 131 132 136 137 138 139 140 141 143 145 149 150
177.20 214 0.28 good
289.90 492 0.23 good
48.30 12 0.40 bad
139.00 22 0.33 bad
158.50 122 0.26 good
59.60 42 0.21 good
38.90 8 0.48 bad
143.50 53 0.30 bad
21.30 14 0.26 bad
82.50 25 0.23 bad
13.40 15 0.40 bad
21.80 12 0.44 bad
27.50 9 0.39 bad
257.20 204 0.27 bad
33.60 10 0.20 bad
122.40 70 0.22 bad
82.30 17 0.15 good
74.10 12 0.16 bad
77.70 61 0.40 bad
35.90 2 0.20 bad
62.70 32 0.43 bad
147.20 31 0.21 good
53.00 73 0.25 bad
233.90 68 0.22 good
150.70 9 0.32 bad
78.00 6 0.33 good
51.10 111 0.31 bad
713.10 254 0.18 good
51.30 106 0.20 bad
80.20 19 0.27 bad
22.80 1 0.16 bad
168.40 289 0.34 good
300.10 215 0.26 bad
380.50 93 0.30 bad
49.70 20 0.20 bad
281.40 371 0.33 bad
44.50 13 0.39 bad
51.90 7 0.32 good
84.60 42 0.37 bad
76.10 446 0.15 bad
53.70 1 0.14 bad
13.00 9 0.33 good
293.40 551 0.21 bad
63.50 70 0.14 good
133.40 138 0.21 good
45.10 19 0.18 bad
17.00 33 0.25 good
49.60 3 0.08 bad
108.60 21 0.12 good
72.20 22 0.31 bad
34.80 2 0.43 bad
98.90 119 0.25 bad
68.60 8 0.22 bad
49.30 16 0.36 bad
39.60 8 0.40 good
1070.70 183 0.22 bad
131.20 94 0.26 bad
144.70 193 0.13 bad
40.80 22 0.28 bad
87.20 55 0.15 good
315.30 321 0.18 good
50.40 4 0.20 bad
126.20 218 0.16 good
116.50 141 0.16 good
90.50 121 0.26 bad
63.70 57 0.23 good
99.00 4 0.46 bad
34.10 100 0.28 good
170.60 558 0.22 good
181.90 253 0.34 bad
59.90 8 0.34 bad
219.60 65 0.26 bad
78.10 39 0.26 good
446.50 1586 0.10 good
133.50 31 0.28 bad
148.90 53 0.26 good
107.80 63 0.30 bad
119.20 76 0.35 bad
118.30 7 0.42 good
59.10 5 0.45 bad
92.20 112 0.39 bad
145.90 14 0.32 bad
46.30 11 0.28 bad
195.70 5 0.13 good
237.20 131 0.25 good
72.70 9 0.32 bad
448.70 303 0.15 good
212.90 53 0.22 bad
130.30 206 0.24 good
43.40 7 0.07 bad
25.10 19 0.19 bad
177.70 42 0.22 bad
62.30 28 0.45 bad
382.10 178 0.23 good
44.60 5 0.35 bad