BookScoreCount FourStarRate Kurtosis Class
103
3 4 5 6 7 8 11 12 13 14 15 16 19 20 21 22 23 24 28 29 30 31 33 34 35 36 38 39 40 41 42 45 46 47 48 49 51 52 53 58 59 61 63 66 67 70 71 72 74 75 76 77 78 79 81 85 86 87 88 90 91 95 96 97 98 99 100 101 102 103 104 105 107 108 109 111 114 115 116 118 123 124 125 126 127 128 130 132 135 136 137 139 140 141 142 143 144 145 146 147 148 149 152
129 0.27 155.27 bad
78 0.25 113.07 bad
439 0.21 93.52 good
187 0.18 75.15 good
27 0.11 181.37 bad
177 0.22 196.73 bad
51 0.32 491.68 bad
25 0.08 114.51 bad
48 0.13 156.17 bad
454 0.19 68.44 good
658 0.25 188.48 bad
119 0.20 87.54 good
250 0.22 181.41 bad
112 0.20 48.29 good
44 0.14 66.70 bad
159 0.28 468.11 bad
116 0.08 78.49 good
70 0.13 114.10 bad
263 0.31 418.19 bad
290 0.20 194.89 good
29 0.14 80.73 bad
44 0.19 211.54 good
192 0.23 163.05 good
97 0.13 192.82 bad
1909 0.14 41.11 good
223 0.34 203.97 bad
63 0.17 172.89 bad
20 0.05 53.89 bad
495 0.33 227.23 good
670 0.29 389.04 good
686 0.20 74.29 bad
299 0.23 135.14 bad
108 0.33 218.67 good
79 0.22 85.63 bad
1248 0.33 362.40 bad
72 0.23 155.38 bad
133 0.21 339.26 bad
1780 0.30 453.60 bad
22 0.00 31.11 bad
461 0.30 256.16 good
484 0.21 148.52 good
86 0.44 1104.85 good
91 0.20 55.29 good
21 0.19 204.65 bad
90 0.25 278.88 good
51 0.32 49.13 bad
248 0.25 106.33 bad
956 0.20 259.41 good
46 0.31 393.48 bad
21 0.30 344.01 good
429 0.36 159.36 good
745 0.27 440.27 bad
217 0.24 147.32 bad
531 0.17 65.93 bad
25 0.08 173.53 bad
356 0.24 51.21 good
222 0.27 249.84 bad
182 0.19 95.46 bad
1636 0.23 118.81 good
16 0.07 25.57 bad
654 0.28 191.97 good
13 0.00 128.84 bad
188 0.33 282.28 good
39 0.40 198.40 good
2113 0.33 391.57 good
942 0.26 243.27 bad
42 0.27 297.05 bad
219 0.27 286.97 bad
225 0.21 65.28 good
29 0.26 664.54 bad
25 0.04 92.39 bad
339 0.33 385.10 good
1184 0.17 72.91 bad
5393 0.20 1238.93 good
88 0.24 170.95 bad
182 0.26 113.09 good
1114 0.23 875.52 bad
282 0.19 125.49 bad
19 0.12 138.45 good
274 0.30 387.39 bad
93 0.30 502.72 good
320 0.20 101.09 good
768 0.20 1797.82 good
353 0.21 76.64 good
387 0.26 319.05 good
607 0.23 82.37 good
82 0.16 73.99 bad
614 0.35 212.10 good
1310 0.29 234.30 bad
68 0.05 63.17 bad
1641 0.33 478.73 good
1100 0.36 304.97 good
21 0.54 361.68 bad
83 0.49 311.51 bad
2366 0.24 364.52 good
153 0.24 86.23 bad
364 0.18 97.95 bad
61 0.33 909.70 bad
2356 0.37 402.15 good
208 0.09 40.59 good
1080 0.06 9.99 bad
674 0.26 113.50 good
45 0.14 62.68 good