FourStarRate FiveStarRate Kurtosis Class
96
0 2 5 7 9 10 11 14 15 17 18 19 20 21 22 24 25 26 27 31 32 33 34 35 36 37 38 40 41 44 46 47 48 49 50 54 56 58 59 62 64 65 66 67 69 70 71 72 74 75 76 77 78 79 81 82 83 85 87 90 91 93 94 96 97 98 99 101 104 105 108 109 111 112 113 114 115 117 121 124 126 129 131 132 134 135 136 142 143 145 146 148 149 151 152 153
0.30 0.15 200.91 good
0.24 0.15 267.71 bad
0.21 0.12 93.52 good
0.11 0.11 181.37 bad
0.30 0.02 110.48 bad
0.27 0.09 143.84 bad
0.32 0.16 491.68 bad
0.19 0.20 68.44 good
0.25 0.23 188.48 bad
0.23 0.12 80.31 bad
0.14 0.28 137.29 bad
0.22 0.28 181.41 bad
0.20 0.13 48.29 good
0.14 0.04 66.70 bad
0.28 0.11 468.11 bad
0.13 0.11 114.10 bad
0.00 0.20 28.01 bad
0.18 0.19 249.04 bad
0.15 0.05 40.03 good
0.19 0.09 211.54 good
0.39 0.13 404.81 bad
0.23 0.15 163.05 good
0.13 0.03 192.82 bad
0.14 0.21 41.11 good
0.34 0.19 203.97 bad
0.44 0.28 948.64 bad
0.17 0.13 172.89 bad
0.33 0.19 227.23 good
0.29 0.17 389.04 good
0.16 0.23 29.34 good
0.33 0.27 218.67 good
0.22 0.08 85.63 bad
0.33 0.17 362.40 bad
0.23 0.10 155.38 bad
0.14 0.07 119.73 good
0.21 0.29 245.77 good
0.10 0.13 74.03 good
0.30 0.37 256.16 good
0.21 0.25 148.52 good
0.34 0.00 199.64 bad
0.14 0.02 59.06 bad
0.07 0.07 77.07 bad
0.19 0.10 204.65 bad
0.25 0.42 278.88 good
0.42 0.21 758.93 bad
0.32 0.20 49.13 bad
0.25 0.17 106.33 bad
0.20 0.35 259.41 good
0.31 0.04 393.48 bad
0.30 0.10 344.01 good
0.36 0.24 159.36 good
0.27 0.37 440.27 bad
0.24 0.16 147.32 bad
0.17 0.10 65.93 bad
0.08 0.13 173.53 bad
0.05 0.22 87.78 bad
0.22 0.22 188.48 bad
0.24 0.10 51.21 good
0.19 0.27 95.46 bad
0.07 0.07 25.57 bad
0.28 0.34 191.97 good
0.34 0.21 288.02 bad
0.33 0.23 299.63 good
0.33 0.17 282.28 good
0.40 0.13 198.40 good
0.33 0.29 391.57 good
0.26 0.17 243.27 bad
0.27 0.27 286.97 bad
0.04 0.09 92.39 bad
0.33 0.31 385.10 good
0.20 0.63 1238.93 good
0.24 0.10 170.95 bad
0.26 0.12 113.09 good
0.15 0.11 84.03 bad
0.21 0.14 164.81 bad
0.23 0.60 875.52 bad
0.19 0.07 125.49 bad
0.14 0.09 132.92 bad
0.08 0.02 102.63 bad
0.20 0.11 101.09 good
0.21 0.30 76.64 good
0.26 0.37 209.65 good
0.11 0.06 58.14 good
0.35 0.13 212.10 good
0.34 0.18 176.74 good
0.29 0.26 234.30 bad
0.05 0.09 63.17 bad
0.24 0.46 364.52 good
0.24 0.10 86.23 bad
0.33 0.08 909.70 bad
0.37 0.19 402.15 good
0.06 0.08 9.99 bad
0.26 0.15 113.50 good
0.19 0.37 105.22 bad
0.14 0.09 62.68 good
0.22 0.12 105.28 good