BookWordCount TwoStarRate FiveStarRate Class
97
0 2 3 4 5 8 9 11 12 14 16 17 18 20 22 23 26 29 31 32 33 34 39 40 42 43 45 46 47 48 49 50 51 52 53 54 55 57 58 59 60 63 64 65 66 68 71 72 73 75 76 77 78 79 81 82 83 84 87 89 92 94 95 96 97 99 100 102 106 107 108 110 111 114 119 121 122 123 124 125 126 128 129 130 131 132 136 138 140 141 143 146 148 149 151 152 153
177.20 0.15 0.15 good
48.30 0.10 0.15 bad
52.30 0.12 0.18 bad
139.00 0.09 0.10 bad
158.50 0.20 0.12 good
143.50 0.16 0.21 bad
21.30 0.18 0.02 bad
13.40 0.04 0.16 bad
21.80 0.08 0.20 bad
123.80 0.14 0.20 good
135.80 0.22 0.14 good
33.60 0.22 0.12 bad
24.10 0.17 0.28 bad
82.30 0.20 0.13 good
77.70 0.15 0.11 bad
122.20 0.31 0.06 good
62.70 0.09 0.19 bad
233.90 0.10 0.36 good
78.00 0.30 0.09 good
51.10 0.09 0.13 bad
178.90 0.20 0.15 good
154.60 0.30 0.03 bad
22.80 0.26 0.00 bad
153.10 0.12 0.19 good
300.10 0.17 0.11 bad
74.40 0.13 0.14 good
380.50 0.20 0.10 bad
123.50 0.07 0.27 good
49.70 0.28 0.08 bad
281.40 0.09 0.17 bad
44.50 0.10 0.10 bad
51.90 0.28 0.07 good
84.60 0.30 0.07 bad
76.10 0.04 0.42 bad
53.70 0.33 0.10 bad
13.00 0.05 0.29 good
106.40 0.28 0.06 bad
293.40 0.07 0.18 bad
63.50 0.05 0.37 good
133.40 0.21 0.25 good
45.10 0.21 0.23 bad
108.60 0.07 0.30 good
54.40 0.27 0.02 bad
72.20 0.28 0.07 bad
34.80 0.14 0.10 bad
79.60 0.11 0.22 bad
98.90 0.12 0.17 bad
390.00 0.08 0.35 good
68.60 0.11 0.17 bad
39.60 0.10 0.10 good
46.20 0.07 0.24 good
1070.70 0.07 0.37 bad
70.00 0.10 0.16 bad
131.20 0.19 0.10 bad
87.70 0.08 0.13 bad
183.00 0.41 0.22 bad
40.80 0.17 0.22 bad
30.00 0.14 0.14 bad
112.10 0.09 0.27 bad
153.20 0.17 0.17 bad
116.50 0.04 0.42 good
63.70 0.11 0.23 good
99.00 0.23 0.15 bad
34.10 0.11 0.17 good
22.20 0.03 0.13 good
181.90 0.12 0.17 bad
59.90 0.02 0.25 bad
78.10 0.14 0.08 good
64.40 0.14 0.16 good
310.00 0.12 0.31 bad
446.50 0.02 0.63 good
133.50 0.21 0.10 bad
148.90 0.16 0.12 good
31.70 0.02 0.60 bad
427.70 0.06 0.29 good
145.90 0.30 0.02 bad
79.20 0.10 0.25 bad
153.40 0.08 0.20 good
223.00 0.19 0.11 good
65.70 0.02 0.67 good
89.70 0.06 0.30 good
296.70 0.08 0.31 good
322.80 0.07 0.37 good
46.30 0.13 0.17 bad
195.70 0.41 0.06 good
237.20 0.14 0.13 good
72.70 0.24 0.09 bad
212.90 0.10 0.18 bad
43.40 0.30 0.05 bad
25.10 0.03 0.15 bad
177.70 0.21 0.10 bad
477.20 0.09 0.19 good
209.90 0.03 0.08 bad
382.10 0.18 0.15 good
93.00 0.07 0.37 bad
163.50 0.19 0.09 good
73.20 0.22 0.12 good