BookScoreCount FiveStarRate Kurtosis Class
98
0 2 3 4 5 6 9 11 13 14 16 17 18 19 20 21 24 25 27 28 29 30 31 32 34 37 38 39 42 43 44 45 48 49 52 53 54 55 56 57 62 64 65 66 68 69 70 71 72 73 76 77 78 79 80 82 84 86 87 88 89 94 95 96 97 98 100 101 102 103 104 105 107 111 113 114 118 120 122 124 128 131 132 133 134 135 138 139 140 141 142 143 144 148 149 150 152 153
568 0.15 200.91 good
47 0.15 267.71 bad
129 0.18 155.27 bad
78 0.10 113.07 bad
439 0.12 93.52 good
187 0.23 75.15 good
51 0.02 110.48 bad
51 0.16 491.68 bad
48 0.09 156.17 bad
454 0.20 68.44 good
119 0.14 87.54 good
36 0.12 80.31 bad
23 0.28 137.29 bad
250 0.28 181.41 bad
112 0.13 48.29 good
44 0.04 66.70 bad
70 0.11 114.10 bad
11 0.20 28.01 bad
150 0.05 40.03 good
263 0.27 418.19 bad
290 0.36 194.89 good
29 0.11 80.73 bad
44 0.09 211.54 good
292 0.13 404.81 bad
97 0.03 192.82 bad
216 0.28 948.64 bad
63 0.13 172.89 bad
20 0.00 53.89 bad
686 0.11 74.29 bad
81 0.14 44.83 good
1885 0.23 29.34 good
299 0.10 135.14 bad
1248 0.17 362.40 bad
72 0.10 155.38 bad
1780 0.42 453.60 bad
22 0.10 31.11 bad
43 0.29 245.77 good
55 0.06 182.02 bad
80 0.13 74.03 good
2109 0.18 94.54 bad
13 0.00 199.64 bad
45 0.02 59.06 bad
82 0.07 77.07 bad
21 0.10 204.65 bad
153 0.22 223.96 bad
20 0.21 758.93 bad
51 0.20 49.13 bad
248 0.17 106.33 bad
956 0.35 259.41 good
19 0.17 278.58 bad
429 0.24 159.36 good
745 0.37 440.27 bad
217 0.16 147.32 bad
531 0.10 65.93 bad
714 0.58 599.56 bad
31 0.22 87.78 bad
21 0.14 116.65 bad
222 0.26 249.84 bad
182 0.27 95.46 bad
1636 0.30 118.81 good
145 0.17 208.64 bad
218 0.23 299.63 good
13 0.15 128.84 bad
188 0.17 282.28 good
39 0.13 198.40 good
2113 0.29 391.57 good
42 0.25 297.05 bad
219 0.27 286.97 bad
225 0.08 65.28 good
29 0.11 664.54 bad
25 0.09 92.39 bad
339 0.31 385.10 good
1184 0.31 72.91 bad
182 0.12 113.09 good
136 0.14 164.81 bad
1114 0.60 875.52 bad
274 0.11 387.39 bad
45 0.11 75.21 good
385 0.25 313.76 bad
320 0.11 101.09 good
607 0.31 82.37 good
31 0.06 58.14 good
614 0.13 212.10 good
23 0.04 194.01 bad
795 0.18 176.74 good
1310 0.26 234.30 bad
328 0.18 56.35 bad
1100 0.22 304.97 good
21 0.05 361.68 bad
83 0.15 311.51 bad
2366 0.46 364.52 good
153 0.10 86.23 bad
364 0.09 97.95 bad
1080 0.08 9.99 bad
674 0.15 113.50 good
21 0.15 158.29 bad
45 0.09 62.68 good
209 0.12 105.28 good