BookWordCount TwoStarRate FiveStarRate Class
101
3 4 5 6 7 9 10 11 13 15 16 17 18 19 21 23 24 26 27 28 29 30 32 34 35 36 38 39 40 41 43 44 45 46 49 51 54 58 59 60 61 63 64 65 66 67 68 69 71 75 76 77 78 81 82 85 86 88 89 90 91 92 93 94 95 97 98 100 101 102 103 104 106 107 109 111 113 114 115 117 120 122 123 125 126 128 130 131 133 134 137 138 140 141 142 144 145 146 148 151 152
52.30 0.12 0.18 bad
139.00 0.09 0.10 bad
158.50 0.20 0.12 good
59.60 0.14 0.23 good
38.90 0.15 0.11 bad
21.30 0.18 0.02 bad
82.50 0.26 0.09 bad
13.40 0.04 0.16 bad
27.50 0.24 0.09 bad
257.20 0.13 0.23 bad
135.80 0.22 0.14 good
33.60 0.22 0.12 bad
24.10 0.17 0.28 bad
122.40 0.18 0.28 bad
74.10 0.37 0.04 bad
122.20 0.31 0.06 good
74.80 0.21 0.11 bad
62.70 0.09 0.19 bad
147.20 0.17 0.05 good
53.00 0.11 0.27 bad
233.90 0.10 0.36 good
150.70 0.18 0.11 bad
51.10 0.09 0.13 bad
154.60 0.30 0.03 bad
713.10 0.12 0.21 good
87.00 0.10 0.19 bad
80.20 0.35 0.13 bad
22.80 0.26 0.00 bad
153.10 0.12 0.19 good
168.40 0.14 0.17 good
74.40 0.13 0.14 good
296.80 0.07 0.23 good
380.50 0.20 0.10 bad
123.50 0.07 0.27 good
44.50 0.10 0.10 bad
84.60 0.30 0.07 bad
13.00 0.05 0.29 good
63.50 0.05 0.37 good
133.40 0.21 0.25 good
45.10 0.21 0.23 bad
17.00 0.08 0.21 good
108.60 0.07 0.30 good
54.40 0.27 0.02 bad
72.20 0.28 0.07 bad
34.80 0.14 0.10 bad
16.80 0.06 0.42 good
79.60 0.11 0.22 bad
7.30 0.05 0.21 bad
98.90 0.12 0.17 bad
39.60 0.10 0.10 good
46.20 0.07 0.24 good
1070.70 0.07 0.37 bad
70.00 0.10 0.16 bad
87.70 0.08 0.13 bad
183.00 0.41 0.22 bad
87.20 0.19 0.10 good
129.90 0.03 0.26 bad
315.30 0.10 0.30 good
153.20 0.17 0.17 bad
50.40 0.13 0.07 bad
126.20 0.08 0.34 good
116.50 0.04 0.42 good
90.50 0.08 0.21 bad
63.70 0.11 0.23 good
99.00 0.23 0.15 bad
22.20 0.03 0.13 good
170.60 0.08 0.29 good
59.90 0.02 0.25 bad
219.60 0.10 0.27 bad
78.10 0.14 0.08 good
21.40 0.08 0.11 bad
150.50 0.31 0.09 bad
64.40 0.14 0.16 good
310.00 0.12 0.31 bad
101.10 0.14 0.10 bad
148.90 0.16 0.12 good
247.80 0.13 0.14 bad
31.70 0.02 0.60 bad
119.20 0.19 0.07 bad
59.10 0.11 0.09 bad
85.80 0.18 0.11 good
79.20 0.10 0.25 bad
153.40 0.08 0.20 good
65.70 0.02 0.67 good
89.70 0.06 0.30 good
296.70 0.08 0.31 good
46.30 0.13 0.17 bad
195.70 0.41 0.06 good
145.80 0.13 0.04 bad
179.50 0.12 0.18 good
448.70 0.05 0.38 good
212.90 0.10 0.18 bad
43.40 0.30 0.05 bad
25.10 0.03 0.15 bad
518.00 0.05 0.46 good
319.70 0.25 0.09 bad
62.30 0.10 0.08 bad
477.20 0.09 0.19 good
209.90 0.03 0.08 bad
93.00 0.07 0.37 bad
163.50 0.19 0.09 good