BookWordCount TwoStarRate FourStarRate Class
95
0 3 6 7 8 9 10 11 14 16 17 19 21 22 23 26 27 29 31 32 33 36 37 38 41 44 45 47 48 49 50 51 52 53 54 55 57 58 59 60 61 63 65 67 68 69 70 72 73 74 75 76 77 78 82 83 85 87 88 89 91 92 95 96 99 100 104 108 109 112 113 116 117 118 119 121 122 123 124 126 127 128 129 130 131 133 134 135 139 140 141 143 147 148 149
177.20 0.15 0.30 good
52.30 0.12 0.27 bad
59.60 0.14 0.18 good
38.90 0.15 0.11 bad
143.50 0.16 0.22 bad
21.30 0.18 0.30 bad
82.50 0.26 0.27 bad
13.40 0.04 0.32 bad
123.80 0.14 0.19 good
135.80 0.22 0.20 good
33.60 0.22 0.23 bad
122.40 0.18 0.22 bad
74.10 0.37 0.14 bad
77.70 0.15 0.28 bad
122.20 0.31 0.08 good
62.70 0.09 0.18 bad
147.20 0.17 0.15 good
233.90 0.10 0.20 good
78.00 0.30 0.19 good
51.10 0.09 0.39 bad
178.90 0.20 0.23 good
87.00 0.10 0.34 bad
51.30 0.03 0.44 bad
80.20 0.35 0.17 bad
168.40 0.14 0.29 good
296.80 0.07 0.16 good
380.50 0.20 0.23 bad
49.70 0.28 0.22 bad
281.40 0.09 0.33 bad
44.50 0.10 0.23 bad
51.90 0.28 0.14 good
84.60 0.30 0.21 bad
76.10 0.04 0.30 bad
53.70 0.33 0.00 bad
13.00 0.05 0.21 good
106.40 0.28 0.20 bad
293.40 0.07 0.29 bad
63.50 0.05 0.30 good
133.40 0.21 0.21 good
45.10 0.21 0.20 bad
17.00 0.08 0.44 good
108.60 0.07 0.20 good
72.20 0.28 0.07 bad
16.80 0.06 0.25 good
79.60 0.11 0.30 bad
7.30 0.05 0.42 bad
55.40 0.10 0.32 bad
390.00 0.08 0.20 good
68.60 0.11 0.39 bad
49.30 0.22 0.31 bad
39.60 0.10 0.30 good
46.20 0.07 0.36 good
1070.70 0.07 0.27 bad
70.00 0.10 0.24 bad
183.00 0.41 0.05 bad
40.80 0.17 0.22 bad
87.20 0.19 0.24 good
112.10 0.09 0.19 bad
315.30 0.10 0.23 good
153.20 0.17 0.28 bad
126.20 0.08 0.28 good
116.50 0.04 0.29 good
99.00 0.23 0.00 bad
34.10 0.11 0.33 good
181.90 0.12 0.26 bad
59.90 0.02 0.27 bad
150.50 0.31 0.04 bad
446.50 0.02 0.20 good
101.10 0.14 0.24 bad
107.80 0.20 0.15 bad
247.80 0.13 0.21 bad
118.30 0.12 0.12 good
59.10 0.11 0.14 bad
92.20 0.11 0.30 bad
427.70 0.06 0.33 good
145.90 0.30 0.08 bad
79.20 0.10 0.29 bad
153.40 0.08 0.30 good
223.00 0.19 0.20 good
89.70 0.06 0.21 good
34.20 0.06 0.26 good
296.70 0.08 0.23 good
322.80 0.07 0.26 good
46.30 0.13 0.16 bad
195.70 0.41 0.11 good
145.80 0.13 0.33 bad
179.50 0.12 0.34 good
335.20 0.09 0.29 bad
130.30 0.07 0.36 good
43.40 0.30 0.54 bad
25.10 0.03 0.49 bad
177.70 0.21 0.24 bad
154.00 0.22 0.09 good
209.90 0.03 0.06 bad
382.10 0.18 0.26 good