BookScore FiveStarRate Mode Class
97
0 2 5 6 7 9 10 13 14 16 17 18 21 22 26 27 28 29 31 32 35 36 37 39 40 41 42 44 46 48 50 51 52 53 54 55 58 61 63 64 65 66 67 69 70 71 73 74 77 80 81 83 84 85 86 88 89 91 93 94 95 97 98 101 103 104 105 106 107 110 112 113 114 116 117 119 120 121 122 125 126 127 128 129 132 133 134 135 136 137 141 143 144 145 149 152 153
6.4 0.15 8.00 good
6.4 0.15 6.00 bad
5.6 0.12 6.00 good
6.0 0.23 2.00 good
5.8 0.11 6.00 bad
5.4 0.02 8.00 bad
5.8 0.09 8.00 bad
5.5 0.09 6.00 bad
5.9 0.20 2.00 good
5.7 0.14 6.00 good
5.6 0.12 8.00 bad
6.5 0.28 10.00 bad
4.6 0.04 4.00 bad
6.5 0.11 6.00 bad
6.5 0.19 6.00 bad
4.5 0.05 2.00 good
7.2 0.27 8.00 bad
7.1 0.36 10.00 good
5.8 0.09 6.00 good
6.8 0.13 8.00 bad
5.5 0.21 2.00 good
6.7 0.19 8.00 bad
7.8 0.28 8.00 bad
3.5 0.00 2.00 bad
6.7 0.19 8.00 good
6.7 0.17 6.00 good
5.4 0.11 2.00 bad
5.4 0.23 2.00 good
7.1 0.27 8.00 good
6.8 0.17 8.00 bad
5.3 0.07 6.00 good
5.9 0.07 6.00 bad
7.9 0.42 10.00 bad
4.0 0.10 2.00 bad
7.0 0.29 6.00 good
5.6 0.06 6.00 bad
7.5 0.37 10.00 good
7.5 0.21 8.00 good
6.2 0.30 2.00 good
4.4 0.02 2.00 bad
4.8 0.07 6.00 bad
5.9 0.10 6.00 bad
7.6 0.42 10.00 good
7.4 0.21 8.00 bad
5.9 0.20 2.00 bad
6.1 0.17 8.00 bad
6.8 0.17 8.00 bad
6.1 0.04 6.00 bad
7.6 0.37 10.00 bad
8.3 0.58 10.00 bad
5.8 0.13 6.00 bad
6.6 0.22 6.00 bad
5.9 0.14 6.00 bad
5.2 0.10 2.00 good
7.0 0.26 6.00 bad
6.7 0.30 10.00 good
6.4 0.17 8.00 bad
7.2 0.34 10.00 good
6.9 0.21 8.00 bad
7.0 0.23 8.00 good
5.5 0.15 6.00 bad
6.5 0.13 8.00 good
7.3 0.29 8.00 good
7.1 0.27 10.00 bad
6.6 0.11 6.00 bad
4.9 0.09 6.00 bad
7.4 0.31 8.00 good
6.0 0.16 6.00 good
6.4 0.31 10.00 bad
5.8 0.10 6.00 bad
5.4 0.11 6.00 bad
6.1 0.14 6.00 bad
8.5 0.60 10.00 bad
6.0 0.17 6.00 good
5.5 0.09 6.00 bad
7.3 0.29 8.00 good
5.6 0.11 8.00 good
4.5 0.02 6.00 bad
7.0 0.25 8.00 bad
8.9 0.67 10.00 good
6.4 0.30 10.00 good
7.4 0.36 10.00 good
6.5 0.31 10.00 good
7.3 0.37 10.00 good
6.4 0.13 8.00 good
5.9 0.04 8.00 bad
6.5 0.18 8.00 good
7.0 0.26 8.00 bad
4.8 0.09 6.00 bad
7.8 0.38 10.00 good
6.9 0.15 8.00 bad
5.5 0.10 8.00 bad
5.4 0.09 6.00 bad
6.7 0.08 6.00 bad
6.0 0.15 8.00 good
5.1 0.09 2.00 good
5.7 0.12 6.00 good