BookScoreCount Median Kurtosis Class
98
0 1 2 3 5 8 11 12 13 14 15 16 17 18 20 21 22 24 28 30 31 32 33 38 41 42 43 46 49 52 53 55 56 57 59 61 62 63 64 65 67 68 70 71 72 74 77 78 80 81 83 84 86 87 88 89 90 93 94 95 96 99 102 103 104 105 106 107 109 111 112 113 114 115 116 118 121 122 124 125 126 127 129 130 131 133 136 137 138 141 143 144 146 147 149 151 152 153
568 6.00 200.91 good
967 8.00 406.22 good
47 6.00 267.71 bad
129 6.00 155.27 bad
439 6.00 93.52 good
177 6.00 196.73 bad
51 6.00 491.68 bad
25 6.00 114.51 bad
48 6.00 156.17 bad
454 6.00 68.44 good
658 6.00 188.48 bad
119 6.00 87.54 good
36 6.00 80.31 bad
23 6.00 137.29 bad
112 4.00 48.29 good
44 4.00 66.70 bad
159 6.00 468.11 bad
70 6.00 114.10 bad
263 8.00 418.19 bad
29 6.00 80.73 bad
44 6.00 211.54 good
292 8.00 404.81 bad
192 6.00 163.05 good
63 6.00 172.89 bad
670 6.00 389.04 good
686 6.00 74.29 bad
81 6.00 44.83 good
108 8.00 218.67 good
72 6.00 155.38 bad
1780 8.00 453.60 bad
22 4.00 31.11 bad
55 6.00 182.02 bad
80 6.00 74.03 good
2109 6.00 94.54 bad
484 6.00 148.52 good
86 8.00 1104.85 good
13 4.00 199.64 bad
91 6.00 55.29 good
45 4.00 59.06 bad
82 4.00 77.07 bad
90 8.00 278.88 good
153 8.00 223.96 bad
51 8.00 49.13 bad
248 6.00 106.33 bad
956 8.00 259.41 good
46 6.00 393.48 bad
745 8.00 440.27 bad
217 6.00 147.32 bad
714 10.00 599.56 bad
25 6.00 173.53 bad
104 6.00 188.48 bad
21 6.00 116.65 bad
222 8.00 249.84 bad
182 6.00 95.46 bad
1636 8.00 118.81 good
145 6.00 208.64 bad
16 2.00 25.57 bad
396 8.00 288.02 bad
218 8.00 299.63 good
13 6.00 128.84 bad
188 8.00 282.28 good
942 6.00 243.27 bad
225 6.00 65.28 good
29 6.00 664.54 bad
25 4.00 92.39 bad
339 8.00 385.10 good
349 6.00 114.14 good
1184 6.00 72.91 bad
88 6.00 170.95 bad
182 6.00 113.09 good
201 6.00 84.03 bad
136 6.00 164.81 bad
1114 10.00 875.52 bad
282 6.00 125.49 bad
19 6.00 138.45 good
274 6.00 387.39 bad
59 4.00 102.63 bad
385 8.00 313.76 bad
320 6.00 101.09 good
768 10.00 1797.82 good
353 8.00 76.64 good
387 8.00 319.05 good
2063 8.00 209.65 good
82 6.00 73.99 bad
31 4.00 58.14 good
23 6.00 194.01 bad
68 4.00 63.17 bad
1641 8.00 478.73 good
328 6.00 56.35 bad
83 8.00 311.51 bad
153 6.00 86.23 bad
364 6.00 97.95 bad
2356 8.00 402.15 good
208 4.00 40.59 good
674 6.00 113.50 good
638 8.00 105.22 bad
45 6.00 62.68 good
209 6.00 105.28 good