TwoStarRate FourStarRate FiveStarRate Class
102
1 2 3 4 5 6 8 11 12 13 14 15 17 18 19 20 21 22 23 26 27 30 32 34 35 36 37 38 39 40 41 42 43 44 45 46 49 50 53 54 56 57 59 60 61 62 63 65 66 67 69 71 72 78 79 80 81 82 83 86 87 88 91 93 96 97 98 99 101 103 104 105 106 109 110 111 112 114 116 117 120 121 122 123 124 125 126 128 129 130 132 134 135 136 139 141 143 146 147 148 152 153
0.08 0.36 0.25 good
0.10 0.24 0.15 bad
0.12 0.27 0.18 bad
0.09 0.25 0.10 bad
0.20 0.21 0.12 good
0.14 0.18 0.23 good
0.16 0.22 0.21 bad
0.04 0.32 0.16 bad
0.08 0.08 0.20 bad
0.24 0.13 0.09 bad
0.14 0.19 0.20 good
0.13 0.25 0.23 bad
0.22 0.23 0.12 bad
0.17 0.14 0.28 bad
0.18 0.22 0.28 bad
0.20 0.20 0.13 good
0.37 0.14 0.04 bad
0.15 0.28 0.11 bad
0.31 0.08 0.06 good
0.09 0.18 0.19 bad
0.17 0.15 0.05 good
0.18 0.14 0.11 bad
0.09 0.39 0.13 bad
0.30 0.13 0.03 bad
0.12 0.14 0.21 good
0.10 0.34 0.19 bad
0.03 0.44 0.28 bad
0.35 0.17 0.13 bad
0.26 0.05 0.00 bad
0.12 0.33 0.19 good
0.14 0.29 0.17 good
0.17 0.20 0.11 bad
0.13 0.14 0.14 good
0.07 0.16 0.23 good
0.20 0.23 0.10 bad
0.07 0.33 0.27 good
0.10 0.23 0.10 bad
0.28 0.14 0.07 good
0.33 0.00 0.10 bad
0.05 0.21 0.29 good
0.20 0.10 0.13 good
0.07 0.29 0.18 bad
0.21 0.21 0.25 good
0.21 0.20 0.23 bad
0.08 0.44 0.21 good
0.50 0.34 0.00 bad
0.07 0.20 0.30 good
0.28 0.07 0.07 bad
0.14 0.19 0.10 bad
0.06 0.25 0.42 good
0.05 0.42 0.21 bad
0.12 0.25 0.17 bad
0.08 0.20 0.35 good
0.10 0.24 0.16 bad
0.19 0.17 0.10 bad
0.03 0.19 0.58 bad
0.08 0.08 0.13 bad
0.41 0.05 0.22 bad
0.17 0.22 0.22 bad
0.03 0.27 0.26 bad
0.09 0.19 0.27 bad
0.10 0.23 0.30 good
0.08 0.28 0.34 good
0.08 0.34 0.21 bad
0.11 0.33 0.17 good
0.03 0.40 0.13 good
0.08 0.33 0.29 good
0.12 0.26 0.17 bad
0.10 0.27 0.27 bad
0.08 0.26 0.11 bad
0.31 0.04 0.09 bad
0.08 0.33 0.31 good
0.14 0.24 0.16 good
0.14 0.24 0.10 bad
0.21 0.24 0.10 bad
0.16 0.26 0.12 good
0.20 0.15 0.11 bad
0.02 0.23 0.60 bad
0.12 0.12 0.17 good
0.11 0.14 0.09 bad
0.18 0.25 0.11 good
0.30 0.08 0.02 bad
0.10 0.29 0.25 bad
0.08 0.30 0.20 good
0.19 0.20 0.11 good
0.02 0.20 0.67 good
0.06 0.21 0.30 good
0.08 0.23 0.31 good
0.07 0.26 0.37 good
0.13 0.16 0.17 bad
0.14 0.35 0.13 good
0.12 0.34 0.18 good
0.09 0.29 0.26 bad
0.24 0.05 0.09 bad
0.07 0.36 0.22 good
0.03 0.49 0.15 bad
0.21 0.24 0.10 bad
0.09 0.37 0.19 good
0.22 0.09 0.02 good
0.03 0.06 0.08 bad
0.19 0.14 0.09 good
0.22 0.22 0.12 good