BookScore BookScoreCount Mode Class
90
0 1 2 4 5 8 9 10 12 13 15 16 17 19 20 22 26 28 29 32 33 35 38 41 42 45 46 47 50 54 55 57 58 60 63 64 66 67 68 69 70 71 73 75 76 77 78 80 83 85 87 88 89 90 92 93 95 96 99 102 103 104 105 107 108 109 110 111 112 113 116 118 119 122 123 125 126 127 128 133 134 137 140 142 143 144 145 149 151 153
6.4 568 8.00 good
7.2 967 8.00 good
6.4 47 6.00 bad
5.8 78 6.00 bad
5.6 439 6.00 good
6.5 177 6.00 bad
5.4 51 8.00 bad
5.8 78 8.00 bad
6.0 25 6.00 bad
5.5 48 6.00 bad
6.6 658 6.00 bad
5.7 119 6.00 good
5.6 36 8.00 bad
6.7 250 10.00 bad
5.3 112 2.00 good
6.5 159 6.00 bad
6.5 100 6.00 bad
7.2 263 8.00 bad
7.1 290 10.00 good
6.8 292 8.00 bad
6.1 192 6.00 good
5.5 1909 2.00 good
5.9 63 4.00 bad
6.7 670 6.00 good
5.4 686 2.00 bad
5.8 299 6.00 bad
7.1 108 8.00 good
5.3 79 4.00 bad
5.3 29 6.00 good
7.0 43 6.00 good
5.6 55 6.00 bad
6.2 2109 8.00 bad
7.5 461 10.00 good
6.2 108 10.00 bad
6.2 91 2.00 good
4.4 45 2.00 bad
5.9 21 6.00 bad
7.6 90 10.00 good
6.8 153 8.00 bad
7.4 20 8.00 bad
5.9 51 2.00 bad
6.1 248 8.00 bad
6.8 19 8.00 bad
6.4 21 6.00 good
6.8 429 8.00 good
7.6 745 10.00 bad
6.2 217 6.00 bad
8.3 714 10.00 bad
6.6 104 6.00 bad
5.2 356 2.00 good
6.4 182 10.00 bad
6.7 1636 10.00 good
6.4 145 8.00 bad
4.0 16 2.00 bad
7.8 527 10.00 good
6.9 396 8.00 bad
5.5 13 6.00 bad
6.7 188 8.00 good
6.5 942 6.00 bad
5.3 225 2.00 good
6.6 29 6.00 bad
4.9 25 6.00 bad
7.4 339 8.00 good
6.4 1184 10.00 bad
8.7 5393 10.00 good
6.0 88 6.00 bad
5.8 112 6.00 bad
5.8 182 8.00 good
5.4 201 6.00 bad
6.1 136 6.00 bad
6.0 19 6.00 good
6.5 274 6.00 bad
7.3 1575 8.00 good
7.0 385 8.00 bad
7.0 93 6.00 good
8.9 768 10.00 good
6.4 353 10.00 good
7.4 387 10.00 good
6.5 607 10.00 good
5.9 23 8.00 bad
6.5 795 8.00 good
7.8 1641 10.00 good
6.4 21 8.00 bad
7.8 2366 10.00 good
5.5 153 8.00 bad
5.4 364 6.00 bad
6.7 61 6.00 bad
6.0 674 8.00 good
6.8 638 10.00 bad
5.7 209 6.00 good