BookWordCount AddListCount FiveStarRate Class
105
1 2 3 4 9 10 11 12 13 14 15 16 17 18 20 21 23 24 29 30 31 32 34 35 36 37 38 40 41 42 45 50 51 53 55 57 59 60 61 62 63 64 65 66 67 71 72 76 77 79 80 83 84 86 88 89 90 91 92 93 94 95 97 99 101 102 103 104 105 106 108 109 110 113 117 118 120 121 122 123 124 125 126 127 128 129 130 131 132 133 135 136 137 138 139 140 142 144 145 147 148 149 150 151 153
289.90 492 0.25 good
48.30 12 0.15 bad
52.30 38 0.18 bad
139.00 22 0.10 bad
21.30 14 0.02 bad
82.50 25 0.09 bad
13.40 15 0.16 bad
21.80 12 0.20 bad
27.50 9 0.09 bad
123.80 136 0.20 good
257.20 204 0.23 bad
135.80 25 0.14 good
33.60 10 0.12 bad
24.10 7 0.28 bad
82.30 17 0.13 good
74.10 12 0.04 bad
122.20 32 0.06 good
74.80 23 0.11 bad
233.90 68 0.36 good
150.70 9 0.11 bad
78.00 6 0.09 good
51.10 111 0.13 bad
154.60 24 0.03 bad
713.10 254 0.21 good
87.00 63 0.19 bad
51.30 106 0.28 bad
80.20 19 0.13 bad
153.10 172 0.19 good
168.40 289 0.17 good
300.10 215 0.11 bad
380.50 93 0.10 bad
51.90 7 0.07 good
84.60 42 0.07 bad
53.70 1 0.10 bad
106.40 11 0.06 bad
293.40 551 0.18 bad
133.40 138 0.25 good
45.10 19 0.23 bad
17.00 33 0.21 good
49.60 3 0.00 bad
108.60 21 0.30 good
54.40 10 0.02 bad
72.20 22 0.07 bad
34.80 2 0.10 bad
16.80 17 0.42 good
98.90 119 0.17 bad
390.00 180 0.35 good
46.20 110 0.24 good
1070.70 183 0.37 bad
131.20 94 0.10 bad
144.70 193 0.58 bad
40.80 22 0.22 bad
30.00 3 0.14 bad
129.90 53 0.26 bad
315.30 321 0.30 good
153.20 49 0.17 bad
50.40 4 0.07 bad
126.20 218 0.34 good
116.50 141 0.42 good
90.50 121 0.21 bad
63.70 57 0.23 good
99.00 4 0.15 bad
22.20 7 0.13 good
181.90 253 0.17 bad
219.60 65 0.27 bad
78.10 39 0.08 good
21.40 6 0.11 bad
150.50 5 0.09 bad
198.70 98 0.31 good
64.40 102 0.16 good
446.50 1586 0.63 good
101.10 34 0.10 bad
133.50 31 0.10 bad
247.80 25 0.14 bad
59.10 5 0.09 bad
92.20 112 0.11 bad
85.80 15 0.11 good
145.90 14 0.02 bad
79.20 126 0.25 bad
153.40 32 0.20 good
223.00 57 0.11 good
65.70 149 0.67 good
89.70 48 0.30 good
34.20 146 0.36 good
296.70 108 0.31 good
322.80 510 0.37 good
46.30 11 0.17 bad
195.70 5 0.06 good
237.20 131 0.13 good
145.80 1 0.04 bad
335.20 293 0.26 bad
72.70 9 0.09 bad
448.70 303 0.38 good
212.90 53 0.18 bad
130.30 206 0.22 good
43.40 7 0.05 bad
518.00 365 0.46 good
319.70 103 0.09 bad
62.30 28 0.08 bad
154.00 26 0.02 good
209.90 54 0.08 bad
382.10 178 0.15 good
44.60 5 0.15 bad
93.00 125 0.37 bad
73.20 50 0.12 good