BookScore AddListCount FourStarRate Class
99
2 4 8 10 12 14 17 18 20 21 22 25 28 29 30 31 32 33 34 35 36 38 39 40 43 48 50 51 52 53 54 55 56 57 59 62 63 65 66 68 69 70 71 72 73 74 77 78 79 80 81 82 84 85 86 87 88 89 91 93 94 96 97 99 101 103 105 106 107 108 109 110 112 113 114 115 116 117 118 120 121 122 123 125 126 127 131 132 133 140 141 142 143 144 145 146 148 149 150
6.4 12 0.24 bad
5.8 22 0.25 bad
6.5 53 0.22 bad
5.8 25 0.27 bad
6.0 12 0.08 bad
5.9 136 0.19 good
5.6 10 0.23 bad
6.5 7 0.14 bad
5.3 17 0.20 good
4.6 12 0.14 bad
6.5 61 0.28 bad
4.8 2 0.00 bad
7.2 73 0.31 bad
7.1 68 0.20 good
5.4 9 0.14 bad
5.8 6 0.19 good
6.8 111 0.39 bad
6.1 49 0.23 good
5.1 24 0.13 bad
5.5 254 0.14 good
6.7 63 0.34 bad
5.9 19 0.17 bad
3.5 1 0.05 bad
6.7 172 0.33 good
5.1 18 0.14 good
6.8 371 0.33 bad
5.3 7 0.14 good
5.9 42 0.21 bad
7.9 446 0.30 bad
4.0 1 0.00 bad
7.0 9 0.21 good
5.6 11 0.20 bad
5.3 13 0.10 good
6.2 551 0.29 bad
6.5 138 0.21 good
5.3 3 0.34 bad
6.2 21 0.20 good
4.8 22 0.07 bad
5.9 2 0.19 bad
6.8 45 0.30 bad
7.4 5 0.42 bad
5.9 2 0.32 bad
6.1 119 0.25 bad
7.3 180 0.20 good
6.8 8 0.39 bad
6.1 16 0.31 bad
7.6 183 0.27 bad
6.2 57 0.24 bad
5.2 94 0.17 bad
8.3 193 0.19 bad
5.8 4 0.08 bad
5.6 3 0.05 bad
5.9 3 0.19 bad
5.2 55 0.24 good
7.0 53 0.27 bad
6.4 65 0.19 bad
6.7 321 0.23 good
6.4 49 0.28 bad
7.2 218 0.28 good
6.9 121 0.34 bad
7.0 57 0.33 good
6.7 100 0.33 good
6.5 7 0.40 good
6.5 253 0.26 bad
7.1 65 0.27 bad
6.6 6 0.26 bad
7.4 98 0.33 good
6.0 102 0.24 good
6.4 188 0.17 bad
8.7 1586 0.20 good
6.0 34 0.24 bad
5.8 31 0.24 bad
5.4 63 0.15 bad
6.1 25 0.21 bad
8.5 218 0.23 bad
5.5 76 0.19 bad
6.0 7 0.12 good
5.5 5 0.14 bad
6.5 112 0.30 bad
5.6 15 0.25 good
4.5 14 0.08 bad
7.0 126 0.29 bad
7.0 32 0.30 good
8.9 149 0.20 good
6.4 48 0.21 good
7.4 146 0.26 good
4.4 5 0.11 good
6.4 131 0.35 good
5.9 1 0.33 bad
6.4 7 0.54 bad
6.9 19 0.49 bad
7.8 365 0.24 good
5.5 42 0.24 bad
5.4 103 0.18 bad
6.7 28 0.33 bad
7.0 710 0.37 good
3.3 54 0.06 bad
6.0 178 0.26 good
6.1 5 0.20 bad