ThreeStarRate Mode Kurtosis Class
95
1 2 7 8 9 10 11 14 15 16 17 21 22 23 24 25 27 28 32 34 36 37 38 39 40 41 42 45 46 47 48 50 52 54 56 60 62 63 64 65 66 67 68 69 71 74 75 76 77 78 79 85 86 88 89 90 93 95 96 98 99 100 103 104 108 109 110 111 113 115 118 119 120 121 122 123 124 125 126 129 130 131 132 135 137 138 140 141 142 144 145 148 151 152 153
0.23 8.00 406.22 good
0.40 6.00 267.71 bad
0.48 6.00 181.37 bad
0.30 6.00 196.73 bad
0.26 8.00 110.48 bad
0.23 8.00 143.84 bad
0.40 6.00 491.68 bad
0.21 2.00 68.44 good
0.27 6.00 188.48 bad
0.23 6.00 87.54 good
0.20 8.00 80.31 bad
0.16 4.00 66.70 bad
0.40 6.00 468.11 bad
0.28 4.00 78.49 good
0.36 6.00 114.10 bad
0.20 2.00 28.01 bad
0.21 2.00 40.03 good
0.25 8.00 418.19 bad
0.31 8.00 404.81 bad
0.39 6.00 192.82 bad
0.23 8.00 203.97 bad
0.20 8.00 948.64 bad
0.27 4.00 172.89 bad
0.16 2.00 53.89 bad
0.24 8.00 227.23 good
0.34 6.00 389.04 good
0.26 2.00 74.29 bad
0.30 6.00 135.14 bad
0.19 8.00 218.67 good
0.20 4.00 85.63 bad
0.33 8.00 362.40 bad
0.32 6.00 119.73 good
0.15 10.00 453.60 bad
0.33 6.00 245.77 good
0.32 6.00 74.03 good
0.18 10.00 95.85 bad
0.08 4.00 199.64 bad
0.12 2.00 55.29 good
0.21 2.00 59.06 bad
0.31 6.00 77.07 bad
0.43 6.00 204.65 bad
0.16 10.00 278.88 good
0.25 8.00 223.96 bad
0.26 8.00 758.93 bad
0.25 8.00 106.33 bad
0.36 6.00 393.48 bad
0.40 6.00 344.01 good
0.15 8.00 159.36 good
0.22 10.00 440.27 bad
0.33 6.00 147.32 bad
0.26 2.00 65.93 bad
0.15 2.00 51.21 good
0.30 6.00 249.84 bad
0.18 10.00 118.81 good
0.27 8.00 208.64 bad
0.20 2.00 25.57 bad
0.26 8.00 288.02 bad
0.46 6.00 128.84 bad
0.28 8.00 282.28 good
0.22 8.00 391.57 good
0.34 6.00 243.27 bad
0.34 6.00 297.05 bad
0.50 6.00 664.54 bad
0.34 6.00 92.39 bad
0.10 10.00 1238.93 good
0.36 6.00 170.95 bad
0.28 6.00 131.59 bad
0.26 8.00 113.09 good
0.36 6.00 164.81 bad
0.35 6.00 125.49 bad
0.39 6.00 387.39 bad
0.20 8.00 297.36 good
0.20 8.00 75.21 good
0.32 6.00 102.63 bad
0.28 8.00 313.76 bad
0.37 6.00 502.72 good
0.29 6.00 101.09 good
0.08 10.00 1797.82 good
0.16 10.00 76.64 good
0.16 10.00 209.65 good
0.28 6.00 73.99 bad
0.13 4.00 58.14 good
0.25 8.00 212.10 good
0.24 8.00 234.30 bad
0.15 10.00 478.73 good
0.22 2.00 56.35 bad
0.07 8.00 361.68 bad
0.19 8.00 311.51 bad
0.15 10.00 364.52 good
0.27 6.00 97.95 bad
0.45 6.00 909.70 bad
0.04 2.00 9.99 bad
0.16 10.00 105.22 bad
0.28 2.00 62.68 good
0.25 6.00 105.28 good