BookWordCount AddListCount Median Class
101
0 1 2 3 4 5 8 11 12 14 15 17 19 20 21 22 23 25 27 28 29 30 31 32 34 35 36 37 38 39 41 43 44 45 46 49 50 52 53 54 57 58 59 60 62 63 65 66 68 70 71 72 73 74 79 80 82 83 87 89 90 92 93 94 96 100 102 103 104 107 108 109 110 112 115 117 118 119 120 122 123 124 125 126 127 130 132 134 136 137 139 141 143 145 146 147 148 149 150 151 152
177.20 214 6.00 good
289.90 492 8.00 good
48.30 12 6.00 bad
52.30 38 6.00 bad
139.00 22 6.00 bad
158.50 122 6.00 good
143.50 53 6.00 bad
13.40 15 6.00 bad
21.80 12 6.00 bad
123.80 136 6.00 good
257.20 204 6.00 bad
33.60 10 6.00 bad
122.40 70 6.00 bad
82.30 17 4.00 good
74.10 12 4.00 bad
77.70 61 6.00 bad
122.20 32 4.00 good
35.90 2 4.00 bad
147.20 31 4.00 good
53.00 73 8.00 bad
233.90 68 8.00 good
150.70 9 6.00 bad
78.00 6 6.00 good
51.10 111 8.00 bad
154.60 24 6.00 bad
713.10 254 6.00 good
87.00 63 8.00 bad
51.30 106 8.00 bad
80.20 19 6.00 bad
22.80 1 2.00 bad
168.40 289 6.00 good
74.40 18 6.00 good
296.80 242 4.00 good
380.50 93 6.00 bad
123.50 28 8.00 good
44.50 13 6.00 bad
51.90 7 6.00 good
76.10 446 8.00 bad
53.70 1 4.00 bad
13.00 9 6.00 good
293.40 551 6.00 bad
63.50 70 8.00 good
133.40 138 6.00 good
45.10 19 6.00 bad
49.60 3 4.00 bad
108.60 21 6.00 good
72.20 22 4.00 bad
34.80 2 6.00 bad
79.60 45 8.00 bad
55.40 2 8.00 bad
98.90 119 6.00 bad
390.00 180 8.00 good
68.60 8 8.00 bad
49.30 16 6.00 bad
131.20 94 6.00 bad
144.70 193 10.00 bad
183.00 3 4.00 bad
40.80 22 6.00 bad
112.10 65 6.00 bad
153.20 49 6.00 bad
50.40 4 2.00 bad
116.50 141 8.00 good
90.50 121 8.00 bad
63.70 57 8.00 good
34.10 100 8.00 good
59.90 8 8.00 bad
78.10 39 6.00 good
21.40 6 6.00 bad
150.50 5 4.00 bad
310.00 188 6.00 bad
446.50 1586 10.00 good
101.10 34 6.00 bad
133.50 31 6.00 bad
107.80 63 6.00 bad
119.20 76 6.00 bad
59.10 5 6.00 bad
92.20 112 6.00 bad
427.70 274 8.00 good
85.80 15 6.00 good
79.20 126 8.00 bad
153.40 32 6.00 good
223.00 57 6.00 good
65.70 149 10.00 good
89.70 48 8.00 good
34.20 146 8.00 good
46.30 11 6.00 bad
237.20 131 6.00 good
179.50 168 8.00 good
72.70 9 4.00 bad
448.70 303 8.00 good
130.30 206 8.00 good
25.10 19 8.00 bad
177.70 42 6.00 bad
62.30 28 6.00 bad
477.20 710 8.00 good
154.00 26 4.00 good
209.90 54 2.00 bad
382.10 178 6.00 good
44.60 5 6.00 bad
93.00 125 8.00 bad
163.50 12 6.00 good