BookScore FourStarRate Median Class
103
1 2 4 5 6 7 8 9 10 11 12 13 14 16 17 18 19 21 24 25 26 27 28 29 32 33 35 36 38 40 41 42 43 44 48 49 50 52 53 54 56 57 61 63 64 65 66 67 68 69 70 71 72 74 75 76 77 79 81 83 84 87 88 89 90 91 93 94 95 96 97 98 99 101 103 104 105 108 110 111 115 116 117 120 122 123 125 127 128 129 131 132 136 137 138 144 145 146 147 148 149 151 152
7.2 0.36 8.00 good
6.4 0.24 6.00 bad
5.8 0.25 6.00 bad
5.6 0.21 6.00 good
6.0 0.18 6.00 good
5.8 0.11 6.00 bad
6.5 0.22 6.00 bad
5.4 0.30 6.00 bad
5.8 0.27 6.00 bad
6.9 0.32 6.00 bad
6.0 0.08 6.00 bad
5.5 0.13 6.00 bad
5.9 0.19 6.00 good
5.7 0.20 6.00 good
5.6 0.23 6.00 bad
6.5 0.14 6.00 bad
6.7 0.22 6.00 bad
4.6 0.14 4.00 bad
5.5 0.13 6.00 bad
4.8 0.00 4.00 bad
6.5 0.18 6.00 bad
4.5 0.15 4.00 good
7.2 0.31 8.00 bad
7.1 0.20 8.00 good
6.8 0.39 8.00 bad
6.1 0.23 6.00 good
5.5 0.14 6.00 good
6.7 0.34 8.00 bad
5.9 0.17 6.00 bad
6.7 0.33 8.00 good
6.7 0.29 6.00 good
5.4 0.20 6.00 bad
5.1 0.14 6.00 good
5.4 0.16 4.00 good
6.8 0.33 6.00 bad
5.9 0.23 6.00 bad
5.3 0.14 6.00 good
7.9 0.30 8.00 bad
4.0 0.00 4.00 bad
7.0 0.21 6.00 good
5.3 0.10 6.00 good
6.2 0.29 6.00 bad
7.5 0.44 8.00 good
6.2 0.20 6.00 good
4.4 0.14 4.00 bad
4.8 0.07 4.00 bad
5.9 0.19 6.00 bad
7.6 0.25 8.00 good
6.8 0.30 8.00 bad
7.4 0.42 8.00 bad
5.9 0.32 8.00 bad
6.1 0.25 6.00 bad
7.3 0.20 8.00 good
6.1 0.31 6.00 bad
6.4 0.30 6.00 good
6.8 0.36 8.00 good
7.6 0.27 8.00 bad
5.2 0.17 6.00 bad
5.8 0.08 6.00 bad
6.6 0.22 6.00 bad
5.9 0.19 6.00 bad
6.4 0.19 6.00 bad
6.7 0.23 8.00 good
6.4 0.28 6.00 bad
4.0 0.07 2.00 bad
7.2 0.28 8.00 good
6.9 0.34 8.00 bad
7.0 0.33 8.00 good
5.5 0.00 6.00 bad
6.7 0.33 8.00 good
6.5 0.40 8.00 good
7.3 0.33 8.00 good
6.5 0.26 6.00 bad
7.1 0.27 8.00 bad
6.6 0.26 6.00 bad
4.9 0.04 4.00 bad
7.4 0.33 8.00 good
8.7 0.20 10.00 good
5.8 0.24 6.00 bad
5.8 0.26 6.00 good
5.5 0.19 6.00 bad
6.0 0.12 6.00 good
5.5 0.14 6.00 bad
5.6 0.25 6.00 good
7.0 0.29 8.00 bad
7.0 0.30 6.00 good
8.9 0.20 10.00 good
7.4 0.26 8.00 good
6.5 0.23 8.00 good
7.3 0.26 8.00 good
4.4 0.11 4.00 good
6.4 0.35 6.00 good
4.8 0.05 4.00 bad
7.8 0.33 8.00 good
5.7 0.19 6.00 bad
5.4 0.18 6.00 bad
6.7 0.33 6.00 bad
7.0 0.37 8.00 good
3.9 0.09 4.00 good
3.3 0.06 2.00 bad
6.0 0.26 6.00 good
6.8 0.19 8.00 bad
5.1 0.14 6.00 good