BookScore FiveStarRate Mode Class
102
0 1 2 3 4 7 8 10 11 12 14 15 17 18 20 21 22 23 24 25 28 29 30 31 32 33 34 35 36 37 38 40 41 42 43 44 45 48 49 51 52 53 54 57 58 62 63 65 68 70 74 75 76 78 80 83 84 86 87 88 90 95 96 97 100 101 102 103 105 106 107 109 110 111 112 115 118 119 120 121 122 124 127 128 129 132 134 136 137 138 139 140 143 144 145 146 147 148 149 151 152 153
6.4 0.15 8.00 good
7.2 0.25 8.00 good
6.4 0.15 6.00 bad
6.4 0.18 8.00 bad
5.8 0.10 6.00 bad
5.8 0.11 6.00 bad
6.5 0.21 6.00 bad
5.8 0.09 8.00 bad
6.9 0.16 6.00 bad
6.0 0.20 6.00 bad
5.9 0.20 2.00 good
6.6 0.23 6.00 bad
5.6 0.12 8.00 bad
6.5 0.28 10.00 bad
5.3 0.13 2.00 good
4.6 0.04 4.00 bad
6.5 0.11 6.00 bad
4.7 0.06 4.00 good
5.5 0.11 6.00 bad
4.8 0.20 2.00 bad
7.2 0.27 8.00 bad
7.1 0.36 10.00 good
5.4 0.11 6.00 bad
5.8 0.09 6.00 good
6.8 0.13 8.00 bad
6.1 0.15 6.00 good
5.1 0.03 6.00 bad
5.5 0.21 2.00 good
6.7 0.19 8.00 bad
7.8 0.28 8.00 bad
5.9 0.13 4.00 bad
6.7 0.19 8.00 good
6.7 0.17 6.00 good
5.4 0.11 2.00 bad
5.1 0.14 2.00 good
5.4 0.23 2.00 good
5.8 0.10 6.00 bad
6.8 0.17 8.00 bad
5.9 0.10 6.00 bad
5.9 0.07 6.00 bad
7.9 0.42 10.00 bad
4.0 0.10 2.00 bad
7.0 0.29 6.00 good
6.2 0.18 8.00 bad
7.5 0.37 10.00 good
5.3 0.00 4.00 bad
6.2 0.30 2.00 good
4.8 0.07 6.00 bad
6.8 0.22 8.00 bad
5.9 0.20 2.00 bad
6.1 0.04 6.00 bad
6.4 0.10 6.00 good
6.8 0.24 8.00 good
6.2 0.16 6.00 bad
8.3 0.58 10.00 bad
6.6 0.22 6.00 bad
5.9 0.14 6.00 bad
7.0 0.26 6.00 bad
6.4 0.27 10.00 bad
6.7 0.30 10.00 good
4.0 0.07 2.00 bad
5.5 0.15 6.00 bad
6.7 0.17 8.00 good
6.5 0.13 8.00 good
7.0 0.25 6.00 bad
7.1 0.27 10.00 bad
5.3 0.08 2.00 good
6.6 0.11 6.00 bad
7.4 0.31 8.00 good
6.0 0.16 6.00 good
6.4 0.31 10.00 bad
6.0 0.10 6.00 bad
5.8 0.10 6.00 bad
5.8 0.12 8.00 good
5.4 0.11 6.00 bad
5.5 0.07 6.00 bad
6.5 0.11 6.00 bad
7.3 0.29 8.00 good
5.6 0.11 8.00 good
4.5 0.02 6.00 bad
7.0 0.25 8.00 bad
5.6 0.11 6.00 good
7.4 0.36 10.00 good
6.5 0.31 10.00 good
7.3 0.37 10.00 good
6.4 0.13 8.00 good
6.5 0.18 8.00 good
4.8 0.09 6.00 bad
7.8 0.38 10.00 good
5.7 0.18 2.00 bad
7.0 0.22 8.00 good
6.4 0.05 8.00 bad
5.5 0.10 8.00 bad
5.4 0.09 6.00 bad
6.7 0.08 6.00 bad
7.0 0.19 8.00 good
3.9 0.02 2.00 good
3.3 0.08 2.00 bad
6.0 0.15 8.00 good
6.8 0.37 10.00 bad
5.1 0.09 2.00 good
5.7 0.12 6.00 good