BookWordCount BookScoreCount TwoStarRate Class
101
0 1 2 3 4 7 10 11 13 14 16 17 19 20 22 23 24 26 27 29 32 33 34 36 37 38 39 45 46 47 48 50 51 53 55 56 57 61 62 63 64 65 66 67 69 70 71 72 74 79 80 81 82 83 84 86 87 88 89 90 91 93 95 96 97 98 99 102 104 105 106 108 109 110 113 115 119 122 125 126 127 129 130 131 132 135 136 137 138 139 140 141 142 145 146 147 148 150 151 152 153
177.20 568 0.15 good
289.90 967 0.08 good
48.30 47 0.10 bad
52.30 129 0.12 bad
139.00 78 0.09 bad
38.90 27 0.15 bad
82.50 78 0.26 bad
13.40 51 0.04 bad
27.50 48 0.24 bad
123.80 454 0.14 good
135.80 119 0.22 good
33.60 36 0.22 bad
122.40 250 0.18 bad
82.30 112 0.20 good
77.70 159 0.15 bad
122.20 116 0.31 good
74.80 70 0.21 bad
62.70 100 0.09 bad
147.20 150 0.17 good
233.90 290 0.10 good
51.10 292 0.09 bad
178.90 192 0.20 good
154.60 97 0.30 bad
87.00 223 0.10 bad
51.30 216 0.03 bad
80.20 63 0.35 bad
22.80 20 0.26 bad
380.50 299 0.20 bad
123.50 108 0.07 good
49.70 79 0.28 bad
281.40 1248 0.09 bad
51.90 29 0.28 good
84.60 133 0.30 bad
53.70 22 0.33 bad
106.40 55 0.28 bad
40.40 80 0.20 good
293.40 2109 0.07 bad
17.00 86 0.08 good
49.60 13 0.50 bad
108.60 91 0.07 good
54.40 45 0.27 bad
72.20 82 0.28 bad
34.80 21 0.14 bad
16.80 90 0.06 good
7.30 20 0.05 bad
55.40 51 0.10 bad
98.90 248 0.12 bad
390.00 956 0.08 good
49.30 46 0.22 bad
131.20 531 0.19 bad
144.70 714 0.03 bad
87.70 25 0.08 bad
183.00 31 0.41 bad
40.80 104 0.17 bad
30.00 21 0.14 bad
129.90 222 0.03 bad
112.10 182 0.09 bad
315.30 1636 0.10 good
153.20 145 0.17 bad
50.40 16 0.13 bad
126.20 654 0.08 good
90.50 396 0.08 bad
99.00 13 0.23 bad
34.10 188 0.11 good
22.20 39 0.03 good
170.60 2113 0.08 good
181.90 942 0.12 bad
78.10 225 0.14 good
150.50 25 0.31 bad
198.70 339 0.08 good
64.40 349 0.14 good
446.50 5393 0.02 good
101.10 88 0.14 bad
133.50 112 0.21 bad
247.80 136 0.13 bad
119.20 282 0.19 bad
427.70 1575 0.06 good
79.20 385 0.10 bad
65.70 768 0.02 good
89.70 353 0.06 good
34.20 387 0.06 good
322.80 2063 0.07 good
46.30 82 0.13 bad
195.70 31 0.41 good
237.20 614 0.14 good
335.20 1310 0.09 bad
72.70 68 0.24 bad
448.70 1641 0.05 good
212.90 328 0.10 bad
130.30 1100 0.07 good
43.40 21 0.30 bad
25.10 83 0.03 bad
518.00 2366 0.05 good
62.30 61 0.10 bad
477.20 2356 0.09 good
154.00 208 0.22 good
209.90 1080 0.03 bad
44.60 21 0.15 bad
93.00 638 0.07 bad
163.50 45 0.19 good
73.20 209 0.22 good