BookWordCount ThreeStarRate FourStarRate Class
105
0 1 2 3 4 5 6 8 9 10 15 17 19 21 22 23 24 25 28 29 30 31 32 34 35 36 38 39 43 44 45 47 49 50 51 52 53 54 56 57 59 62 63 64 65 67 69 70 71 72 77 78 79 82 84 85 86 87 89 90 91 92 93 95 96 98 99 100 101 102 104 107 109 110 111 112 113 115 116 117 120 124 125 127 128 130 131 132 134 135 136 137 138 139 142 143 144 145 146 148 149 150 151 152 153
177.20 0.28 0.30 good
289.90 0.23 0.36 good
48.30 0.40 0.24 bad
52.30 0.27 0.27 bad
139.00 0.33 0.25 bad
158.50 0.26 0.21 good
59.60 0.21 0.18 good
143.50 0.30 0.22 bad
21.30 0.26 0.30 bad
82.50 0.23 0.27 bad
257.20 0.27 0.25 bad
33.60 0.20 0.23 bad
122.40 0.22 0.22 bad
74.10 0.16 0.14 bad
77.70 0.40 0.28 bad
122.20 0.28 0.08 good
74.80 0.36 0.13 bad
35.90 0.20 0.00 bad
53.00 0.25 0.31 bad
233.90 0.22 0.20 good
150.70 0.32 0.14 bad
78.00 0.33 0.19 good
51.10 0.31 0.39 bad
154.60 0.39 0.13 bad
713.10 0.18 0.14 good
87.00 0.23 0.34 bad
80.20 0.27 0.17 bad
22.80 0.16 0.05 bad
74.40 0.24 0.14 good
296.80 0.11 0.16 good
380.50 0.30 0.23 bad
49.70 0.20 0.22 bad
44.50 0.39 0.23 bad
51.90 0.32 0.14 good
84.60 0.37 0.21 bad
76.10 0.15 0.30 bad
53.70 0.14 0.00 bad
13.00 0.33 0.21 good
40.40 0.32 0.10 good
293.40 0.21 0.29 bad
133.40 0.21 0.21 good
49.60 0.08 0.34 bad
108.60 0.12 0.20 good
54.40 0.21 0.14 bad
72.20 0.31 0.07 bad
16.80 0.16 0.25 good
7.30 0.26 0.42 bad
55.40 0.04 0.32 bad
98.90 0.25 0.25 bad
390.00 0.26 0.20 good
1070.70 0.22 0.27 bad
70.00 0.33 0.24 bad
131.20 0.26 0.17 bad
183.00 0.20 0.05 bad
30.00 0.33 0.19 bad
87.20 0.15 0.24 good
129.90 0.30 0.27 bad
112.10 0.23 0.19 bad
153.20 0.27 0.28 bad
50.40 0.20 0.07 bad
126.20 0.16 0.28 good
116.50 0.16 0.29 good
90.50 0.26 0.34 bad
99.00 0.46 0.00 bad
34.10 0.28 0.33 good
170.60 0.22 0.33 good
181.90 0.34 0.26 bad
59.90 0.34 0.27 bad
219.60 0.26 0.27 bad
78.10 0.26 0.21 good
150.50 0.34 0.04 bad
310.00 0.15 0.17 bad
101.10 0.36 0.24 bad
133.50 0.28 0.24 bad
148.90 0.26 0.26 good
107.80 0.30 0.15 bad
247.80 0.36 0.21 bad
119.20 0.35 0.19 bad
118.30 0.42 0.12 good
59.10 0.45 0.14 bad
85.80 0.20 0.25 good
223.00 0.29 0.20 good
65.70 0.08 0.20 good
34.20 0.22 0.26 good
296.70 0.13 0.23 good
46.30 0.28 0.16 bad
195.70 0.13 0.11 good
237.20 0.25 0.35 good
179.50 0.21 0.34 good
335.20 0.24 0.29 bad
72.70 0.32 0.05 bad
448.70 0.15 0.33 good
212.90 0.22 0.19 bad
130.30 0.24 0.36 good
518.00 0.15 0.24 good
177.70 0.22 0.24 bad
319.70 0.27 0.18 bad
62.30 0.45 0.33 bad
477.20 0.27 0.37 good
209.90 0.04 0.06 bad
382.10 0.23 0.26 good
44.60 0.35 0.20 bad
93.00 0.16 0.19 bad
163.50 0.28 0.14 good
73.20 0.25 0.22 good