BookScore TwoStarRate FiveStarRate Class
102
0 2 3 4 7 8 12 14 15 16 17 18 19 21 22 23 24 25 26 27 28 30 31 32 33 34 35 36 37 38 43 44 46 47 48 51 52 53 54 55 56 57 58 60 61 62 63 64 66 70 71 74 76 77 81 82 83 85 86 87 88 89 91 94 95 97 98 99 100 101 102 105 106 112 113 115 116 117 118 119 120 121 122 123 124 125 130 131 132 133 134 138 139 140 142 143 146 147 148 149 150 151
6.4 0.15 0.15 good
6.4 0.10 0.15 bad
6.4 0.12 0.18 bad
5.8 0.09 0.10 bad
5.8 0.15 0.11 bad
6.5 0.16 0.21 bad
6.0 0.08 0.20 bad
5.9 0.14 0.20 good
6.6 0.13 0.23 bad
5.7 0.22 0.14 good
5.6 0.22 0.12 bad
6.5 0.17 0.28 bad
6.7 0.18 0.28 bad
4.6 0.37 0.04 bad
6.5 0.15 0.11 bad
4.7 0.31 0.06 good
5.5 0.21 0.11 bad
4.8 0.20 0.20 bad
6.5 0.09 0.19 bad
4.5 0.17 0.05 good
7.2 0.11 0.27 bad
5.4 0.18 0.11 bad
5.8 0.30 0.09 good
6.8 0.09 0.13 bad
6.1 0.20 0.15 good
5.1 0.30 0.03 bad
5.5 0.12 0.21 good
6.7 0.10 0.19 bad
7.8 0.03 0.28 bad
5.9 0.35 0.13 bad
5.1 0.13 0.14 good
5.4 0.07 0.23 good
7.1 0.07 0.27 good
5.3 0.28 0.08 bad
6.8 0.09 0.17 bad
5.9 0.30 0.07 bad
7.9 0.04 0.42 bad
4.0 0.33 0.10 bad
7.0 0.05 0.29 good
5.6 0.28 0.06 bad
5.3 0.20 0.13 good
6.2 0.07 0.18 bad
7.5 0.05 0.37 good
6.2 0.21 0.23 bad
7.5 0.08 0.21 good
5.3 0.50 0.00 bad
6.2 0.07 0.30 good
4.4 0.27 0.02 bad
5.9 0.14 0.10 bad
5.9 0.10 0.20 bad
6.1 0.12 0.17 bad
6.1 0.22 0.04 bad
6.8 0.07 0.24 good
7.6 0.07 0.37 bad
5.8 0.08 0.13 bad
5.6 0.41 0.22 bad
6.6 0.17 0.22 bad
5.2 0.19 0.10 good
7.0 0.03 0.26 bad
6.4 0.09 0.27 bad
6.7 0.10 0.30 good
6.4 0.17 0.17 bad
7.2 0.08 0.34 good
7.0 0.11 0.23 good
5.5 0.23 0.15 bad
6.5 0.03 0.13 good
7.3 0.08 0.29 good
6.5 0.12 0.17 bad
7.0 0.02 0.25 bad
7.1 0.10 0.27 bad
5.3 0.14 0.08 good
7.4 0.08 0.31 good
6.0 0.14 0.16 good
5.4 0.20 0.11 bad
6.1 0.13 0.14 bad
5.5 0.19 0.07 bad
6.0 0.12 0.17 good
5.5 0.11 0.09 bad
6.5 0.11 0.11 bad
7.3 0.06 0.29 good
5.6 0.18 0.11 good
4.5 0.30 0.02 bad
7.0 0.10 0.25 bad
7.0 0.08 0.20 good
5.6 0.19 0.11 good
8.9 0.02 0.67 good
5.7 0.13 0.17 bad
4.4 0.41 0.06 good
6.4 0.14 0.13 good
5.9 0.13 0.04 bad
6.5 0.12 0.18 good
5.7 0.10 0.18 bad
7.0 0.07 0.22 good
6.4 0.30 0.05 bad
7.8 0.05 0.46 good
5.5 0.21 0.10 bad
7.0 0.09 0.19 good
3.9 0.22 0.02 good
3.3 0.03 0.08 bad
6.0 0.18 0.15 good
6.1 0.15 0.15 bad
6.8 0.07 0.37 bad