BookWordCount AddListCount Kurtosis Class
92
1 2 3 4 5 6 7 8 9 10 12 13 14 15 16 18 22 26 30 31 32 33 35 36 39 42 43 46 47 52 53 54 55 57 59 61 64 65 66 70 73 74 75 78 79 80 81 82 83 84 85 87 88 89 90 91 94 95 98 102 105 108 109 110 111 114 115 116 117 118 119 120 121 123 124 125 126 127 129 130 133 134 135 137 138 141 142 143 146 149 150 151
289.90 492 406.22 good
48.30 12 267.71 bad
52.30 38 155.27 bad
139.00 22 113.07 bad
158.50 122 93.52 good
59.60 42 75.15 good
38.90 8 181.37 bad
143.50 53 196.73 bad
21.30 14 110.48 bad
82.50 25 143.84 bad
21.80 12 114.51 bad
27.50 9 156.17 bad
123.80 136 68.44 good
257.20 204 188.48 bad
135.80 25 87.54 good
24.10 7 137.29 bad
77.70 61 468.11 bad
62.70 32 249.04 bad
150.70 9 80.73 bad
78.00 6 211.54 good
51.10 111 404.81 bad
178.90 49 163.05 good
713.10 254 41.11 good
87.00 63 203.97 bad
22.80 1 53.89 bad
300.10 215 74.29 bad
74.40 18 44.83 good
123.50 28 218.67 good
49.70 20 85.63 bad
76.10 446 453.60 bad
53.70 1 31.11 bad
13.00 9 245.77 good
106.40 11 182.02 bad
293.40 551 94.54 bad
133.40 138 148.52 good
17.00 33 1104.85 good
54.40 10 59.06 bad
72.20 22 77.07 bad
34.80 2 204.65 bad
55.40 2 49.13 bad
68.60 8 278.58 bad
49.30 16 393.48 bad
39.60 8 344.01 good
70.00 57 147.32 bad
131.20 94 65.93 bad
144.70 193 599.56 bad
87.70 4 173.53 bad
183.00 3 87.78 bad
40.80 22 188.48 bad
30.00 3 116.65 bad
87.20 55 51.21 good
112.10 65 95.46 bad
315.30 321 118.81 good
153.20 49 208.64 bad
50.40 4 25.57 bad
126.20 218 191.97 good
63.70 57 299.63 good
99.00 4 128.84 bad
170.60 558 391.57 good
78.10 39 65.28 good
198.70 98 385.10 good
446.50 1586 1238.93 good
101.10 34 170.95 bad
133.50 31 131.59 bad
148.90 53 113.09 good
31.70 218 875.52 bad
119.20 76 125.49 bad
118.30 7 138.45 good
59.10 5 132.92 bad
92.20 112 387.39 bad
427.70 274 297.36 good
85.80 15 75.21 good
145.90 14 102.63 bad
153.40 32 502.72 good
223.00 57 101.09 good
65.70 149 1797.82 good
89.70 48 76.64 good
34.20 146 319.05 good
322.80 510 209.65 good
46.30 11 73.99 bad
145.80 1 194.01 bad
179.50 168 176.74 good
335.20 293 234.30 bad
448.70 303 478.73 good
212.90 53 56.35 bad
25.10 19 311.51 bad
518.00 365 364.52 good
177.70 42 86.23 bad
477.20 710 402.15 good
382.10 178 113.50 good
44.60 5 158.29 bad
93.00 125 105.22 bad