BookScoreCount TwoStarRate FiveStarRate Class
96
0 1 2 3 5 6 7 10 11 15 17 21 23 24 25 26 28 29 33 37 39 41 42 43 46 47 48 49 50 52 53 54 55 57 58 60 61 64 65 68 69 70 71 72 73 75 76 77 79 80 82 83 84 86 87 88 89 91 94 95 96 97 100 101 102 103 104 105 107 110 111 113 114 118 120 122 123 124 128 129 130 132 133 134 135 136 137 138 139 140 141 146 147 148 152 153
568 0.15 0.15 good
967 0.08 0.25 good
47 0.10 0.15 bad
129 0.12 0.18 bad
439 0.20 0.12 good
187 0.14 0.23 good
27 0.15 0.11 bad
78 0.26 0.09 bad
51 0.04 0.16 bad
658 0.13 0.23 bad
36 0.22 0.12 bad
44 0.37 0.04 bad
116 0.31 0.06 good
70 0.21 0.11 bad
11 0.20 0.20 bad
100 0.09 0.19 bad
263 0.11 0.27 bad
290 0.10 0.36 good
192 0.20 0.15 good
216 0.03 0.28 bad
20 0.26 0.00 bad
670 0.14 0.17 good
686 0.17 0.11 bad
81 0.13 0.14 good
108 0.07 0.27 good
79 0.28 0.08 bad
1248 0.09 0.17 bad
72 0.10 0.10 bad
29 0.28 0.07 good
1780 0.04 0.42 bad
22 0.33 0.10 bad
43 0.05 0.29 good
55 0.28 0.06 bad
2109 0.07 0.18 bad
461 0.05 0.37 good
108 0.21 0.23 bad
86 0.08 0.21 good
45 0.27 0.02 bad
82 0.28 0.07 bad
153 0.11 0.22 bad
20 0.05 0.21 bad
51 0.10 0.20 bad
248 0.12 0.17 bad
956 0.08 0.35 good
19 0.11 0.17 bad
21 0.10 0.10 good
429 0.07 0.24 good
745 0.07 0.37 bad
531 0.19 0.10 bad
714 0.03 0.58 bad
31 0.41 0.22 bad
104 0.17 0.22 bad
21 0.14 0.14 bad
222 0.03 0.26 bad
182 0.09 0.27 bad
1636 0.10 0.30 good
145 0.17 0.17 bad
654 0.08 0.34 good
218 0.11 0.23 good
13 0.23 0.15 bad
188 0.11 0.17 good
39 0.03 0.13 good
42 0.02 0.25 bad
219 0.10 0.27 bad
225 0.14 0.08 good
29 0.08 0.11 bad
25 0.31 0.09 bad
339 0.08 0.31 good
1184 0.12 0.31 bad
112 0.21 0.10 bad
182 0.16 0.12 good
136 0.13 0.14 bad
1114 0.02 0.60 bad
274 0.11 0.11 bad
45 0.18 0.11 good
385 0.10 0.25 bad
93 0.08 0.20 good
320 0.19 0.11 good
607 0.08 0.31 good
2063 0.07 0.37 good
82 0.13 0.17 bad
614 0.14 0.13 good
23 0.13 0.04 bad
795 0.12 0.18 good
1310 0.09 0.26 bad
68 0.24 0.09 bad
1641 0.05 0.38 good
328 0.10 0.18 bad
1100 0.07 0.22 good
21 0.30 0.05 bad
83 0.03 0.15 bad
2356 0.09 0.19 good
208 0.22 0.02 good
1080 0.03 0.08 bad
45 0.19 0.09 good
209 0.22 0.12 good