BookWordCount BookScoreCount Mode Class
97
1 2 6 8 9 11 14 15 16 18 19 20 21 22 23 24 26 27 28 30 31 32 33 34 35 38 39 40 41 43 44 46 50 51 52 53 54 55 56 57 59 64 65 66 69 71 72 73 74 75 76 77 79 81 83 85 86 88 89 90 91 92 95 97 98 99 100 101 103 104 105 108 109 111 112 116 117 119 121 123 126 127 132 133 135 136 137 138 139 143 147 148 149 150 151 152 153
289.90 967 8.00 good
48.30 47 6.00 bad
59.60 187 2.00 good
143.50 177 6.00 bad
21.30 51 8.00 bad
13.40 51 6.00 bad
123.80 454 2.00 good
257.20 658 6.00 bad
135.80 119 6.00 good
24.10 23 10.00 bad
122.40 250 10.00 bad
82.30 112 2.00 good
74.10 44 4.00 bad
77.70 159 6.00 bad
122.20 116 4.00 good
74.80 70 6.00 bad
62.70 100 6.00 bad
147.20 150 2.00 good
53.00 263 8.00 bad
150.70 29 6.00 bad
78.00 44 6.00 good
51.10 292 8.00 bad
178.90 192 6.00 good
154.60 97 6.00 bad
713.10 1909 2.00 good
80.20 63 4.00 bad
22.80 20 2.00 bad
153.10 495 8.00 good
168.40 670 6.00 good
74.40 81 2.00 good
296.80 1885 2.00 good
123.50 108 8.00 good
51.90 29 6.00 good
84.60 133 6.00 bad
76.10 1780 10.00 bad
53.70 22 2.00 bad
13.00 43 6.00 good
106.40 55 6.00 bad
40.40 80 6.00 good
293.40 2109 8.00 bad
133.40 484 10.00 good
54.40 45 2.00 bad
72.20 82 6.00 bad
34.80 21 6.00 bad
7.30 20 8.00 bad
98.90 248 8.00 bad
390.00 956 10.00 good
68.60 19 8.00 bad
49.30 46 6.00 bad
39.60 21 6.00 good
46.20 429 8.00 good
1070.70 745 10.00 bad
131.20 531 2.00 bad
87.70 25 6.00 bad
40.80 104 6.00 bad
87.20 356 2.00 good
129.90 222 6.00 bad
315.30 1636 10.00 good
153.20 145 8.00 bad
50.40 16 2.00 bad
126.20 654 10.00 good
116.50 527 10.00 good
99.00 13 6.00 bad
22.20 39 8.00 good
170.60 2113 8.00 good
181.90 942 6.00 bad
59.90 42 6.00 bad
219.60 219 10.00 bad
21.40 29 6.00 bad
150.50 25 6.00 bad
198.70 339 8.00 good
446.50 5393 10.00 good
101.10 88 6.00 bad
148.90 182 8.00 good
107.80 201 6.00 bad
118.30 19 6.00 good
59.10 34 6.00 bad
427.70 1575 8.00 good
145.90 59 6.00 bad
153.40 93 6.00 good
89.70 353 10.00 good
34.20 387 10.00 good
237.20 614 8.00 good
145.80 23 8.00 bad
335.20 1310 8.00 bad
72.70 68 6.00 bad
448.70 1641 10.00 good
212.90 328 2.00 bad
130.30 1100 8.00 good
177.70 153 8.00 bad
154.00 208 2.00 good
209.90 1080 2.00 bad
382.10 674 8.00 good
44.60 21 6.00 bad
93.00 638 10.00 bad
163.50 45 2.00 good
73.20 209 6.00 good