BookScoreCount AddListCount FiveStarRate Class
100
0 1 2 3 4 6 8 10 11 12 13 14 19 22 23 25 26 27 28 30 31 32 33 34 35 36 37 38 39 40 41 42 43 44 45 46 47 49 50 51 52 53 54 56 57 62 63 64 66 67 69 70 72 76 77 78 80 81 82 83 84 86 88 89 90 91 95 97 101 103 107 108 109 110 114 115 116 118 120 121 123 124 125 126 127 128 130 131 132 133 135 136 144 145 147 148 149 151 152 153
568 214 0.15 good
967 492 0.25 good
47 12 0.15 bad
129 38 0.18 bad
78 22 0.10 bad
187 42 0.23 good
177 53 0.21 bad
78 25 0.09 bad
51 15 0.16 bad
25 12 0.20 bad
48 9 0.09 bad
454 136 0.20 good
250 70 0.28 bad
159 61 0.11 bad
116 32 0.06 good
11 2 0.20 bad
100 32 0.19 bad
150 31 0.05 good
263 73 0.27 bad
29 9 0.11 bad
44 6 0.09 good
292 111 0.13 bad
192 49 0.15 good
97 24 0.03 bad
1909 254 0.21 good
223 63 0.19 bad
216 106 0.28 bad
63 19 0.13 bad
20 1 0.00 bad
495 172 0.19 good
670 289 0.17 good
686 215 0.11 bad
81 18 0.14 good
1885 242 0.23 good
299 93 0.10 bad
108 28 0.27 good
79 20 0.08 bad
72 13 0.10 bad
29 7 0.07 good
133 42 0.07 bad
1780 446 0.42 bad
22 1 0.10 bad
43 9 0.29 good
80 13 0.13 good
2109 551 0.18 bad
13 3 0.00 bad
91 21 0.30 good
45 10 0.02 bad
21 2 0.10 bad
90 17 0.42 good
20 5 0.21 bad
51 2 0.20 bad
956 180 0.35 good
429 110 0.24 good
745 183 0.37 bad
217 57 0.16 bad
714 193 0.58 bad
25 4 0.13 bad
31 3 0.22 bad
104 22 0.22 bad
21 3 0.14 bad
222 53 0.26 bad
1636 321 0.30 good
145 49 0.17 bad
16 4 0.07 bad
654 218 0.34 good
13 4 0.15 bad
39 7 0.13 good
219 65 0.27 bad
29 6 0.11 bad
1184 188 0.31 bad
5393 1586 0.63 good
88 34 0.10 bad
112 31 0.10 bad
1114 218 0.60 bad
282 76 0.07 bad
19 7 0.17 good
274 112 0.11 bad
45 15 0.11 good
59 14 0.02 bad
93 32 0.20 good
320 57 0.11 good
768 149 0.67 good
353 48 0.30 good
387 146 0.36 good
607 108 0.31 good
82 11 0.17 bad
31 5 0.06 good
614 131 0.13 good
23 1 0.04 bad
1310 293 0.26 bad
68 9 0.09 bad
364 103 0.09 bad
61 28 0.08 bad
208 26 0.02 good
1080 54 0.08 bad
674 178 0.15 good
638 125 0.37 bad
45 12 0.09 good
209 50 0.12 good