BookWordCount BookScore Median Class
98
3 4 5 6 7 9 10 11 12 15 17 18 21 23 24 26 29 30 32 33 34 36 38 41 43 44 45 46 47 49 50 51 53 55 56 57 60 61 62 63 65 66 67 68 69 70 75 76 78 79 80 81 87 88 90 91 92 93 94 95 96 97 102 103 104 105 106 111 112 114 116 117 118 119 120 123 126 127 130 131 132 133 135 136 137 138 139 140 141 142 144 145 146 147 148 150 152 153
52.30 6.4 6.00 bad
139.00 5.8 6.00 bad
158.50 5.6 6.00 good
59.60 6.0 6.00 good
38.90 5.8 6.00 bad
21.30 5.4 6.00 bad
82.50 5.8 6.00 bad
13.40 6.9 6.00 bad
21.80 6.0 6.00 bad
257.20 6.6 6.00 bad
33.60 5.6 6.00 bad
24.10 6.5 6.00 bad
74.10 4.6 4.00 bad
122.20 4.7 4.00 good
74.80 5.5 6.00 bad
62.70 6.5 6.00 bad
233.90 7.1 8.00 good
150.70 5.4 6.00 bad
51.10 6.8 8.00 bad
178.90 6.1 6.00 good
154.60 5.1 6.00 bad
87.00 6.7 8.00 bad
80.20 5.9 6.00 bad
168.40 6.7 6.00 good
74.40 5.1 6.00 good
296.80 5.4 4.00 good
380.50 5.8 6.00 bad
123.50 7.1 8.00 good
49.70 5.3 4.00 bad
44.50 5.9 6.00 bad
51.90 5.3 6.00 good
84.60 5.9 6.00 bad
53.70 4.0 4.00 bad
106.40 5.6 6.00 bad
40.40 5.3 6.00 good
293.40 6.2 6.00 bad
45.10 6.2 6.00 bad
17.00 7.5 8.00 good
49.60 5.3 4.00 bad
108.60 6.2 6.00 good
72.20 4.8 4.00 bad
34.80 5.9 6.00 bad
16.80 7.6 8.00 good
79.60 6.8 8.00 bad
7.30 7.4 8.00 bad
55.40 5.9 8.00 bad
39.60 6.4 6.00 good
46.20 6.8 8.00 good
70.00 6.2 6.00 bad
131.20 5.2 6.00 bad
144.70 8.3 10.00 bad
87.70 5.8 6.00 bad
112.10 6.4 6.00 bad
315.30 6.7 8.00 good
50.40 4.0 2.00 bad
126.20 7.2 8.00 good
116.50 7.8 8.00 good
90.50 6.9 8.00 bad
63.70 7.0 8.00 good
99.00 5.5 6.00 bad
34.10 6.7 8.00 good
22.20 6.5 8.00 good
78.10 5.3 6.00 good
21.40 6.6 6.00 bad
150.50 4.9 4.00 bad
198.70 7.4 8.00 good
64.40 6.0 6.00 good
148.90 5.8 6.00 good
107.80 5.4 6.00 bad
31.70 8.5 10.00 bad
118.30 6.0 6.00 good
59.10 5.5 6.00 bad
92.20 6.5 6.00 bad
427.70 7.3 8.00 good
85.80 5.6 6.00 good
153.40 7.0 6.00 good
89.70 6.4 8.00 good
34.20 7.4 8.00 good
46.30 5.7 6.00 bad
195.70 4.4 4.00 good
237.20 6.4 6.00 good
145.80 5.9 6.00 bad
335.20 7.0 8.00 bad
72.70 4.8 4.00 bad
448.70 7.8 8.00 good
212.90 5.7 6.00 bad
130.30 7.0 8.00 good
43.40 6.4 8.00 bad
25.10 6.9 8.00 bad
518.00 7.8 8.00 good
319.70 5.4 6.00 bad
62.30 6.7 6.00 bad
477.20 7.0 8.00 good
154.00 3.9 4.00 good
209.90 3.3 2.00 bad
44.60 6.1 6.00 bad
163.50 5.1 6.00 good
73.20 5.7 6.00 good