BookWordCount BookScoreCount TwoStarRate Class
96
0 3 4 5 6 8 10 12 13 14 15 16 18 19 20 24 25 28 33 34 37 38 39 40 41 43 44 45 46 48 53 54 55 56 57 58 59 61 65 66 69 70 71 74 75 78 79 80 81 82 83 84 86 87 89 91 92 93 95 96 97 98 99 100 101 103 105 106 107 108 109 112 114 115 116 118 120 121 122 123 125 126 129 130 131 132 136 140 141 142 143 145 147 149 152 153
177.20 568 0.15 good
52.30 129 0.12 bad
139.00 78 0.09 bad
158.50 439 0.20 good
59.60 187 0.14 good
143.50 177 0.16 bad
82.50 78 0.26 bad
21.80 25 0.08 bad
27.50 48 0.24 bad
123.80 454 0.14 good
257.20 658 0.13 bad
135.80 119 0.22 good
24.10 23 0.17 bad
122.40 250 0.18 bad
82.30 112 0.20 good
74.80 70 0.21 bad
35.90 11 0.20 bad
53.00 263 0.11 bad
178.90 192 0.20 good
154.60 97 0.30 bad
51.30 216 0.03 bad
80.20 63 0.35 bad
22.80 20 0.26 bad
153.10 495 0.12 good
168.40 670 0.14 good
74.40 81 0.13 good
296.80 1885 0.07 good
380.50 299 0.20 bad
123.50 108 0.07 good
281.40 1248 0.09 bad
53.70 22 0.33 bad
13.00 43 0.05 good
106.40 55 0.28 bad
40.40 80 0.20 good
293.40 2109 0.07 bad
63.50 461 0.05 good
133.40 484 0.21 good
17.00 86 0.08 good
72.20 82 0.28 bad
34.80 21 0.14 bad
7.30 20 0.05 bad
55.40 51 0.10 bad
98.90 248 0.12 bad
49.30 46 0.22 bad
39.60 21 0.10 good
70.00 217 0.10 bad
131.20 531 0.19 bad
144.70 714 0.03 bad
87.70 25 0.08 bad
183.00 31 0.41 bad
40.80 104 0.17 bad
30.00 21 0.14 bad
129.90 222 0.03 bad
112.10 182 0.09 bad
153.20 145 0.17 bad
126.20 654 0.08 good
116.50 527 0.04 good
90.50 396 0.08 bad
99.00 13 0.23 bad
34.10 188 0.11 good
22.20 39 0.03 good
170.60 2113 0.08 good
181.90 942 0.12 bad
59.90 42 0.02 bad
219.60 219 0.10 bad
21.40 29 0.08 bad
198.70 339 0.08 good
64.40 349 0.14 good
310.00 1184 0.12 bad
446.50 5393 0.02 good
101.10 88 0.14 bad
107.80 201 0.20 bad
31.70 1114 0.02 bad
119.20 282 0.19 bad
118.30 19 0.12 good
92.20 274 0.11 bad
85.80 45 0.18 good
145.90 59 0.30 bad
79.20 385 0.10 bad
153.40 93 0.08 good
65.70 768 0.02 good
89.70 353 0.06 good
322.80 2063 0.07 good
46.30 82 0.13 bad
195.70 31 0.41 good
237.20 614 0.14 good
72.70 68 0.24 bad
43.40 21 0.30 bad
25.10 83 0.03 bad
518.00 2366 0.05 good
177.70 153 0.21 bad
62.30 61 0.10 bad
154.00 208 0.22 good
382.10 674 0.18 good
163.50 45 0.19 good
73.20 209 0.22 good