BookWordCount FourStarRate Mode Class
94
1 2 3 4 5 7 9 10 12 13 15 16 18 21 22 24 25 26 28 29 30 33 34 35 36 37 38 39 40 41 45 46 48 49 50 53 54 56 57 58 59 60 66 67 69 70 71 72 73 74 75 76 78 79 80 83 84 87 88 90 91 92 93 94 97 99 100 101 102 105 108 109 110 111 115 116 119 120 121 122 123 126 127 128 129 134 136 137 142 146 148 150 151 152
289.90 0.36 8.00 good
48.30 0.24 6.00 bad
52.30 0.27 8.00 bad
139.00 0.25 6.00 bad
158.50 0.21 6.00 good
38.90 0.11 6.00 bad
21.30 0.30 8.00 bad
82.50 0.27 8.00 bad
21.80 0.08 6.00 bad
27.50 0.13 6.00 bad
257.20 0.25 6.00 bad
135.80 0.20 6.00 good
24.10 0.14 10.00 bad
74.10 0.14 4.00 bad
77.70 0.28 6.00 bad
74.80 0.13 6.00 bad
35.90 0.00 2.00 bad
62.70 0.18 6.00 bad
53.00 0.31 8.00 bad
233.90 0.20 10.00 good
150.70 0.14 6.00 bad
178.90 0.23 6.00 good
154.60 0.13 6.00 bad
713.10 0.14 2.00 good
87.00 0.34 8.00 bad
51.30 0.44 8.00 bad
80.20 0.17 4.00 bad
22.80 0.05 2.00 bad
153.10 0.33 8.00 good
168.40 0.29 6.00 good
380.50 0.23 6.00 bad
123.50 0.33 8.00 good
281.40 0.33 8.00 bad
44.50 0.23 6.00 bad
51.90 0.14 6.00 good
53.70 0.00 2.00 bad
13.00 0.21 6.00 good
40.40 0.10 6.00 good
293.40 0.29 8.00 bad
63.50 0.30 10.00 good
133.40 0.21 10.00 good
45.10 0.20 10.00 bad
34.80 0.19 6.00 bad
16.80 0.25 10.00 good
7.30 0.42 8.00 bad
55.40 0.32 2.00 bad
98.90 0.25 8.00 bad
390.00 0.20 10.00 good
68.60 0.39 8.00 bad
49.30 0.31 6.00 bad
39.60 0.30 6.00 good
46.20 0.36 8.00 good
70.00 0.24 6.00 bad
131.20 0.17 2.00 bad
144.70 0.19 10.00 bad
40.80 0.22 6.00 bad
30.00 0.19 6.00 bad
112.10 0.19 10.00 bad
315.30 0.23 10.00 good
50.40 0.07 2.00 bad
126.20 0.28 10.00 good
116.50 0.29 10.00 good
90.50 0.34 8.00 bad
63.70 0.33 8.00 good
22.20 0.40 8.00 good
181.90 0.26 6.00 bad
59.90 0.27 6.00 bad
219.60 0.27 10.00 bad
78.10 0.21 2.00 good
198.70 0.33 8.00 good
446.50 0.20 10.00 good
101.10 0.24 6.00 bad
133.50 0.24 6.00 bad
148.90 0.26 8.00 good
119.20 0.19 6.00 bad
118.30 0.12 6.00 good
427.70 0.33 8.00 good
85.80 0.25 8.00 good
145.90 0.08 6.00 bad
79.20 0.29 8.00 bad
153.40 0.30 6.00 good
89.70 0.21 10.00 good
34.20 0.26 10.00 good
296.70 0.23 10.00 good
322.80 0.26 10.00 good
179.50 0.34 8.00 good
72.70 0.05 6.00 bad
448.70 0.33 10.00 good
518.00 0.24 10.00 good
477.20 0.37 8.00 good
209.90 0.06 2.00 bad
44.60 0.20 6.00 bad
93.00 0.19 10.00 bad
163.50 0.14 2.00 good