AddListCount FiveStarRate Kurtosis Class
99
0 2 3 5 7 8 10 11 12 14 15 16 20 22 24 25 28 29 30 31 32 33 34 35 36 38 40 41 42 44 45 47 48 50 52 53 54 56 57 60 61 62 64 65 67 71 72 73 74 75 77 78 80 82 83 84 86 87 88 91 92 94 95 96 97 99 102 103 104 105 106 109 110 111 113 114 116 117 118 121 124 125 133 134 135 139 141 142 143 144 145 146 147 148 149 150 151 152 153
214 0.15 200.91 good
12 0.15 267.71 bad
38 0.18 155.27 bad
122 0.12 93.52 good
8 0.11 181.37 bad
53 0.21 196.73 bad
25 0.09 143.84 bad
15 0.16 491.68 bad
12 0.20 114.51 bad
136 0.20 68.44 good
204 0.23 188.48 bad
25 0.14 87.54 good
17 0.13 48.29 good
61 0.11 468.11 bad
23 0.11 114.10 bad
2 0.20 28.01 bad
73 0.27 418.19 bad
68 0.36 194.89 good
9 0.11 80.73 bad
6 0.09 211.54 good
111 0.13 404.81 bad
49 0.15 163.05 good
24 0.03 192.82 bad
254 0.21 41.11 good
63 0.19 203.97 bad
19 0.13 172.89 bad
172 0.19 227.23 good
289 0.17 389.04 good
215 0.11 74.29 bad
242 0.23 29.34 good
93 0.10 135.14 bad
20 0.08 85.63 bad
371 0.17 362.40 bad
7 0.07 119.73 good
446 0.42 453.60 bad
1 0.10 31.11 bad
9 0.29 245.77 good
13 0.13 74.03 good
551 0.18 94.54 bad
19 0.23 95.85 bad
33 0.21 1104.85 good
3 0.00 199.64 bad
10 0.02 59.06 bad
22 0.07 77.07 bad
17 0.42 278.88 good
119 0.17 106.33 bad
180 0.35 259.41 good
8 0.17 278.58 bad
16 0.04 393.48 bad
8 0.10 344.01 good
183 0.37 440.27 bad
57 0.16 147.32 bad
193 0.58 599.56 bad
3 0.22 87.78 bad
22 0.22 188.48 bad
3 0.14 116.65 bad
53 0.26 249.84 bad
65 0.27 95.46 bad
321 0.30 118.81 good
218 0.34 191.97 good
141 0.42 444.03 good
57 0.23 299.63 good
4 0.15 128.84 bad
100 0.17 282.28 good
7 0.13 198.40 good
253 0.17 243.27 bad
39 0.08 65.28 good
6 0.11 664.54 bad
5 0.09 92.39 bad
98 0.31 385.10 good
102 0.16 114.14 good
34 0.10 170.95 bad
31 0.10 131.59 bad
53 0.12 113.09 good
25 0.14 164.81 bad
218 0.60 875.52 bad
7 0.17 138.45 good
5 0.09 132.92 bad
112 0.11 387.39 bad
14 0.02 102.63 bad
57 0.11 101.09 good
149 0.67 1797.82 good
1 0.04 194.01 bad
168 0.18 176.74 good
293 0.26 234.30 bad
206 0.22 304.97 good
19 0.15 311.51 bad
365 0.46 364.52 good
42 0.10 86.23 bad
103 0.09 97.95 bad
28 0.08 909.70 bad
710 0.19 402.15 good
26 0.02 40.59 good
54 0.08 9.99 bad
178 0.15 113.50 good
5 0.15 158.29 bad
125 0.37 105.22 bad
12 0.09 62.68 good
50 0.12 105.28 good