BookWordCount BookScoreCount Kurtosis Class
100
0 1 3 5 8 11 12 13 14 19 20 22 25 27 28 29 32 34 35 36 38 39 40 41 42 43 45 46 49 50 51 52 54 55 56 57 58 59 60 61 62 65 66 67 68 70 71 72 73 75 77 78 80 85 86 87 89 91 93 94 95 96 97 99 100 103 105 107 109 110 111 112 113 114 115 116 117 120 121 124 127 128 129 130 133 134 135 136 137 138 139 140 141 142 143 144 146 148 151 153
177.20 568 200.91 good
289.90 967 406.22 good
52.30 129 155.27 bad
158.50 439 93.52 good
143.50 177 196.73 bad
13.40 51 491.68 bad
21.80 25 114.51 bad
27.50 48 156.17 bad
123.80 454 68.44 good
122.40 250 181.41 bad
82.30 112 48.29 good
77.70 159 468.11 bad
35.90 11 28.01 bad
147.20 150 40.03 good
53.00 263 418.19 bad
233.90 290 194.89 good
51.10 292 404.81 bad
154.60 97 192.82 bad
713.10 1909 41.11 good
87.00 223 203.97 bad
80.20 63 172.89 bad
22.80 20 53.89 bad
153.10 495 227.23 good
168.40 670 389.04 good
300.10 686 74.29 bad
74.40 81 44.83 good
380.50 299 135.14 bad
123.50 108 218.67 good
44.50 72 155.38 bad
51.90 29 119.73 good
84.60 133 339.26 bad
76.10 1780 453.60 bad
13.00 43 245.77 good
106.40 55 182.02 bad
40.40 80 74.03 good
293.40 2109 94.54 bad
63.50 461 256.16 good
133.40 484 148.52 good
45.10 108 95.85 bad
17.00 86 1104.85 good
49.60 13 199.64 bad
72.20 82 77.07 bad
34.80 21 204.65 bad
16.80 90 278.88 good
79.60 153 223.96 bad
55.40 51 49.13 bad
98.90 248 106.33 bad
390.00 956 259.41 good
68.60 19 278.58 bad
39.60 21 344.01 good
1070.70 745 440.27 bad
70.00 217 147.32 bad
144.70 714 599.56 bad
87.20 356 51.21 good
129.90 222 249.84 bad
112.10 182 95.46 bad
153.20 145 208.64 bad
126.20 654 191.97 good
90.50 396 288.02 bad
63.70 218 299.63 good
99.00 13 128.84 bad
34.10 188 282.28 good
22.20 39 198.40 good
181.90 942 243.27 bad
59.90 42 297.05 bad
21.40 29 664.54 bad
198.70 339 385.10 good
310.00 1184 72.91 bad
101.10 88 170.95 bad
133.50 112 131.59 bad
148.90 182 113.09 good
107.80 201 84.03 bad
247.80 136 164.81 bad
31.70 1114 875.52 bad
119.20 282 125.49 bad
118.30 19 138.45 good
59.10 34 132.92 bad
85.80 45 75.21 good
145.90 59 102.63 bad
223.00 320 101.09 good
34.20 387 319.05 good
296.70 607 82.37 good
322.80 2063 209.65 good
46.30 82 73.99 bad
145.80 23 194.01 bad
179.50 795 176.74 good
335.20 1310 234.30 bad
72.70 68 63.17 bad
448.70 1641 478.73 good
212.90 328 56.35 bad
130.30 1100 304.97 good
43.40 21 361.68 bad
25.10 83 311.51 bad
518.00 2366 364.52 good
177.70 153 86.23 bad
319.70 364 97.95 bad
477.20 2356 402.15 good
209.90 1080 9.99 bad
93.00 638 105.22 bad
73.20 209 105.28 good