BookWordCount Mode Median Class
100
1 4 5 6 8 9 10 11 14 15 20 21 23 24 27 28 29 31 32 33 34 35 36 37 38 40 42 47 49 51 52 53 54 56 57 58 59 60 61 62 64 67 68 70 71 72 73 74 75 76 78 79 80 81 84 86 87 89 90 92 94 96 97 98 101 102 103 106 107 108 109 111 112 113 114 117 118 120 121 122 123 124 125 126 127 128 129 130 131 132 135 137 139 140 141 145 146 148 149 151
289.90 8.00 8.00 good
139.00 6.00 6.00 bad
158.50 6.00 6.00 good
59.60 2.00 6.00 good
143.50 6.00 6.00 bad
21.30 8.00 6.00 bad
82.50 8.00 6.00 bad
13.40 6.00 6.00 bad
123.80 2.00 6.00 good
257.20 6.00 6.00 bad
82.30 2.00 4.00 good
74.10 4.00 4.00 bad
122.20 4.00 4.00 good
74.80 6.00 6.00 bad
147.20 2.00 4.00 good
53.00 8.00 8.00 bad
233.90 10.00 8.00 good
78.00 6.00 6.00 good
51.10 8.00 8.00 bad
178.90 6.00 6.00 good
154.60 6.00 6.00 bad
713.10 2.00 6.00 good
87.00 8.00 8.00 bad
51.30 8.00 8.00 bad
80.20 4.00 6.00 bad
153.10 8.00 8.00 good
300.10 2.00 6.00 bad
49.70 4.00 4.00 bad
44.50 6.00 6.00 bad
84.60 6.00 6.00 bad
76.10 10.00 8.00 bad
53.70 2.00 4.00 bad
13.00 6.00 6.00 good
40.40 6.00 6.00 good
293.40 8.00 6.00 bad
63.50 10.00 8.00 good
133.40 10.00 6.00 good
45.10 10.00 6.00 bad
17.00 8.00 8.00 good
49.60 4.00 4.00 bad
54.40 2.00 4.00 bad
16.80 10.00 8.00 good
79.60 8.00 8.00 bad
55.40 2.00 8.00 bad
98.90 8.00 6.00 bad
390.00 10.00 8.00 good
68.60 8.00 8.00 bad
49.30 6.00 6.00 bad
39.60 6.00 6.00 good
46.20 8.00 8.00 good
70.00 6.00 6.00 bad
131.20 2.00 6.00 bad
144.70 10.00 10.00 bad
87.70 6.00 6.00 bad
30.00 6.00 6.00 bad
129.90 6.00 8.00 bad
112.10 10.00 6.00 bad
153.20 8.00 6.00 bad
50.40 2.00 2.00 bad
116.50 10.00 8.00 good
63.70 8.00 8.00 good
34.10 8.00 8.00 good
22.20 8.00 8.00 good
170.60 8.00 8.00 good
219.60 10.00 8.00 bad
78.10 2.00 6.00 good
21.40 6.00 6.00 bad
64.40 6.00 6.00 good
310.00 10.00 6.00 bad
446.50 10.00 10.00 good
101.10 6.00 6.00 bad
148.90 8.00 6.00 good
107.80 6.00 6.00 bad
247.80 6.00 6.00 bad
31.70 10.00 10.00 bad
59.10 6.00 6.00 bad
92.20 6.00 6.00 bad
85.80 8.00 6.00 good
145.90 6.00 4.00 bad
79.20 8.00 8.00 bad
153.40 6.00 6.00 good
223.00 6.00 6.00 good
65.70 10.00 10.00 good
89.70 10.00 8.00 good
34.20 10.00 8.00 good
296.70 10.00 8.00 good
322.80 10.00 8.00 good
46.30 6.00 6.00 bad
195.70 4.00 4.00 good
237.20 8.00 6.00 good
335.20 8.00 8.00 bad
448.70 10.00 8.00 good
130.30 8.00 8.00 good
43.40 8.00 8.00 bad
25.10 8.00 8.00 bad
62.30 6.00 6.00 bad
477.20 8.00 8.00 good
209.90 2.00 2.00 bad
382.10 8.00 6.00 good
93.00 10.00 8.00 bad