BookScoreCount ThreeStarRate Kurtosis Class
96
0 1 3 5 6 8 9 11 12 14 16 17 18 19 20 21 24 27 28 29 30 33 34 35 39 41 46 48 49 50 51 54 55 56 57 59 60 62 66 68 69 70 71 72 73 74 76 77 78 81 82 83 85 88 89 91 92 94 96 98 99 100 101 103 104 105 106 109 110 112 114 116 118 119 121 122 123 125 127 129 130 131 132 133 134 135 136 139 140 142 144 145 149 151 152 153
568 0.28 200.91 good
967 0.23 406.22 good
129 0.27 155.27 bad
439 0.26 93.52 good
187 0.21 75.15 good
177 0.30 196.73 bad
51 0.26 110.48 bad
51 0.40 491.68 bad
25 0.44 114.51 bad
454 0.21 68.44 good
119 0.23 87.54 good
36 0.20 80.31 bad
23 0.28 137.29 bad
250 0.22 181.41 bad
112 0.15 48.29 good
44 0.16 66.70 bad
70 0.36 114.10 bad
150 0.21 40.03 good
263 0.25 418.19 bad
290 0.22 194.89 good
29 0.32 80.73 bad
192 0.29 163.05 good
97 0.39 192.82 bad
1909 0.18 41.11 good
20 0.16 53.89 bad
670 0.34 389.04 good
108 0.19 218.67 good
1248 0.33 362.40 bad
72 0.39 155.38 bad
29 0.32 119.73 good
133 0.37 339.26 bad
43 0.33 245.77 good
55 0.33 182.02 bad
80 0.32 74.03 good
2109 0.21 94.54 bad
484 0.21 148.52 good
108 0.18 95.85 bad
13 0.08 199.64 bad
21 0.43 204.65 bad
153 0.25 223.96 bad
20 0.26 758.93 bad
51 0.04 49.13 bad
248 0.25 106.33 bad
956 0.26 259.41 good
19 0.22 278.58 bad
46 0.36 393.48 bad
429 0.15 159.36 good
745 0.22 440.27 bad
217 0.33 147.32 bad
25 0.54 173.53 bad
31 0.20 87.78 bad
104 0.28 188.48 bad
356 0.15 51.21 good
1636 0.18 118.81 good
145 0.27 208.64 bad
654 0.16 191.97 good
527 0.16 444.03 good
218 0.23 299.63 good
188 0.28 282.28 good
2113 0.22 391.57 good
942 0.34 243.27 bad
42 0.34 297.05 bad
219 0.26 286.97 bad
29 0.50 664.54 bad
25 0.34 92.39 bad
339 0.19 385.10 good
349 0.27 114.14 good
88 0.36 170.95 bad
112 0.28 131.59 bad
201 0.30 84.03 bad
1114 0.09 875.52 bad
19 0.42 138.45 good
274 0.39 387.39 bad
1575 0.20 297.36 good
59 0.32 102.63 bad
385 0.28 313.76 bad
93 0.37 502.72 good
768 0.08 1797.82 good
387 0.22 319.05 good
2063 0.16 209.65 good
82 0.28 73.99 bad
31 0.13 58.14 good
614 0.25 212.10 good
23 0.33 194.01 bad
795 0.21 176.74 good
1310 0.24 234.30 bad
68 0.32 63.17 bad
1100 0.24 304.97 good
21 0.07 361.68 bad
2366 0.15 364.52 good
364 0.27 97.95 bad
61 0.45 909.70 bad
674 0.23 113.50 good
638 0.16 105.22 bad
45 0.28 62.68 good
209 0.25 105.28 good