BookWordCount AddListCount Kurtosis Class
92
0 1 4 6 7 10 11 12 13 16 17 19 21 22 24 25 26 30 32 33 35 36 37 42 43 45 47 48 49 50 51 52 54 56 59 60 62 65 67 68 69 75 77 78 79 80 84 85 87 88 89 90 91 92 93 94 95 96 97 98 99 101 102 106 109 111 112 113 116 118 120 121 123 125 126 127 128 129 131 132 135 136 138 139 140 142 143 144 149 150 151 152
177.20 214 200.91 good
289.90 492 406.22 good
139.00 22 113.07 bad
59.60 42 75.15 good
38.90 8 181.37 bad
82.50 25 143.84 bad
13.40 15 491.68 bad
21.80 12 114.51 bad
27.50 9 156.17 bad
135.80 25 87.54 good
33.60 10 80.31 bad
122.40 70 181.41 bad
74.10 12 66.70 bad
77.70 61 468.11 bad
74.80 23 114.10 bad
35.90 2 28.01 bad
62.70 32 249.04 bad
150.70 9 80.73 bad
51.10 111 404.81 bad
178.90 49 163.05 good
713.10 254 41.11 good
87.00 63 203.97 bad
51.30 106 948.64 bad
300.10 215 74.29 bad
74.40 18 44.83 good
380.50 93 135.14 bad
49.70 20 85.63 bad
281.40 371 362.40 bad
44.50 13 155.38 bad
51.90 7 119.73 good
84.60 42 339.26 bad
76.10 446 453.60 bad
13.00 9 245.77 good
40.40 13 74.03 good
133.40 138 148.52 good
45.10 19 95.85 bad
49.60 3 199.64 bad
72.20 22 77.07 bad
16.80 17 278.88 good
79.60 45 223.96 bad
7.30 5 758.93 bad
39.60 8 344.01 good
1070.70 183 440.27 bad
70.00 57 147.32 bad
131.20 94 65.93 bad
144.70 193 599.56 bad
30.00 3 116.65 bad
87.20 55 51.21 good
112.10 65 95.46 bad
315.30 321 118.81 good
153.20 49 208.64 bad
50.40 4 25.57 bad
126.20 218 191.97 good
116.50 141 444.03 good
90.50 121 288.02 bad
63.70 57 299.63 good
99.00 4 128.84 bad
34.10 100 282.28 good
22.20 7 198.40 good
170.60 558 391.57 good
181.90 253 243.27 bad
219.60 65 286.97 bad
78.10 39 65.28 good
64.40 102 114.14 good
101.10 34 170.95 bad
148.90 53 113.09 good
107.80 63 84.03 bad
247.80 25 164.81 bad
118.30 7 138.45 good
92.20 112 387.39 bad
85.80 15 75.21 good
145.90 14 102.63 bad
153.40 32 502.72 good
65.70 149 1797.82 good
89.70 48 76.64 good
34.20 146 319.05 good
296.70 108 82.37 good
322.80 510 209.65 good
195.70 5 58.14 good
237.20 131 212.10 good
335.20 293 234.30 bad
72.70 9 63.17 bad
212.90 53 56.35 bad
130.30 206 304.97 good
43.40 7 361.68 bad
518.00 365 364.52 good
177.70 42 86.23 bad
319.70 103 97.95 bad
382.10 178 113.50 good
44.60 5 158.29 bad
93.00 125 105.22 bad
163.50 12 62.68 good