AddListCount Median Kurtosis Class
96
4 5 6 8 9 11 12 14 15 16 19 21 25 26 28 29 33 37 38 40 41 42 43 44 46 47 50 51 52 53 54 55 56 58 59 60 61 64 66 69 70 71 72 73 74 75 76 77 80 82 83 86 87 88 91 94 95 97 98 99 101 103 104 105 106 107 109 110 111 113 116 118 119 122 124 125 126 128 129 131 133 134 136 137 138 139 142 144 145 146 147 148 149 151 152 153
22 6.00 113.07 bad
122 6.00 93.52 good
42 6.00 75.15 good
53 6.00 196.73 bad
14 6.00 110.48 bad
15 6.00 491.68 bad
12 6.00 114.51 bad
136 6.00 68.44 good
204 6.00 188.48 bad
25 6.00 87.54 good
70 6.00 181.41 bad
12 4.00 66.70 bad
2 4.00 28.01 bad
32 6.00 249.04 bad
73 8.00 418.19 bad
68 8.00 194.89 good
49 6.00 163.05 good
106 8.00 948.64 bad
19 6.00 172.89 bad
172 8.00 227.23 good
289 6.00 389.04 good
215 6.00 74.29 bad
18 6.00 44.83 good
242 4.00 29.34 good
28 8.00 218.67 good
20 4.00 85.63 bad
7 6.00 119.73 good
42 6.00 339.26 bad
446 8.00 453.60 bad
1 4.00 31.11 bad
9 6.00 245.77 good
11 6.00 182.02 bad
13 6.00 74.03 good
70 8.00 256.16 good
138 6.00 148.52 good
19 6.00 95.85 bad
33 8.00 1104.85 good
10 4.00 59.06 bad
2 6.00 204.65 bad
5 8.00 758.93 bad
2 8.00 49.13 bad
119 6.00 106.33 bad
180 8.00 259.41 good
8 8.00 278.58 bad
16 6.00 393.48 bad
8 6.00 344.01 good
110 8.00 159.36 good
183 8.00 440.27 bad
193 10.00 599.56 bad
3 4.00 87.78 bad
22 6.00 188.48 bad
53 8.00 249.84 bad
65 6.00 95.46 bad
321 8.00 118.81 good
218 8.00 191.97 good
57 8.00 299.63 good
4 6.00 128.84 bad
7 8.00 198.40 good
558 8.00 391.57 good
253 6.00 243.27 bad
65 8.00 286.97 bad
6 6.00 664.54 bad
5 4.00 92.39 bad
98 8.00 385.10 good
102 6.00 114.14 good
188 6.00 72.91 bad
34 6.00 170.95 bad
31 6.00 131.59 bad
53 6.00 113.09 good
25 6.00 164.81 bad
7 6.00 138.45 good
112 6.00 387.39 bad
274 8.00 297.36 good
126 8.00 313.76 bad
57 6.00 101.09 good
149 10.00 1797.82 good
48 8.00 76.64 good
108 8.00 82.37 good
510 8.00 209.65 good
5 4.00 58.14 good
1 6.00 194.01 bad
168 8.00 176.74 good
9 4.00 63.17 bad
303 8.00 478.73 good
53 6.00 56.35 bad
206 8.00 304.97 good
365 8.00 364.52 good
103 6.00 97.95 bad
28 6.00 909.70 bad
710 8.00 402.15 good
26 4.00 40.59 good
54 2.00 9.99 bad
178 6.00 113.50 good
125 8.00 105.22 bad
12 6.00 62.68 good
50 6.00 105.28 good