ThreeStarRate FiveStarRate Kurtosis Class
102
0 1 2 3 6 8 9 10 15 18 20 21 22 23 25 27 28 29 30 33 36 37 38 39 40 42 43 44 46 48 49 50 52 53 55 57 58 59 60 62 63 64 65 66 68 69 70 71 72 73 76 77 78 80 82 83 86 88 89 90 92 94 95 97 99 100 102 104 105 106 107 108 109 111 112 113 114 116 117 118 119 122 124 125 126 127 129 131 133 135 137 139 140 141 142 143 145 147 149 150 151 152
0.28 0.15 200.91 good
0.23 0.25 406.22 good
0.40 0.15 267.71 bad
0.27 0.18 155.27 bad
0.21 0.23 75.15 good
0.30 0.21 196.73 bad
0.26 0.02 110.48 bad
0.23 0.09 143.84 bad
0.27 0.23 188.48 bad
0.28 0.28 137.29 bad
0.15 0.13 48.29 good
0.16 0.04 66.70 bad
0.40 0.11 468.11 bad
0.28 0.06 78.49 good
0.20 0.20 28.01 bad
0.21 0.05 40.03 good
0.25 0.27 418.19 bad
0.22 0.36 194.89 good
0.32 0.11 80.73 bad
0.29 0.15 163.05 good
0.23 0.19 203.97 bad
0.20 0.28 948.64 bad
0.27 0.13 172.89 bad
0.16 0.00 53.89 bad
0.24 0.19 227.23 good
0.26 0.11 74.29 bad
0.24 0.14 44.83 good
0.11 0.23 29.34 good
0.19 0.27 218.67 good
0.33 0.17 362.40 bad
0.39 0.10 155.38 bad
0.32 0.07 119.73 good
0.15 0.42 453.60 bad
0.14 0.10 31.11 bad
0.33 0.06 182.02 bad
0.21 0.18 94.54 bad
0.14 0.37 256.16 good
0.21 0.25 148.52 good
0.18 0.23 95.85 bad
0.08 0.00 199.64 bad
0.12 0.30 55.29 good
0.21 0.02 59.06 bad
0.31 0.07 77.07 bad
0.43 0.10 204.65 bad
0.25 0.22 223.96 bad
0.26 0.21 758.93 bad
0.04 0.20 49.13 bad
0.25 0.17 106.33 bad
0.26 0.35 259.41 good
0.22 0.17 278.58 bad
0.15 0.24 159.36 good
0.22 0.37 440.27 bad
0.33 0.16 147.32 bad
0.13 0.58 599.56 bad
0.20 0.22 87.78 bad
0.28 0.22 188.48 bad
0.30 0.26 249.84 bad
0.18 0.30 118.81 good
0.27 0.17 208.64 bad
0.20 0.07 25.57 bad
0.16 0.42 444.03 good
0.23 0.23 299.63 good
0.46 0.15 128.84 bad
0.26 0.13 198.40 good
0.34 0.17 243.27 bad
0.34 0.25 297.05 bad
0.26 0.08 65.28 good
0.34 0.09 92.39 bad
0.19 0.31 385.10 good
0.27 0.16 114.14 good
0.15 0.31 72.91 bad
0.10 0.63 1238.93 good
0.36 0.10 170.95 bad
0.26 0.12 113.09 good
0.30 0.11 84.03 bad
0.36 0.14 164.81 bad
0.09 0.60 875.52 bad
0.42 0.17 138.45 good
0.45 0.09 132.92 bad
0.39 0.11 387.39 bad
0.20 0.29 297.36 good
0.28 0.25 313.76 bad
0.29 0.11 101.09 good
0.08 0.67 1797.82 good
0.16 0.30 76.64 good
0.22 0.36 319.05 good
0.16 0.37 209.65 good
0.13 0.06 58.14 good
0.33 0.04 194.01 bad
0.24 0.26 234.30 bad
0.15 0.38 478.73 good
0.24 0.22 304.97 good
0.07 0.05 361.68 bad
0.19 0.15 311.51 bad
0.15 0.46 364.52 good
0.22 0.10 86.23 bad
0.45 0.08 909.70 bad
0.19 0.02 40.59 good
0.23 0.15 113.50 good
0.35 0.15 158.29 bad
0.16 0.37 105.22 bad
0.28 0.09 62.68 good