FourStarRate FiveStarRate Mode Class
103
0 2 4 5 6 10 11 12 13 14 15 16 17 18 19 21 22 25 26 27 28 30 34 35 36 37 38 39 40 41 42 43 44 46 48 51 52 53 54 55 56 58 60 62 63 64 66 68 71 73 74 75 77 79 81 82 83 86 87 88 89 91 93 94 95 96 97 98 100 101 104 105 107 108 109 110 111 112 113 114 115 116 118 122 123 129 130 131 132 133 134 135 136 139 142 143 144 145 147 148 149 150 151
0.30 0.15 8.00 good
0.24 0.15 6.00 bad
0.25 0.10 6.00 bad
0.21 0.12 6.00 good
0.18 0.23 2.00 good
0.27 0.09 8.00 bad
0.32 0.16 6.00 bad
0.08 0.20 6.00 bad
0.13 0.09 6.00 bad
0.19 0.20 2.00 good
0.25 0.23 6.00 bad
0.20 0.14 6.00 good
0.23 0.12 8.00 bad
0.14 0.28 10.00 bad
0.22 0.28 10.00 bad
0.14 0.04 4.00 bad
0.28 0.11 6.00 bad
0.00 0.20 2.00 bad
0.18 0.19 6.00 bad
0.15 0.05 2.00 good
0.31 0.27 8.00 bad
0.14 0.11 6.00 bad
0.13 0.03 6.00 bad
0.14 0.21 2.00 good
0.34 0.19 8.00 bad
0.44 0.28 8.00 bad
0.17 0.13 4.00 bad
0.05 0.00 2.00 bad
0.33 0.19 8.00 good
0.29 0.17 6.00 good
0.20 0.11 2.00 bad
0.14 0.14 2.00 good
0.16 0.23 2.00 good
0.33 0.27 8.00 good
0.33 0.17 8.00 bad
0.21 0.07 6.00 bad
0.30 0.42 10.00 bad
0.00 0.10 2.00 bad
0.21 0.29 6.00 good
0.20 0.06 6.00 bad
0.10 0.13 6.00 good
0.30 0.37 10.00 good
0.20 0.23 10.00 bad
0.34 0.00 4.00 bad
0.20 0.30 2.00 good
0.14 0.02 2.00 bad
0.19 0.10 6.00 bad
0.30 0.22 8.00 bad
0.25 0.17 8.00 bad
0.39 0.17 8.00 bad
0.31 0.04 6.00 bad
0.30 0.10 6.00 good
0.27 0.37 10.00 bad
0.17 0.10 2.00 bad
0.08 0.13 6.00 bad
0.05 0.22 4.00 bad
0.22 0.22 6.00 bad
0.27 0.26 6.00 bad
0.19 0.27 10.00 bad
0.23 0.30 10.00 good
0.28 0.17 8.00 bad
0.28 0.34 10.00 good
0.34 0.21 8.00 bad
0.33 0.23 8.00 good
0.00 0.15 6.00 bad
0.33 0.17 8.00 good
0.40 0.13 8.00 good
0.33 0.29 8.00 good
0.27 0.25 6.00 bad
0.27 0.27 10.00 bad
0.04 0.09 6.00 bad
0.33 0.31 8.00 good
0.17 0.31 10.00 bad
0.20 0.63 10.00 good
0.24 0.10 6.00 bad
0.24 0.10 6.00 bad
0.26 0.12 8.00 good
0.15 0.11 6.00 bad
0.21 0.14 6.00 bad
0.23 0.60 10.00 bad
0.19 0.07 6.00 bad
0.12 0.17 6.00 good
0.30 0.11 6.00 bad
0.29 0.25 8.00 bad
0.30 0.20 6.00 good
0.26 0.37 10.00 good
0.16 0.17 6.00 bad
0.11 0.06 4.00 good
0.35 0.13 8.00 good
0.33 0.04 8.00 bad
0.34 0.18 8.00 good
0.29 0.26 8.00 bad
0.05 0.09 6.00 bad
0.36 0.22 8.00 good
0.24 0.46 10.00 good
0.24 0.10 8.00 bad
0.18 0.09 6.00 bad
0.33 0.08 6.00 bad
0.09 0.02 2.00 good
0.06 0.08 2.00 bad
0.26 0.15 8.00 good
0.20 0.15 6.00 bad
0.19 0.37 10.00 bad