BookWordCount ThreeStarRate FourStarRate Class
93
0 1 3 7 8 9 12 17 20 23 26 28 29 31 32 33 35 36 37 38 39 41 46 47 48 49 52 54 55 56 57 59 61 62 63 64 66 67 70 71 73 74 76 77 78 79 81 82 83 84 87 88 89 90 92 93 94 97 98 99 100 101 103 104 106 108 110 112 113 117 118 119 120 121 122 123 125 127 129 131 132 133 136 137 140 141 143 145 147 149 150 152 153
177.20 0.28 0.30 good
289.90 0.23 0.36 good
52.30 0.27 0.27 bad
38.90 0.48 0.11 bad
143.50 0.30 0.22 bad
21.30 0.26 0.30 bad
21.80 0.44 0.08 bad
33.60 0.20 0.23 bad
82.30 0.15 0.20 good
122.20 0.28 0.08 good
62.70 0.43 0.18 bad
53.00 0.25 0.31 bad
233.90 0.22 0.20 good
78.00 0.33 0.19 good
51.10 0.31 0.39 bad
178.90 0.29 0.23 good
713.10 0.18 0.14 good
87.00 0.23 0.34 bad
51.30 0.20 0.44 bad
80.20 0.27 0.17 bad
22.80 0.16 0.05 bad
168.40 0.34 0.29 good
123.50 0.19 0.33 good
49.70 0.20 0.22 bad
281.40 0.33 0.33 bad
44.50 0.39 0.23 bad
76.10 0.15 0.30 bad
13.00 0.33 0.21 good
106.40 0.33 0.20 bad
40.40 0.32 0.10 good
293.40 0.21 0.29 bad
133.40 0.21 0.21 good
17.00 0.25 0.44 good
49.60 0.08 0.34 bad
108.60 0.12 0.20 good
54.40 0.21 0.14 bad
34.80 0.43 0.19 bad
16.80 0.16 0.25 good
55.40 0.04 0.32 bad
98.90 0.25 0.25 bad
68.60 0.22 0.39 bad
49.30 0.36 0.31 bad
46.20 0.15 0.36 good
1070.70 0.22 0.27 bad
70.00 0.33 0.24 bad
131.20 0.26 0.17 bad
87.70 0.54 0.08 bad
183.00 0.20 0.05 bad
40.80 0.28 0.22 bad
30.00 0.33 0.19 bad
112.10 0.23 0.19 bad
315.30 0.18 0.23 good
153.20 0.27 0.28 bad
50.40 0.20 0.07 bad
116.50 0.16 0.29 good
90.50 0.26 0.34 bad
63.70 0.23 0.33 good
22.20 0.26 0.40 good
170.60 0.22 0.33 good
181.90 0.34 0.26 bad
59.90 0.34 0.27 bad
219.60 0.26 0.27 bad
21.40 0.50 0.26 bad
150.50 0.34 0.04 bad
64.40 0.27 0.24 good
446.50 0.10 0.20 good
133.50 0.28 0.24 bad
107.80 0.30 0.15 bad
247.80 0.36 0.21 bad
59.10 0.45 0.14 bad
92.20 0.39 0.30 bad
427.70 0.20 0.33 good
85.80 0.20 0.25 good
145.90 0.32 0.08 bad
79.20 0.28 0.29 bad
153.40 0.37 0.30 good
65.70 0.08 0.20 good
34.20 0.22 0.26 good
322.80 0.16 0.26 good
195.70 0.13 0.11 good
237.20 0.25 0.35 good
145.80 0.33 0.33 bad
72.70 0.32 0.05 bad
448.70 0.15 0.33 good
43.40 0.07 0.54 bad
25.10 0.19 0.49 bad
177.70 0.22 0.24 bad
62.30 0.45 0.33 bad
154.00 0.19 0.09 good
382.10 0.23 0.26 good
44.60 0.35 0.20 bad
163.50 0.28 0.14 good
73.20 0.25 0.22 good