BookWordCount BookScore TwoStarRate Class
91
1 2 3 6 7 9 10 11 15 16 18 19 20 22 23 24 25 26 31 32 34 35 37 38 39 40 42 43 44 46 52 53 54 57 58 59 61 64 67 68 69 70 73 74 75 76 78 79 83 90 92 93 94 95 97 99 101 102 103 105 107 109 111 113 114 115 116 118 121 122 123 127 128 129 130 131 132 133 134 135 137 139 141 142 143 144 145 146 147 149 150
289.90 7.2 0.08 good
48.30 6.4 0.10 bad
52.30 6.4 0.12 bad
59.60 6.0 0.14 good
38.90 5.8 0.15 bad
21.30 5.4 0.18 bad
82.50 5.8 0.26 bad
13.40 6.9 0.04 bad
257.20 6.6 0.13 bad
135.80 5.7 0.22 good
24.10 6.5 0.17 bad
122.40 6.7 0.18 bad
82.30 5.3 0.20 good
77.70 6.5 0.15 bad
122.20 4.7 0.31 good
74.80 5.5 0.21 bad
35.90 4.8 0.20 bad
62.70 6.5 0.09 bad
78.00 5.8 0.30 good
51.10 6.8 0.09 bad
154.60 5.1 0.30 bad
713.10 5.5 0.12 good
51.30 7.8 0.03 bad
80.20 5.9 0.35 bad
22.80 3.5 0.26 bad
153.10 6.7 0.12 good
300.10 5.4 0.17 bad
74.40 5.1 0.13 good
296.80 5.4 0.07 good
123.50 7.1 0.07 good
76.10 7.9 0.04 bad
53.70 4.0 0.33 bad
13.00 7.0 0.05 good
293.40 6.2 0.07 bad
63.50 7.5 0.05 good
133.40 6.5 0.21 good
17.00 7.5 0.08 good
54.40 4.4 0.27 bad
16.80 7.6 0.06 good
79.60 6.8 0.11 bad
7.30 7.4 0.05 bad
55.40 5.9 0.10 bad
68.60 6.8 0.11 bad
49.30 6.1 0.22 bad
39.60 6.4 0.10 good
46.20 6.8 0.07 good
70.00 6.2 0.10 bad
131.20 5.2 0.19 bad
40.80 6.6 0.17 bad
50.40 4.0 0.13 bad
116.50 7.8 0.04 good
90.50 6.9 0.08 bad
63.70 7.0 0.11 good
99.00 5.5 0.23 bad
22.20 6.5 0.03 good
181.90 6.5 0.12 bad
219.60 7.1 0.10 bad
78.10 5.3 0.14 good
21.40 6.6 0.08 bad
198.70 7.4 0.08 good
310.00 6.4 0.12 bad
101.10 6.0 0.14 bad
148.90 5.8 0.16 good
247.80 6.1 0.13 bad
31.70 8.5 0.02 bad
119.20 5.5 0.19 bad
118.30 6.0 0.12 good
92.20 6.5 0.11 bad
145.90 4.5 0.30 bad
79.20 7.0 0.10 bad
153.40 7.0 0.08 good
34.20 7.4 0.06 good
296.70 6.5 0.08 good
322.80 7.3 0.07 good
46.30 5.7 0.13 bad
195.70 4.4 0.41 good
237.20 6.4 0.14 good
145.80 5.9 0.13 bad
179.50 6.5 0.12 good
335.20 7.0 0.09 bad
448.70 7.8 0.05 good
130.30 7.0 0.07 good
25.10 6.9 0.03 bad
518.00 7.8 0.05 good
177.70 5.5 0.21 bad
319.70 5.4 0.25 bad
62.30 6.7 0.10 bad
477.20 7.0 0.09 good
154.00 3.9 0.22 good
382.10 6.0 0.18 good
44.60 6.1 0.15 bad