BookScoreCount TwoStarRate ThreeStarRate Class
92
2 3 7 8 9 10 11 12 14 16 20 21 22 23 25 26 27 29 30 31 32 33 35 37 38 39 40 41 43 44 45 48 50 54 56 58 60 61 62 64 66 67 68 71 72 73 75 76 79 80 81 84 87 88 90 91 93 94 95 96 98 99 100 102 104 105 107 108 109 112 113 114 115 117 119 121 126 130 131 133 134 137 138 140 142 143 144 147 148 150 151 152
47 0.10 0.40 bad
129 0.12 0.27 bad
27 0.15 0.48 bad
177 0.16 0.30 bad
51 0.18 0.26 bad
78 0.26 0.23 bad
51 0.04 0.40 bad
25 0.08 0.44 bad
454 0.14 0.21 good
119 0.22 0.23 good
112 0.20 0.15 good
44 0.37 0.16 bad
159 0.15 0.40 bad
116 0.31 0.28 good
11 0.20 0.20 bad
100 0.09 0.43 bad
150 0.17 0.21 good
290 0.10 0.22 good
29 0.18 0.32 bad
44 0.30 0.33 good
292 0.09 0.31 bad
192 0.20 0.29 good
1909 0.12 0.18 good
216 0.03 0.20 bad
63 0.35 0.27 bad
20 0.26 0.16 bad
495 0.12 0.24 good
670 0.14 0.34 good
81 0.13 0.24 good
1885 0.07 0.11 good
299 0.20 0.30 bad
1248 0.09 0.33 bad
29 0.28 0.32 good
43 0.05 0.33 good
80 0.20 0.32 good
461 0.05 0.14 good
108 0.21 0.18 bad
86 0.08 0.25 good
13 0.50 0.08 bad
45 0.27 0.21 bad
21 0.14 0.43 bad
90 0.06 0.16 good
153 0.11 0.25 bad
248 0.12 0.25 bad
956 0.08 0.26 good
19 0.11 0.22 bad
21 0.10 0.40 good
429 0.07 0.15 good
531 0.19 0.26 bad
714 0.03 0.13 bad
25 0.08 0.54 bad
21 0.14 0.33 bad
182 0.09 0.23 bad
1636 0.10 0.18 good
16 0.13 0.20 bad
654 0.08 0.16 good
396 0.08 0.26 bad
218 0.11 0.23 good
13 0.23 0.46 bad
188 0.11 0.28 good
2113 0.08 0.22 good
942 0.12 0.34 bad
42 0.02 0.34 bad
225 0.14 0.26 good
25 0.31 0.34 bad
339 0.08 0.19 good
1184 0.12 0.15 bad
5393 0.02 0.10 good
88 0.14 0.36 bad
201 0.20 0.30 bad
136 0.13 0.36 bad
1114 0.02 0.09 bad
282 0.19 0.35 bad
34 0.11 0.45 bad
1575 0.06 0.20 good
59 0.30 0.32 bad
353 0.06 0.16 good
82 0.13 0.28 bad
31 0.41 0.13 good
23 0.13 0.33 bad
795 0.12 0.21 good
1641 0.05 0.15 good
328 0.10 0.22 bad
21 0.30 0.07 bad
2366 0.05 0.15 good
153 0.21 0.22 bad
364 0.25 0.27 bad
208 0.22 0.19 good
1080 0.03 0.04 bad
21 0.15 0.35 bad
638 0.07 0.16 bad
45 0.19 0.28 good