BookScoreCount AddListCount ThreeStarRate Class
93
0 3 4 6 8 9 10 13 15 16 17 18 20 22 23 25 28 29 30 31 32 34 36 38 40 41 42 43 44 47 48 49 50 51 53 55 56 58 61 62 63 64 65 66 67 68 72 73 79 80 81 82 86 88 89 90 91 94 95 97 98 100 101 103 104 105 106 107 109 113 114 115 118 119 120 122 123 124 125 127 128 130 131 132 136 139 143 144 149 150 151 152 153
568 214 0.28 good
129 38 0.27 bad
78 22 0.33 bad
187 42 0.21 good
177 53 0.30 bad
51 14 0.26 bad
78 25 0.23 bad
48 9 0.39 bad
658 204 0.27 bad
119 25 0.23 good
36 10 0.20 bad
23 7 0.28 bad
112 17 0.15 good
159 61 0.40 bad
116 32 0.28 good
11 2 0.20 bad
263 73 0.25 bad
290 68 0.22 good
29 9 0.32 bad
44 6 0.33 good
292 111 0.31 bad
97 24 0.39 bad
223 63 0.23 bad
63 19 0.27 bad
495 172 0.24 good
670 289 0.34 good
686 215 0.26 bad
81 18 0.24 good
1885 242 0.11 good
79 20 0.20 bad
1248 371 0.33 bad
72 13 0.39 bad
29 7 0.32 good
133 42 0.37 bad
22 1 0.14 bad
55 11 0.33 bad
80 13 0.32 good
461 70 0.14 good
86 33 0.25 good
13 3 0.08 bad
91 21 0.12 good
45 10 0.21 bad
82 22 0.31 bad
21 2 0.43 bad
90 17 0.16 good
153 45 0.25 bad
956 180 0.26 good
19 8 0.22 bad
531 94 0.26 bad
714 193 0.13 bad
25 4 0.54 bad
31 3 0.20 bad
222 53 0.30 bad
1636 321 0.18 good
145 49 0.27 bad
16 4 0.20 bad
654 218 0.16 good
218 57 0.23 good
13 4 0.46 bad
39 7 0.26 good
2113 558 0.22 good
42 8 0.34 bad
219 65 0.26 bad
29 6 0.50 bad
25 5 0.34 bad
339 98 0.19 good
349 102 0.27 good
1184 188 0.15 bad
88 34 0.36 bad
136 25 0.36 bad
1114 218 0.09 bad
282 76 0.35 bad
274 112 0.39 bad
1575 274 0.20 good
45 15 0.20 good
385 126 0.28 bad
93 32 0.37 good
320 57 0.29 good
768 149 0.08 good
387 146 0.22 good
607 108 0.13 good
82 11 0.28 bad
31 5 0.13 good
614 131 0.25 good
68 9 0.32 bad
1100 206 0.24 good
153 42 0.22 bad
364 103 0.27 bad
674 178 0.23 good
21 5 0.35 bad
638 125 0.16 bad
45 12 0.28 good
209 50 0.25 good