BookScore FourStarRate Median Class
95
0 1 4 5 6 7 9 10 12 13 14 19 20 23 26 27 28 29 30 31 34 35 36 37 38 39 40 43 45 46 47 50 51 54 56 59 60 61 63 67 69 72 76 78 79 80 81 82 84 85 86 87 89 90 94 95 96 97 100 101 105 106 107 109 110 111 112 113 114 116 117 118 119 120 121 122 123 125 126 127 128 129 133 135 136 138 139 142 143 145 148 149 150 151 152
6.4 0.30 6.00 good
7.2 0.36 8.00 good
5.8 0.25 6.00 bad
5.6 0.21 6.00 good
6.0 0.18 6.00 good
5.8 0.11 6.00 bad
5.4 0.30 6.00 bad
5.8 0.27 6.00 bad
6.0 0.08 6.00 bad
5.5 0.13 6.00 bad
5.9 0.19 6.00 good
6.7 0.22 6.00 bad
5.3 0.20 4.00 good
4.7 0.08 4.00 good
6.5 0.18 6.00 bad
4.5 0.15 4.00 good
7.2 0.31 8.00 bad
7.1 0.20 8.00 good
5.4 0.14 6.00 bad
5.8 0.19 6.00 good
5.1 0.13 6.00 bad
5.5 0.14 6.00 good
6.7 0.34 8.00 bad
7.8 0.44 8.00 bad
5.9 0.17 6.00 bad
3.5 0.05 2.00 bad
6.7 0.33 8.00 good
5.1 0.14 6.00 good
5.8 0.23 6.00 bad
7.1 0.33 8.00 good
5.3 0.22 4.00 bad
5.3 0.14 6.00 good
5.9 0.21 6.00 bad
7.0 0.21 6.00 good
5.3 0.10 6.00 good
6.5 0.21 6.00 good
6.2 0.20 6.00 bad
7.5 0.44 8.00 good
6.2 0.20 6.00 good
7.6 0.25 8.00 good
7.4 0.42 8.00 bad
7.3 0.20 8.00 good
6.8 0.36 8.00 good
6.2 0.24 6.00 bad
5.2 0.17 6.00 bad
8.3 0.19 10.00 bad
5.8 0.08 6.00 bad
5.6 0.05 4.00 bad
5.9 0.19 6.00 bad
5.2 0.24 4.00 good
7.0 0.27 8.00 bad
6.4 0.19 6.00 bad
6.4 0.28 6.00 bad
4.0 0.07 2.00 bad
7.0 0.33 8.00 good
5.5 0.00 6.00 bad
6.7 0.33 8.00 good
6.5 0.40 8.00 good
7.0 0.27 8.00 bad
7.1 0.27 8.00 bad
7.4 0.33 8.00 good
6.0 0.24 6.00 good
6.4 0.17 6.00 bad
6.0 0.24 6.00 bad
5.8 0.24 6.00 bad
5.8 0.26 6.00 good
5.4 0.15 6.00 bad
6.1 0.21 6.00 bad
8.5 0.23 10.00 bad
6.0 0.12 6.00 good
5.5 0.14 6.00 bad
6.5 0.30 6.00 bad
7.3 0.33 8.00 good
5.6 0.25 6.00 good
4.5 0.08 4.00 bad
7.0 0.29 8.00 bad
7.0 0.30 6.00 good
8.9 0.20 10.00 good
6.4 0.21 8.00 good
7.4 0.26 8.00 good
6.5 0.23 8.00 good
7.3 0.26 8.00 good
5.9 0.33 6.00 bad
7.0 0.29 8.00 bad
4.8 0.05 4.00 bad
5.7 0.19 6.00 bad
7.0 0.36 8.00 good
7.8 0.24 8.00 good
5.5 0.24 6.00 bad
6.7 0.33 6.00 bad
3.3 0.06 2.00 bad
6.0 0.26 6.00 good
6.1 0.20 6.00 bad
6.8 0.19 8.00 bad
5.1 0.14 6.00 good