AddListCount Median Kurtosis Class
92
3 4 6 7 8 10 12 15 16 21 22 25 26 27 29 31 34 39 40 41 43 44 45 50 51 53 54 55 56 57 58 61 62 64 68 72 75 76 77 78 82 86 88 90 91 92 94 95 96 98 100 101 102 103 104 106 108 109 110 111 112 113 115 116 118 119 120 121 122 125 126 127 128 129 130 131 133 134 135 136 137 138 139 141 142 143 144 146 147 148 150 153
38 6.00 155.27 bad
22 6.00 113.07 bad
42 6.00 75.15 good
8 6.00 181.37 bad
53 6.00 196.73 bad
25 6.00 143.84 bad
12 6.00 114.51 bad
204 6.00 188.48 bad
25 6.00 87.54 good
12 4.00 66.70 bad
61 6.00 468.11 bad
2 4.00 28.01 bad
32 6.00 249.04 bad
31 4.00 40.03 good
68 8.00 194.89 good
6 6.00 211.54 good
24 6.00 192.82 bad
1 2.00 53.89 bad
172 8.00 227.23 good
289 6.00 389.04 good
18 6.00 44.83 good
242 4.00 29.34 good
93 6.00 135.14 bad
7 6.00 119.73 good
42 6.00 339.26 bad
1 4.00 31.11 bad
9 6.00 245.77 good
11 6.00 182.02 bad
13 6.00 74.03 good
551 6.00 94.54 bad
70 8.00 256.16 good
33 8.00 1104.85 good
3 4.00 199.64 bad
10 4.00 59.06 bad
45 8.00 223.96 bad
180 8.00 259.41 good
8 6.00 344.01 good
110 8.00 159.36 good
183 8.00 440.27 bad
57 6.00 147.32 bad
3 4.00 87.78 bad
53 8.00 249.84 bad
321 8.00 118.81 good
4 2.00 25.57 bad
218 8.00 191.97 good
141 8.00 444.03 good
57 8.00 299.63 good
4 6.00 128.84 bad
100 8.00 282.28 good
558 8.00 391.57 good
8 8.00 297.05 bad
65 8.00 286.97 bad
39 6.00 65.28 good
6 6.00 664.54 bad
5 4.00 92.39 bad
102 6.00 114.14 good
1586 10.00 1238.93 good
34 6.00 170.95 bad
31 6.00 131.59 bad
53 6.00 113.09 good
63 6.00 84.03 bad
25 6.00 164.81 bad
76 6.00 125.49 bad
7 6.00 138.45 good
112 6.00 387.39 bad
274 8.00 297.36 good
15 6.00 75.21 good
14 4.00 102.63 bad
126 8.00 313.76 bad
149 10.00 1797.82 good
48 8.00 76.64 good
146 8.00 319.05 good
108 8.00 82.37 good
510 8.00 209.65 good
11 6.00 73.99 bad
5 4.00 58.14 good
1 6.00 194.01 bad
168 8.00 176.74 good
293 8.00 234.30 bad
9 4.00 63.17 bad
303 8.00 478.73 good
53 6.00 56.35 bad
206 8.00 304.97 good
19 8.00 311.51 bad
365 8.00 364.52 good
42 6.00 86.23 bad
103 6.00 97.95 bad
710 8.00 402.15 good
26 4.00 40.59 good
54 2.00 9.99 bad
5 6.00 158.29 bad
50 6.00 105.28 good