BookWordCount BookScore FiveStarRate Class
100
0 2 6 7 8 9 10 11 13 15 16 18 22 23 25 26 29 31 32 33 34 35 36 38 39 41 42 43 45 46 47 48 49 51 53 54 57 59 60 61 62 64 65 66 67 68 70 72 73 74 75 76 79 81 82 83 86 87 88 90 91 92 94 96 97 98 99 100 102 103 104 105 106 107 109 112 113 114 115 121 122 123 124 125 126 128 130 131 133 136 137 141 142 143 144 145 146 147 150 153
177.20 6.4 0.15 good
48.30 6.4 0.15 bad
59.60 6.0 0.23 good
38.90 5.8 0.11 bad
143.50 6.5 0.21 bad
21.30 5.4 0.02 bad
82.50 5.8 0.09 bad
13.40 6.9 0.16 bad
27.50 5.5 0.09 bad
257.20 6.6 0.23 bad
135.80 5.7 0.14 good
24.10 6.5 0.28 bad
77.70 6.5 0.11 bad
122.20 4.7 0.06 good
35.90 4.8 0.20 bad
62.70 6.5 0.19 bad
233.90 7.1 0.36 good
78.00 5.8 0.09 good
51.10 6.8 0.13 bad
178.90 6.1 0.15 good
154.60 5.1 0.03 bad
713.10 5.5 0.21 good
87.00 6.7 0.19 bad
80.20 5.9 0.13 bad
22.80 3.5 0.00 bad
168.40 6.7 0.17 good
300.10 5.4 0.11 bad
74.40 5.1 0.14 good
380.50 5.8 0.10 bad
123.50 7.1 0.27 good
49.70 5.3 0.08 bad
281.40 6.8 0.17 bad
44.50 5.9 0.10 bad
84.60 5.9 0.07 bad
53.70 4.0 0.10 bad
13.00 7.0 0.29 good
293.40 6.2 0.18 bad
133.40 6.5 0.25 good
45.10 6.2 0.23 bad
17.00 7.5 0.21 good
49.60 5.3 0.00 bad
54.40 4.4 0.02 bad
72.20 4.8 0.07 bad
34.80 5.9 0.10 bad
16.80 7.6 0.42 good
79.60 6.8 0.22 bad
55.40 5.9 0.20 bad
390.00 7.3 0.35 good
68.60 6.8 0.17 bad
49.30 6.1 0.04 bad
39.60 6.4 0.10 good
46.20 6.8 0.24 good
131.20 5.2 0.10 bad
87.70 5.8 0.13 bad
183.00 5.6 0.22 bad
40.80 6.6 0.22 bad
129.90 7.0 0.26 bad
112.10 6.4 0.27 bad
315.30 6.7 0.30 good
50.40 4.0 0.07 bad
126.20 7.2 0.34 good
116.50 7.8 0.42 good
63.70 7.0 0.23 good
34.10 6.7 0.17 good
22.20 6.5 0.13 good
170.60 7.3 0.29 good
181.90 6.5 0.17 bad
59.90 7.0 0.25 bad
78.10 5.3 0.08 good
21.40 6.6 0.11 bad
150.50 4.9 0.09 bad
198.70 7.4 0.31 good
64.40 6.0 0.16 good
310.00 6.4 0.31 bad
101.10 6.0 0.10 bad
107.80 5.4 0.11 bad
247.80 6.1 0.14 bad
31.70 8.5 0.60 bad
119.20 5.5 0.07 bad
145.90 4.5 0.02 bad
79.20 7.0 0.25 bad
153.40 7.0 0.20 good
223.00 5.6 0.11 good
65.70 8.9 0.67 good
89.70 6.4 0.30 good
296.70 6.5 0.31 good
46.30 5.7 0.17 bad
195.70 4.4 0.06 good
145.80 5.9 0.04 bad
72.70 4.8 0.09 bad
448.70 7.8 0.38 good
25.10 6.9 0.15 bad
518.00 7.8 0.46 good
177.70 5.5 0.10 bad
319.70 5.4 0.09 bad
62.30 6.7 0.08 bad
477.20 7.0 0.19 good
154.00 3.9 0.02 good
44.60 6.1 0.15 bad
73.20 5.7 0.12 good