BookWordCount ThreeStarRate Median Class
95
1 2 3 6 7 8 10 15 16 19 20 21 25 26 27 28 29 30 31 33 35 37 38 39 41 45 46 48 50 51 52 53 55 56 58 59 61 62 64 65 66 68 69 73 75 77 80 81 86 87 89 90 91 92 94 95 96 97 99 100 101 103 106 107 108 109 111 114 115 116 117 119 120 122 123 124 127 128 129 130 132 134 135 137 138 139 140 141 143 144 146 148 151 152 153
289.90 0.23 8.00 good
48.30 0.40 6.00 bad
52.30 0.27 6.00 bad
59.60 0.21 6.00 good
38.90 0.48 6.00 bad
143.50 0.30 6.00 bad
82.50 0.23 6.00 bad
257.20 0.27 6.00 bad
135.80 0.23 6.00 good
122.40 0.22 6.00 bad
82.30 0.15 4.00 good
74.10 0.16 4.00 bad
35.90 0.20 4.00 bad
62.70 0.43 6.00 bad
147.20 0.21 4.00 good
53.00 0.25 8.00 bad
233.90 0.22 8.00 good
150.70 0.32 6.00 bad
78.00 0.33 6.00 good
178.90 0.29 6.00 good
713.10 0.18 6.00 good
51.30 0.20 8.00 bad
80.20 0.27 6.00 bad
22.80 0.16 2.00 bad
168.40 0.34 6.00 good
380.50 0.30 6.00 bad
123.50 0.19 8.00 good
281.40 0.33 6.00 bad
51.90 0.32 6.00 good
84.60 0.37 6.00 bad
76.10 0.15 8.00 bad
53.70 0.14 4.00 bad
106.40 0.33 6.00 bad
40.40 0.32 6.00 good
63.50 0.14 8.00 good
133.40 0.21 6.00 good
17.00 0.25 8.00 good
49.60 0.08 4.00 bad
54.40 0.21 4.00 bad
72.20 0.31 4.00 bad
34.80 0.43 6.00 bad
79.60 0.25 8.00 bad
7.30 0.26 8.00 bad
68.60 0.22 8.00 bad
39.60 0.40 6.00 good
1070.70 0.22 8.00 bad
144.70 0.13 10.00 bad
87.70 0.54 6.00 bad
129.90 0.30 8.00 bad
112.10 0.23 6.00 bad
153.20 0.27 6.00 bad
50.40 0.20 2.00 bad
126.20 0.16 8.00 good
116.50 0.16 8.00 good
63.70 0.23 8.00 good
99.00 0.46 6.00 bad
34.10 0.28 8.00 good
22.20 0.26 8.00 good
181.90 0.34 6.00 bad
59.90 0.34 8.00 bad
219.60 0.26 8.00 bad
21.40 0.50 6.00 bad
64.40 0.27 6.00 good
310.00 0.15 6.00 bad
446.50 0.10 10.00 good
101.10 0.36 6.00 bad
148.90 0.26 6.00 good
31.70 0.09 10.00 bad
119.20 0.35 6.00 bad
118.30 0.42 6.00 good
59.10 0.45 6.00 bad
427.70 0.20 8.00 good
85.80 0.20 6.00 good
79.20 0.28 8.00 bad
153.40 0.37 6.00 good
223.00 0.29 6.00 good
34.20 0.22 8.00 good
296.70 0.13 8.00 good
322.80 0.16 8.00 good
46.30 0.28 6.00 bad
237.20 0.25 6.00 good
179.50 0.21 8.00 good
335.20 0.24 8.00 bad
448.70 0.15 8.00 good
212.90 0.22 6.00 bad
130.30 0.24 8.00 good
43.40 0.07 8.00 bad
25.10 0.19 8.00 bad
177.70 0.22 6.00 bad
319.70 0.27 6.00 bad
477.20 0.27 8.00 good
209.90 0.04 2.00 bad
93.00 0.16 8.00 bad
163.50 0.28 6.00 good
73.20 0.25 6.00 good