BookScoreCount TwoStarRate FourStarRate Class
96
1 2 3 6 7 9 11 13 14 16 17 18 19 21 22 23 25 27 28 30 31 32 33 34 35 36 37 40 41 42 43 45 46 47 48 49 51 52 54 55 57 58 59 62 63 64 65 66 68 69 70 71 73 74 76 77 78 79 80 81 87 88 93 96 97 98 99 101 103 104 105 106 108 109 110 112 114 115 116 117 118 119 124 125 126 128 133 136 137 138 139 143 145 146 147 148
967 0.08 0.36 good
47 0.10 0.24 bad
129 0.12 0.27 bad
187 0.14 0.18 good
27 0.15 0.11 bad
51 0.18 0.30 bad
51 0.04 0.32 bad
48 0.24 0.13 bad
454 0.14 0.19 good
119 0.22 0.20 good
36 0.22 0.23 bad
23 0.17 0.14 bad
250 0.18 0.22 bad
44 0.37 0.14 bad
159 0.15 0.28 bad
116 0.31 0.08 good
11 0.20 0.00 bad
150 0.17 0.15 good
263 0.11 0.31 bad
29 0.18 0.14 bad
44 0.30 0.19 good
292 0.09 0.39 bad
192 0.20 0.23 good
97 0.30 0.13 bad
1909 0.12 0.14 good
223 0.10 0.34 bad
216 0.03 0.44 bad
495 0.12 0.33 good
670 0.14 0.29 good
686 0.17 0.20 bad
81 0.13 0.14 good
299 0.20 0.23 bad
108 0.07 0.33 good
79 0.28 0.22 bad
1248 0.09 0.33 bad
72 0.10 0.23 bad
133 0.30 0.21 bad
1780 0.04 0.30 bad
43 0.05 0.21 good
55 0.28 0.20 bad
2109 0.07 0.29 bad
461 0.05 0.30 good
484 0.21 0.21 good
13 0.50 0.34 bad
91 0.07 0.20 good
45 0.27 0.14 bad
82 0.28 0.07 bad
21 0.14 0.19 bad
153 0.11 0.30 bad
20 0.05 0.42 bad
51 0.10 0.32 bad
248 0.12 0.25 bad
19 0.11 0.39 bad
46 0.22 0.31 bad
429 0.07 0.36 good
745 0.07 0.27 bad
217 0.10 0.24 bad
531 0.19 0.17 bad
714 0.03 0.19 bad
25 0.08 0.08 bad
182 0.09 0.19 bad
1636 0.10 0.23 good
396 0.08 0.34 bad
188 0.11 0.33 good
39 0.03 0.40 good
2113 0.08 0.33 good
942 0.12 0.26 bad
219 0.10 0.27 bad
29 0.08 0.26 bad
25 0.31 0.04 bad
339 0.08 0.33 good
349 0.14 0.24 good
5393 0.02 0.20 good
88 0.14 0.24 bad
112 0.21 0.24 bad
201 0.20 0.15 bad
1114 0.02 0.23 bad
282 0.19 0.19 bad
19 0.12 0.12 good
34 0.11 0.14 bad
274 0.11 0.30 bad
1575 0.06 0.33 good
320 0.19 0.20 good
768 0.02 0.20 good
353 0.06 0.21 good
607 0.08 0.23 good
23 0.13 0.33 bad
68 0.24 0.05 bad
1641 0.05 0.33 good
328 0.10 0.19 bad
1100 0.07 0.36 good
153 0.21 0.24 bad
61 0.10 0.33 bad
2356 0.09 0.37 good
208 0.22 0.09 good
1080 0.03 0.06 bad