ThreeStarRate FourStarRate Mode Class
99
0 1 2 5 6 8 9 10 11 15 16 17 18 20 21 24 25 26 27 29 31 34 35 36 37 38 40 41 42 44 46 47 48 49 50 52 53 55 56 58 59 60 61 62 63 65 67 68 69 70 71 73 75 76 77 79 83 85 89 92 97 98 99 101 102 105 109 110 111 112 114 115 116 117 121 122 123 124 125 126 127 128 129 130 131 132 133 135 136 137 139 140 141 142 144 145 146 149 150
0.28 0.30 8.00 good
0.23 0.36 8.00 good
0.40 0.24 6.00 bad
0.26 0.21 6.00 good
0.21 0.18 2.00 good
0.30 0.22 6.00 bad
0.26 0.30 8.00 bad
0.23 0.27 8.00 bad
0.40 0.32 6.00 bad
0.27 0.25 6.00 bad
0.23 0.20 6.00 good
0.20 0.23 8.00 bad
0.28 0.14 10.00 bad
0.15 0.20 2.00 good
0.16 0.14 4.00 bad
0.36 0.13 6.00 bad
0.20 0.00 2.00 bad
0.43 0.18 6.00 bad
0.21 0.15 2.00 good
0.22 0.20 10.00 good
0.33 0.19 6.00 good
0.39 0.13 6.00 bad
0.18 0.14 2.00 good
0.23 0.34 8.00 bad
0.20 0.44 8.00 bad
0.27 0.17 4.00 bad
0.24 0.33 8.00 good
0.34 0.29 6.00 good
0.26 0.20 2.00 bad
0.11 0.16 2.00 good
0.19 0.33 8.00 good
0.20 0.22 4.00 bad
0.33 0.33 8.00 bad
0.39 0.23 6.00 bad
0.32 0.14 6.00 good
0.15 0.30 10.00 bad
0.14 0.00 2.00 bad
0.33 0.20 6.00 bad
0.32 0.10 6.00 good
0.14 0.30 10.00 good
0.21 0.21 10.00 good
0.18 0.20 10.00 bad
0.25 0.44 8.00 good
0.08 0.34 4.00 bad
0.12 0.20 2.00 good
0.31 0.07 6.00 bad
0.16 0.25 10.00 good
0.25 0.30 8.00 bad
0.26 0.42 8.00 bad
0.04 0.32 2.00 bad
0.25 0.25 8.00 bad
0.22 0.39 8.00 bad
0.40 0.30 6.00 good
0.15 0.36 8.00 good
0.22 0.27 10.00 bad
0.26 0.17 2.00 bad
0.28 0.22 6.00 bad
0.15 0.24 2.00 good
0.27 0.28 8.00 bad
0.16 0.29 10.00 good
0.26 0.40 8.00 good
0.22 0.33 8.00 good
0.34 0.26 6.00 bad
0.26 0.27 10.00 bad
0.26 0.21 2.00 good
0.19 0.33 8.00 good
0.36 0.24 6.00 bad
0.28 0.24 6.00 bad
0.26 0.26 8.00 good
0.30 0.15 6.00 bad
0.09 0.23 10.00 bad
0.35 0.19 6.00 bad
0.42 0.12 6.00 good
0.45 0.14 6.00 bad
0.32 0.08 6.00 bad
0.28 0.29 8.00 bad
0.37 0.30 6.00 good
0.29 0.20 6.00 good
0.08 0.20 10.00 good
0.16 0.21 10.00 good
0.22 0.26 10.00 good
0.13 0.23 10.00 good
0.16 0.26 10.00 good
0.28 0.16 6.00 bad
0.13 0.11 4.00 good
0.25 0.35 8.00 good
0.33 0.33 8.00 bad
0.24 0.29 8.00 bad
0.32 0.05 6.00 bad
0.15 0.33 10.00 good
0.24 0.36 8.00 good
0.07 0.54 8.00 bad
0.19 0.49 8.00 bad
0.15 0.24 10.00 good
0.27 0.18 6.00 bad
0.45 0.33 6.00 bad
0.27 0.37 8.00 good
0.23 0.26 8.00 good
0.35 0.20 6.00 bad