ThreeStarRate FourStarRate FiveStarRate Class
98
0 2 3 4 5 7 9 10 11 14 15 16 18 19 25 26 27 28 29 30 31 32 34 36 37 39 40 41 42 43 44 45 47 48 49 52 53 54 55 57 58 59 60 61 64 65 68 71 72 75 81 85 88 89 90 93 94 96 97 98 102 103 104 106 108 110 112 113 114 117 119 120 121 122 123 124 125 127 128 129 130 131 133 135 136 137 139 140 141 143 144 145 148 149 150 151 152 153
0.28 0.30 0.15 good
0.40 0.24 0.15 bad
0.27 0.27 0.18 bad
0.33 0.25 0.10 bad
0.26 0.21 0.12 good
0.48 0.11 0.11 bad
0.26 0.30 0.02 bad
0.23 0.27 0.09 bad
0.40 0.32 0.16 bad
0.21 0.19 0.20 good
0.27 0.25 0.23 bad
0.23 0.20 0.14 good
0.28 0.14 0.28 bad
0.22 0.22 0.28 bad
0.20 0.00 0.20 bad
0.43 0.18 0.19 bad
0.21 0.15 0.05 good
0.25 0.31 0.27 bad
0.22 0.20 0.36 good
0.32 0.14 0.11 bad
0.33 0.19 0.09 good
0.31 0.39 0.13 bad
0.39 0.13 0.03 bad
0.23 0.34 0.19 bad
0.20 0.44 0.28 bad
0.16 0.05 0.00 bad
0.24 0.33 0.19 good
0.34 0.29 0.17 good
0.26 0.20 0.11 bad
0.24 0.14 0.14 good
0.11 0.16 0.23 good
0.30 0.23 0.10 bad
0.20 0.22 0.08 bad
0.33 0.33 0.17 bad
0.39 0.23 0.10 bad
0.15 0.30 0.42 bad
0.14 0.00 0.10 bad
0.33 0.21 0.29 good
0.33 0.20 0.06 bad
0.21 0.29 0.18 bad
0.14 0.30 0.37 good
0.21 0.21 0.25 good
0.18 0.20 0.23 bad
0.25 0.44 0.21 good
0.21 0.14 0.02 bad
0.31 0.07 0.07 bad
0.25 0.30 0.22 bad
0.25 0.25 0.17 bad
0.26 0.20 0.35 good
0.40 0.30 0.10 good
0.54 0.08 0.13 bad
0.15 0.24 0.10 good
0.18 0.23 0.30 good
0.27 0.28 0.17 bad
0.20 0.07 0.07 bad
0.26 0.34 0.21 bad
0.23 0.33 0.23 good
0.28 0.33 0.17 good
0.26 0.40 0.13 good
0.22 0.33 0.29 good
0.26 0.21 0.08 good
0.50 0.26 0.11 bad
0.34 0.04 0.09 bad
0.27 0.24 0.16 good
0.10 0.20 0.63 good
0.28 0.24 0.10 bad
0.30 0.15 0.11 bad
0.36 0.21 0.14 bad
0.09 0.23 0.60 bad
0.45 0.14 0.09 bad
0.20 0.33 0.29 good
0.20 0.25 0.11 good
0.32 0.08 0.02 bad
0.28 0.29 0.25 bad
0.37 0.30 0.20 good
0.29 0.20 0.11 good
0.08 0.20 0.67 good
0.22 0.26 0.36 good
0.13 0.23 0.31 good
0.16 0.26 0.37 good
0.28 0.16 0.17 bad
0.13 0.11 0.06 good
0.33 0.33 0.04 bad
0.24 0.29 0.26 bad
0.32 0.05 0.09 bad
0.15 0.33 0.38 good
0.24 0.36 0.22 good
0.07 0.54 0.05 bad
0.19 0.49 0.15 bad
0.22 0.24 0.10 bad
0.27 0.18 0.09 bad
0.45 0.33 0.08 bad
0.04 0.06 0.08 bad
0.23 0.26 0.15 good
0.35 0.20 0.15 bad
0.16 0.19 0.37 bad
0.28 0.14 0.09 good
0.25 0.22 0.12 good