BookScore Median Kurtosis Class
98
1 2 3 7 8 10 11 13 14 15 17 18 19 20 21 22 23 24 25 28 30 31 32 33 36 37 38 39 40 43 44 46 48 49 51 52 53 55 56 58 60 61 63 65 66 67 70 72 73 74 75 77 79 80 81 84 85 89 90 91 94 95 96 99 100 101 103 104 105 106 107 110 111 114 115 117 119 120 121 125 126 127 129 130 131 134 135 136 137 139 140 142 143 144 145 147 148 149
7.2 8.00 406.22 good
6.4 6.00 267.71 bad
6.4 6.00 155.27 bad
5.8 6.00 181.37 bad
6.5 6.00 196.73 bad
5.8 6.00 143.84 bad
6.9 6.00 491.68 bad
5.5 6.00 156.17 bad
5.9 6.00 68.44 good
6.6 6.00 188.48 bad
5.6 6.00 80.31 bad
6.5 6.00 137.29 bad
6.7 6.00 181.41 bad
5.3 4.00 48.29 good
4.6 4.00 66.70 bad
6.5 6.00 468.11 bad
4.7 4.00 78.49 good
5.5 6.00 114.10 bad
4.8 4.00 28.01 bad
7.2 8.00 418.19 bad
5.4 6.00 80.73 bad
5.8 6.00 211.54 good
6.8 8.00 404.81 bad
6.1 6.00 163.05 good
6.7 8.00 203.97 bad
7.8 8.00 948.64 bad
5.9 6.00 172.89 bad
3.5 2.00 53.89 bad
6.7 8.00 227.23 good
5.1 6.00 44.83 good
5.4 4.00 29.34 good
7.1 8.00 218.67 good
6.8 6.00 362.40 bad
5.9 6.00 155.38 bad
5.9 6.00 339.26 bad
7.9 8.00 453.60 bad
4.0 4.00 31.11 bad
5.6 6.00 182.02 bad
5.3 6.00 74.03 good
7.5 8.00 256.16 good
6.2 6.00 95.85 bad
7.5 8.00 1104.85 good
6.2 6.00 55.29 good
4.8 4.00 77.07 bad
5.9 6.00 204.65 bad
7.6 8.00 278.88 good
5.9 8.00 49.13 bad
7.3 8.00 259.41 good
6.8 8.00 278.58 bad
6.1 6.00 393.48 bad
6.4 6.00 344.01 good
7.6 8.00 440.27 bad
5.2 6.00 65.93 bad
8.3 10.00 599.56 bad
5.8 6.00 173.53 bad
5.9 6.00 116.65 bad
5.2 4.00 51.21 good
6.4 6.00 208.64 bad
4.0 2.00 25.57 bad
7.2 8.00 191.97 good
7.0 8.00 299.63 good
5.5 6.00 128.84 bad
6.7 8.00 282.28 good
6.5 6.00 243.27 bad
7.0 8.00 297.05 bad
7.1 8.00 286.97 bad
6.6 6.00 664.54 bad
4.9 4.00 92.39 bad
7.4 8.00 385.10 good
6.0 6.00 114.14 good
6.4 6.00 72.91 bad
5.8 6.00 131.59 bad
5.8 6.00 113.09 good
8.5 10.00 875.52 bad
5.5 6.00 125.49 bad
5.5 6.00 132.92 bad
7.3 8.00 297.36 good
5.6 6.00 75.21 good
4.5 4.00 102.63 bad
8.9 10.00 1797.82 good
6.4 8.00 76.64 good
7.4 8.00 319.05 good
7.3 8.00 209.65 good
5.7 6.00 73.99 bad
4.4 4.00 58.14 good
6.5 8.00 176.74 good
7.0 8.00 234.30 bad
4.8 4.00 63.17 bad
7.8 8.00 478.73 good
7.0 8.00 304.97 good
6.4 8.00 361.68 bad
7.8 8.00 364.52 good
5.5 6.00 86.23 bad
5.4 6.00 97.95 bad
6.7 6.00 909.70 bad
3.9 4.00 40.59 good
3.3 2.00 9.99 bad
6.0 6.00 113.50 good