TwoStarRate FiveStarRate Kurtosis Class
104
1 2 3 6 7 8 9 11 12 13 15 16 18 19 20 21 22 23 24 25 26 27 28 30 31 32 33 36 38 40 41 43 48 49 50 52 54 56 57 58 59 61 64 65 67 68 69 70 71 72 73 74 75 76 77 78 79 80 81 83 84 85 88 89 90 93 94 95 99 100 101 102 105 106 107 108 109 110 111 112 115 116 117 119 121 122 123 124 125 126 127 128 129 130 131 132 134 136 138 139 143 148 149 151
0.08 0.25 406.22 good
0.10 0.15 267.71 bad
0.12 0.18 155.27 bad
0.14 0.23 75.15 good
0.15 0.11 181.37 bad
0.16 0.21 196.73 bad
0.18 0.02 110.48 bad
0.04 0.16 491.68 bad
0.08 0.20 114.51 bad
0.24 0.09 156.17 bad
0.13 0.23 188.48 bad
0.22 0.14 87.54 good
0.17 0.28 137.29 bad
0.18 0.28 181.41 bad
0.20 0.13 48.29 good
0.37 0.04 66.70 bad
0.15 0.11 468.11 bad
0.31 0.06 78.49 good
0.21 0.11 114.10 bad
0.20 0.20 28.01 bad
0.09 0.19 249.04 bad
0.17 0.05 40.03 good
0.11 0.27 418.19 bad
0.18 0.11 80.73 bad
0.30 0.09 211.54 good
0.09 0.13 404.81 bad
0.20 0.15 163.05 good
0.10 0.19 203.97 bad
0.35 0.13 172.89 bad
0.12 0.19 227.23 good
0.14 0.17 389.04 good
0.13 0.14 44.83 good
0.09 0.17 362.40 bad
0.10 0.10 155.38 bad
0.28 0.07 119.73 good
0.04 0.42 453.60 bad
0.05 0.29 245.77 good
0.20 0.13 74.03 good
0.07 0.18 94.54 bad
0.05 0.37 256.16 good
0.21 0.25 148.52 good
0.08 0.21 1104.85 good
0.27 0.02 59.06 bad
0.28 0.07 77.07 bad
0.06 0.42 278.88 good
0.11 0.22 223.96 bad
0.05 0.21 758.93 bad
0.10 0.20 49.13 bad
0.12 0.17 106.33 bad
0.08 0.35 259.41 good
0.11 0.17 278.58 bad
0.22 0.04 393.48 bad
0.10 0.10 344.01 good
0.07 0.24 159.36 good
0.07 0.37 440.27 bad
0.10 0.16 147.32 bad
0.19 0.10 65.93 bad
0.03 0.58 599.56 bad
0.08 0.13 173.53 bad
0.17 0.22 188.48 bad
0.14 0.14 116.65 bad
0.19 0.10 51.21 good
0.10 0.30 118.81 good
0.17 0.17 208.64 bad
0.13 0.07 25.57 bad
0.08 0.21 288.02 bad
0.11 0.23 299.63 good
0.23 0.15 128.84 bad
0.12 0.17 243.27 bad
0.02 0.25 297.05 bad
0.10 0.27 286.97 bad
0.14 0.08 65.28 good
0.08 0.31 385.10 good
0.14 0.16 114.14 good
0.12 0.31 72.91 bad
0.02 0.63 1238.93 good
0.14 0.10 170.95 bad
0.21 0.10 131.59 bad
0.16 0.12 113.09 good
0.20 0.11 84.03 bad
0.19 0.07 125.49 bad
0.12 0.17 138.45 good
0.11 0.09 132.92 bad
0.06 0.29 297.36 good
0.30 0.02 102.63 bad
0.10 0.25 313.76 bad
0.08 0.20 502.72 good
0.19 0.11 101.09 good
0.02 0.67 1797.82 good
0.06 0.30 76.64 good
0.06 0.36 319.05 good
0.08 0.31 82.37 good
0.07 0.37 209.65 good
0.13 0.17 73.99 bad
0.41 0.06 58.14 good
0.14 0.13 212.10 good
0.12 0.18 176.74 good
0.24 0.09 63.17 bad
0.10 0.18 56.35 bad
0.07 0.22 304.97 good
0.21 0.10 86.23 bad
0.03 0.08 9.99 bad
0.18 0.15 113.50 good
0.07 0.37 105.22 bad