BookScoreCount TwoStarRate FourStarRate Class
97
0 2 3 5 6 9 11 12 13 14 15 16 19 21 22 23 26 27 28 30 31 36 37 40 42 43 44 45 48 49 50 51 53 54 56 57 58 61 63 64 65 66 69 70 71 73 74 75 77 79 80 81 82 83 84 85 87 89 90 91 92 94 98 99 100 101 102 104 107 108 111 112 114 115 121 122 123 124 125 127 128 130 131 133 134 135 136 137 138 139 140 143 146 147 148 151 152
568 0.15 0.30 good
47 0.10 0.24 bad
129 0.12 0.27 bad
439 0.20 0.21 good
187 0.14 0.18 good
51 0.18 0.30 bad
51 0.04 0.32 bad
25 0.08 0.08 bad
48 0.24 0.13 bad
454 0.14 0.19 good
658 0.13 0.25 bad
119 0.22 0.20 good
250 0.18 0.22 bad
44 0.37 0.14 bad
159 0.15 0.28 bad
116 0.31 0.08 good
100 0.09 0.18 bad
150 0.17 0.15 good
263 0.11 0.31 bad
29 0.18 0.14 bad
44 0.30 0.19 good
223 0.10 0.34 bad
216 0.03 0.44 bad
495 0.12 0.33 good
686 0.17 0.20 bad
81 0.13 0.14 good
1885 0.07 0.16 good
299 0.20 0.23 bad
1248 0.09 0.33 bad
72 0.10 0.23 bad
29 0.28 0.14 good
133 0.30 0.21 bad
22 0.33 0.00 bad
43 0.05 0.21 good
80 0.20 0.10 good
2109 0.07 0.29 bad
461 0.05 0.30 good
86 0.08 0.44 good
91 0.07 0.20 good
45 0.27 0.14 bad
82 0.28 0.07 bad
21 0.14 0.19 bad
20 0.05 0.42 bad
51 0.10 0.32 bad
248 0.12 0.25 bad
19 0.11 0.39 bad
46 0.22 0.31 bad
21 0.10 0.30 good
745 0.07 0.27 bad
531 0.19 0.17 bad
714 0.03 0.19 bad
25 0.08 0.08 bad
31 0.41 0.05 bad
104 0.17 0.22 bad
21 0.14 0.19 bad
356 0.19 0.24 good
182 0.09 0.19 bad
145 0.17 0.28 bad
16 0.13 0.07 bad
654 0.08 0.28 good
527 0.04 0.29 good
218 0.11 0.33 good
2113 0.08 0.33 good
942 0.12 0.26 bad
42 0.02 0.27 bad
219 0.10 0.27 bad
225 0.14 0.21 good
25 0.31 0.04 bad
1184 0.12 0.17 bad
5393 0.02 0.20 good
182 0.16 0.26 good
201 0.20 0.15 bad
1114 0.02 0.23 bad
282 0.19 0.19 bad
59 0.30 0.08 bad
385 0.10 0.29 bad
93 0.08 0.30 good
320 0.19 0.20 good
768 0.02 0.20 good
387 0.06 0.26 good
607 0.08 0.23 good
82 0.13 0.16 bad
31 0.41 0.11 good
23 0.13 0.33 bad
795 0.12 0.34 good
1310 0.09 0.29 bad
68 0.24 0.05 bad
1641 0.05 0.33 good
328 0.10 0.19 bad
1100 0.07 0.36 good
21 0.30 0.54 bad
153 0.21 0.24 bad
2356 0.09 0.37 good
208 0.22 0.09 good
1080 0.03 0.06 bad
638 0.07 0.19 bad
45 0.19 0.14 good