BookScore Mode Kurtosis Class
91
1 2 4 5 8 11 12 14 15 16 18 20 21 24 25 26 27 31 34 35 36 37 38 39 40 41 43 44 45 47 48 51 52 55 57 59 62 63 64 65 66 70 72 74 75 77 79 80 82 83 85 87 88 90 91 92 94 96 97 98 99 100 102 104 107 110 111 114 115 117 119 120 121 123 124 125 126 127 129 131 133 135 137 138 141 143 146 147 148 149 152
7.2 8.00 406.22 good
6.4 6.00 267.71 bad
5.8 6.00 113.07 bad
5.6 6.00 93.52 good
6.5 6.00 196.73 bad
6.9 6.00 491.68 bad
6.0 6.00 114.51 bad
5.9 2.00 68.44 good
6.6 6.00 188.48 bad
5.7 6.00 87.54 good
6.5 10.00 137.29 bad
5.3 2.00 48.29 good
4.6 4.00 66.70 bad
5.5 6.00 114.10 bad
4.8 2.00 28.01 bad
6.5 6.00 249.04 bad
4.5 2.00 40.03 good
5.8 6.00 211.54 good
5.1 6.00 192.82 bad
5.5 2.00 41.11 good
6.7 8.00 203.97 bad
7.8 8.00 948.64 bad
5.9 4.00 172.89 bad
3.5 2.00 53.89 bad
6.7 8.00 227.23 good
6.7 6.00 389.04 good
5.1 2.00 44.83 good
5.4 2.00 29.34 good
5.8 6.00 135.14 bad
5.3 4.00 85.63 bad
6.8 8.00 362.40 bad
5.9 6.00 339.26 bad
7.9 10.00 453.60 bad
5.6 6.00 182.02 bad
6.2 8.00 94.54 bad
6.5 10.00 148.52 good
5.3 4.00 199.64 bad
6.2 2.00 55.29 good
4.4 2.00 59.06 bad
4.8 6.00 77.07 bad
5.9 6.00 204.65 bad
5.9 2.00 49.13 bad
7.3 10.00 259.41 good
6.1 6.00 393.48 bad
6.4 6.00 344.01 good
7.6 10.00 440.27 bad
5.2 2.00 65.93 bad
8.3 10.00 599.56 bad
5.6 4.00 87.78 bad
6.6 6.00 188.48 bad
5.2 2.00 51.21 good
6.4 10.00 95.46 bad
6.7 10.00 118.81 good
4.0 2.00 25.57 bad
7.2 10.00 191.97 good
7.8 10.00 444.03 good
7.0 8.00 299.63 good
6.7 8.00 282.28 good
6.5 8.00 198.40 good
7.3 8.00 391.57 good
6.5 6.00 243.27 bad
7.0 6.00 297.05 bad
5.3 2.00 65.28 good
4.9 6.00 92.39 bad
6.4 10.00 72.91 bad
5.8 6.00 131.59 bad
5.8 8.00 113.09 good
8.5 10.00 875.52 bad
5.5 6.00 125.49 bad
5.5 6.00 132.92 bad
7.3 8.00 297.36 good
5.6 8.00 75.21 good
4.5 6.00 102.63 bad
7.0 6.00 502.72 good
5.6 6.00 101.09 good
8.9 10.00 1797.82 good
6.4 10.00 76.64 good
7.4 10.00 319.05 good
7.3 10.00 209.65 good
4.4 4.00 58.14 good
5.9 8.00 194.01 bad
7.0 8.00 234.30 bad
7.8 10.00 478.73 good
5.7 2.00 56.35 bad
6.9 8.00 311.51 bad
5.5 8.00 86.23 bad
7.0 8.00 402.15 good
3.9 2.00 40.59 good
3.3 2.00 9.99 bad
6.0 8.00 113.50 good
5.1 2.00 62.68 good