BookScoreCount AddListCount ThreeStarRate Class
92
2 3 4 5 6 11 12 14 15 16 17 18 19 22 23 26 27 28 29 30 31 33 37 39 40 41 42 43 44 45 47 49 50 51 52 55 56 57 59 64 65 67 68 70 71 72 73 78 79 80 81 82 83 84 85 88 90 91 92 93 94 96 97 98 99 100 101 103 104 105 107 108 110 111 112 113 119 120 122 124 125 130 131 133 135 136 138 139 140 141 146 149
47 12 0.40 bad
129 38 0.27 bad
78 22 0.33 bad
439 122 0.26 good
187 42 0.21 good
51 15 0.40 bad
25 12 0.44 bad
454 136 0.21 good
658 204 0.27 bad
119 25 0.23 good
36 10 0.20 bad
23 7 0.28 bad
250 70 0.22 bad
159 61 0.40 bad
116 32 0.28 good
100 32 0.43 bad
150 31 0.21 good
263 73 0.25 bad
290 68 0.22 good
29 9 0.32 bad
44 6 0.33 good
192 49 0.29 good
216 106 0.20 bad
20 1 0.16 bad
495 172 0.24 good
670 289 0.34 good
686 215 0.26 bad
81 18 0.24 good
1885 242 0.11 good
299 93 0.30 bad
79 20 0.20 bad
72 13 0.39 bad
29 7 0.32 good
133 42 0.37 bad
1780 446 0.15 bad
55 11 0.33 bad
80 13 0.32 good
2109 551 0.21 bad
484 138 0.21 good
45 10 0.21 bad
82 22 0.31 bad
90 17 0.16 good
153 45 0.25 bad
51 2 0.04 bad
248 119 0.25 bad
956 180 0.26 good
19 8 0.22 bad
217 57 0.33 bad
531 94 0.26 bad
714 193 0.13 bad
25 4 0.54 bad
31 3 0.20 bad
104 22 0.28 bad
21 3 0.33 bad
356 55 0.15 good
1636 321 0.18 good
16 4 0.20 bad
654 218 0.16 good
527 141 0.16 good
396 121 0.26 bad
218 57 0.23 good
188 100 0.28 good
39 7 0.26 good
2113 558 0.22 good
942 253 0.34 bad
42 8 0.34 bad
219 65 0.26 bad
29 6 0.50 bad
25 5 0.34 bad
339 98 0.19 good
1184 188 0.15 bad
5393 1586 0.10 good
112 31 0.28 bad
182 53 0.26 good
201 63 0.30 bad
136 25 0.36 bad
1575 274 0.20 good
45 15 0.20 good
385 126 0.28 bad
320 57 0.29 good
768 149 0.08 good
82 11 0.28 bad
31 5 0.13 good
23 1 0.33 bad
1310 293 0.24 bad
68 9 0.32 bad
328 53 0.22 bad
1100 206 0.24 good
21 7 0.07 bad
83 19 0.19 bad
2356 710 0.27 good
674 178 0.23 good