BookWordCount TwoStarRate FourStarRate Class
98
0 1 2 3 4 5 6 7 8 9 10 11 12 13 15 17 18 20 21 22 23 24 26 27 28 31 32 34 35 36 37 38 39 41 42 45 46 49 50 51 52 54 55 56 57 61 63 65 66 68 73 74 76 82 83 84 85 86 88 89 92 93 95 96 99 100 103 104 107 108 113 114 117 120 121 122 123 124 126 128 131 132 133 134 135 137 139 140 141 142 144 145 146 147 148 150 151 153
177.20 0.15 0.30 good
289.90 0.08 0.36 good
48.30 0.10 0.24 bad
52.30 0.12 0.27 bad
139.00 0.09 0.25 bad
158.50 0.20 0.21 good
59.60 0.14 0.18 good
38.90 0.15 0.11 bad
143.50 0.16 0.22 bad
21.30 0.18 0.30 bad
82.50 0.26 0.27 bad
13.40 0.04 0.32 bad
21.80 0.08 0.08 bad
27.50 0.24 0.13 bad
257.20 0.13 0.25 bad
33.60 0.22 0.23 bad
24.10 0.17 0.14 bad
82.30 0.20 0.20 good
74.10 0.37 0.14 bad
77.70 0.15 0.28 bad
122.20 0.31 0.08 good
74.80 0.21 0.13 bad
62.70 0.09 0.18 bad
147.20 0.17 0.15 good
53.00 0.11 0.31 bad
78.00 0.30 0.19 good
51.10 0.09 0.39 bad
154.60 0.30 0.13 bad
713.10 0.12 0.14 good
87.00 0.10 0.34 bad
51.30 0.03 0.44 bad
80.20 0.35 0.17 bad
22.80 0.26 0.05 bad
168.40 0.14 0.29 good
300.10 0.17 0.20 bad
380.50 0.20 0.23 bad
123.50 0.07 0.33 good
44.50 0.10 0.23 bad
51.90 0.28 0.14 good
84.60 0.30 0.21 bad
76.10 0.04 0.30 bad
13.00 0.05 0.21 good
106.40 0.28 0.20 bad
40.40 0.20 0.10 good
293.40 0.07 0.29 bad
17.00 0.08 0.44 good
108.60 0.07 0.20 good
72.20 0.28 0.07 bad
34.80 0.14 0.19 bad
79.60 0.11 0.30 bad
68.60 0.11 0.39 bad
49.30 0.22 0.31 bad
46.20 0.07 0.36 good
183.00 0.41 0.05 bad
40.80 0.17 0.22 bad
30.00 0.14 0.19 bad
87.20 0.19 0.24 good
129.90 0.03 0.27 bad
315.30 0.10 0.23 good
153.20 0.17 0.28 bad
116.50 0.04 0.29 good
90.50 0.08 0.34 bad
99.00 0.23 0.00 bad
34.10 0.11 0.33 good
181.90 0.12 0.26 bad
59.90 0.02 0.27 bad
21.40 0.08 0.26 bad
150.50 0.31 0.04 bad
310.00 0.12 0.17 bad
446.50 0.02 0.20 good
247.80 0.13 0.21 bad
31.70 0.02 0.23 bad
59.10 0.11 0.14 bad
85.80 0.18 0.25 good
145.90 0.30 0.08 bad
79.20 0.10 0.29 bad
153.40 0.08 0.30 good
223.00 0.19 0.20 good
89.70 0.06 0.21 good
296.70 0.08 0.23 good
195.70 0.41 0.11 good
237.20 0.14 0.35 good
145.80 0.13 0.33 bad
179.50 0.12 0.34 good
335.20 0.09 0.29 bad
448.70 0.05 0.33 good
130.30 0.07 0.36 good
43.40 0.30 0.54 bad
25.10 0.03 0.49 bad
518.00 0.05 0.24 good
319.70 0.25 0.18 bad
62.30 0.10 0.33 bad
477.20 0.09 0.37 good
154.00 0.22 0.09 good
209.90 0.03 0.06 bad
44.60 0.15 0.20 bad
93.00 0.07 0.19 bad
73.20 0.22 0.22 good