BookScore FiveStarRate Kurtosis Class
99
0 2 3 4 6 7 9 10 11 12 14 18 21 22 25 26 27 29 30 33 34 36 37 38 39 40 41 43 45 46 47 48 51 53 55 58 60 62 66 67 69 71 72 74 75 76 79 80 81 82 83 85 86 87 89 90 91 92 93 94 95 97 99 100 101 102 103 104 105 107 109 110 114 116 117 118 120 121 126 127 128 129 130 131 132 133 135 136 138 140 141 142 145 147 148 150 151 152 153
6.4 0.15 200.91 good
6.4 0.15 267.71 bad
6.4 0.18 155.27 bad
5.8 0.10 113.07 bad
6.0 0.23 75.15 good
5.8 0.11 181.37 bad
5.4 0.02 110.48 bad
5.8 0.09 143.84 bad
6.9 0.16 491.68 bad
6.0 0.20 114.51 bad
5.9 0.20 68.44 good
6.5 0.28 137.29 bad
4.6 0.04 66.70 bad
6.5 0.11 468.11 bad
4.8 0.20 28.01 bad
6.5 0.19 249.04 bad
4.5 0.05 40.03 good
7.1 0.36 194.89 good
5.4 0.11 80.73 bad
6.1 0.15 163.05 good
5.1 0.03 192.82 bad
6.7 0.19 203.97 bad
7.8 0.28 948.64 bad
5.9 0.13 172.89 bad
3.5 0.00 53.89 bad
6.7 0.19 227.23 good
6.7 0.17 389.04 good
5.1 0.14 44.83 good
5.8 0.10 135.14 bad
7.1 0.27 218.67 good
5.3 0.08 85.63 bad
6.8 0.17 362.40 bad
5.9 0.07 339.26 bad
4.0 0.10 31.11 bad
5.6 0.06 182.02 bad
7.5 0.37 256.16 good
6.2 0.23 95.85 bad
5.3 0.00 199.64 bad
5.9 0.10 204.65 bad
7.6 0.42 278.88 good
7.4 0.21 758.93 bad
6.1 0.17 106.33 bad
7.3 0.35 259.41 good
6.1 0.04 393.48 bad
6.4 0.10 344.01 good
6.8 0.24 159.36 good
5.2 0.10 65.93 bad
8.3 0.58 599.56 bad
5.8 0.13 173.53 bad
5.6 0.22 87.78 bad
6.6 0.22 188.48 bad
5.2 0.10 51.21 good
7.0 0.26 249.84 bad
6.4 0.27 95.46 bad
6.4 0.17 208.64 bad
4.0 0.07 25.57 bad
7.2 0.34 191.97 good
7.8 0.42 444.03 good
6.9 0.21 288.02 bad
7.0 0.23 299.63 good
5.5 0.15 128.84 bad
6.5 0.13 198.40 good
6.5 0.17 243.27 bad
7.0 0.25 297.05 bad
7.1 0.27 286.97 bad
5.3 0.08 65.28 good
6.6 0.11 664.54 bad
4.9 0.09 92.39 bad
7.4 0.31 385.10 good
6.4 0.31 72.91 bad
6.0 0.10 170.95 bad
5.8 0.10 131.59 bad
8.5 0.60 875.52 bad
6.0 0.17 138.45 good
5.5 0.09 132.92 bad
6.5 0.11 387.39 bad
5.6 0.11 75.21 good
4.5 0.02 102.63 bad
6.4 0.30 76.64 good
7.4 0.36 319.05 good
6.5 0.31 82.37 good
7.3 0.37 209.65 good
5.7 0.17 73.99 bad
4.4 0.06 58.14 good
6.4 0.13 212.10 good
5.9 0.04 194.01 bad
7.0 0.26 234.30 bad
4.8 0.09 63.17 bad
5.7 0.18 56.35 bad
6.4 0.05 361.68 bad
6.9 0.15 311.51 bad
7.8 0.46 364.52 good
6.7 0.08 909.70 bad
3.9 0.02 40.59 good
3.3 0.08 9.99 bad
6.1 0.15 158.29 bad
6.8 0.37 105.22 bad
5.1 0.09 62.68 good
5.7 0.12 105.28 good