BookScore Mode Kurtosis Class
99
3 4 7 8 9 10 12 13 14 15 16 17 18 19 20 21 23 24 25 27 28 29 30 32 33 37 39 41 42 44 45 46 47 48 49 51 54 55 56 57 58 60 61 63 65 66 67 68 70 73 76 78 79 84 85 86 87 88 89 93 96 99 101 104 106 107 109 110 111 113 115 118 120 121 122 123 124 125 126 127 128 129 130 132 133 134 135 138 139 141 143 144 146 147 148 149 151 152 153
6.4 8.00 155.27 bad
5.8 6.00 113.07 bad
5.8 6.00 181.37 bad
6.5 6.00 196.73 bad
5.4 8.00 110.48 bad
5.8 8.00 143.84 bad
6.0 6.00 114.51 bad
5.5 6.00 156.17 bad
5.9 2.00 68.44 good
6.6 6.00 188.48 bad
5.7 6.00 87.54 good
5.6 8.00 80.31 bad
6.5 10.00 137.29 bad
6.7 10.00 181.41 bad
5.3 2.00 48.29 good
4.6 4.00 66.70 bad
4.7 4.00 78.49 good
5.5 6.00 114.10 bad
4.8 2.00 28.01 bad
4.5 2.00 40.03 good
7.2 8.00 418.19 bad
7.1 10.00 194.89 good
5.4 6.00 80.73 bad
6.8 8.00 404.81 bad
6.1 6.00 163.05 good
7.8 8.00 948.64 bad
3.5 2.00 53.89 bad
6.7 6.00 389.04 good
5.4 2.00 74.29 bad
5.4 2.00 29.34 good
5.8 6.00 135.14 bad
7.1 8.00 218.67 good
5.3 4.00 85.63 bad
6.8 8.00 362.40 bad
5.9 6.00 155.38 bad
5.9 6.00 339.26 bad
7.0 6.00 245.77 good
5.6 6.00 182.02 bad
5.3 6.00 74.03 good
6.2 8.00 94.54 bad
7.5 10.00 256.16 good
6.2 10.00 95.85 bad
7.5 8.00 1104.85 good
6.2 2.00 55.29 good
4.8 6.00 77.07 bad
5.9 6.00 204.65 bad
7.6 10.00 278.88 good
6.8 8.00 223.96 bad
5.9 2.00 49.13 bad
6.8 8.00 278.58 bad
6.8 8.00 159.36 good
6.2 6.00 147.32 bad
5.2 2.00 65.93 bad
5.9 6.00 116.65 bad
5.2 2.00 51.21 good
7.0 6.00 249.84 bad
6.4 10.00 95.46 bad
6.7 10.00 118.81 good
6.4 8.00 208.64 bad
6.9 8.00 288.02 bad
6.7 8.00 282.28 good
6.5 6.00 243.27 bad
7.1 10.00 286.97 bad
4.9 6.00 92.39 bad
6.0 6.00 114.14 good
6.4 10.00 72.91 bad
6.0 6.00 170.95 bad
5.8 6.00 131.59 bad
5.8 8.00 113.09 good
6.1 6.00 164.81 bad
5.5 6.00 125.49 bad
6.5 6.00 387.39 bad
5.6 8.00 75.21 good
4.5 6.00 102.63 bad
7.0 8.00 313.76 bad
7.0 6.00 502.72 good
5.6 6.00 101.09 good
8.9 10.00 1797.82 good
6.4 10.00 76.64 good
7.4 10.00 319.05 good
6.5 10.00 82.37 good
7.3 10.00 209.65 good
5.7 6.00 73.99 bad
6.4 8.00 212.10 good
5.9 8.00 194.01 bad
6.5 8.00 176.74 good
7.0 8.00 234.30 bad
5.7 2.00 56.35 bad
7.0 8.00 304.97 good
6.9 8.00 311.51 bad
5.5 8.00 86.23 bad
5.4 6.00 97.95 bad
7.0 8.00 402.15 good
3.9 2.00 40.59 good
3.3 2.00 9.99 bad
6.0 8.00 113.50 good
6.8 10.00 105.22 bad
5.1 2.00 62.68 good
5.7 6.00 105.28 good