BookScoreCount TwoStarRate ThreeStarRate Class
97
0 1 2 3 5 7 9 11 14 16 17 18 19 21 22 23 25 26 29 30 31 32 35 36 39 41 43 44 45 47 48 49 50 56 57 58 60 61 62 65 66 67 69 72 74 75 76 77 79 80 81 82 83 84 85 87 88 89 90 91 93 94 95 97 98 100 101 103 104 105 107 108 111 113 114 116 117 118 119 120 121 123 125 127 128 130 131 133 134 136 139 141 143 144 146 151 153
568 0.15 0.28 good
967 0.08 0.23 good
47 0.10 0.40 bad
129 0.12 0.27 bad
439 0.20 0.26 good
27 0.15 0.48 bad
51 0.18 0.26 bad
51 0.04 0.40 bad
454 0.14 0.21 good
119 0.22 0.23 good
36 0.22 0.20 bad
23 0.17 0.28 bad
250 0.18 0.22 bad
44 0.37 0.16 bad
159 0.15 0.40 bad
116 0.31 0.28 good
11 0.20 0.20 bad
100 0.09 0.43 bad
290 0.10 0.22 good
29 0.18 0.32 bad
44 0.30 0.33 good
292 0.09 0.31 bad
1909 0.12 0.18 good
223 0.10 0.23 bad
20 0.26 0.16 bad
670 0.14 0.34 good
81 0.13 0.24 good
1885 0.07 0.11 good
299 0.20 0.30 bad
79 0.28 0.20 bad
1248 0.09 0.33 bad
72 0.10 0.39 bad
29 0.28 0.32 good
80 0.20 0.32 good
2109 0.07 0.21 bad
461 0.05 0.14 good
108 0.21 0.18 bad
86 0.08 0.25 good
13 0.50 0.08 bad
82 0.28 0.31 bad
21 0.14 0.43 bad
90 0.06 0.16 good
20 0.05 0.26 bad
956 0.08 0.26 good
46 0.22 0.36 bad
21 0.10 0.40 good
429 0.07 0.15 good
745 0.07 0.22 bad
531 0.19 0.26 bad
714 0.03 0.13 bad
25 0.08 0.54 bad
31 0.41 0.20 bad
104 0.17 0.28 bad
21 0.14 0.33 bad
356 0.19 0.15 good
182 0.09 0.23 bad
1636 0.10 0.18 good
145 0.17 0.27 bad
16 0.13 0.20 bad
654 0.08 0.16 good
396 0.08 0.26 bad
218 0.11 0.23 good
13 0.23 0.46 bad
39 0.03 0.26 good
2113 0.08 0.22 good
42 0.02 0.34 bad
219 0.10 0.26 bad
29 0.08 0.50 bad
25 0.31 0.34 bad
339 0.08 0.19 good
1184 0.12 0.15 bad
5393 0.02 0.10 good
182 0.16 0.26 good
136 0.13 0.36 bad
1114 0.02 0.09 bad
19 0.12 0.42 good
34 0.11 0.45 bad
274 0.11 0.39 bad
1575 0.06 0.20 good
45 0.18 0.20 good
59 0.30 0.32 bad
93 0.08 0.37 good
768 0.02 0.08 good
387 0.06 0.22 good
607 0.08 0.13 good
82 0.13 0.28 bad
31 0.41 0.13 good
23 0.13 0.33 bad
795 0.12 0.21 good
68 0.24 0.32 bad
1100 0.07 0.24 good
83 0.03 0.19 bad
153 0.21 0.22 bad
364 0.25 0.27 bad
2356 0.09 0.27 good
638 0.07 0.16 bad
209 0.22 0.25 good