BookScore AddListCount Kurtosis Class
94
1 2 3 5 6 7 8 10 11 12 14 16 18 19 20 21 23 24 25 26 27 29 30 31 32 35 42 43 44 46 50 51 54 55 57 58 59 60 62 64 65 66 68 71 72 73 74 75 76 78 79 81 82 83 84 86 87 89 92 98 99 100 101 102 103 106 107 109 110 111 112 114 115 116 117 118 121 122 123 127 128 129 130 131 133 134 136 138 139 140 142 143 144 149
7.2 492 406.22 good
6.4 12 267.71 bad
6.4 38 155.27 bad
5.6 122 93.52 good
6.0 42 75.15 good
5.8 8 181.37 bad
6.5 53 196.73 bad
5.8 25 143.84 bad
6.9 15 491.68 bad
6.0 12 114.51 bad
5.9 136 68.44 good
5.7 25 87.54 good
6.5 7 137.29 bad
6.7 70 181.41 bad
5.3 17 48.29 good
4.6 12 66.70 bad
4.7 32 78.49 good
5.5 23 114.10 bad
4.8 2 28.01 bad
6.5 32 249.04 bad
4.5 31 40.03 good
7.1 68 194.89 good
5.4 9 80.73 bad
5.8 6 211.54 good
6.8 111 404.81 bad
5.5 254 41.11 good
5.4 215 74.29 bad
5.1 18 44.83 good
5.4 242 29.34 good
7.1 28 218.67 good
5.3 7 119.73 good
5.9 42 339.26 bad
7.0 9 245.77 good
5.6 11 182.02 bad
6.2 551 94.54 bad
7.5 70 256.16 good
6.5 138 148.52 good
6.2 19 95.85 bad
5.3 3 199.64 bad
4.4 10 59.06 bad
4.8 22 77.07 bad
5.9 2 204.65 bad
6.8 45 223.96 bad
6.1 119 106.33 bad
7.3 180 259.41 good
6.8 8 278.58 bad
6.1 16 393.48 bad
6.4 8 344.01 good
6.8 110 159.36 good
6.2 57 147.32 bad
5.2 94 65.93 bad
5.8 4 173.53 bad
5.6 3 87.78 bad
6.6 22 188.48 bad
5.9 3 116.65 bad
7.0 53 249.84 bad
6.4 65 95.46 bad
6.4 49 208.64 bad
7.8 141 444.03 good
7.3 558 391.57 good
6.5 253 243.27 bad
7.0 8 297.05 bad
7.1 65 286.97 bad
5.3 39 65.28 good
6.6 6 664.54 bad
6.0 102 114.14 good
6.4 188 72.91 bad
6.0 34 170.95 bad
5.8 31 131.59 bad
5.8 53 113.09 good
5.4 63 84.03 bad
8.5 218 875.52 bad
5.5 76 125.49 bad
6.0 7 138.45 good
5.5 5 132.92 bad
6.5 112 387.39 bad
4.5 14 102.63 bad
7.0 126 313.76 bad
7.0 32 502.72 good
7.4 146 319.05 good
6.5 108 82.37 good
7.3 510 209.65 good
5.7 11 73.99 bad
4.4 5 58.14 good
5.9 1 194.01 bad
6.5 168 176.74 good
4.8 9 63.17 bad
5.7 53 56.35 bad
7.0 206 304.97 good
6.4 7 361.68 bad
7.8 365 364.52 good
5.5 42 86.23 bad
5.4 103 97.95 bad
6.0 178 113.50 good