TwoStarRate FourStarRate Mode Class
98
0 1 2 5 7 8 9 12 15 17 19 20 22 24 25 26 30 33 34 35 38 40 41 42 43 46 47 48 50 52 53 56 60 62 63 65 66 67 68 70 71 72 73 74 75 77 78 79 81 82 83 85 86 87 89 91 92 94 95 96 97 98 99 100 101 103 105 107 109 112 113 115 116 117 118 119 120 121 122 124 125 129 130 132 136 137 138 139 140 142 144 145 146 147 148 149 150 153
0.15 0.30 8.00 good
0.08 0.36 8.00 good
0.10 0.24 6.00 bad
0.20 0.21 6.00 good
0.15 0.11 6.00 bad
0.16 0.22 6.00 bad
0.18 0.30 8.00 bad
0.08 0.08 6.00 bad
0.13 0.25 6.00 bad
0.22 0.23 8.00 bad
0.18 0.22 10.00 bad
0.20 0.20 2.00 good
0.15 0.28 6.00 bad
0.21 0.13 6.00 bad
0.20 0.00 2.00 bad
0.09 0.18 6.00 bad
0.18 0.14 6.00 bad
0.20 0.23 6.00 good
0.30 0.13 6.00 bad
0.12 0.14 2.00 good
0.35 0.17 4.00 bad
0.12 0.33 8.00 good
0.14 0.29 6.00 good
0.17 0.20 2.00 bad
0.13 0.14 2.00 good
0.07 0.33 8.00 good
0.28 0.22 4.00 bad
0.09 0.33 8.00 bad
0.28 0.14 6.00 good
0.04 0.30 10.00 bad
0.33 0.00 2.00 bad
0.20 0.10 6.00 good
0.21 0.20 10.00 bad
0.50 0.34 4.00 bad
0.07 0.20 2.00 good
0.28 0.07 6.00 bad
0.14 0.19 6.00 bad
0.06 0.25 10.00 good
0.11 0.30 8.00 bad
0.10 0.32 2.00 bad
0.12 0.25 8.00 bad
0.08 0.20 10.00 good
0.11 0.39 8.00 bad
0.22 0.31 6.00 bad
0.10 0.30 6.00 good
0.07 0.27 10.00 bad
0.10 0.24 6.00 bad
0.19 0.17 2.00 bad
0.08 0.08 6.00 bad
0.41 0.05 4.00 bad
0.17 0.22 6.00 bad
0.19 0.24 2.00 good
0.03 0.27 6.00 bad
0.09 0.19 10.00 bad
0.17 0.28 8.00 bad
0.08 0.28 10.00 good
0.04 0.29 10.00 good
0.11 0.33 8.00 good
0.23 0.00 6.00 bad
0.11 0.33 8.00 good
0.03 0.40 8.00 good
0.08 0.33 8.00 good
0.12 0.26 6.00 bad
0.02 0.27 6.00 bad
0.10 0.27 10.00 bad
0.08 0.26 6.00 bad
0.08 0.33 8.00 good
0.12 0.17 10.00 bad
0.14 0.24 6.00 bad
0.20 0.15 6.00 bad
0.13 0.21 6.00 bad
0.19 0.19 6.00 bad
0.12 0.12 6.00 good
0.11 0.14 6.00 bad
0.11 0.30 6.00 bad
0.06 0.33 8.00 good
0.18 0.25 8.00 good
0.30 0.08 6.00 bad
0.10 0.29 8.00 bad
0.19 0.20 6.00 good
0.02 0.20 10.00 good
0.07 0.26 10.00 good
0.13 0.16 6.00 bad
0.14 0.35 8.00 good
0.24 0.05 6.00 bad
0.05 0.33 10.00 good
0.10 0.19 2.00 bad
0.07 0.36 8.00 good
0.30 0.54 8.00 bad
0.05 0.24 10.00 good
0.25 0.18 6.00 bad
0.10 0.33 6.00 bad
0.09 0.37 8.00 good
0.22 0.09 2.00 good
0.03 0.06 2.00 bad
0.18 0.26 8.00 good
0.15 0.20 6.00 bad
0.22 0.22 6.00 good