TwoStarRate FiveStarRate Kurtosis Class
104
1 2 3 4 5 6 8 9 10 12 14 15 16 17 19 22 25 26 28 29 30 31 33 34 36 39 40 41 42 43 46 47 48 49 50 51 52 53 55 56 58 59 61 62 63 64 65 66 67 68 70 73 75 76 77 78 80 81 82 85 86 87 89 90 92 93 95 99 100 102 104 105 107 109 111 112 113 115 117 119 120 122 123 124 126 128 129 130 132 134 135 136 137 139 140 141 143 144 145 146 147 148 149 150
0.08 0.25 406.22 good
0.10 0.15 267.71 bad
0.12 0.18 155.27 bad
0.09 0.10 113.07 bad
0.20 0.12 93.52 good
0.14 0.23 75.15 good
0.16 0.21 196.73 bad
0.18 0.02 110.48 bad
0.26 0.09 143.84 bad
0.08 0.20 114.51 bad
0.14 0.20 68.44 good
0.13 0.23 188.48 bad
0.22 0.14 87.54 good
0.22 0.12 80.31 bad
0.18 0.28 181.41 bad
0.15 0.11 468.11 bad
0.20 0.20 28.01 bad
0.09 0.19 249.04 bad
0.11 0.27 418.19 bad
0.10 0.36 194.89 good
0.18 0.11 80.73 bad
0.30 0.09 211.54 good
0.20 0.15 163.05 good
0.30 0.03 192.82 bad
0.10 0.19 203.97 bad
0.26 0.00 53.89 bad
0.12 0.19 227.23 good
0.14 0.17 389.04 good
0.17 0.11 74.29 bad
0.13 0.14 44.83 good
0.07 0.27 218.67 good
0.28 0.08 85.63 bad
0.09 0.17 362.40 bad
0.10 0.10 155.38 bad
0.28 0.07 119.73 good
0.30 0.07 339.26 bad
0.04 0.42 453.60 bad
0.33 0.10 31.11 bad
0.28 0.06 182.02 bad
0.20 0.13 74.03 good
0.05 0.37 256.16 good
0.21 0.25 148.52 good
0.08 0.21 1104.85 good
0.50 0.00 199.64 bad
0.07 0.30 55.29 good
0.27 0.02 59.06 bad
0.28 0.07 77.07 bad
0.14 0.10 204.65 bad
0.06 0.42 278.88 good
0.11 0.22 223.96 bad
0.10 0.20 49.13 bad
0.11 0.17 278.58 bad
0.10 0.10 344.01 good
0.07 0.24 159.36 good
0.07 0.37 440.27 bad
0.10 0.16 147.32 bad
0.03 0.58 599.56 bad
0.08 0.13 173.53 bad
0.41 0.22 87.78 bad
0.19 0.10 51.21 good
0.03 0.26 249.84 bad
0.09 0.27 95.46 bad
0.17 0.17 208.64 bad
0.13 0.07 25.57 bad
0.04 0.42 444.03 good
0.08 0.21 288.02 bad
0.23 0.15 128.84 bad
0.12 0.17 243.27 bad
0.02 0.25 297.05 bad
0.14 0.08 65.28 good
0.31 0.09 92.39 bad
0.08 0.31 385.10 good
0.12 0.31 72.91 bad
0.14 0.10 170.95 bad
0.16 0.12 113.09 good
0.20 0.11 84.03 bad
0.13 0.14 164.81 bad
0.19 0.07 125.49 bad
0.11 0.09 132.92 bad
0.06 0.29 297.36 good
0.18 0.11 75.21 good
0.10 0.25 313.76 bad
0.08 0.20 502.72 good
0.19 0.11 101.09 good
0.06 0.30 76.64 good
0.08 0.31 82.37 good
0.07 0.37 209.65 good
0.13 0.17 73.99 bad
0.14 0.13 212.10 good
0.12 0.18 176.74 good
0.09 0.26 234.30 bad
0.24 0.09 63.17 bad
0.05 0.38 478.73 good
0.07 0.22 304.97 good
0.30 0.05 361.68 bad
0.03 0.15 311.51 bad
0.21 0.10 86.23 bad
0.25 0.09 97.95 bad
0.10 0.08 909.70 bad
0.09 0.19 402.15 good
0.22 0.02 40.59 good
0.03 0.08 9.99 bad
0.18 0.15 113.50 good
0.15 0.15 158.29 bad