BookScoreCount TwoStarRate ThreeStarRate Class
98
0 2 3 4 7 8 10 13 14 15 16 17 18 19 20 21 23 25 28 30 32 33 37 38 39 40 42 43 44 45 48 49 50 51 52 53 54 55 56 58 59 61 66 67 68 70 71 76 77 78 79 80 81 82 83 84 85 86 87 90 91 93 95 96 97 99 100 101 103 104 106 108 109 110 111 112 114 115 116 118 120 121 123 124 125 126 128 129 133 134 136 137 139 140 142 143 149 152
568 0.15 0.28 good
47 0.10 0.40 bad
129 0.12 0.27 bad
78 0.09 0.33 bad
27 0.15 0.48 bad
177 0.16 0.30 bad
78 0.26 0.23 bad
48 0.24 0.39 bad
454 0.14 0.21 good
658 0.13 0.27 bad
119 0.22 0.23 good
36 0.22 0.20 bad
23 0.17 0.28 bad
250 0.18 0.22 bad
112 0.20 0.15 good
44 0.37 0.16 bad
116 0.31 0.28 good
11 0.20 0.20 bad
263 0.11 0.25 bad
29 0.18 0.32 bad
292 0.09 0.31 bad
192 0.20 0.29 good
216 0.03 0.20 bad
63 0.35 0.27 bad
20 0.26 0.16 bad
495 0.12 0.24 good
686 0.17 0.26 bad
81 0.13 0.24 good
1885 0.07 0.11 good
299 0.20 0.30 bad
1248 0.09 0.33 bad
72 0.10 0.39 bad
29 0.28 0.32 good
133 0.30 0.37 bad
1780 0.04 0.15 bad
22 0.33 0.14 bad
43 0.05 0.33 good
55 0.28 0.33 bad
80 0.20 0.32 good
461 0.05 0.14 good
484 0.21 0.21 good
86 0.08 0.25 good
21 0.14 0.43 bad
90 0.06 0.16 good
153 0.11 0.25 bad
51 0.10 0.04 bad
248 0.12 0.25 bad
429 0.07 0.15 good
745 0.07 0.22 bad
217 0.10 0.33 bad
531 0.19 0.26 bad
714 0.03 0.13 bad
25 0.08 0.54 bad
31 0.41 0.20 bad
104 0.17 0.28 bad
21 0.14 0.33 bad
356 0.19 0.15 good
222 0.03 0.30 bad
182 0.09 0.23 bad
16 0.13 0.20 bad
654 0.08 0.16 good
396 0.08 0.26 bad
13 0.23 0.46 bad
188 0.11 0.28 good
39 0.03 0.26 good
942 0.12 0.34 bad
42 0.02 0.34 bad
219 0.10 0.26 bad
29 0.08 0.50 bad
25 0.31 0.34 bad
349 0.14 0.27 good
5393 0.02 0.10 good
88 0.14 0.36 bad
112 0.21 0.28 bad
182 0.16 0.26 good
201 0.20 0.30 bad
1114 0.02 0.09 bad
282 0.19 0.35 bad
19 0.12 0.42 good
274 0.11 0.39 bad
45 0.18 0.20 good
59 0.30 0.32 bad
93 0.08 0.37 good
320 0.19 0.29 good
768 0.02 0.08 good
353 0.06 0.16 good
607 0.08 0.13 good
2063 0.07 0.16 good
23 0.13 0.33 bad
795 0.12 0.21 good
68 0.24 0.32 bad
1641 0.05 0.15 good
1100 0.07 0.24 good
21 0.30 0.07 bad
2366 0.05 0.15 good
153 0.21 0.22 bad
674 0.18 0.23 good
45 0.19 0.28 good