Mode Median Kurtosis Class
100
1 2 3 4 5 8 10 12 14 15 16 18 19 20 21 22 23 24 26 29 30 32 33 36 37 38 40 42 43 45 49 50 51 52 56 57 58 60 61 63 64 68 69 70 72 73 74 75 77 78 79 80 81 84 85 86 88 89 92 94 96 97 98 100 101 102 103 106 107 108 109 110 111 113 115 116 117 119 120 121 122 124 125 126 127 132 134 135 136 137 138 139 141 142 143 145 147 148 150 151
8.00 8.00 406.22 good
6.00 6.00 267.71 bad
8.00 6.00 155.27 bad
6.00 6.00 113.07 bad
6.00 6.00 93.52 good
6.00 6.00 196.73 bad
8.00 6.00 143.84 bad
6.00 6.00 114.51 bad
2.00 6.00 68.44 good
6.00 6.00 188.48 bad
6.00 6.00 87.54 good
10.00 6.00 137.29 bad
10.00 6.00 181.41 bad
2.00 4.00 48.29 good
4.00 4.00 66.70 bad
6.00 6.00 468.11 bad
4.00 4.00 78.49 good
6.00 6.00 114.10 bad
6.00 6.00 249.04 bad
10.00 8.00 194.89 good
6.00 6.00 80.73 bad
8.00 8.00 404.81 bad
6.00 6.00 163.05 good
8.00 8.00 203.97 bad
8.00 8.00 948.64 bad
4.00 6.00 172.89 bad
8.00 8.00 227.23 good
2.00 6.00 74.29 bad
2.00 6.00 44.83 good
6.00 6.00 135.14 bad
6.00 6.00 155.38 bad
6.00 6.00 119.73 good
6.00 6.00 339.26 bad
10.00 8.00 453.60 bad
6.00 6.00 74.03 good
8.00 6.00 94.54 bad
10.00 8.00 256.16 good
10.00 6.00 95.85 bad
8.00 8.00 1104.85 good
2.00 6.00 55.29 good
2.00 4.00 59.06 bad
8.00 8.00 223.96 bad
8.00 8.00 758.93 bad
2.00 8.00 49.13 bad
10.00 8.00 259.41 good
8.00 8.00 278.58 bad
6.00 6.00 393.48 bad
6.00 6.00 344.01 good
10.00 8.00 440.27 bad
6.00 6.00 147.32 bad
2.00 6.00 65.93 bad
10.00 10.00 599.56 bad
6.00 6.00 173.53 bad
6.00 6.00 116.65 bad
2.00 4.00 51.21 good
6.00 8.00 249.84 bad
10.00 8.00 118.81 good
8.00 6.00 208.64 bad
10.00 8.00 444.03 good
8.00 8.00 299.63 good
8.00 8.00 282.28 good
8.00 8.00 198.40 good
8.00 8.00 391.57 good
6.00 8.00 297.05 bad
10.00 8.00 286.97 bad
2.00 6.00 65.28 good
6.00 6.00 664.54 bad
6.00 6.00 114.14 good
10.00 6.00 72.91 bad
10.00 10.00 1238.93 good
6.00 6.00 170.95 bad
6.00 6.00 131.59 bad
8.00 6.00 113.09 good
6.00 6.00 164.81 bad
6.00 6.00 125.49 bad
6.00 6.00 138.45 good
6.00 6.00 132.92 bad
8.00 8.00 297.36 good
8.00 6.00 75.21 good
6.00 4.00 102.63 bad
8.00 8.00 313.76 bad
6.00 6.00 101.09 good
10.00 10.00 1797.82 good
10.00 8.00 76.64 good
10.00 8.00 319.05 good
8.00 6.00 212.10 good
8.00 8.00 176.74 good
8.00 8.00 234.30 bad
6.00 4.00 63.17 bad
10.00 8.00 478.73 good
2.00 6.00 56.35 bad
8.00 8.00 304.97 good
8.00 8.00 311.51 bad
10.00 8.00 364.52 good
8.00 6.00 86.23 bad
6.00 6.00 909.70 bad
2.00 4.00 40.59 good
2.00 2.00 9.99 bad
6.00 6.00 158.29 bad
10.00 8.00 105.22 bad