BookWordCount BookScoreCount Median Class
101
2 3 4 6 12 13 14 15 17 18 19 20 21 25 28 29 30 31 32 33 34 35 36 37 39 40 41 43 44 45 47 48 50 51 52 53 57 58 60 61 62 63 65 67 70 76 78 81 82 83 84 85 86 89 90 92 94 95 97 98 100 102 103 104 106 108 109 111 112 113 114 115 116 117 119 120 121 124 126 127 129 131 132 133 134 136 137 138 139 140 143 144 145 146 147 148 149 150 151 152 153
48.30 47 6.00 bad
52.30 129 6.00 bad
139.00 78 6.00 bad
59.60 187 6.00 good
21.80 25 6.00 bad
27.50 48 6.00 bad
123.80 454 6.00 good
257.20 658 6.00 bad
33.60 36 6.00 bad
24.10 23 6.00 bad
122.40 250 6.00 bad
82.30 112 4.00 good
74.10 44 4.00 bad
35.90 11 4.00 bad
53.00 263 8.00 bad
233.90 290 8.00 good
150.70 29 6.00 bad
78.00 44 6.00 good
51.10 292 8.00 bad
178.90 192 6.00 good
154.60 97 6.00 bad
713.10 1909 6.00 good
87.00 223 8.00 bad
51.30 216 8.00 bad
22.80 20 2.00 bad
153.10 495 8.00 good
168.40 670 6.00 good
74.40 81 6.00 good
296.80 1885 4.00 good
380.50 299 6.00 bad
49.70 79 4.00 bad
281.40 1248 6.00 bad
51.90 29 6.00 good
84.60 133 6.00 bad
76.10 1780 8.00 bad
53.70 22 4.00 bad
293.40 2109 6.00 bad
63.50 461 8.00 good
45.10 108 6.00 bad
17.00 86 8.00 good
49.60 13 4.00 bad
108.60 91 6.00 good
72.20 82 4.00 bad
16.80 90 8.00 good
55.40 51 8.00 bad
46.20 429 8.00 good
70.00 217 6.00 bad
87.70 25 6.00 bad
183.00 31 4.00 bad
40.80 104 6.00 bad
30.00 21 6.00 bad
87.20 356 4.00 good
129.90 222 8.00 bad
153.20 145 6.00 bad
50.40 16 2.00 bad
116.50 527 8.00 good
63.70 218 8.00 good
99.00 13 6.00 bad
22.20 39 8.00 good
170.60 2113 8.00 good
59.90 42 8.00 bad
78.10 225 6.00 good
21.40 29 6.00 bad
150.50 25 4.00 bad
64.40 349 6.00 good
446.50 5393 10.00 good
101.10 88 6.00 bad
148.90 182 6.00 good
107.80 201 6.00 bad
247.80 136 6.00 bad
31.70 1114 10.00 bad
119.20 282 6.00 bad
118.30 19 6.00 good
59.10 34 6.00 bad
427.70 1575 8.00 good
85.80 45 6.00 good
145.90 59 4.00 bad
223.00 320 6.00 good
89.70 353 8.00 good
34.20 387 8.00 good
322.80 2063 8.00 good
195.70 31 4.00 good
237.20 614 6.00 good
145.80 23 6.00 bad
179.50 795 8.00 good
72.70 68 4.00 bad
448.70 1641 8.00 good
212.90 328 6.00 bad
130.30 1100 8.00 good
43.40 21 8.00 bad
177.70 153 6.00 bad
319.70 364 6.00 bad
62.30 61 6.00 bad
477.20 2356 8.00 good
154.00 208 4.00 good
209.90 1080 2.00 bad
382.10 674 6.00 good
44.60 21 6.00 bad
93.00 638 8.00 bad
163.50 45 6.00 good
73.20 209 6.00 good