BookWordCount TwoStarRate Median Class
98
0 1 2 4 6 8 9 10 11 12 13 14 16 18 19 20 23 25 26 27 28 30 31 32 33 35 39 40 41 42 43 44 46 47 49 51 52 53 56 57 59 60 61 62 63 64 66 67 69 73 74 75 76 77 79 80 81 82 83 84 85 90 92 93 95 96 98 99 100 105 106 107 109 110 111 113 114 118 119 120 121 122 124 125 128 130 132 133 134 136 137 140 144 146 147 149 150 153
177.20 0.15 6.00 good
289.90 0.08 8.00 good
48.30 0.10 6.00 bad
139.00 0.09 6.00 bad
59.60 0.14 6.00 good
143.50 0.16 6.00 bad
21.30 0.18 6.00 bad
82.50 0.26 6.00 bad
13.40 0.04 6.00 bad
21.80 0.08 6.00 bad
27.50 0.24 6.00 bad
123.80 0.14 6.00 good
135.80 0.22 6.00 good
24.10 0.17 6.00 bad
122.40 0.18 6.00 bad
82.30 0.20 4.00 good
122.20 0.31 4.00 good
35.90 0.20 4.00 bad
62.70 0.09 6.00 bad
147.20 0.17 4.00 good
53.00 0.11 8.00 bad
150.70 0.18 6.00 bad
78.00 0.30 6.00 good
51.10 0.09 8.00 bad
178.90 0.20 6.00 good
713.10 0.12 6.00 good
22.80 0.26 2.00 bad
153.10 0.12 8.00 good
168.40 0.14 6.00 good
300.10 0.17 6.00 bad
74.40 0.13 6.00 good
296.80 0.07 4.00 good
123.50 0.07 8.00 good
49.70 0.28 4.00 bad
44.50 0.10 6.00 bad
84.60 0.30 6.00 bad
76.10 0.04 8.00 bad
53.70 0.33 4.00 bad
40.40 0.20 6.00 good
293.40 0.07 6.00 bad
133.40 0.21 6.00 good
45.10 0.21 6.00 bad
17.00 0.08 8.00 good
49.60 0.50 4.00 bad
108.60 0.07 6.00 good
54.40 0.27 4.00 bad
34.80 0.14 6.00 bad
16.80 0.06 8.00 good
7.30 0.05 8.00 bad
68.60 0.11 8.00 bad
49.30 0.22 6.00 bad
39.60 0.10 6.00 good
46.20 0.07 8.00 good
1070.70 0.07 8.00 bad
131.20 0.19 6.00 bad
144.70 0.03 10.00 bad
87.70 0.08 6.00 bad
183.00 0.41 4.00 bad
40.80 0.17 6.00 bad
30.00 0.14 6.00 bad
87.20 0.19 4.00 good
50.40 0.13 2.00 bad
116.50 0.04 8.00 good
90.50 0.08 8.00 bad
99.00 0.23 6.00 bad
34.10 0.11 8.00 good
170.60 0.08 8.00 good
181.90 0.12 6.00 bad
59.90 0.02 8.00 bad
198.70 0.08 8.00 good
64.40 0.14 6.00 good
310.00 0.12 6.00 bad
101.10 0.14 6.00 bad
133.50 0.21 6.00 bad
148.90 0.16 6.00 good
247.80 0.13 6.00 bad
31.70 0.02 10.00 bad
92.20 0.11 6.00 bad
427.70 0.06 8.00 good
85.80 0.18 6.00 good
145.90 0.30 4.00 bad
79.20 0.10 8.00 bad
223.00 0.19 6.00 good
65.70 0.02 10.00 good
296.70 0.08 8.00 good
46.30 0.13 6.00 bad
237.20 0.14 6.00 good
145.80 0.13 6.00 bad
179.50 0.12 8.00 good
72.70 0.24 4.00 bad
448.70 0.05 8.00 good
43.40 0.30 8.00 bad
319.70 0.25 6.00 bad
477.20 0.09 8.00 good
154.00 0.22 4.00 good
382.10 0.18 6.00 good
44.60 0.15 6.00 bad
73.20 0.22 6.00 good