BookScoreCount FiveStarRate Kurtosis Class
98
0 1 2 3 7 8 9 11 13 16 17 18 20 21 22 23 25 27 30 31 33 36 38 39 40 41 44 46 47 48 49 50 51 52 53 54 55 56 59 60 61 64 67 69 71 72 73 74 75 76 77 78 79 81 85 88 89 92 93 95 97 98 99 100 102 103 105 106 107 108 109 110 112 113 115 116 117 119 120 122 124 125 126 128 129 131 132 136 137 138 140 142 144 146 148 150 151 152
568 0.15 200.91 good
967 0.25 406.22 good
47 0.15 267.71 bad
129 0.18 155.27 bad
27 0.11 181.37 bad
177 0.21 196.73 bad
51 0.02 110.48 bad
51 0.16 491.68 bad
48 0.09 156.17 bad
119 0.14 87.54 good
36 0.12 80.31 bad
23 0.28 137.29 bad
112 0.13 48.29 good
44 0.04 66.70 bad
159 0.11 468.11 bad
116 0.06 78.49 good
11 0.20 28.01 bad
150 0.05 40.03 good
29 0.11 80.73 bad
44 0.09 211.54 good
192 0.15 163.05 good
223 0.19 203.97 bad
63 0.13 172.89 bad
20 0.00 53.89 bad
495 0.19 227.23 good
670 0.17 389.04 good
1885 0.23 29.34 good
108 0.27 218.67 good
79 0.08 85.63 bad
1248 0.17 362.40 bad
72 0.10 155.38 bad
29 0.07 119.73 good
133 0.07 339.26 bad
1780 0.42 453.60 bad
22 0.10 31.11 bad
43 0.29 245.77 good
55 0.06 182.02 bad
80 0.13 74.03 good
484 0.25 148.52 good
108 0.23 95.85 bad
86 0.21 1104.85 good
45 0.02 59.06 bad
90 0.42 278.88 good
20 0.21 758.93 bad
248 0.17 106.33 bad
956 0.35 259.41 good
19 0.17 278.58 bad
46 0.04 393.48 bad
21 0.10 344.01 good
429 0.24 159.36 good
745 0.37 440.27 bad
217 0.16 147.32 bad
531 0.10 65.93 bad
25 0.13 173.53 bad
356 0.10 51.21 good
1636 0.30 118.81 good
145 0.17 208.64 bad
527 0.42 444.03 good
396 0.21 288.02 bad
13 0.15 128.84 bad
39 0.13 198.40 good
2113 0.29 391.57 good
942 0.17 243.27 bad
42 0.25 297.05 bad
225 0.08 65.28 good
29 0.11 664.54 bad
339 0.31 385.10 good
349 0.16 114.14 good
1184 0.31 72.91 bad
5393 0.63 1238.93 good
88 0.10 170.95 bad
112 0.10 131.59 bad
201 0.11 84.03 bad
136 0.14 164.81 bad
282 0.07 125.49 bad
19 0.17 138.45 good
34 0.09 132.92 bad
1575 0.29 297.36 good
45 0.11 75.21 good
385 0.25 313.76 bad
320 0.11 101.09 good
768 0.67 1797.82 good
353 0.30 76.64 good
607 0.31 82.37 good
2063 0.37 209.65 good
31 0.06 58.14 good
614 0.13 212.10 good
68 0.09 63.17 bad
1641 0.38 478.73 good
328 0.18 56.35 bad
21 0.05 361.68 bad
2366 0.46 364.52 good
364 0.09 97.95 bad
2356 0.19 402.15 good
1080 0.08 9.99 bad
21 0.15 158.29 bad
638 0.37 105.22 bad
45 0.09 62.68 good