BookWordCount FiveStarRate Kurtosis Class
99
0 1 4 5 9 10 11 12 14 17 19 21 22 24 26 28 29 30 31 34 36 38 39 40 41 42 43 44 46 47 48 50 51 52 54 56 57 58 60 64 65 68 69 71 72 73 74 75 76 77 79 80 81 82 83 86 87 91 92 95 96 97 98 99 100 103 104 106 108 109 111 113 114 115 117 118 119 120 121 123 124 125 128 132 133 134 135 138 139 142 144 145 146 147 148 149 150 151 152
177.20 0.15 200.91 good
289.90 0.25 406.22 good
139.00 0.10 113.07 bad
158.50 0.12 93.52 good
21.30 0.02 110.48 bad
82.50 0.09 143.84 bad
13.40 0.16 491.68 bad
21.80 0.20 114.51 bad
123.80 0.20 68.44 good
33.60 0.12 80.31 bad
122.40 0.28 181.41 bad
74.10 0.04 66.70 bad
77.70 0.11 468.11 bad
74.80 0.11 114.10 bad
62.70 0.19 249.04 bad
53.00 0.27 418.19 bad
233.90 0.36 194.89 good
150.70 0.11 80.73 bad
78.00 0.09 211.54 good
154.60 0.03 192.82 bad
87.00 0.19 203.97 bad
80.20 0.13 172.89 bad
22.80 0.00 53.89 bad
153.10 0.19 227.23 good
168.40 0.17 389.04 good
300.10 0.11 74.29 bad
74.40 0.14 44.83 good
296.80 0.23 29.34 good
123.50 0.27 218.67 good
49.70 0.08 85.63 bad
281.40 0.17 362.40 bad
51.90 0.07 119.73 good
84.60 0.07 339.26 bad
76.10 0.42 453.60 bad
13.00 0.29 245.77 good
40.40 0.13 74.03 good
293.40 0.18 94.54 bad
63.50 0.37 256.16 good
45.10 0.23 95.85 bad
54.40 0.02 59.06 bad
72.20 0.07 77.07 bad
79.60 0.22 223.96 bad
7.30 0.21 758.93 bad
98.90 0.17 106.33 bad
390.00 0.35 259.41 good
68.60 0.17 278.58 bad
49.30 0.04 393.48 bad
39.60 0.10 344.01 good
46.20 0.24 159.36 good
1070.70 0.37 440.27 bad
131.20 0.10 65.93 bad
144.70 0.58 599.56 bad
87.70 0.13 173.53 bad
183.00 0.22 87.78 bad
40.80 0.22 188.48 bad
129.90 0.26 249.84 bad
112.10 0.27 95.46 bad
126.20 0.34 191.97 good
116.50 0.42 444.03 good
99.00 0.15 128.84 bad
34.10 0.17 282.28 good
22.20 0.13 198.40 good
170.60 0.29 391.57 good
181.90 0.17 243.27 bad
59.90 0.25 297.05 bad
21.40 0.11 664.54 bad
150.50 0.09 92.39 bad
64.40 0.16 114.14 good
446.50 0.63 1238.93 good
101.10 0.10 170.95 bad
148.90 0.12 113.09 good
247.80 0.14 164.81 bad
31.70 0.60 875.52 bad
119.20 0.07 125.49 bad
59.10 0.09 132.92 bad
92.20 0.11 387.39 bad
427.70 0.29 297.36 good
85.80 0.11 75.21 good
145.90 0.02 102.63 bad
153.40 0.20 502.72 good
223.00 0.11 101.09 good
65.70 0.67 1797.82 good
296.70 0.31 82.37 good
237.20 0.13 212.10 good
145.80 0.04 194.01 bad
179.50 0.18 176.74 good
335.20 0.26 234.30 bad
212.90 0.18 56.35 bad
130.30 0.22 304.97 good
518.00 0.46 364.52 good
319.70 0.09 97.95 bad
62.30 0.08 909.70 bad
477.20 0.19 402.15 good
154.00 0.02 40.59 good
209.90 0.08 9.99 bad
382.10 0.15 113.50 good
44.60 0.15 158.29 bad
93.00 0.37 105.22 bad
163.50 0.09 62.68 good