BookScore ThreeStarRate Median Class
102
2 3 4 5 6 10 12 15 16 17 18 21 23 25 26 27 28 30 31 32 33 38 40 41 42 44 45 46 49 50 51 52 53 54 55 56 57 58 59 60 61 62 63 64 65 66 67 71 74 75 77 78 79 82 83 84 86 87 88 89 91 92 93 94 95 97 98 100 101 102 103 104 105 109 110 111 112 113 115 117 118 120 123 126 127 128 129 130 131 133 134 135 136 137 140 141 142 146 147 148 149 152
6.4 0.40 6.00 bad
6.4 0.27 6.00 bad
5.8 0.33 6.00 bad
5.6 0.26 6.00 good
6.0 0.21 6.00 good
5.8 0.23 6.00 bad
6.0 0.44 6.00 bad
6.6 0.27 6.00 bad
5.7 0.23 6.00 good
5.6 0.20 6.00 bad
6.5 0.28 6.00 bad
4.6 0.16 4.00 bad
4.7 0.28 4.00 good
4.8 0.20 4.00 bad
6.5 0.43 6.00 bad
4.5 0.21 4.00 good
7.2 0.25 8.00 bad
5.4 0.32 6.00 bad
5.8 0.33 6.00 good
6.8 0.31 8.00 bad
6.1 0.29 6.00 good
5.9 0.27 6.00 bad
6.7 0.24 8.00 good
6.7 0.34 6.00 good
5.4 0.26 6.00 bad
5.4 0.11 4.00 good
5.8 0.30 6.00 bad
7.1 0.19 8.00 good
5.9 0.39 6.00 bad
5.3 0.32 6.00 good
5.9 0.37 6.00 bad
7.9 0.15 8.00 bad
4.0 0.14 4.00 bad
7.0 0.33 6.00 good
5.6 0.33 6.00 bad
5.3 0.32 6.00 good
6.2 0.21 6.00 bad
7.5 0.14 8.00 good
6.5 0.21 6.00 good
6.2 0.18 6.00 bad
7.5 0.25 8.00 good
5.3 0.08 4.00 bad
6.2 0.12 6.00 good
4.4 0.21 4.00 bad
4.8 0.31 4.00 bad
5.9 0.43 6.00 bad
7.6 0.16 8.00 good
6.1 0.25 6.00 bad
6.1 0.36 6.00 bad
6.4 0.40 6.00 good
7.6 0.22 8.00 bad
6.2 0.33 6.00 bad
5.2 0.26 6.00 bad
5.6 0.20 4.00 bad
6.6 0.28 6.00 bad
5.9 0.33 6.00 bad
7.0 0.30 8.00 bad
6.4 0.23 6.00 bad
6.7 0.18 8.00 good
6.4 0.27 6.00 bad
7.2 0.16 8.00 good
7.8 0.16 8.00 good
6.9 0.26 8.00 bad
7.0 0.23 8.00 good
5.5 0.46 6.00 bad
6.5 0.26 8.00 good
7.3 0.22 8.00 good
7.0 0.34 8.00 bad
7.1 0.26 8.00 bad
5.3 0.26 6.00 good
6.6 0.50 6.00 bad
4.9 0.34 4.00 bad
7.4 0.19 8.00 good
6.0 0.36 6.00 bad
5.8 0.28 6.00 bad
5.8 0.26 6.00 good
5.4 0.30 6.00 bad
6.1 0.36 6.00 bad
5.5 0.35 6.00 bad
5.5 0.45 6.00 bad
6.5 0.39 6.00 bad
5.6 0.20 6.00 good
7.0 0.37 6.00 good
6.4 0.16 8.00 good
7.4 0.22 8.00 good
6.5 0.13 8.00 good
7.3 0.16 8.00 good
5.7 0.28 6.00 bad
4.4 0.13 4.00 good
5.9 0.33 6.00 bad
6.5 0.21 8.00 good
7.0 0.24 8.00 bad
4.8 0.32 4.00 bad
7.8 0.15 8.00 good
6.4 0.07 8.00 bad
6.9 0.19 8.00 bad
7.8 0.15 8.00 good
7.0 0.27 8.00 good
3.9 0.19 4.00 good
3.3 0.04 2.00 bad
6.0 0.23 6.00 good
5.1 0.28 6.00 good