BookWordCount FourStarRate Median Class
96
1 2 3 4 6 7 9 10 11 12 14 15 17 18 19 21 22 24 26 27 28 29 30 31 32 33 34 35 36 38 39 40 42 44 45 48 49 50 51 53 55 56 57 59 61 62 63 64 65 72 73 77 80 81 83 84 85 86 87 89 90 91 92 94 96 98 99 103 105 107 108 109 111 113 114 116 117 118 119 122 123 125 126 128 129 133 134 139 140 142 143 144 149 150 151 152
289.90 0.36 8.00 good
48.30 0.24 6.00 bad
52.30 0.27 6.00 bad
139.00 0.25 6.00 bad
59.60 0.18 6.00 good
38.90 0.11 6.00 bad
21.30 0.30 6.00 bad
82.50 0.27 6.00 bad
13.40 0.32 6.00 bad
21.80 0.08 6.00 bad
123.80 0.19 6.00 good
257.20 0.25 6.00 bad
33.60 0.23 6.00 bad
24.10 0.14 6.00 bad
122.40 0.22 6.00 bad
74.10 0.14 4.00 bad
77.70 0.28 6.00 bad
74.80 0.13 6.00 bad
62.70 0.18 6.00 bad
147.20 0.15 4.00 good
53.00 0.31 8.00 bad
233.90 0.20 8.00 good
150.70 0.14 6.00 bad
78.00 0.19 6.00 good
51.10 0.39 8.00 bad
178.90 0.23 6.00 good
154.60 0.13 6.00 bad
713.10 0.14 6.00 good
87.00 0.34 8.00 bad
80.20 0.17 6.00 bad
22.80 0.05 2.00 bad
153.10 0.33 8.00 good
300.10 0.20 6.00 bad
296.80 0.16 4.00 good
380.50 0.23 6.00 bad
281.40 0.33 6.00 bad
44.50 0.23 6.00 bad
51.90 0.14 6.00 good
84.60 0.21 6.00 bad
53.70 0.00 4.00 bad
106.40 0.20 6.00 bad
40.40 0.10 6.00 good
293.40 0.29 6.00 bad
133.40 0.21 6.00 good
17.00 0.44 8.00 good
49.60 0.34 4.00 bad
108.60 0.20 6.00 good
54.40 0.14 4.00 bad
72.20 0.07 4.00 bad
390.00 0.20 8.00 good
68.60 0.39 8.00 bad
1070.70 0.27 8.00 bad
144.70 0.19 10.00 bad
87.70 0.08 6.00 bad
40.80 0.22 6.00 bad
30.00 0.19 6.00 bad
87.20 0.24 4.00 good
129.90 0.27 8.00 bad
112.10 0.19 6.00 bad
153.20 0.28 6.00 bad
50.40 0.07 2.00 bad
126.20 0.28 8.00 good
116.50 0.29 8.00 good
63.70 0.33 8.00 good
34.10 0.33 8.00 good
170.60 0.33 8.00 good
181.90 0.26 6.00 bad
21.40 0.26 6.00 bad
198.70 0.33 8.00 good
310.00 0.17 6.00 bad
446.50 0.20 10.00 good
101.10 0.24 6.00 bad
148.90 0.26 6.00 good
247.80 0.21 6.00 bad
31.70 0.23 10.00 bad
118.30 0.12 6.00 good
59.10 0.14 6.00 bad
92.20 0.30 6.00 bad
427.70 0.33 8.00 good
79.20 0.29 8.00 bad
153.40 0.30 6.00 good
65.70 0.20 10.00 good
89.70 0.21 8.00 good
296.70 0.23 8.00 good
322.80 0.26 8.00 good
145.80 0.33 6.00 bad
179.50 0.34 8.00 good
130.30 0.36 8.00 good
43.40 0.54 8.00 bad
518.00 0.24 8.00 good
177.70 0.24 6.00 bad
319.70 0.18 6.00 bad
382.10 0.26 6.00 good
44.60 0.20 6.00 bad
93.00 0.19 8.00 bad
163.50 0.14 6.00 good