FiveStarRate Median Kurtosis Class
96
0 3 4 7 9 10 11 13 14 15 17 18 20 21 22 23 25 29 31 33 34 36 37 39 41 43 44 45 46 49 50 51 52 53 54 57 60 62 63 64 65 66 68 70 71 74 75 76 77 78 80 82 83 84 85 86 88 90 92 94 96 98 99 101 102 103 104 106 109 112 113 116 117 118 119 120 122 123 124 125 126 130 131 133 136 138 139 140 141 142 143 144 146 149 150 153
0.15 6.00 200.91 good
0.18 6.00 155.27 bad
0.10 6.00 113.07 bad
0.11 6.00 181.37 bad
0.02 6.00 110.48 bad
0.09 6.00 143.84 bad
0.16 6.00 491.68 bad
0.09 6.00 156.17 bad
0.20 6.00 68.44 good
0.23 6.00 188.48 bad
0.12 6.00 80.31 bad
0.28 6.00 137.29 bad
0.13 4.00 48.29 good
0.04 4.00 66.70 bad
0.11 6.00 468.11 bad
0.06 4.00 78.49 good
0.20 4.00 28.01 bad
0.36 8.00 194.89 good
0.09 6.00 211.54 good
0.15 6.00 163.05 good
0.03 6.00 192.82 bad
0.19 8.00 203.97 bad
0.28 8.00 948.64 bad
0.00 2.00 53.89 bad
0.17 6.00 389.04 good
0.14 6.00 44.83 good
0.23 4.00 29.34 good
0.10 6.00 135.14 bad
0.27 8.00 218.67 good
0.10 6.00 155.38 bad
0.07 6.00 119.73 good
0.07 6.00 339.26 bad
0.42 8.00 453.60 bad
0.10 4.00 31.11 bad
0.29 6.00 245.77 good
0.18 6.00 94.54 bad
0.23 6.00 95.85 bad
0.00 4.00 199.64 bad
0.30 6.00 55.29 good
0.02 4.00 59.06 bad
0.07 4.00 77.07 bad
0.10 6.00 204.65 bad
0.22 8.00 223.96 bad
0.20 8.00 49.13 bad
0.17 6.00 106.33 bad
0.04 6.00 393.48 bad
0.10 6.00 344.01 good
0.24 8.00 159.36 good
0.37 8.00 440.27 bad
0.16 6.00 147.32 bad
0.58 10.00 599.56 bad
0.22 4.00 87.78 bad
0.22 6.00 188.48 bad
0.14 6.00 116.65 bad
0.10 4.00 51.21 good
0.26 8.00 249.84 bad
0.30 8.00 118.81 good
0.07 2.00 25.57 bad
0.42 8.00 444.03 good
0.23 8.00 299.63 good
0.17 8.00 282.28 good
0.29 8.00 391.57 good
0.17 6.00 243.27 bad
0.27 8.00 286.97 bad
0.08 6.00 65.28 good
0.11 6.00 664.54 bad
0.09 4.00 92.39 bad
0.16 6.00 114.14 good
0.10 6.00 170.95 bad
0.11 6.00 84.03 bad
0.14 6.00 164.81 bad
0.17 6.00 138.45 good
0.09 6.00 132.92 bad
0.11 6.00 387.39 bad
0.29 8.00 297.36 good
0.11 6.00 75.21 good
0.25 8.00 313.76 bad
0.20 6.00 502.72 good
0.11 6.00 101.09 good
0.67 10.00 1797.82 good
0.30 8.00 76.64 good
0.17 6.00 73.99 bad
0.06 4.00 58.14 good
0.04 6.00 194.01 bad
0.09 4.00 63.17 bad
0.18 6.00 56.35 bad
0.22 8.00 304.97 good
0.05 8.00 361.68 bad
0.15 8.00 311.51 bad
0.46 8.00 364.52 good
0.10 6.00 86.23 bad
0.09 6.00 97.95 bad
0.19 8.00 402.15 good
0.15 6.00 113.50 good
0.15 6.00 158.29 bad
0.12 6.00 105.28 good