BookWordCount FourStarRate Kurtosis Class
100
3 4 6 10 12 14 15 16 17 18 20 21 22 23 24 25 26 27 29 31 33 36 37 39 40 42 43 44 45 46 50 51 54 55 56 57 59 60 63 64 65 67 68 69 70 73 74 75 76 77 78 79 80 81 82 84 85 87 88 89 91 92 93 98 101 103 104 106 108 109 110 111 112 114 115 116 117 118 119 120 123 124 125 126 128 131 132 133 134 135 136 139 144 147 148 149 150 151 152 153
52.30 0.27 155.27 bad
139.00 0.25 113.07 bad
59.60 0.18 75.15 good
82.50 0.27 143.84 bad
21.80 0.08 114.51 bad
123.80 0.19 68.44 good
257.20 0.25 188.48 bad
135.80 0.20 87.54 good
33.60 0.23 80.31 bad
24.10 0.14 137.29 bad
82.30 0.20 48.29 good
74.10 0.14 66.70 bad
77.70 0.28 468.11 bad
122.20 0.08 78.49 good
74.80 0.13 114.10 bad
35.90 0.00 28.01 bad
62.70 0.18 249.04 bad
147.20 0.15 40.03 good
233.90 0.20 194.89 good
78.00 0.19 211.54 good
178.90 0.23 163.05 good
87.00 0.34 203.97 bad
51.30 0.44 948.64 bad
22.80 0.05 53.89 bad
153.10 0.33 227.23 good
300.10 0.20 74.29 bad
74.40 0.14 44.83 good
296.80 0.16 29.34 good
380.50 0.23 135.14 bad
123.50 0.33 218.67 good
51.90 0.14 119.73 good
84.60 0.21 339.26 bad
13.00 0.21 245.77 good
106.40 0.20 182.02 bad
40.40 0.10 74.03 good
293.40 0.29 94.54 bad
133.40 0.21 148.52 good
45.10 0.20 95.85 bad
108.60 0.20 55.29 good
54.40 0.14 59.06 bad
72.20 0.07 77.07 bad
16.80 0.25 278.88 good
79.60 0.30 223.96 bad
7.30 0.42 758.93 bad
55.40 0.32 49.13 bad
68.60 0.39 278.58 bad
49.30 0.31 393.48 bad
39.60 0.30 344.01 good
46.20 0.36 159.36 good
1070.70 0.27 440.27 bad
70.00 0.24 147.32 bad
131.20 0.17 65.93 bad
144.70 0.19 599.56 bad
87.70 0.08 173.53 bad
183.00 0.05 87.78 bad
30.00 0.19 116.65 bad
87.20 0.24 51.21 good
112.10 0.19 95.46 bad
315.30 0.23 118.81 good
153.20 0.28 208.64 bad
126.20 0.28 191.97 good
116.50 0.29 444.03 good
90.50 0.34 288.02 bad
170.60 0.33 391.57 good
219.60 0.27 286.97 bad
21.40 0.26 664.54 bad
150.50 0.04 92.39 bad
64.40 0.24 114.14 good
446.50 0.20 1238.93 good
101.10 0.24 170.95 bad
133.50 0.24 131.59 bad
148.90 0.26 113.09 good
107.80 0.15 84.03 bad
31.70 0.23 875.52 bad
119.20 0.19 125.49 bad
118.30 0.12 138.45 good
59.10 0.14 132.92 bad
92.20 0.30 387.39 bad
427.70 0.33 297.36 good
85.80 0.25 75.21 good
153.40 0.30 502.72 good
223.00 0.20 101.09 good
65.70 0.20 1797.82 good
89.70 0.21 76.64 good
296.70 0.23 82.37 good
195.70 0.11 58.14 good
237.20 0.35 212.10 good
145.80 0.33 194.01 bad
179.50 0.34 176.74 good
335.20 0.29 234.30 bad
72.70 0.05 63.17 bad
130.30 0.36 304.97 good
319.70 0.18 97.95 bad
154.00 0.09 40.59 good
209.90 0.06 9.99 bad
382.10 0.26 113.50 good
44.60 0.20 158.29 bad
93.00 0.19 105.22 bad
163.50 0.14 62.68 good
73.20 0.22 105.28 good