BookWordCount FiveStarRate Median Class
104
0 1 2 4 5 7 9 10 11 12 13 16 17 18 19 20 21 22 24 25 26 28 29 31 32 33 35 38 40 44 46 47 48 49 50 51 52 55 57 59 63 64 65 66 68 69 70 73 75 77 79 82 84 85 86 87 88 90 92 93 95 96 97 98 99 100 101 102 103 104 105 106 107 108 109 111 112 113 115 117 118 119 121 122 123 124 127 130 131 133 135 136 139 140 141 142 144 147 148 149 150 151 152 153
177.20 0.15 6.00 good
289.90 0.25 8.00 good
48.30 0.15 6.00 bad
139.00 0.10 6.00 bad
158.50 0.12 6.00 good
38.90 0.11 6.00 bad
21.30 0.02 6.00 bad
82.50 0.09 6.00 bad
13.40 0.16 6.00 bad
21.80 0.20 6.00 bad
27.50 0.09 6.00 bad
135.80 0.14 6.00 good
33.60 0.12 6.00 bad
24.10 0.28 6.00 bad
122.40 0.28 6.00 bad
82.30 0.13 4.00 good
74.10 0.04 4.00 bad
77.70 0.11 6.00 bad
74.80 0.11 6.00 bad
35.90 0.20 4.00 bad
62.70 0.19 6.00 bad
53.00 0.27 8.00 bad
233.90 0.36 8.00 good
78.00 0.09 6.00 good
51.10 0.13 8.00 bad
178.90 0.15 6.00 good
713.10 0.21 6.00 good
80.20 0.13 6.00 bad
153.10 0.19 8.00 good
296.80 0.23 4.00 good
123.50 0.27 8.00 good
49.70 0.08 4.00 bad
281.40 0.17 6.00 bad
44.50 0.10 6.00 bad
51.90 0.07 6.00 good
84.60 0.07 6.00 bad
76.10 0.42 8.00 bad
106.40 0.06 6.00 bad
293.40 0.18 6.00 bad
133.40 0.25 6.00 good
108.60 0.30 6.00 good
54.40 0.02 4.00 bad
72.20 0.07 4.00 bad
34.80 0.10 6.00 bad
79.60 0.22 8.00 bad
7.30 0.21 8.00 bad
55.40 0.20 8.00 bad
68.60 0.17 8.00 bad
39.60 0.10 6.00 good
1070.70 0.37 8.00 bad
131.20 0.10 6.00 bad
183.00 0.22 4.00 bad
30.00 0.14 6.00 bad
87.20 0.10 4.00 good
129.90 0.26 8.00 bad
112.10 0.27 6.00 bad
315.30 0.30 8.00 good
50.40 0.07 2.00 bad
116.50 0.42 8.00 good
90.50 0.21 8.00 bad
99.00 0.15 6.00 bad
34.10 0.17 8.00 good
22.20 0.13 8.00 good
170.60 0.29 8.00 good
181.90 0.17 6.00 bad
59.90 0.25 8.00 bad
219.60 0.27 8.00 bad
78.10 0.08 6.00 good
21.40 0.11 6.00 bad
150.50 0.09 4.00 bad
198.70 0.31 8.00 good
64.40 0.16 6.00 good
310.00 0.31 6.00 bad
446.50 0.63 10.00 good
101.10 0.10 6.00 bad
148.90 0.12 6.00 good
107.80 0.11 6.00 bad
247.80 0.14 6.00 bad
119.20 0.07 6.00 bad
59.10 0.09 6.00 bad
92.20 0.11 6.00 bad
427.70 0.29 8.00 good
145.90 0.02 4.00 bad
79.20 0.25 8.00 bad
153.40 0.20 6.00 good
223.00 0.11 6.00 good
34.20 0.36 8.00 good
46.30 0.17 6.00 bad
195.70 0.06 4.00 good
145.80 0.04 6.00 bad
335.20 0.26 8.00 bad
72.70 0.09 4.00 bad
130.30 0.22 8.00 good
43.40 0.05 8.00 bad
25.10 0.15 8.00 bad
518.00 0.46 8.00 good
319.70 0.09 6.00 bad
154.00 0.02 4.00 good
209.90 0.08 2.00 bad
382.10 0.15 6.00 good
44.60 0.15 6.00 bad
93.00 0.37 8.00 bad
163.50 0.09 6.00 good
73.20 0.12 6.00 good