AddListCount TwoStarRate ThreeStarRate Class
97
0 1 2 3 5 8 10 11 13 14 16 17 18 19 20 21 22 24 26 27 29 30 31 32 34 35 37 38 39 40 41 42 43 44 45 46 47 49 57 58 60 62 64 65 68 69 70 73 74 75 76 78 80 81 82 86 87 89 96 98 99 102 103 108 110 112 114 116 118 120 121 125 126 127 128 129 130 131 132 133 134 135 136 137 138 139 141 143 145 146 147 148 149 150 151 152 153
214 0.15 0.28 good
492 0.08 0.23 good
12 0.10 0.40 bad
38 0.12 0.27 bad
122 0.20 0.26 good
53 0.16 0.30 bad
25 0.26 0.23 bad
15 0.04 0.40 bad
9 0.24 0.39 bad
136 0.14 0.21 good
25 0.22 0.23 good
10 0.22 0.20 bad
7 0.17 0.28 bad
70 0.18 0.22 bad
17 0.20 0.15 good
12 0.37 0.16 bad
61 0.15 0.40 bad
23 0.21 0.36 bad
32 0.09 0.43 bad
31 0.17 0.21 good
68 0.10 0.22 good
9 0.18 0.32 bad
6 0.30 0.33 good
111 0.09 0.31 bad
24 0.30 0.39 bad
254 0.12 0.18 good
106 0.03 0.20 bad
19 0.35 0.27 bad
1 0.26 0.16 bad
172 0.12 0.24 good
289 0.14 0.34 good
215 0.17 0.26 bad
18 0.13 0.24 good
242 0.07 0.11 good
93 0.20 0.30 bad
28 0.07 0.19 good
20 0.28 0.20 bad
13 0.10 0.39 bad
551 0.07 0.21 bad
70 0.05 0.14 good
19 0.21 0.18 bad
3 0.50 0.08 bad
10 0.27 0.21 bad
22 0.28 0.31 bad
45 0.11 0.25 bad
5 0.05 0.26 bad
2 0.10 0.04 bad
8 0.11 0.22 bad
16 0.22 0.36 bad
8 0.10 0.40 good
110 0.07 0.15 good
57 0.10 0.33 bad
193 0.03 0.13 bad
4 0.08 0.54 bad
3 0.41 0.20 bad
53 0.03 0.30 bad
65 0.09 0.23 bad
49 0.17 0.27 bad
100 0.11 0.28 good
558 0.08 0.22 good
253 0.12 0.34 bad
39 0.14 0.26 good
6 0.08 0.50 bad
1586 0.02 0.10 good
31 0.21 0.28 bad
63 0.20 0.30 bad
218 0.02 0.09 bad
7 0.12 0.42 good
112 0.11 0.39 bad
15 0.18 0.20 good
14 0.30 0.32 bad
149 0.02 0.08 good
48 0.06 0.16 good
146 0.06 0.22 good
108 0.08 0.13 good
510 0.07 0.16 good
11 0.13 0.28 bad
5 0.41 0.13 good
131 0.14 0.25 good
1 0.13 0.33 bad
168 0.12 0.21 good
293 0.09 0.24 bad
9 0.24 0.32 bad
303 0.05 0.15 good
53 0.10 0.22 bad
206 0.07 0.24 good
19 0.03 0.19 bad
42 0.21 0.22 bad
28 0.10 0.45 bad
710 0.09 0.27 good
26 0.22 0.19 good
54 0.03 0.04 bad
178 0.18 0.23 good
5 0.15 0.35 bad
125 0.07 0.16 bad
12 0.19 0.28 good
50 0.22 0.25 good