BookScoreCount FiveStarRate Mode Class
93
0 1 2 3 6 7 8 9 12 13 15 16 20 25 26 28 30 31 32 33 34 35 36 38 39 40 42 45 47 48 49 52 53 54 55 57 58 60 61 62 63 65 67 69 71 73 74 76 77 80 84 86 87 88 90 91 92 93 95 96 97 99 100 101 103 104 105 106 107 109 110 111 114 118 119 120 122 124 125 126 127 131 133 134 137 140 141 145 148 149 150 151 153
568 0.15 8.00 good
967 0.25 8.00 good
47 0.15 6.00 bad
129 0.18 8.00 bad
187 0.23 2.00 good
27 0.11 6.00 bad
177 0.21 6.00 bad
51 0.02 8.00 bad
25 0.20 6.00 bad
48 0.09 6.00 bad
658 0.23 6.00 bad
119 0.14 6.00 good
112 0.13 2.00 good
11 0.20 2.00 bad
100 0.19 6.00 bad
263 0.27 8.00 bad
29 0.11 6.00 bad
44 0.09 6.00 good
292 0.13 8.00 bad
192 0.15 6.00 good
97 0.03 6.00 bad
1909 0.21 2.00 good
223 0.19 8.00 bad
63 0.13 4.00 bad
20 0.00 2.00 bad
495 0.19 8.00 good
686 0.11 2.00 bad
299 0.10 6.00 bad
79 0.08 4.00 bad
1248 0.17 8.00 bad
72 0.10 6.00 bad
1780 0.42 10.00 bad
22 0.10 2.00 bad
43 0.29 6.00 good
55 0.06 6.00 bad
2109 0.18 8.00 bad
461 0.37 10.00 good
108 0.23 10.00 bad
86 0.21 8.00 good
13 0.00 4.00 bad
91 0.30 2.00 good
82 0.07 6.00 bad
90 0.42 10.00 good
20 0.21 8.00 bad
248 0.17 8.00 bad
19 0.17 8.00 bad
46 0.04 6.00 bad
429 0.24 8.00 good
745 0.37 10.00 bad
714 0.58 10.00 bad
21 0.14 6.00 bad
222 0.26 6.00 bad
182 0.27 10.00 bad
1636 0.30 10.00 good
16 0.07 2.00 bad
654 0.34 10.00 good
527 0.42 10.00 good
396 0.21 8.00 bad
13 0.15 6.00 bad
188 0.17 8.00 good
39 0.13 8.00 good
942 0.17 6.00 bad
42 0.25 6.00 bad
219 0.27 10.00 bad
29 0.11 6.00 bad
25 0.09 6.00 bad
339 0.31 8.00 good
349 0.16 6.00 good
1184 0.31 10.00 bad
88 0.10 6.00 bad
112 0.10 6.00 bad
182 0.12 8.00 good
1114 0.60 10.00 bad
274 0.11 6.00 bad
1575 0.29 8.00 good
45 0.11 8.00 good
385 0.25 8.00 bad
320 0.11 6.00 good
768 0.67 10.00 good
353 0.30 10.00 good
387 0.36 10.00 good
31 0.06 4.00 good
23 0.04 8.00 bad
795 0.18 8.00 good
1641 0.38 10.00 good
21 0.05 8.00 bad
83 0.15 8.00 bad
61 0.08 6.00 bad
1080 0.08 2.00 bad
674 0.15 8.00 good
21 0.15 6.00 bad
638 0.37 10.00 bad
209 0.12 6.00 good