BookWordCount AddListCount FiveStarRate Class
96
1 4 6 7 12 13 14 16 18 19 20 21 22 24 28 29 31 32 35 36 37 38 39 40 42 44 45 47 49 51 53 54 56 57 58 59 61 63 64 65 67 68 71 73 74 77 79 80 81 83 84 86 87 88 89 90 91 92 93 94 95 96 97 98 99 100 101 106 107 113 114 115 117 118 120 121 122 123 124 126 128 129 131 132 134 135 136 139 141 143 146 147 148 151 152 153
289.90 492 0.25 good
139.00 22 0.10 bad
59.60 42 0.23 good
38.90 8 0.11 bad
21.80 12 0.20 bad
27.50 9 0.09 bad
123.80 136 0.20 good
135.80 25 0.14 good
24.10 7 0.28 bad
122.40 70 0.28 bad
82.30 17 0.13 good
74.10 12 0.04 bad
77.70 61 0.11 bad
74.80 23 0.11 bad
53.00 73 0.27 bad
233.90 68 0.36 good
78.00 6 0.09 good
51.10 111 0.13 bad
713.10 254 0.21 good
87.00 63 0.19 bad
51.30 106 0.28 bad
80.20 19 0.13 bad
22.80 1 0.00 bad
153.10 172 0.19 good
300.10 215 0.11 bad
296.80 242 0.23 good
380.50 93 0.10 bad
49.70 20 0.08 bad
44.50 13 0.10 bad
84.60 42 0.07 bad
53.70 1 0.10 bad
13.00 9 0.29 good
40.40 13 0.13 good
293.40 551 0.18 bad
63.50 70 0.37 good
133.40 138 0.25 good
17.00 33 0.21 good
108.60 21 0.30 good
54.40 10 0.02 bad
72.20 22 0.07 bad
16.80 17 0.42 good
79.60 45 0.22 bad
98.90 119 0.17 bad
68.60 8 0.17 bad
49.30 16 0.04 bad
1070.70 183 0.37 bad
131.20 94 0.10 bad
144.70 193 0.58 bad
87.70 4 0.13 bad
40.80 22 0.22 bad
30.00 3 0.14 bad
129.90 53 0.26 bad
112.10 65 0.27 bad
315.30 321 0.30 good
153.20 49 0.17 bad
50.40 4 0.07 bad
126.20 218 0.34 good
116.50 141 0.42 good
90.50 121 0.21 bad
63.70 57 0.23 good
99.00 4 0.15 bad
34.10 100 0.17 good
22.20 7 0.13 good
170.60 558 0.29 good
181.90 253 0.17 bad
59.90 8 0.25 bad
219.60 65 0.27 bad
64.40 102 0.16 good
310.00 188 0.31 bad
247.80 25 0.14 bad
31.70 218 0.60 bad
119.20 76 0.07 bad
59.10 5 0.09 bad
92.20 112 0.11 bad
85.80 15 0.11 good
145.90 14 0.02 bad
79.20 126 0.25 bad
153.40 32 0.20 good
223.00 57 0.11 good
89.70 48 0.30 good
296.70 108 0.31 good
322.80 510 0.37 good
195.70 5 0.06 good
237.20 131 0.13 good
179.50 168 0.18 good
335.20 293 0.26 bad
72.70 9 0.09 bad
130.30 206 0.22 good
25.10 19 0.15 bad
177.70 42 0.10 bad
477.20 710 0.19 good
154.00 26 0.02 good
209.90 54 0.08 bad
93.00 125 0.37 bad
163.50 12 0.09 good
73.20 50 0.12 good