BookWordCount BookScoreCount TwoStarRate Class
100
0 1 3 4 5 7 8 11 15 16 17 18 22 23 25 26 27 28 29 30 31 32 33 34 35 37 38 39 40 41 42 43 44 45 46 47 48 49 50 52 53 54 55 56 57 58 59 61 62 65 66 67 73 74 77 80 82 83 84 90 91 93 94 95 96 97 98 100 101 103 104 105 107 108 111 112 114 115 116 117 118 120 121 123 125 126 130 131 132 133 135 139 141 142 145 146 147 150 151 153
177.20 568 0.15 good
289.90 967 0.08 good
52.30 129 0.12 bad
139.00 78 0.09 bad
158.50 439 0.20 good
38.90 27 0.15 bad
143.50 177 0.16 bad
13.40 51 0.04 bad
257.20 658 0.13 bad
135.80 119 0.22 good
33.60 36 0.22 bad
24.10 23 0.17 bad
77.70 159 0.15 bad
122.20 116 0.31 good
35.90 11 0.20 bad
62.70 100 0.09 bad
147.20 150 0.17 good
53.00 263 0.11 bad
233.90 290 0.10 good
150.70 29 0.18 bad
78.00 44 0.30 good
51.10 292 0.09 bad
178.90 192 0.20 good
154.60 97 0.30 bad
713.10 1909 0.12 good
51.30 216 0.03 bad
80.20 63 0.35 bad
22.80 20 0.26 bad
153.10 495 0.12 good
168.40 670 0.14 good
300.10 686 0.17 bad
74.40 81 0.13 good
296.80 1885 0.07 good
380.50 299 0.20 bad
123.50 108 0.07 good
49.70 79 0.28 bad
281.40 1248 0.09 bad
44.50 72 0.10 bad
51.90 29 0.28 good
76.10 1780 0.04 bad
53.70 22 0.33 bad
13.00 43 0.05 good
106.40 55 0.28 bad
40.40 80 0.20 good
293.40 2109 0.07 bad
63.50 461 0.05 good
133.40 484 0.21 good
17.00 86 0.08 good
49.60 13 0.50 bad
72.20 82 0.28 bad
34.80 21 0.14 bad
16.80 90 0.06 good
68.60 19 0.11 bad
49.30 46 0.22 bad
1070.70 745 0.07 bad
144.70 714 0.03 bad
183.00 31 0.41 bad
40.80 104 0.17 bad
30.00 21 0.14 bad
50.40 16 0.13 bad
126.20 654 0.08 good
90.50 396 0.08 bad
63.70 218 0.11 good
99.00 13 0.23 bad
34.10 188 0.11 good
22.20 39 0.03 good
170.60 2113 0.08 good
59.90 42 0.02 bad
219.60 219 0.10 bad
21.40 29 0.08 bad
150.50 25 0.31 bad
198.70 339 0.08 good
310.00 1184 0.12 bad
446.50 5393 0.02 good
148.90 182 0.16 good
107.80 201 0.20 bad
31.70 1114 0.02 bad
119.20 282 0.19 bad
118.30 19 0.12 good
59.10 34 0.11 bad
92.20 274 0.11 bad
85.80 45 0.18 good
145.90 59 0.30 bad
153.40 93 0.08 good
65.70 768 0.02 good
89.70 353 0.06 good
46.30 82 0.13 bad
195.70 31 0.41 good
237.20 614 0.14 good
145.80 23 0.13 bad
335.20 1310 0.09 bad
130.30 1100 0.07 good
25.10 83 0.03 bad
518.00 2366 0.05 good
62.30 61 0.10 bad
477.20 2356 0.09 good
154.00 208 0.22 good
44.60 21 0.15 bad
93.00 638 0.07 bad
73.20 209 0.22 good