AddListCount ThreeStarRate FourStarRate Class
100
0 1 4 5 7 8 9 10 13 14 17 18 19 21 22 23 24 26 27 28 32 36 37 40 41 42 43 44 45 46 47 48 51 52 54 55 60 61 62 65 66 68 73 76 77 78 79 80 82 84 85 86 88 89 90 91 92 95 96 99 100 101 105 106 108 111 112 113 114 115 116 120 121 122 123 124 125 126 127 128 129 130 131 132 133 136 137 138 139 140 142 144 145 146 147 148 149 150 152 153
214 0.28 0.30 good
492 0.23 0.36 good
22 0.33 0.25 bad
122 0.26 0.21 good
8 0.48 0.11 bad
53 0.30 0.22 bad
14 0.26 0.30 bad
25 0.23 0.27 bad
9 0.39 0.13 bad
136 0.21 0.19 good
10 0.20 0.23 bad
7 0.28 0.14 bad
70 0.22 0.22 bad
12 0.16 0.14 bad
61 0.40 0.28 bad
32 0.28 0.08 good
23 0.36 0.13 bad
32 0.43 0.18 bad
31 0.21 0.15 good
73 0.25 0.31 bad
111 0.31 0.39 bad
63 0.23 0.34 bad
106 0.20 0.44 bad
172 0.24 0.33 good
289 0.34 0.29 good
215 0.26 0.20 bad
18 0.24 0.14 good
242 0.11 0.16 good
93 0.30 0.23 bad
28 0.19 0.33 good
20 0.20 0.22 bad
371 0.33 0.33 bad
42 0.37 0.21 bad
446 0.15 0.30 bad
9 0.33 0.21 good
11 0.33 0.20 bad
19 0.18 0.20 bad
33 0.25 0.44 good
3 0.08 0.34 bad
22 0.31 0.07 bad
2 0.43 0.19 bad
45 0.25 0.30 bad
8 0.22 0.39 bad
110 0.15 0.36 good
183 0.22 0.27 bad
57 0.33 0.24 bad
94 0.26 0.17 bad
193 0.13 0.19 bad
3 0.20 0.05 bad
3 0.33 0.19 bad
55 0.15 0.24 good
53 0.30 0.27 bad
321 0.18 0.23 good
49 0.27 0.28 bad
4 0.20 0.07 bad
218 0.16 0.28 good
141 0.16 0.29 good
4 0.46 0.00 bad
100 0.28 0.33 good
253 0.34 0.26 bad
8 0.34 0.27 bad
65 0.26 0.27 bad
98 0.19 0.33 good
102 0.27 0.24 good
1586 0.10 0.20 good
53 0.26 0.26 good
63 0.30 0.15 bad
25 0.36 0.21 bad
218 0.09 0.23 bad
76 0.35 0.19 bad
7 0.42 0.12 good
15 0.20 0.25 good
14 0.32 0.08 bad
126 0.28 0.29 bad
32 0.37 0.30 good
57 0.29 0.20 good
149 0.08 0.20 good
48 0.16 0.21 good
146 0.22 0.26 good
108 0.13 0.23 good
510 0.16 0.26 good
11 0.28 0.16 bad
5 0.13 0.11 good
131 0.25 0.35 good
1 0.33 0.33 bad
9 0.32 0.05 bad
303 0.15 0.33 good
53 0.22 0.19 bad
206 0.24 0.36 good
7 0.07 0.54 bad
365 0.15 0.24 good
103 0.27 0.18 bad
28 0.45 0.33 bad
710 0.27 0.37 good
26 0.19 0.09 good
54 0.04 0.06 bad
178 0.23 0.26 good
5 0.35 0.20 bad
12 0.28 0.14 good
50 0.25 0.22 good