BookScore ThreeStarRate FiveStarRate Class
95
0 1 2 4 5 7 9 10 11 12 14 15 16 17 18 25 28 31 32 34 35 36 38 39 40 41 42 45 46 50 52 53 54 56 57 58 60 62 64 65 67 69 70 71 72 73 74 75 79 81 82 83 84 86 87 88 90 91 94 95 98 99 100 102 104 106 107 108 114 115 118 119 120 123 124 126 127 129 130 131 132 133 136 137 138 139 140 141 142 144 146 149 150 152 153
6.4 0.28 0.15 good
7.2 0.23 0.25 good
6.4 0.40 0.15 bad
5.8 0.33 0.10 bad
5.6 0.26 0.12 good
5.8 0.48 0.11 bad
5.4 0.26 0.02 bad
5.8 0.23 0.09 bad
6.9 0.40 0.16 bad
6.0 0.44 0.20 bad
5.9 0.21 0.20 good
6.6 0.27 0.23 bad
5.7 0.23 0.14 good
5.6 0.20 0.12 bad
6.5 0.28 0.28 bad
4.8 0.20 0.20 bad
7.2 0.25 0.27 bad
5.8 0.33 0.09 good
6.8 0.31 0.13 bad
5.1 0.39 0.03 bad
5.5 0.18 0.21 good
6.7 0.23 0.19 bad
5.9 0.27 0.13 bad
3.5 0.16 0.00 bad
6.7 0.24 0.19 good
6.7 0.34 0.17 good
5.4 0.26 0.11 bad
5.8 0.30 0.10 bad
7.1 0.19 0.27 good
5.3 0.32 0.07 good
7.9 0.15 0.42 bad
4.0 0.14 0.10 bad
7.0 0.33 0.29 good
5.3 0.32 0.13 good
6.2 0.21 0.18 bad
7.5 0.14 0.37 good
6.2 0.18 0.23 bad
5.3 0.08 0.00 bad
4.4 0.21 0.02 bad
4.8 0.31 0.07 bad
7.6 0.16 0.42 good
7.4 0.26 0.21 bad
5.9 0.04 0.20 bad
6.1 0.25 0.17 bad
7.3 0.26 0.35 good
6.8 0.22 0.17 bad
6.1 0.36 0.04 bad
6.4 0.40 0.10 good
5.2 0.26 0.10 bad
5.8 0.54 0.13 bad
5.6 0.20 0.22 bad
6.6 0.28 0.22 bad
5.9 0.33 0.14 bad
7.0 0.30 0.26 bad
6.4 0.23 0.27 bad
6.7 0.18 0.30 good
4.0 0.20 0.07 bad
7.2 0.16 0.34 good
7.0 0.23 0.23 good
5.5 0.46 0.15 bad
7.3 0.22 0.29 good
6.5 0.34 0.17 bad
7.0 0.34 0.25 bad
5.3 0.26 0.08 good
4.9 0.34 0.09 bad
6.0 0.27 0.16 good
6.4 0.15 0.31 bad
8.7 0.10 0.63 good
8.5 0.09 0.60 bad
5.5 0.35 0.07 bad
6.5 0.39 0.11 bad
7.3 0.20 0.29 good
5.6 0.20 0.11 good
7.0 0.37 0.20 good
5.6 0.29 0.11 good
6.4 0.16 0.30 good
7.4 0.22 0.36 good
7.3 0.16 0.37 good
5.7 0.28 0.17 bad
4.4 0.13 0.06 good
6.4 0.25 0.13 good
5.9 0.33 0.04 bad
4.8 0.32 0.09 bad
7.8 0.15 0.38 good
5.7 0.22 0.18 bad
7.0 0.24 0.22 good
6.4 0.07 0.05 bad
6.9 0.19 0.15 bad
7.8 0.15 0.46 good
5.4 0.27 0.09 bad
7.0 0.27 0.19 good
6.0 0.23 0.15 good
6.1 0.35 0.15 bad
5.1 0.28 0.09 good
5.7 0.25 0.12 good