BookWordCount FourStarRate Kurtosis Class
96
2 3 4 6 7 8 9 10 11 12 13 14 15 16 18 19 21 22 23 25 27 28 29 30 32 33 34 35 36 37 38 39 41 42 43 45 47 52 54 55 56 60 61 63 64 65 66 68 70 72 73 75 78 79 80 81 83 85 87 89 92 93 95 96 97 103 104 105 106 107 108 113 114 118 120 121 122 125 127 128 129 130 131 132 133 134 137 138 139 142 145 146 148 149 152 153
48.30 0.24 267.71 bad
52.30 0.27 155.27 bad
139.00 0.25 113.07 bad
59.60 0.18 75.15 good
38.90 0.11 181.37 bad
143.50 0.22 196.73 bad
21.30 0.30 110.48 bad
82.50 0.27 143.84 bad
13.40 0.32 491.68 bad
21.80 0.08 114.51 bad
27.50 0.13 156.17 bad
123.80 0.19 68.44 good
257.20 0.25 188.48 bad
135.80 0.20 87.54 good
24.10 0.14 137.29 bad
122.40 0.22 181.41 bad
74.10 0.14 66.70 bad
77.70 0.28 468.11 bad
122.20 0.08 78.49 good
35.90 0.00 28.01 bad
147.20 0.15 40.03 good
53.00 0.31 418.19 bad
233.90 0.20 194.89 good
150.70 0.14 80.73 bad
51.10 0.39 404.81 bad
178.90 0.23 163.05 good
154.60 0.13 192.82 bad
713.10 0.14 41.11 good
87.00 0.34 203.97 bad
51.30 0.44 948.64 bad
80.20 0.17 172.89 bad
22.80 0.05 53.89 bad
168.40 0.29 389.04 good
300.10 0.20 74.29 bad
74.40 0.14 44.83 good
380.50 0.23 135.14 bad
49.70 0.22 85.63 bad
76.10 0.30 453.60 bad
13.00 0.21 245.77 good
106.40 0.20 182.02 bad
40.40 0.10 74.03 good
45.10 0.20 95.85 bad
17.00 0.44 1104.85 good
108.60 0.20 55.29 good
54.40 0.14 59.06 bad
72.20 0.07 77.07 bad
34.80 0.19 204.65 bad
79.60 0.30 223.96 bad
55.40 0.32 49.13 bad
390.00 0.20 259.41 good
68.60 0.39 278.58 bad
39.60 0.30 344.01 good
70.00 0.24 147.32 bad
131.20 0.17 65.93 bad
144.70 0.19 599.56 bad
87.70 0.08 173.53 bad
40.80 0.22 188.48 bad
87.20 0.24 51.21 good
112.10 0.19 95.46 bad
153.20 0.28 208.64 bad
116.50 0.29 444.03 good
90.50 0.34 288.02 bad
99.00 0.00 128.84 bad
34.10 0.33 282.28 good
22.20 0.40 198.40 good
21.40 0.26 664.54 bad
150.50 0.04 92.39 bad
198.70 0.33 385.10 good
64.40 0.24 114.14 good
310.00 0.17 72.91 bad
446.50 0.20 1238.93 good
247.80 0.21 164.81 bad
31.70 0.23 875.52 bad
92.20 0.30 387.39 bad
85.80 0.25 75.21 good
145.90 0.08 102.63 bad
79.20 0.29 313.76 bad
65.70 0.20 1797.82 good
34.20 0.26 319.05 good
296.70 0.23 82.37 good
322.80 0.26 209.65 good
46.30 0.16 73.99 bad
195.70 0.11 58.14 good
237.20 0.35 212.10 good
145.80 0.33 194.01 bad
179.50 0.34 176.74 good
448.70 0.33 478.73 good
212.90 0.19 56.35 bad
130.30 0.36 304.97 good
518.00 0.24 364.52 good
62.30 0.33 909.70 bad
477.20 0.37 402.15 good
209.90 0.06 9.99 bad
382.10 0.26 113.50 good
163.50 0.14 62.68 good
73.20 0.22 105.28 good