ThreeStarRate FiveStarRate Kurtosis Class
98
1 2 3 4 5 6 8 9 10 12 13 14 16 18 19 20 21 25 26 27 30 32 33 34 36 38 39 41 45 48 49 51 54 55 57 58 59 63 64 67 68 69 71 76 81 83 85 88 89 90 91 92 93 94 96 97 98 99 100 101 102 104 105 106 107 108 110 111 112 113 115 116 118 119 121 124 125 127 129 130 131 132 133 134 136 137 138 140 141 142 143 144 146 147 148 149 150 151
0.23 0.25 406.22 good
0.40 0.15 267.71 bad
0.27 0.18 155.27 bad
0.33 0.10 113.07 bad
0.26 0.12 93.52 good
0.21 0.23 75.15 good
0.30 0.21 196.73 bad
0.26 0.02 110.48 bad
0.23 0.09 143.84 bad
0.44 0.20 114.51 bad
0.39 0.09 156.17 bad
0.21 0.20 68.44 good
0.23 0.14 87.54 good
0.28 0.28 137.29 bad
0.22 0.28 181.41 bad
0.15 0.13 48.29 good
0.16 0.04 66.70 bad
0.20 0.20 28.01 bad
0.43 0.19 249.04 bad
0.21 0.05 40.03 good
0.32 0.11 80.73 bad
0.31 0.13 404.81 bad
0.29 0.15 163.05 good
0.39 0.03 192.82 bad
0.23 0.19 203.97 bad
0.27 0.13 172.89 bad
0.16 0.00 53.89 bad
0.34 0.17 389.04 good
0.30 0.10 135.14 bad
0.33 0.17 362.40 bad
0.39 0.10 155.38 bad
0.37 0.07 339.26 bad
0.33 0.29 245.77 good
0.33 0.06 182.02 bad
0.21 0.18 94.54 bad
0.14 0.37 256.16 good
0.21 0.25 148.52 good
0.12 0.30 55.29 good
0.21 0.02 59.06 bad
0.16 0.42 278.88 good
0.25 0.22 223.96 bad
0.26 0.21 758.93 bad
0.25 0.17 106.33 bad
0.15 0.24 159.36 good
0.54 0.13 173.53 bad
0.28 0.22 188.48 bad
0.15 0.10 51.21 good
0.18 0.30 118.81 good
0.27 0.17 208.64 bad
0.20 0.07 25.57 bad
0.16 0.34 191.97 good
0.16 0.42 444.03 good
0.26 0.21 288.02 bad
0.23 0.23 299.63 good
0.28 0.17 282.28 good
0.26 0.13 198.40 good
0.22 0.29 391.57 good
0.34 0.17 243.27 bad
0.34 0.25 297.05 bad
0.26 0.27 286.97 bad
0.26 0.08 65.28 good
0.34 0.09 92.39 bad
0.19 0.31 385.10 good
0.27 0.16 114.14 good
0.15 0.31 72.91 bad
0.10 0.63 1238.93 good
0.28 0.10 131.59 bad
0.26 0.12 113.09 good
0.30 0.11 84.03 bad
0.36 0.14 164.81 bad
0.35 0.07 125.49 bad
0.42 0.17 138.45 good
0.39 0.11 387.39 bad
0.20 0.29 297.36 good
0.32 0.02 102.63 bad
0.29 0.11 101.09 good
0.08 0.67 1797.82 good
0.22 0.36 319.05 good
0.16 0.37 209.65 good
0.28 0.17 73.99 bad
0.13 0.06 58.14 good
0.25 0.13 212.10 good
0.33 0.04 194.01 bad
0.21 0.18 176.74 good
0.32 0.09 63.17 bad
0.15 0.38 478.73 good
0.22 0.18 56.35 bad
0.07 0.05 361.68 bad
0.19 0.15 311.51 bad
0.15 0.46 364.52 good
0.22 0.10 86.23 bad
0.27 0.09 97.95 bad
0.27 0.19 402.15 good
0.19 0.02 40.59 good
0.04 0.08 9.99 bad
0.23 0.15 113.50 good
0.35 0.15 158.29 bad
0.16 0.37 105.22 bad