TwoStarRate ThreeStarRate FourStarRate Class
99
2 4 5 6 8 10 14 15 17 19 21 22 23 26 27 28 29 30 31 32 33 37 40 41 45 47 48 49 50 51 53 56 57 60 61 62 63 64 66 67 68 69 70 71 72 75 78 80 81 82 83 85 87 88 89 90 91 92 95 97 99 101 102 104 105 106 107 111 112 114 115 116 117 118 119 120 121 125 127 128 129 130 131 132 133 134 136 137 138 139 140 142 143 144 145 146 149 150 153
0.10 0.40 0.24 bad
0.09 0.33 0.25 bad
0.20 0.26 0.21 good
0.14 0.21 0.18 good
0.16 0.30 0.22 bad
0.26 0.23 0.27 bad
0.14 0.21 0.19 good
0.13 0.27 0.25 bad
0.22 0.20 0.23 bad
0.18 0.22 0.22 bad
0.37 0.16 0.14 bad
0.15 0.40 0.28 bad
0.31 0.28 0.08 good
0.09 0.43 0.18 bad
0.17 0.21 0.15 good
0.11 0.25 0.31 bad
0.10 0.22 0.20 good
0.18 0.32 0.14 bad
0.30 0.33 0.19 good
0.09 0.31 0.39 bad
0.20 0.29 0.23 good
0.03 0.20 0.44 bad
0.12 0.24 0.33 good
0.14 0.34 0.29 good
0.20 0.30 0.23 bad
0.28 0.20 0.22 bad
0.09 0.33 0.33 bad
0.10 0.39 0.23 bad
0.28 0.32 0.14 good
0.30 0.37 0.21 bad
0.33 0.14 0.00 bad
0.20 0.32 0.10 good
0.07 0.21 0.29 bad
0.21 0.18 0.20 bad
0.08 0.25 0.44 good
0.50 0.08 0.34 bad
0.07 0.12 0.20 good
0.27 0.21 0.14 bad
0.14 0.43 0.19 bad
0.06 0.16 0.25 good
0.11 0.25 0.30 bad
0.05 0.26 0.42 bad
0.10 0.04 0.32 bad
0.12 0.25 0.25 bad
0.08 0.26 0.20 good
0.10 0.40 0.30 good
0.10 0.33 0.24 bad
0.03 0.13 0.19 bad
0.08 0.54 0.08 bad
0.41 0.20 0.05 bad
0.17 0.28 0.22 bad
0.19 0.15 0.24 good
0.09 0.23 0.19 bad
0.10 0.18 0.23 good
0.17 0.27 0.28 bad
0.13 0.20 0.07 bad
0.08 0.16 0.28 good
0.04 0.16 0.29 good
0.23 0.46 0.00 bad
0.03 0.26 0.40 good
0.12 0.34 0.26 bad
0.10 0.26 0.27 bad
0.14 0.26 0.21 good
0.31 0.34 0.04 bad
0.08 0.19 0.33 good
0.14 0.27 0.24 good
0.12 0.15 0.17 bad
0.16 0.26 0.26 good
0.20 0.30 0.15 bad
0.02 0.09 0.23 bad
0.19 0.35 0.19 bad
0.12 0.42 0.12 good
0.11 0.45 0.14 bad
0.11 0.39 0.30 bad
0.06 0.20 0.33 good
0.18 0.20 0.25 good
0.30 0.32 0.08 bad
0.02 0.08 0.20 good
0.06 0.22 0.26 good
0.08 0.13 0.23 good
0.07 0.16 0.26 good
0.13 0.28 0.16 bad
0.41 0.13 0.11 good
0.14 0.25 0.35 good
0.13 0.33 0.33 bad
0.12 0.21 0.34 good
0.24 0.32 0.05 bad
0.05 0.15 0.33 good
0.10 0.22 0.19 bad
0.07 0.24 0.36 good
0.30 0.07 0.54 bad
0.05 0.15 0.24 good
0.21 0.22 0.24 bad
0.25 0.27 0.18 bad
0.10 0.45 0.33 bad
0.09 0.27 0.37 good
0.18 0.23 0.26 good
0.15 0.35 0.20 bad
0.22 0.25 0.22 good