AddListCount Mode Median Class
98
0 3 4 5 6 7 8 10 11 12 13 17 18 19 21 23 28 29 30 31 32 33 34 36 37 38 42 43 44 49 50 54 55 56 58 59 60 61 62 63 64 65 66 67 69 70 71 72 73 74 76 78 79 81 83 85 88 89 90 94 95 96 97 100 101 103 104 105 106 108 109 111 112 113 115 118 119 120 122 123 125 126 128 129 130 132 136 137 140 141 145 146 147 148 150 151 152 153
214 8.00 6.00 good
38 8.00 6.00 bad
22 6.00 6.00 bad
122 6.00 6.00 good
42 2.00 6.00 good
8 6.00 6.00 bad
53 6.00 6.00 bad
25 8.00 6.00 bad
15 6.00 6.00 bad
12 6.00 6.00 bad
9 6.00 6.00 bad
10 8.00 6.00 bad
7 10.00 6.00 bad
70 10.00 6.00 bad
12 4.00 4.00 bad
32 4.00 4.00 good
73 8.00 8.00 bad
68 10.00 8.00 good
9 6.00 6.00 bad
6 6.00 6.00 good
111 8.00 8.00 bad
49 6.00 6.00 good
24 6.00 6.00 bad
63 8.00 8.00 bad
106 8.00 8.00 bad
19 4.00 6.00 bad
215 2.00 6.00 bad
18 2.00 6.00 good
242 2.00 4.00 good
13 6.00 6.00 bad
7 6.00 6.00 good
9 6.00 6.00 good
11 6.00 6.00 bad
13 6.00 6.00 good
70 10.00 8.00 good
138 10.00 6.00 good
19 10.00 6.00 bad
33 8.00 8.00 good
3 4.00 4.00 bad
21 2.00 6.00 good
10 2.00 4.00 bad
22 6.00 4.00 bad
2 6.00 6.00 bad
17 10.00 8.00 good
5 8.00 8.00 bad
2 2.00 8.00 bad
119 8.00 6.00 bad
180 10.00 8.00 good
8 8.00 8.00 bad
16 6.00 6.00 bad
110 8.00 8.00 good
57 6.00 6.00 bad
94 2.00 6.00 bad
4 6.00 6.00 bad
22 6.00 6.00 bad
55 2.00 4.00 good
321 10.00 8.00 good
49 8.00 6.00 bad
4 2.00 2.00 bad
57 8.00 8.00 good
4 6.00 6.00 bad
100 8.00 8.00 good
7 8.00 8.00 good
8 6.00 8.00 bad
65 10.00 8.00 bad
6 6.00 6.00 bad
5 6.00 4.00 bad
98 8.00 8.00 good
102 6.00 6.00 good
1586 10.00 10.00 good
34 6.00 6.00 bad
53 8.00 6.00 good
63 6.00 6.00 bad
25 6.00 6.00 bad
76 6.00 6.00 bad
112 6.00 6.00 bad
274 8.00 8.00 good
15 8.00 6.00 good
126 8.00 8.00 bad
32 6.00 6.00 good
149 10.00 10.00 good
48 10.00 8.00 good
108 10.00 8.00 good
510 10.00 8.00 good
11 6.00 6.00 bad
131 8.00 6.00 good
9 6.00 4.00 bad
303 10.00 8.00 good
7 8.00 8.00 bad
19 8.00 8.00 bad
28 6.00 6.00 bad
710 8.00 8.00 good
26 2.00 4.00 good
54 2.00 2.00 bad
5 6.00 6.00 bad
125 10.00 8.00 bad
12 2.00 6.00 good
50 6.00 6.00 good