BookWordCount TwoStarRate ThreeStarRate Class
103
0 3 6 8 9 10 11 12 15 17 18 20 21 22 25 26 27 28 29 30 31 33 34 36 37 38 39 40 42 43 44 45 47 48 49 51 52 53 54 56 57 58 59 60 61 62 63 65 66 67 69 70 73 74 75 78 79 83 85 86 89 90 91 92 93 94 95 96 97 99 100 101 102 103 105 106 107 109 110 112 113 115 117 118 119 121 122 127 128 131 132 133 136 140 141 144 145 146 147 148 149 151 152
177.20 0.15 0.28 good
52.30 0.12 0.27 bad
59.60 0.14 0.21 good
143.50 0.16 0.30 bad
21.30 0.18 0.26 bad
82.50 0.26 0.23 bad
13.40 0.04 0.40 bad
21.80 0.08 0.44 bad
257.20 0.13 0.27 bad
33.60 0.22 0.20 bad
24.10 0.17 0.28 bad
82.30 0.20 0.15 good
74.10 0.37 0.16 bad
77.70 0.15 0.40 bad
35.90 0.20 0.20 bad
62.70 0.09 0.43 bad
147.20 0.17 0.21 good
53.00 0.11 0.25 bad
233.90 0.10 0.22 good
150.70 0.18 0.32 bad
78.00 0.30 0.33 good
178.90 0.20 0.29 good
154.60 0.30 0.39 bad
87.00 0.10 0.23 bad
51.30 0.03 0.20 bad
80.20 0.35 0.27 bad
22.80 0.26 0.16 bad
153.10 0.12 0.24 good
300.10 0.17 0.26 bad
74.40 0.13 0.24 good
296.80 0.07 0.11 good
380.50 0.20 0.30 bad
49.70 0.28 0.20 bad
281.40 0.09 0.33 bad
44.50 0.10 0.39 bad
84.60 0.30 0.37 bad
76.10 0.04 0.15 bad
53.70 0.33 0.14 bad
13.00 0.05 0.33 good
40.40 0.20 0.32 good
293.40 0.07 0.21 bad
63.50 0.05 0.14 good
133.40 0.21 0.21 good
45.10 0.21 0.18 bad
17.00 0.08 0.25 good
49.60 0.50 0.08 bad
108.60 0.07 0.12 good
72.20 0.28 0.31 bad
34.80 0.14 0.43 bad
16.80 0.06 0.16 good
7.30 0.05 0.26 bad
55.40 0.10 0.04 bad
68.60 0.11 0.22 bad
49.30 0.22 0.36 bad
39.60 0.10 0.40 good
70.00 0.10 0.33 bad
131.20 0.19 0.26 bad
40.80 0.17 0.28 bad
87.20 0.19 0.15 good
129.90 0.03 0.30 bad
153.20 0.17 0.27 bad
50.40 0.13 0.20 bad
126.20 0.08 0.16 good
116.50 0.04 0.16 good
90.50 0.08 0.26 bad
63.70 0.11 0.23 good
99.00 0.23 0.46 bad
34.10 0.11 0.28 good
22.20 0.03 0.26 good
181.90 0.12 0.34 bad
59.90 0.02 0.34 bad
219.60 0.10 0.26 bad
78.10 0.14 0.26 good
21.40 0.08 0.50 bad
198.70 0.08 0.19 good
64.40 0.14 0.27 good
310.00 0.12 0.15 bad
101.10 0.14 0.36 bad
133.50 0.21 0.28 bad
107.80 0.20 0.30 bad
247.80 0.13 0.36 bad
119.20 0.19 0.35 bad
59.10 0.11 0.45 bad
92.20 0.11 0.39 bad
427.70 0.06 0.20 good
145.90 0.30 0.32 bad
79.20 0.10 0.28 bad
34.20 0.06 0.22 good
296.70 0.08 0.13 good
195.70 0.41 0.13 good
237.20 0.14 0.25 good
145.80 0.13 0.33 bad
72.70 0.24 0.32 bad
43.40 0.30 0.07 bad
25.10 0.03 0.19 bad
319.70 0.25 0.27 bad
62.30 0.10 0.45 bad
477.20 0.09 0.27 good
154.00 0.22 0.19 good
209.90 0.03 0.04 bad
382.10 0.18 0.23 good
93.00 0.07 0.16 bad
163.50 0.19 0.28 good