AddListCount FourStarRate Kurtosis Class
93
0 2 3 4 7 8 9 10 11 12 14 18 19 20 21 23 24 25 28 29 30 31 32 33 35 36 37 38 42 44 45 47 48 49 50 51 52 56 59 60 63 64 65 66 68 71 74 75 81 82 83 84 85 86 91 93 94 95 96 97 98 100 105 106 109 110 111 113 114 115 116 117 120 121 124 125 126 127 128 129 131 133 136 137 138 140 143 144 146 148 150 152 153
214 0.30 200.91 good
12 0.24 267.71 bad
38 0.27 155.27 bad
22 0.25 113.07 bad
8 0.11 181.37 bad
53 0.22 196.73 bad
14 0.30 110.48 bad
25 0.27 143.84 bad
15 0.32 491.68 bad
12 0.08 114.51 bad
136 0.19 68.44 good
7 0.14 137.29 bad
70 0.22 181.41 bad
17 0.20 48.29 good
12 0.14 66.70 bad
32 0.08 78.49 good
23 0.13 114.10 bad
2 0.00 28.01 bad
73 0.31 418.19 bad
68 0.20 194.89 good
9 0.14 80.73 bad
6 0.19 211.54 good
111 0.39 404.81 bad
49 0.23 163.05 good
254 0.14 41.11 good
63 0.34 203.97 bad
106 0.44 948.64 bad
19 0.17 172.89 bad
215 0.20 74.29 bad
242 0.16 29.34 good
93 0.23 135.14 bad
20 0.22 85.63 bad
371 0.33 362.40 bad
13 0.23 155.38 bad
7 0.14 119.73 good
42 0.21 339.26 bad
446 0.30 453.60 bad
13 0.10 74.03 good
138 0.21 148.52 good
19 0.20 95.85 bad
21 0.20 55.29 good
10 0.14 59.06 bad
22 0.07 77.07 bad
2 0.19 204.65 bad
45 0.30 223.96 bad
119 0.25 106.33 bad
16 0.31 393.48 bad
8 0.30 344.01 good
4 0.08 173.53 bad
3 0.05 87.78 bad
22 0.22 188.48 bad
3 0.19 116.65 bad
55 0.24 51.21 good
53 0.27 249.84 bad
218 0.28 191.97 good
121 0.34 288.02 bad
57 0.33 299.63 good
4 0.00 128.84 bad
100 0.33 282.28 good
7 0.40 198.40 good
558 0.33 391.57 good
8 0.27 297.05 bad
98 0.33 385.10 good
102 0.24 114.14 good
34 0.24 170.95 bad
31 0.24 131.59 bad
53 0.26 113.09 good
25 0.21 164.81 bad
218 0.23 875.52 bad
76 0.19 125.49 bad
7 0.12 138.45 good
5 0.14 132.92 bad
15 0.25 75.21 good
14 0.08 102.63 bad
57 0.20 101.09 good
149 0.20 1797.82 good
48 0.21 76.64 good
146 0.26 319.05 good
108 0.23 82.37 good
510 0.26 209.65 good
5 0.11 58.14 good
1 0.33 194.01 bad
9 0.05 63.17 bad
303 0.33 478.73 good
53 0.19 56.35 bad
7 0.54 361.68 bad
42 0.24 86.23 bad
103 0.18 97.95 bad
710 0.37 402.15 good
54 0.06 9.99 bad
5 0.20 158.29 bad
12 0.14 62.68 good
50 0.22 105.28 good