BookScore BookScoreCount AddListCount Class
96
1 4 7 8 9 10 12 13 14 16 17 18 21 23 24 25 26 30 32 33 34 35 37 38 39 40 42 43 49 50 51 53 54 55 56 57 58 59 60 62 63 64 65 66 67 68 69 71 72 73 74 75 79 81 82 85 86 87 90 92 93 94 95 99 101 103 105 109 110 111 112 113 116 118 119 121 124 127 131 133 134 136 138 139 140 141 143 144 146 147 148 149 150 151 152 153
7.2 967 492 good
5.8 78 22 bad
5.8 27 8 bad
6.5 177 53 bad
5.4 51 14 bad
5.8 78 25 bad
6.0 25 12 bad
5.5 48 9 bad
5.9 454 136 good
5.7 119 25 good
5.6 36 10 bad
6.5 23 7 bad
4.6 44 12 bad
4.7 116 32 good
5.5 70 23 bad
4.8 11 2 bad
6.5 100 32 bad
5.4 29 9 bad
6.8 292 111 bad
6.1 192 49 good
5.1 97 24 bad
5.5 1909 254 good
7.8 216 106 bad
5.9 63 19 bad
3.5 20 1 bad
6.7 495 172 good
5.4 686 215 bad
5.1 81 18 good
5.9 72 13 bad
5.3 29 7 good
5.9 133 42 bad
4.0 22 1 bad
7.0 43 9 good
5.6 55 11 bad
5.3 80 13 good
6.2 2109 551 bad
7.5 461 70 good
6.5 484 138 good
6.2 108 19 bad
5.3 13 3 bad
6.2 91 21 good
4.4 45 10 bad
4.8 82 22 bad
5.9 21 2 bad
7.6 90 17 good
6.8 153 45 bad
7.4 20 5 bad
6.1 248 119 bad
7.3 956 180 good
6.8 19 8 bad
6.1 46 16 bad
6.4 21 8 good
5.2 531 94 bad
5.8 25 4 bad
5.6 31 3 bad
5.2 356 55 good
7.0 222 53 bad
6.4 182 65 bad
4.0 16 4 bad
7.8 527 141 good
6.9 396 121 bad
7.0 218 57 good
5.5 13 4 bad
6.5 942 253 bad
7.1 219 65 bad
6.6 29 6 bad
7.4 339 98 good
6.0 88 34 bad
5.8 112 31 bad
5.8 182 53 good
5.4 201 63 bad
6.1 136 25 bad
6.0 19 7 good
6.5 274 112 bad
7.3 1575 274 good
4.5 59 14 bad
5.6 320 57 good
7.4 387 146 good
4.4 31 5 good
5.9 23 1 bad
6.5 795 168 good
4.8 68 9 bad
5.7 328 53 bad
7.0 1100 206 good
6.4 21 7 bad
6.9 83 19 bad
5.5 153 42 bad
5.4 364 103 bad
7.0 2356 710 good
3.9 208 26 good
3.3 1080 54 bad
6.0 674 178 good
6.1 21 5 bad
6.8 638 125 bad
5.1 45 12 good
5.7 209 50 good