BookScore FourStarRate Median Class
99
0 3 5 6 9 10 11 12 13 14 16 17 19 20 21 26 27 28 30 31 32 35 36 38 40 42 43 45 46 47 49 50 51 53 54 56 58 60 62 63 64 67 68 70 71 72 74 76 77 79 80 83 85 87 89 91 92 93 95 97 99 100 101 102 103 105 106 108 109 110 111 112 114 115 116 117 118 123 124 125 126 127 128 129 130 131 132 133 135 136 137 140 141 143 145 147 150 151 152
6.4 0.30 6.00 good
6.4 0.27 6.00 bad
5.6 0.21 6.00 good
6.0 0.18 6.00 good
5.4 0.30 6.00 bad
5.8 0.27 6.00 bad
6.9 0.32 6.00 bad
6.0 0.08 6.00 bad
5.5 0.13 6.00 bad
5.9 0.19 6.00 good
5.7 0.20 6.00 good
5.6 0.23 6.00 bad
6.7 0.22 6.00 bad
5.3 0.20 4.00 good
4.6 0.14 4.00 bad
6.5 0.18 6.00 bad
4.5 0.15 4.00 good
7.2 0.31 8.00 bad
5.4 0.14 6.00 bad
5.8 0.19 6.00 good
6.8 0.39 8.00 bad
5.5 0.14 6.00 good
6.7 0.34 8.00 bad
5.9 0.17 6.00 bad
6.7 0.33 8.00 good
5.4 0.20 6.00 bad
5.1 0.14 6.00 good
5.8 0.23 6.00 bad
7.1 0.33 8.00 good
5.3 0.22 4.00 bad
5.9 0.23 6.00 bad
5.3 0.14 6.00 good
5.9 0.21 6.00 bad
4.0 0.00 4.00 bad
7.0 0.21 6.00 good
5.3 0.10 6.00 good
7.5 0.30 8.00 good
6.2 0.20 6.00 bad
5.3 0.34 4.00 bad
6.2 0.20 6.00 good
4.4 0.14 4.00 bad
7.6 0.25 8.00 good
6.8 0.30 8.00 bad
5.9 0.32 8.00 bad
6.1 0.25 6.00 bad
7.3 0.20 8.00 good
6.1 0.31 6.00 bad
6.8 0.36 8.00 good
7.6 0.27 8.00 bad
5.2 0.17 6.00 bad
8.3 0.19 10.00 bad
6.6 0.22 6.00 bad
5.2 0.24 4.00 good
6.4 0.19 6.00 bad
6.4 0.28 6.00 bad
7.2 0.28 8.00 good
7.8 0.29 8.00 good
6.9 0.34 8.00 bad
5.5 0.00 6.00 bad
6.5 0.40 8.00 good
6.5 0.26 6.00 bad
7.0 0.27 8.00 bad
7.1 0.27 8.00 bad
5.3 0.21 6.00 good
6.6 0.26 6.00 bad
7.4 0.33 8.00 good
6.0 0.24 6.00 good
8.7 0.20 10.00 good
6.0 0.24 6.00 bad
5.8 0.24 6.00 bad
5.8 0.26 6.00 good
5.4 0.15 6.00 bad
8.5 0.23 10.00 bad
5.5 0.19 6.00 bad
6.0 0.12 6.00 good
5.5 0.14 6.00 bad
6.5 0.30 6.00 bad
7.0 0.30 6.00 good
5.6 0.20 6.00 good
8.9 0.20 10.00 good
6.4 0.21 8.00 good
7.4 0.26 8.00 good
6.5 0.23 8.00 good
7.3 0.26 8.00 good
5.7 0.16 6.00 bad
4.4 0.11 4.00 good
6.4 0.35 6.00 good
5.9 0.33 6.00 bad
7.0 0.29 8.00 bad
4.8 0.05 4.00 bad
7.8 0.33 8.00 good
6.4 0.54 8.00 bad
6.9 0.49 8.00 bad
5.5 0.24 6.00 bad
6.7 0.33 6.00 bad
3.9 0.09 4.00 good
6.1 0.20 6.00 bad
6.8 0.19 8.00 bad
5.1 0.14 6.00 good