BookWordCount TwoStarRate Median Class
98
0 1 5 6 8 9 11 13 15 16 17 18 19 22 23 24 25 27 28 32 33 34 35 36 37 38 39 40 41 43 44 45 47 49 50 51 52 53 55 56 57 59 60 61 62 65 66 67 68 70 71 72 75 77 78 79 82 83 84 86 88 89 90 91 94 96 97 100 101 102 105 108 109 110 111 114 117 119 120 121 122 123 124 125 126 127 128 129 131 133 136 137 140 144 145 149 152 153
177.20 0.15 6.00 good
289.90 0.08 8.00 good
158.50 0.20 6.00 good
59.60 0.14 6.00 good
143.50 0.16 6.00 bad
21.30 0.18 6.00 bad
13.40 0.04 6.00 bad
27.50 0.24 6.00 bad
257.20 0.13 6.00 bad
135.80 0.22 6.00 good
33.60 0.22 6.00 bad
24.10 0.17 6.00 bad
122.40 0.18 6.00 bad
77.70 0.15 6.00 bad
122.20 0.31 4.00 good
74.80 0.21 6.00 bad
35.90 0.20 4.00 bad
147.20 0.17 4.00 good
53.00 0.11 8.00 bad
51.10 0.09 8.00 bad
178.90 0.20 6.00 good
154.60 0.30 6.00 bad
713.10 0.12 6.00 good
87.00 0.10 8.00 bad
51.30 0.03 8.00 bad
80.20 0.35 6.00 bad
22.80 0.26 2.00 bad
153.10 0.12 8.00 good
168.40 0.14 6.00 good
74.40 0.13 6.00 good
296.80 0.07 4.00 good
380.50 0.20 6.00 bad
49.70 0.28 4.00 bad
44.50 0.10 6.00 bad
51.90 0.28 6.00 good
84.60 0.30 6.00 bad
76.10 0.04 8.00 bad
53.70 0.33 4.00 bad
106.40 0.28 6.00 bad
40.40 0.20 6.00 good
293.40 0.07 6.00 bad
133.40 0.21 6.00 good
45.10 0.21 6.00 bad
17.00 0.08 8.00 good
49.60 0.50 4.00 bad
72.20 0.28 4.00 bad
34.80 0.14 6.00 bad
16.80 0.06 8.00 good
79.60 0.11 8.00 bad
55.40 0.10 8.00 bad
98.90 0.12 6.00 bad
390.00 0.08 8.00 good
39.60 0.10 6.00 good
1070.70 0.07 8.00 bad
70.00 0.10 6.00 bad
131.20 0.19 6.00 bad
183.00 0.41 4.00 bad
40.80 0.17 6.00 bad
30.00 0.14 6.00 bad
129.90 0.03 8.00 bad
315.30 0.10 8.00 good
153.20 0.17 6.00 bad
50.40 0.13 2.00 bad
126.20 0.08 8.00 good
63.70 0.11 8.00 good
34.10 0.11 8.00 good
22.20 0.03 8.00 good
59.90 0.02 8.00 bad
219.60 0.10 8.00 bad
78.10 0.14 6.00 good
198.70 0.08 8.00 good
446.50 0.02 10.00 good
101.10 0.14 6.00 bad
133.50 0.21 6.00 bad
148.90 0.16 6.00 good
31.70 0.02 10.00 bad
59.10 0.11 6.00 bad
427.70 0.06 8.00 good
85.80 0.18 6.00 good
145.90 0.30 4.00 bad
79.20 0.10 8.00 bad
153.40 0.08 6.00 good
223.00 0.19 6.00 good
65.70 0.02 10.00 good
89.70 0.06 8.00 good
34.20 0.06 8.00 good
296.70 0.08 8.00 good
322.80 0.07 8.00 good
195.70 0.41 4.00 good
145.80 0.13 6.00 bad
72.70 0.24 4.00 bad
448.70 0.05 8.00 good
43.40 0.30 8.00 bad
319.70 0.25 6.00 bad
62.30 0.10 6.00 bad
382.10 0.18 6.00 good
163.50 0.19 6.00 good
73.20 0.22 6.00 good