BookScore FourStarRate Kurtosis Class
97
0 3 4 5 7 8 9 10 11 12 13 14 15 16 17 22 23 26 27 29 30 31 32 33 35 38 42 43 44 46 47 48 49 50 51 52 53 55 56 58 59 61 62 64 65 66 67 68 69 70 71 72 73 77 79 80 81 82 83 84 85 87 89 90 91 94 96 101 102 103 105 107 108 109 111 112 117 118 119 120 122 123 126 128 129 132 133 135 136 138 141 142 144 146 147 148 150
6.4 0.30 200.91 good
6.4 0.27 155.27 bad
5.8 0.25 113.07 bad
5.6 0.21 93.52 good
5.8 0.11 181.37 bad
6.5 0.22 196.73 bad
5.4 0.30 110.48 bad
5.8 0.27 143.84 bad
6.9 0.32 491.68 bad
6.0 0.08 114.51 bad
5.5 0.13 156.17 bad
5.9 0.19 68.44 good
6.6 0.25 188.48 bad
5.7 0.20 87.54 good
5.6 0.23 80.31 bad
6.5 0.28 468.11 bad
4.7 0.08 78.49 good
6.5 0.18 249.04 bad
4.5 0.15 40.03 good
7.1 0.20 194.89 good
5.4 0.14 80.73 bad
5.8 0.19 211.54 good
6.8 0.39 404.81 bad
6.1 0.23 163.05 good
5.5 0.14 41.11 good
5.9 0.17 172.89 bad
5.4 0.20 74.29 bad
5.1 0.14 44.83 good
5.4 0.16 29.34 good
7.1 0.33 218.67 good
5.3 0.22 85.63 bad
6.8 0.33 362.40 bad
5.9 0.23 155.38 bad
5.3 0.14 119.73 good
5.9 0.21 339.26 bad
7.9 0.30 453.60 bad
4.0 0.00 31.11 bad
5.6 0.20 182.02 bad
5.3 0.10 74.03 good
7.5 0.30 256.16 good
6.5 0.21 148.52 good
7.5 0.44 1104.85 good
5.3 0.34 199.64 bad
4.4 0.14 59.06 bad
4.8 0.07 77.07 bad
5.9 0.19 204.65 bad
7.6 0.25 278.88 good
6.8 0.30 223.96 bad
7.4 0.42 758.93 bad
5.9 0.32 49.13 bad
6.1 0.25 106.33 bad
7.3 0.20 259.41 good
6.8 0.39 278.58 bad
7.6 0.27 440.27 bad
5.2 0.17 65.93 bad
8.3 0.19 599.56 bad
5.8 0.08 173.53 bad
5.6 0.05 87.78 bad
6.6 0.22 188.48 bad
5.9 0.19 116.65 bad
5.2 0.24 51.21 good
6.4 0.19 95.46 bad
6.4 0.28 208.64 bad
4.0 0.07 25.57 bad
7.2 0.28 191.97 good
7.0 0.33 299.63 good
6.7 0.33 282.28 good
7.1 0.27 286.97 bad
5.3 0.21 65.28 good
6.6 0.26 664.54 bad
7.4 0.33 385.10 good
6.4 0.17 72.91 bad
8.7 0.20 1238.93 good
6.0 0.24 170.95 bad
5.8 0.26 113.09 good
5.4 0.15 84.03 bad
5.5 0.14 132.92 bad
6.5 0.30 387.39 bad
7.3 0.33 297.36 good
5.6 0.25 75.21 good
7.0 0.29 313.76 bad
7.0 0.30 502.72 good
6.4 0.21 76.64 good
6.5 0.23 82.37 good
7.3 0.26 209.65 good
6.4 0.35 212.10 good
5.9 0.33 194.01 bad
7.0 0.29 234.30 bad
4.8 0.05 63.17 bad
5.7 0.19 56.35 bad
6.9 0.49 311.51 bad
7.8 0.24 364.52 good
5.4 0.18 97.95 bad
7.0 0.37 402.15 good
3.9 0.09 40.59 good
3.3 0.06 9.99 bad
6.1 0.20 158.29 bad