BookScoreCount Median Kurtosis Class
97
1 2 3 5 8 10 11 12 13 14 15 16 17 19 21 22 26 27 29 32 34 36 37 38 39 40 42 43 44 45 47 48 49 50 52 55 60 62 64 65 66 70 71 74 75 76 77 79 80 81 82 83 84 85 86 87 88 89 92 96 97 98 99 100 102 103 104 105 107 108 109 110 111 112 114 115 116 118 121 127 129 130 132 133 134 139 140 142 143 144 145 146 147 149 150 151 152
967 8.00 406.22 good
47 6.00 267.71 bad
129 6.00 155.27 bad
439 6.00 93.52 good
177 6.00 196.73 bad
78 6.00 143.84 bad
51 6.00 491.68 bad
25 6.00 114.51 bad
48 6.00 156.17 bad
454 6.00 68.44 good
658 6.00 188.48 bad
119 6.00 87.54 good
36 6.00 80.31 bad
250 6.00 181.41 bad
44 4.00 66.70 bad
159 6.00 468.11 bad
100 6.00 249.04 bad
150 4.00 40.03 good
290 8.00 194.89 good
292 8.00 404.81 bad
97 6.00 192.82 bad
223 8.00 203.97 bad
216 8.00 948.64 bad
63 6.00 172.89 bad
20 2.00 53.89 bad
495 8.00 227.23 good
686 6.00 74.29 bad
81 6.00 44.83 good
1885 4.00 29.34 good
299 6.00 135.14 bad
79 4.00 85.63 bad
1248 6.00 362.40 bad
72 6.00 155.38 bad
29 6.00 119.73 good
1780 8.00 453.60 bad
55 6.00 182.02 bad
108 6.00 95.85 bad
13 4.00 199.64 bad
45 4.00 59.06 bad
82 4.00 77.07 bad
21 6.00 204.65 bad
51 8.00 49.13 bad
248 6.00 106.33 bad
46 6.00 393.48 bad
21 6.00 344.01 good
429 8.00 159.36 good
745 8.00 440.27 bad
531 6.00 65.93 bad
714 10.00 599.56 bad
25 6.00 173.53 bad
31 4.00 87.78 bad
104 6.00 188.48 bad
21 6.00 116.65 bad
356 4.00 51.21 good
222 8.00 249.84 bad
182 6.00 95.46 bad
1636 8.00 118.81 good
145 6.00 208.64 bad
527 8.00 444.03 good
188 8.00 282.28 good
39 8.00 198.40 good
2113 8.00 391.57 good
942 6.00 243.27 bad
42 8.00 297.05 bad
225 6.00 65.28 good
29 6.00 664.54 bad
25 4.00 92.39 bad
339 8.00 385.10 good
1184 6.00 72.91 bad
5393 10.00 1238.93 good
88 6.00 170.95 bad
112 6.00 131.59 bad
182 6.00 113.09 good
201 6.00 84.03 bad
1114 10.00 875.52 bad
282 6.00 125.49 bad
19 6.00 138.45 good
274 6.00 387.39 bad
59 4.00 102.63 bad
387 8.00 319.05 good
2063 8.00 209.65 good
82 6.00 73.99 bad
614 6.00 212.10 good
23 6.00 194.01 bad
795 8.00 176.74 good
1100 8.00 304.97 good
21 8.00 361.68 bad
2366 8.00 364.52 good
153 6.00 86.23 bad
364 6.00 97.95 bad
61 6.00 909.70 bad
2356 8.00 402.15 good
208 4.00 40.59 good
674 6.00 113.50 good
21 6.00 158.29 bad
638 8.00 105.22 bad
45 6.00 62.68 good