BookScore FiveStarRate Median Class
94
1 4 8 9 10 11 12 14 17 18 19 20 21 23 24 25 26 27 30 32 33 35 36 37 38 40 42 43 44 45 46 47 51 55 58 59 60 64 66 68 69 72 74 75 77 80 82 84 85 86 88 89 91 93 95 97 98 99 100 101 102 105 106 107 108 109 111 113 114 115 117 118 122 123 126 127 129 131 133 134 135 138 141 143 144 145 146 147 148 149 150 151 152 153
7.2 0.25 8.00 good
5.8 0.10 6.00 bad
6.5 0.21 6.00 bad
5.4 0.02 6.00 bad
5.8 0.09 6.00 bad
6.9 0.16 6.00 bad
6.0 0.20 6.00 bad
5.9 0.20 6.00 good
5.6 0.12 6.00 bad
6.5 0.28 6.00 bad
6.7 0.28 6.00 bad
5.3 0.13 4.00 good
4.6 0.04 4.00 bad
4.7 0.06 4.00 good
5.5 0.11 6.00 bad
4.8 0.20 4.00 bad
6.5 0.19 6.00 bad
4.5 0.05 4.00 good
5.4 0.11 6.00 bad
6.8 0.13 8.00 bad
6.1 0.15 6.00 good
5.5 0.21 6.00 good
6.7 0.19 8.00 bad
7.8 0.28 8.00 bad
5.9 0.13 6.00 bad
6.7 0.19 8.00 good
5.4 0.11 6.00 bad
5.1 0.14 6.00 good
5.4 0.23 4.00 good
5.8 0.10 6.00 bad
7.1 0.27 8.00 good
5.3 0.08 4.00 bad
5.9 0.07 6.00 bad
5.6 0.06 6.00 bad
7.5 0.37 8.00 good
6.5 0.25 6.00 good
6.2 0.23 6.00 bad
4.4 0.02 4.00 bad
5.9 0.10 6.00 bad
6.8 0.22 8.00 bad
7.4 0.21 8.00 bad
7.3 0.35 8.00 good
6.1 0.04 6.00 bad
6.4 0.10 6.00 good
7.6 0.37 8.00 bad
8.3 0.58 10.00 bad
5.6 0.22 4.00 bad
5.9 0.14 6.00 bad
5.2 0.10 4.00 good
7.0 0.26 8.00 bad
6.7 0.30 8.00 good
6.4 0.17 6.00 bad
7.2 0.34 8.00 good
6.9 0.21 8.00 bad
5.5 0.15 6.00 bad
6.5 0.13 8.00 good
7.3 0.29 8.00 good
6.5 0.17 6.00 bad
7.0 0.25 8.00 bad
7.1 0.27 8.00 bad
5.3 0.08 6.00 good
7.4 0.31 8.00 good
6.0 0.16 6.00 good
6.4 0.31 6.00 bad
8.7 0.63 10.00 good
6.0 0.10 6.00 bad
5.8 0.12 6.00 good
6.1 0.14 6.00 bad
8.5 0.60 10.00 bad
5.5 0.07 6.00 bad
5.5 0.09 6.00 bad
6.5 0.11 6.00 bad
7.0 0.25 8.00 bad
7.0 0.20 6.00 good
6.4 0.30 8.00 good
7.4 0.36 8.00 good
7.3 0.37 8.00 good
4.4 0.06 4.00 good
5.9 0.04 6.00 bad
6.5 0.18 8.00 good
7.0 0.26 8.00 bad
5.7 0.18 6.00 bad
6.9 0.15 8.00 bad
5.5 0.10 6.00 bad
5.4 0.09 6.00 bad
6.7 0.08 6.00 bad
7.0 0.19 8.00 good
3.9 0.02 4.00 good
3.3 0.08 2.00 bad
6.0 0.15 6.00 good
6.1 0.15 6.00 bad
6.8 0.37 8.00 bad
5.1 0.09 6.00 good
5.7 0.12 6.00 good