AddListCount FourStarRate Mode Class
99
0 1 3 5 6 10 12 13 14 15 16 19 20 23 24 29 31 35 36 38 42 43 44 45 46 47 48 49 50 52 53 54 55 56 57 58 59 61 63 64 65 66 67 68 69 71 72 73 75 76 77 79 81 83 84 87 88 90 91 92 93 94 95 96 97 98 100 101 102 103 105 107 108 109 110 114 115 116 117 119 123 127 129 130 134 135 136 137 138 139 141 143 144 145 148 149 150 151 152
214 0.30 8.00 good
492 0.36 8.00 good
38 0.27 8.00 bad
122 0.21 6.00 good
42 0.18 2.00 good
25 0.27 8.00 bad
12 0.08 6.00 bad
9 0.13 6.00 bad
136 0.19 2.00 good
204 0.25 6.00 bad
25 0.20 6.00 good
70 0.22 10.00 bad
17 0.20 2.00 good
32 0.08 4.00 good
23 0.13 6.00 bad
68 0.20 10.00 good
6 0.19 6.00 good
254 0.14 2.00 good
63 0.34 8.00 bad
19 0.17 4.00 bad
215 0.20 2.00 bad
18 0.14 2.00 good
242 0.16 2.00 good
93 0.23 6.00 bad
28 0.33 8.00 good
20 0.22 4.00 bad
371 0.33 8.00 bad
13 0.23 6.00 bad
7 0.14 6.00 good
446 0.30 10.00 bad
1 0.00 2.00 bad
9 0.21 6.00 good
11 0.20 6.00 bad
13 0.10 6.00 good
551 0.29 8.00 bad
70 0.30 10.00 good
138 0.21 10.00 good
33 0.44 8.00 good
21 0.20 2.00 good
10 0.14 2.00 bad
22 0.07 6.00 bad
2 0.19 6.00 bad
17 0.25 10.00 good
45 0.30 8.00 bad
5 0.42 8.00 bad
119 0.25 8.00 bad
180 0.20 10.00 good
8 0.39 8.00 bad
8 0.30 6.00 good
110 0.36 8.00 good
183 0.27 10.00 bad
94 0.17 2.00 bad
4 0.08 6.00 bad
22 0.22 6.00 bad
3 0.19 6.00 bad
65 0.19 10.00 bad
321 0.23 10.00 good
4 0.07 2.00 bad
218 0.28 10.00 good
141 0.29 10.00 good
121 0.34 8.00 bad
57 0.33 8.00 good
4 0.00 6.00 bad
100 0.33 8.00 good
7 0.40 8.00 good
558 0.33 8.00 good
8 0.27 6.00 bad
65 0.27 10.00 bad
39 0.21 2.00 good
6 0.26 6.00 bad
98 0.33 8.00 good
188 0.17 10.00 bad
1586 0.20 10.00 good
34 0.24 6.00 bad
31 0.24 6.00 bad
218 0.23 10.00 bad
76 0.19 6.00 bad
7 0.12 6.00 good
5 0.14 6.00 bad
274 0.33 8.00 good
32 0.30 6.00 good
146 0.26 10.00 good
510 0.26 10.00 good
11 0.16 6.00 bad
168 0.34 8.00 good
293 0.29 8.00 bad
9 0.05 6.00 bad
303 0.33 10.00 good
53 0.19 2.00 bad
206 0.36 8.00 good
19 0.49 8.00 bad
42 0.24 8.00 bad
103 0.18 6.00 bad
28 0.33 6.00 bad
54 0.06 2.00 bad
178 0.26 8.00 good
5 0.20 6.00 bad
125 0.19 10.00 bad
12 0.14 2.00 good