BookWordCount FiveStarRate Kurtosis Class
101
2 3 5 6 7 10 11 13 14 15 16 17 18 19 20 21 24 26 27 28 29 30 32 34 35 36 37 38 39 40 41 42 43 44 48 49 51 52 53 54 56 57 62 63 67 68 69 70 71 72 74 75 77 78 80 82 83 85 86 88 90 91 92 95 96 97 98 99 100 101 102 104 105 109 110 111 112 113 115 116 117 120 121 123 124 127 129 134 136 137 138 139 140 143 144 145 148 150 151 152 153
48.30 0.15 267.71 bad
52.30 0.18 155.27 bad
158.50 0.12 93.52 good
59.60 0.23 75.15 good
38.90 0.11 181.37 bad
82.50 0.09 143.84 bad
13.40 0.16 491.68 bad
27.50 0.09 156.17 bad
123.80 0.20 68.44 good
257.20 0.23 188.48 bad
135.80 0.14 87.54 good
33.60 0.12 80.31 bad
24.10 0.28 137.29 bad
122.40 0.28 181.41 bad
82.30 0.13 48.29 good
74.10 0.04 66.70 bad
74.80 0.11 114.10 bad
62.70 0.19 249.04 bad
147.20 0.05 40.03 good
53.00 0.27 418.19 bad
233.90 0.36 194.89 good
150.70 0.11 80.73 bad
51.10 0.13 404.81 bad
154.60 0.03 192.82 bad
713.10 0.21 41.11 good
87.00 0.19 203.97 bad
51.30 0.28 948.64 bad
80.20 0.13 172.89 bad
22.80 0.00 53.89 bad
153.10 0.19 227.23 good
168.40 0.17 389.04 good
300.10 0.11 74.29 bad
74.40 0.14 44.83 good
296.80 0.23 29.34 good
281.40 0.17 362.40 bad
44.50 0.10 155.38 bad
84.60 0.07 339.26 bad
76.10 0.42 453.60 bad
53.70 0.10 31.11 bad
13.00 0.29 245.77 good
40.40 0.13 74.03 good
293.40 0.18 94.54 bad
49.60 0.00 199.64 bad
108.60 0.30 55.29 good
16.80 0.42 278.88 good
79.60 0.22 223.96 bad
7.30 0.21 758.93 bad
55.40 0.20 49.13 bad
98.90 0.17 106.33 bad
390.00 0.35 259.41 good
49.30 0.04 393.48 bad
39.60 0.10 344.01 good
1070.70 0.37 440.27 bad
70.00 0.16 147.32 bad
144.70 0.58 599.56 bad
183.00 0.22 87.78 bad
40.80 0.22 188.48 bad
87.20 0.10 51.21 good
129.90 0.26 249.84 bad
315.30 0.30 118.81 good
50.40 0.07 25.57 bad
126.20 0.34 191.97 good
116.50 0.42 444.03 good
99.00 0.15 128.84 bad
34.10 0.17 282.28 good
22.20 0.13 198.40 good
170.60 0.29 391.57 good
181.90 0.17 243.27 bad
59.90 0.25 297.05 bad
219.60 0.27 286.97 bad
78.10 0.08 65.28 good
150.50 0.09 92.39 bad
198.70 0.31 385.10 good
101.10 0.10 170.95 bad
133.50 0.10 131.59 bad
148.90 0.12 113.09 good
107.80 0.11 84.03 bad
247.80 0.14 164.81 bad
119.20 0.07 125.49 bad
118.30 0.17 138.45 good
59.10 0.09 132.92 bad
85.80 0.11 75.21 good
145.90 0.02 102.63 bad
153.40 0.20 502.72 good
223.00 0.11 101.09 good
34.20 0.36 319.05 good
322.80 0.37 209.65 good
179.50 0.18 176.74 good
72.70 0.09 63.17 bad
448.70 0.38 478.73 good
212.90 0.18 56.35 bad
130.30 0.22 304.97 good
43.40 0.05 361.68 bad
177.70 0.10 86.23 bad
319.70 0.09 97.95 bad
62.30 0.08 909.70 bad
209.90 0.08 9.99 bad
44.60 0.15 158.29 bad
93.00 0.37 105.22 bad
163.50 0.09 62.68 good
73.20 0.12 105.28 good