BookWordCount AddListCount Kurtosis Class
93
0 2 4 7 8 9 11 13 15 16 17 19 23 24 25 27 29 30 33 35 37 38 40 41 44 46 47 48 49 51 52 54 55 58 59 60 61 62 63 64 73 74 76 77 80 81 82 83 84 85 86 87 91 92 93 97 98 99 100 102 103 104 105 109 110 112 114 115 116 117 119 120 121 122 123 125 126 127 133 134 135 136 139 140 143 144 145 146 148 149 151 152 153
177.20 214 200.91 good
48.30 12 267.71 bad
139.00 22 113.07 bad
38.90 8 181.37 bad
143.50 53 196.73 bad
21.30 14 110.48 bad
13.40 15 491.68 bad
27.50 9 156.17 bad
257.20 204 188.48 bad
135.80 25 87.54 good
33.60 10 80.31 bad
122.40 70 181.41 bad
122.20 32 78.49 good
74.80 23 114.10 bad
35.90 2 28.01 bad
147.20 31 40.03 good
233.90 68 194.89 good
150.70 9 80.73 bad
178.90 49 163.05 good
713.10 254 41.11 good
51.30 106 948.64 bad
80.20 19 172.89 bad
153.10 172 227.23 good
168.40 289 389.04 good
296.80 242 29.34 good
123.50 28 218.67 good
49.70 20 85.63 bad
281.40 371 362.40 bad
44.50 13 155.38 bad
84.60 42 339.26 bad
76.10 446 453.60 bad
13.00 9 245.77 good
106.40 11 182.02 bad
63.50 70 256.16 good
133.40 138 148.52 good
45.10 19 95.85 bad
17.00 33 1104.85 good
49.60 3 199.64 bad
108.60 21 55.29 good
54.40 10 59.06 bad
68.60 8 278.58 bad
49.30 16 393.48 bad
46.20 110 159.36 good
1070.70 183 440.27 bad
144.70 193 599.56 bad
87.70 4 173.53 bad
183.00 3 87.78 bad
40.80 22 188.48 bad
30.00 3 116.65 bad
87.20 55 51.21 good
129.90 53 249.84 bad
112.10 65 95.46 bad
126.20 218 191.97 good
116.50 141 444.03 good
90.50 121 288.02 bad
22.20 7 198.40 good
170.60 558 391.57 good
181.90 253 243.27 bad
59.90 8 297.05 bad
78.10 39 65.28 good
21.40 6 664.54 bad
150.50 5 92.39 bad
198.70 98 385.10 good
101.10 34 170.95 bad
133.50 31 131.59 bad
107.80 63 84.03 bad
31.70 218 875.52 bad
119.20 76 125.49 bad
118.30 7 138.45 good
59.10 5 132.92 bad
427.70 274 297.36 good
85.80 15 75.21 good
145.90 14 102.63 bad
79.20 126 313.76 bad
153.40 32 502.72 good
65.70 149 1797.82 good
89.70 48 76.64 good
34.20 146 319.05 good
145.80 1 194.01 bad
179.50 168 176.74 good
335.20 293 234.30 bad
72.70 9 63.17 bad
130.30 206 304.97 good
43.40 7 361.68 bad
177.70 42 86.23 bad
319.70 103 97.95 bad
62.30 28 909.70 bad
477.20 710 402.15 good
209.90 54 9.99 bad
382.10 178 113.50 good
93.00 125 105.22 bad
163.50 12 62.68 good
73.20 50 105.28 good