BookScoreCount FourStarRate Mode Class
94
1 3 4 7 11 15 16 17 18 19 20 23 24 26 27 29 30 31 33 34 35 36 38 39 40 42 43 44 45 46 47 48 51 56 57 58 59 60 62 65 67 68 73 74 75 76 77 79 80 81 83 84 89 93 95 96 97 98 99 100 101 103 106 107 108 109 110 111 114 115 117 119 121 122 123 124 125 126 127 129 131 134 135 137 138 142 143 144 146 148 149 150 151 153
967 0.36 8.00 good
129 0.27 8.00 bad
78 0.25 6.00 bad
27 0.11 6.00 bad
51 0.32 6.00 bad
658 0.25 6.00 bad
119 0.20 6.00 good
36 0.23 8.00 bad
23 0.14 10.00 bad
250 0.22 10.00 bad
112 0.20 2.00 good
116 0.08 4.00 good
70 0.13 6.00 bad
100 0.18 6.00 bad
150 0.15 2.00 good
290 0.20 10.00 good
29 0.14 6.00 bad
44 0.19 6.00 good
192 0.23 6.00 good
97 0.13 6.00 bad
1909 0.14 2.00 good
223 0.34 8.00 bad
63 0.17 4.00 bad
20 0.05 2.00 bad
495 0.33 8.00 good
686 0.20 2.00 bad
81 0.14 2.00 good
1885 0.16 2.00 good
299 0.23 6.00 bad
108 0.33 8.00 good
79 0.22 4.00 bad
1248 0.33 8.00 bad
133 0.21 6.00 bad
80 0.10 6.00 good
2109 0.29 8.00 bad
461 0.30 10.00 good
484 0.21 10.00 good
108 0.20 10.00 bad
13 0.34 4.00 bad
82 0.07 6.00 bad
90 0.25 10.00 good
153 0.30 8.00 bad
19 0.39 8.00 bad
46 0.31 6.00 bad
21 0.30 6.00 good
429 0.36 8.00 good
745 0.27 10.00 bad
531 0.17 2.00 bad
714 0.19 10.00 bad
25 0.08 6.00 bad
104 0.22 6.00 bad
21 0.19 6.00 bad
145 0.28 8.00 bad
396 0.34 8.00 bad
13 0.00 6.00 bad
188 0.33 8.00 good
39 0.40 8.00 good
2113 0.33 8.00 good
942 0.26 6.00 bad
42 0.27 6.00 bad
219 0.27 10.00 bad
29 0.26 6.00 bad
349 0.24 6.00 good
1184 0.17 10.00 bad
5393 0.20 10.00 good
88 0.24 6.00 bad
112 0.24 6.00 bad
182 0.26 8.00 good
1114 0.23 10.00 bad
282 0.19 6.00 bad
34 0.14 6.00 bad
1575 0.33 8.00 good
59 0.08 6.00 bad
385 0.29 8.00 bad
93 0.30 6.00 good
320 0.20 6.00 good
768 0.20 10.00 good
353 0.21 10.00 good
387 0.26 10.00 good
2063 0.26 10.00 good
31 0.11 4.00 good
795 0.34 8.00 good
1310 0.29 8.00 bad
1641 0.33 10.00 good
328 0.19 2.00 bad
2366 0.24 10.00 good
153 0.24 8.00 bad
364 0.18 6.00 bad
2356 0.37 8.00 good
1080 0.06 2.00 bad
674 0.26 8.00 good
21 0.20 6.00 bad
638 0.19 10.00 bad
209 0.22 6.00 good