BookWordCount BookScoreCount ThreeStarRate Class
101
0 1 2 3 4 6 7 8 9 10 12 14 15 16 18 19 21 22 23 24 26 27 30 31 33 35 36 37 38 40 41 42 43 44 45 46 47 48 49 50 51 52 53 54 55 56 57 58 59 60 62 64 66 68 72 73 76 77 81 83 84 85 87 88 91 95 96 98 99 101 103 105 106 108 110 111 112 113 114 115 117 118 119 120 122 123 124 125 129 130 131 132 135 136 140 143 145 146 149 150 151
177.20 568 0.28 good
289.90 967 0.23 good
48.30 47 0.40 bad
52.30 129 0.27 bad
139.00 78 0.33 bad
59.60 187 0.21 good
38.90 27 0.48 bad
143.50 177 0.30 bad
21.30 51 0.26 bad
82.50 78 0.23 bad
21.80 25 0.44 bad
123.80 454 0.21 good
257.20 658 0.27 bad
135.80 119 0.23 good
24.10 23 0.28 bad
122.40 250 0.22 bad
74.10 44 0.16 bad
77.70 159 0.40 bad
122.20 116 0.28 good
74.80 70 0.36 bad
62.70 100 0.43 bad
147.20 150 0.21 good
150.70 29 0.32 bad
78.00 44 0.33 good
178.90 192 0.29 good
713.10 1909 0.18 good
87.00 223 0.23 bad
51.30 216 0.20 bad
80.20 63 0.27 bad
153.10 495 0.24 good
168.40 670 0.34 good
300.10 686 0.26 bad
74.40 81 0.24 good
296.80 1885 0.11 good
380.50 299 0.30 bad
123.50 108 0.19 good
49.70 79 0.20 bad
281.40 1248 0.33 bad
44.50 72 0.39 bad
51.90 29 0.32 good
84.60 133 0.37 bad
76.10 1780 0.15 bad
53.70 22 0.14 bad
13.00 43 0.33 good
106.40 55 0.33 bad
40.40 80 0.32 good
293.40 2109 0.21 bad
63.50 461 0.14 good
133.40 484 0.21 good
45.10 108 0.18 bad
49.60 13 0.08 bad
54.40 45 0.21 bad
34.80 21 0.43 bad
79.60 153 0.25 bad
390.00 956 0.26 good
68.60 19 0.22 bad
46.20 429 0.15 good
1070.70 745 0.22 bad
87.70 25 0.54 bad
40.80 104 0.28 bad
30.00 21 0.33 bad
87.20 356 0.15 good
112.10 182 0.23 bad
315.30 1636 0.18 good
126.20 654 0.16 good
99.00 13 0.46 bad
34.10 188 0.28 good
170.60 2113 0.22 good
181.90 942 0.34 bad
219.60 219 0.26 bad
21.40 29 0.50 bad
198.70 339 0.19 good
64.40 349 0.27 good
446.50 5393 0.10 good
133.50 112 0.28 bad
148.90 182 0.26 good
107.80 201 0.30 bad
247.80 136 0.36 bad
31.70 1114 0.09 bad
119.20 282 0.35 bad
59.10 34 0.45 bad
92.20 274 0.39 bad
427.70 1575 0.20 good
85.80 45 0.20 good
79.20 385 0.28 bad
153.40 93 0.37 good
223.00 320 0.29 good
65.70 768 0.08 good
322.80 2063 0.16 good
46.30 82 0.28 bad
195.70 31 0.13 good
237.20 614 0.25 good
335.20 1310 0.24 bad
72.70 68 0.32 bad
43.40 21 0.07 bad
177.70 153 0.22 bad
62.30 61 0.45 bad
477.20 2356 0.27 good
382.10 674 0.23 good
44.60 21 0.35 bad
93.00 638 0.16 bad