AddListCount TwoStarRate Mode Class
101
0 1 2 4 5 7 11 14 15 16 17 19 20 21 22 26 27 30 31 32 33 34 35 36 37 38 39 40 41 42 43 44 45 47 48 51 52 55 57 60 61 62 63 64 66 67 68 71 75 77 79 80 86 88 89 90 93 95 97 98 99 100 102 104 105 108 109 110 111 112 113 114 117 120 121 122 123 125 129 130 131 132 133 134 135 136 137 138 139 140 141 142 144 145 146 147 148 149 150 151 152
214 0.15 8.00 good
492 0.08 8.00 good
12 0.10 6.00 bad
22 0.09 6.00 bad
122 0.20 6.00 good
8 0.15 6.00 bad
15 0.04 6.00 bad
136 0.14 2.00 good
204 0.13 6.00 bad
25 0.22 6.00 good
10 0.22 8.00 bad
70 0.18 10.00 bad
17 0.20 2.00 good
12 0.37 4.00 bad
61 0.15 6.00 bad
32 0.09 6.00 bad
31 0.17 2.00 good
9 0.18 6.00 bad
6 0.30 6.00 good
111 0.09 8.00 bad
49 0.20 6.00 good
24 0.30 6.00 bad
254 0.12 2.00 good
63 0.10 8.00 bad
106 0.03 8.00 bad
19 0.35 4.00 bad
1 0.26 2.00 bad
172 0.12 8.00 good
289 0.14 6.00 good
215 0.17 2.00 bad
18 0.13 2.00 good
242 0.07 2.00 good
93 0.20 6.00 bad
20 0.28 4.00 bad
371 0.09 8.00 bad
42 0.30 6.00 bad
446 0.04 10.00 bad
11 0.28 6.00 bad
551 0.07 8.00 bad
19 0.21 10.00 bad
33 0.08 8.00 good
3 0.50 4.00 bad
21 0.07 2.00 good
10 0.27 2.00 bad
2 0.14 6.00 bad
17 0.06 10.00 good
45 0.11 8.00 bad
119 0.12 8.00 bad
8 0.10 6.00 good
183 0.07 10.00 bad
94 0.19 2.00 bad
193 0.03 10.00 bad
53 0.03 6.00 bad
321 0.10 10.00 good
49 0.17 8.00 bad
4 0.13 2.00 bad
121 0.08 8.00 bad
4 0.23 6.00 bad
7 0.03 8.00 good
558 0.08 8.00 good
253 0.12 6.00 bad
8 0.02 6.00 bad
39 0.14 2.00 good
5 0.31 6.00 bad
98 0.08 8.00 good
1586 0.02 10.00 good
34 0.14 6.00 bad
31 0.21 6.00 bad
53 0.16 8.00 good
63 0.20 6.00 bad
25 0.13 6.00 bad
218 0.02 10.00 bad
5 0.11 6.00 bad
15 0.18 8.00 good
14 0.30 6.00 bad
126 0.10 8.00 bad
32 0.08 6.00 good
149 0.02 10.00 good
510 0.07 10.00 good
11 0.13 6.00 bad
5 0.41 4.00 good
131 0.14 8.00 good
1 0.13 8.00 bad
168 0.12 8.00 good
293 0.09 8.00 bad
9 0.24 6.00 bad
303 0.05 10.00 good
53 0.10 2.00 bad
206 0.07 8.00 good
7 0.30 8.00 bad
19 0.03 8.00 bad
365 0.05 10.00 good
103 0.25 6.00 bad
28 0.10 6.00 bad
710 0.09 8.00 good
26 0.22 2.00 good
54 0.03 2.00 bad
178 0.18 8.00 good
5 0.15 6.00 bad
125 0.07 10.00 bad
12 0.19 2.00 good