AddListCount Mode Kurtosis Class
98
1 2 3 4 5 6 7 9 10 12 17 18 20 21 22 23 24 25 28 29 31 32 33 35 36 37 39 40 41 42 43 46 47 48 52 54 55 56 57 58 59 61 62 63 64 65 66 67 70 71 73 76 80 81 82 83 84 85 88 90 92 93 95 98 99 100 102 105 108 109 110 111 115 116 117 118 119 120 121 123 124 128 130 132 133 134 135 136 137 138 139 140 141 142 145 147 150 151
492 8.00 406.22 good
12 6.00 267.71 bad
38 8.00 155.27 bad
22 6.00 113.07 bad
122 6.00 93.52 good
42 2.00 75.15 good
8 6.00 181.37 bad
14 8.00 110.48 bad
25 8.00 143.84 bad
12 6.00 114.51 bad
10 8.00 80.31 bad
7 10.00 137.29 bad
17 2.00 48.29 good
12 4.00 66.70 bad
61 6.00 468.11 bad
32 4.00 78.49 good
23 6.00 114.10 bad
2 2.00 28.01 bad
73 8.00 418.19 bad
68 10.00 194.89 good
6 6.00 211.54 good
111 8.00 404.81 bad
49 6.00 163.05 good
254 2.00 41.11 good
63 8.00 203.97 bad
106 8.00 948.64 bad
1 2.00 53.89 bad
172 8.00 227.23 good
289 6.00 389.04 good
215 2.00 74.29 bad
18 2.00 44.83 good
28 8.00 218.67 good
20 4.00 85.63 bad
371 8.00 362.40 bad
446 10.00 453.60 bad
9 6.00 245.77 good
11 6.00 182.02 bad
13 6.00 74.03 good
551 8.00 94.54 bad
70 10.00 256.16 good
138 10.00 148.52 good
33 8.00 1104.85 good
3 4.00 199.64 bad
21 2.00 55.29 good
10 2.00 59.06 bad
22 6.00 77.07 bad
2 6.00 204.65 bad
17 10.00 278.88 good
2 2.00 49.13 bad
119 8.00 106.33 bad
8 8.00 278.58 bad
110 8.00 159.36 good
193 10.00 599.56 bad
4 6.00 173.53 bad
3 4.00 87.78 bad
22 6.00 188.48 bad
3 6.00 116.65 bad
55 2.00 51.21 good
321 10.00 118.81 good
4 2.00 25.57 bad
141 10.00 444.03 good
121 8.00 288.02 bad
4 6.00 128.84 bad
558 8.00 391.57 good
253 6.00 243.27 bad
8 6.00 297.05 bad
39 2.00 65.28 good
98 8.00 385.10 good
1586 10.00 1238.93 good
34 6.00 170.95 bad
31 6.00 131.59 bad
53 8.00 113.09 good
76 6.00 125.49 bad
7 6.00 138.45 good
5 6.00 132.92 bad
112 6.00 387.39 bad
274 8.00 297.36 good
15 8.00 75.21 good
14 6.00 102.63 bad
32 6.00 502.72 good
57 6.00 101.09 good
108 10.00 82.37 good
11 6.00 73.99 bad
131 8.00 212.10 good
1 8.00 194.01 bad
168 8.00 176.74 good
293 8.00 234.30 bad
9 6.00 63.17 bad
303 10.00 478.73 good
53 2.00 56.35 bad
206 8.00 304.97 good
7 8.00 361.68 bad
19 8.00 311.51 bad
365 10.00 364.52 good
28 6.00 909.70 bad
26 2.00 40.59 good
5 6.00 158.29 bad
125 10.00 105.22 bad