BookScoreCount FiveStarRate Kurtosis Class
91
0 4 6 7 9 10 11 12 16 17 19 22 24 25 30 31 33 34 36 38 39 42 43 45 46 47 48 49 52 54 55 57 59 60 61 64 66 67 68 71 73 76 77 78 80 81 82 83 88 89 90 91 92 93 94 95 98 99 100 102 103 104 105 106 108 111 112 114 115 116 118 120 121 124 125 126 127 130 131 133 134 135 137 140 141 142 143 144 145 146 152
568 0.15 200.91 good
78 0.10 113.07 bad
187 0.23 75.15 good
27 0.11 181.37 bad
51 0.02 110.48 bad
78 0.09 143.84 bad
51 0.16 491.68 bad
25 0.20 114.51 bad
119 0.14 87.54 good
36 0.12 80.31 bad
250 0.28 181.41 bad
159 0.11 468.11 bad
70 0.11 114.10 bad
11 0.20 28.01 bad
29 0.11 80.73 bad
44 0.09 211.54 good
192 0.15 163.05 good
97 0.03 192.82 bad
223 0.19 203.97 bad
63 0.13 172.89 bad
20 0.00 53.89 bad
686 0.11 74.29 bad
81 0.14 44.83 good
299 0.10 135.14 bad
108 0.27 218.67 good
79 0.08 85.63 bad
1248 0.17 362.40 bad
72 0.10 155.38 bad
1780 0.42 453.60 bad
43 0.29 245.77 good
55 0.06 182.02 bad
2109 0.18 94.54 bad
484 0.25 148.52 good
108 0.23 95.85 bad
86 0.21 1104.85 good
45 0.02 59.06 bad
21 0.10 204.65 bad
90 0.42 278.88 good
153 0.22 223.96 bad
248 0.17 106.33 bad
19 0.17 278.58 bad
429 0.24 159.36 good
745 0.37 440.27 bad
217 0.16 147.32 bad
714 0.58 599.56 bad
25 0.13 173.53 bad
31 0.22 87.78 bad
104 0.22 188.48 bad
1636 0.30 118.81 good
145 0.17 208.64 bad
16 0.07 25.57 bad
654 0.34 191.97 good
527 0.42 444.03 good
396 0.21 288.02 bad
218 0.23 299.63 good
13 0.15 128.84 bad
2113 0.29 391.57 good
942 0.17 243.27 bad
42 0.25 297.05 bad
225 0.08 65.28 good
29 0.11 664.54 bad
25 0.09 92.39 bad
339 0.31 385.10 good
349 0.16 114.14 good
5393 0.63 1238.93 good
182 0.12 113.09 good
201 0.11 84.03 bad
1114 0.60 875.52 bad
282 0.07 125.49 bad
19 0.17 138.45 good
274 0.11 387.39 bad
45 0.11 75.21 good
59 0.02 102.63 bad
320 0.11 101.09 good
768 0.67 1797.82 good
353 0.30 76.64 good
387 0.36 319.05 good
82 0.17 73.99 bad
31 0.06 58.14 good
23 0.04 194.01 bad
795 0.18 176.74 good
1310 0.26 234.30 bad
1641 0.38 478.73 good
21 0.05 361.68 bad
83 0.15 311.51 bad
2366 0.46 364.52 good
153 0.10 86.23 bad
364 0.09 97.95 bad
61 0.08 909.70 bad
2356 0.19 402.15 good
45 0.09 62.68 good