BookWordCount Mode Kurtosis Class
101
0 1 3 4 6 10 11 15 17 18 19 20 21 24 25 26 28 30 32 33 34 35 36 38 39 40 43 44 45 47 48 49 50 51 53 54 55 56 60 62 63 64 65 66 70 73 75 76 77 80 81 82 83 84 85 86 87 88 90 91 92 95 96 98 99 100 102 103 104 105 107 108 109 110 112 113 114 116 117 118 119 120 122 123 124 126 127 128 129 130 131 134 137 140 141 142 144 145 147 149 150
177.20 8.00 200.91 good
289.90 8.00 406.22 good
52.30 8.00 155.27 bad
139.00 6.00 113.07 bad
59.60 2.00 75.15 good
82.50 8.00 143.84 bad
13.40 6.00 491.68 bad
257.20 6.00 188.48 bad
33.60 8.00 80.31 bad
24.10 10.00 137.29 bad
122.40 10.00 181.41 bad
82.30 2.00 48.29 good
74.10 4.00 66.70 bad
74.80 6.00 114.10 bad
35.90 2.00 28.01 bad
62.70 6.00 249.04 bad
53.00 8.00 418.19 bad
150.70 6.00 80.73 bad
51.10 8.00 404.81 bad
178.90 6.00 163.05 good
154.60 6.00 192.82 bad
713.10 2.00 41.11 good
87.00 8.00 203.97 bad
80.20 4.00 172.89 bad
22.80 2.00 53.89 bad
153.10 8.00 227.23 good
74.40 2.00 44.83 good
296.80 2.00 29.34 good
380.50 6.00 135.14 bad
49.70 4.00 85.63 bad
281.40 8.00 362.40 bad
44.50 6.00 155.38 bad
51.90 6.00 119.73 good
84.60 6.00 339.26 bad
53.70 2.00 31.11 bad
13.00 6.00 245.77 good
106.40 6.00 182.02 bad
40.40 6.00 74.03 good
45.10 10.00 95.85 bad
49.60 4.00 199.64 bad
108.60 2.00 55.29 good
54.40 2.00 59.06 bad
72.20 6.00 77.07 bad
34.80 6.00 204.65 bad
55.40 2.00 49.13 bad
68.60 8.00 278.58 bad
39.60 6.00 344.01 good
46.20 8.00 159.36 good
1070.70 10.00 440.27 bad
144.70 10.00 599.56 bad
87.70 6.00 173.53 bad
183.00 4.00 87.78 bad
40.80 6.00 188.48 bad
30.00 6.00 116.65 bad
87.20 2.00 51.21 good
129.90 6.00 249.84 bad
112.10 10.00 95.46 bad
315.30 10.00 118.81 good
50.40 2.00 25.57 bad
126.20 10.00 191.97 good
116.50 10.00 444.03 good
99.00 6.00 128.84 bad
34.10 8.00 282.28 good
170.60 8.00 391.57 good
181.90 6.00 243.27 bad
59.90 6.00 297.05 bad
78.10 2.00 65.28 good
21.40 6.00 664.54 bad
150.50 6.00 92.39 bad
198.70 8.00 385.10 good
310.00 10.00 72.91 bad
446.50 10.00 1238.93 good
101.10 6.00 170.95 bad
133.50 6.00 131.59 bad
107.80 6.00 84.03 bad
247.80 6.00 164.81 bad
31.70 10.00 875.52 bad
118.30 6.00 138.45 good
59.10 6.00 132.92 bad
92.20 6.00 387.39 bad
427.70 8.00 297.36 good
85.80 8.00 75.21 good
79.20 8.00 313.76 bad
153.40 6.00 502.72 good
223.00 6.00 101.09 good
89.70 10.00 76.64 good
34.20 10.00 319.05 good
296.70 10.00 82.37 good
322.80 10.00 209.65 good
46.30 6.00 73.99 bad
195.70 4.00 58.14 good
179.50 8.00 176.74 good
448.70 10.00 478.73 good
43.40 8.00 361.68 bad
25.10 8.00 311.51 bad
518.00 10.00 364.52 good
319.70 6.00 97.95 bad
62.30 6.00 909.70 bad
154.00 2.00 40.59 good
382.10 8.00 113.50 good
44.60 6.00 158.29 bad