BookScoreCount Mode Median Class
105
1 2 3 6 7 8 9 11 12 13 14 15 17 18 19 21 22 23 24 26 28 30 32 34 35 37 39 43 44 47 48 49 50 52 54 55 56 58 60 61 63 65 67 68 69 71 72 73 74 76 77 80 81 82 83 86 89 90 91 92 93 94 95 97 98 100 101 102 103 104 105 107 108 109 110 111 112 113 114 115 116 117 120 121 123 124 125 127 129 130 131 132 134 136 137 139 140 142 143 144 145 147 148 149 152
967 8.00 8.00 good
47 6.00 6.00 bad
129 8.00 6.00 bad
187 2.00 6.00 good
27 6.00 6.00 bad
177 6.00 6.00 bad
51 8.00 6.00 bad
51 6.00 6.00 bad
25 6.00 6.00 bad
48 6.00 6.00 bad
454 2.00 6.00 good
658 6.00 6.00 bad
36 8.00 6.00 bad
23 10.00 6.00 bad
250 10.00 6.00 bad
44 4.00 4.00 bad
159 6.00 6.00 bad
116 4.00 4.00 good
70 6.00 6.00 bad
100 6.00 6.00 bad
263 8.00 8.00 bad
29 6.00 6.00 bad
292 8.00 8.00 bad
97 6.00 6.00 bad
1909 2.00 6.00 good
216 8.00 8.00 bad
20 2.00 2.00 bad
81 2.00 6.00 good
1885 2.00 4.00 good
79 4.00 4.00 bad
1248 8.00 6.00 bad
72 6.00 6.00 bad
29 6.00 6.00 good
1780 10.00 8.00 bad
43 6.00 6.00 good
55 6.00 6.00 bad
80 6.00 6.00 good
461 10.00 8.00 good
108 10.00 6.00 bad
86 8.00 8.00 good
91 2.00 6.00 good
82 6.00 4.00 bad
90 10.00 8.00 good
153 8.00 8.00 bad
20 8.00 8.00 bad
248 8.00 6.00 bad
956 10.00 8.00 good
19 8.00 8.00 bad
46 6.00 6.00 bad
429 8.00 8.00 good
745 10.00 8.00 bad
714 10.00 10.00 bad
25 6.00 6.00 bad
31 4.00 4.00 bad
104 6.00 6.00 bad
222 6.00 8.00 bad
145 8.00 6.00 bad
16 2.00 2.00 bad
654 10.00 8.00 good
527 10.00 8.00 good
396 8.00 8.00 bad
218 8.00 8.00 good
13 6.00 6.00 bad
39 8.00 8.00 good
2113 8.00 8.00 good
42 6.00 8.00 bad
219 10.00 8.00 bad
225 2.00 6.00 good
29 6.00 6.00 bad
25 6.00 4.00 bad
339 8.00 8.00 good
1184 10.00 6.00 bad
5393 10.00 10.00 good
88 6.00 6.00 bad
112 6.00 6.00 bad
182 8.00 6.00 good
201 6.00 6.00 bad
136 6.00 6.00 bad
1114 10.00 10.00 bad
282 6.00 6.00 bad
19 6.00 6.00 good
34 6.00 6.00 bad
45 8.00 6.00 good
59 6.00 4.00 bad
93 6.00 6.00 good
320 6.00 6.00 good
768 10.00 10.00 good
387 10.00 8.00 good
2063 10.00 8.00 good
82 6.00 6.00 bad
31 4.00 4.00 good
614 8.00 6.00 good
795 8.00 8.00 good
68 6.00 4.00 bad
1641 10.00 8.00 good
1100 8.00 8.00 good
21 8.00 8.00 bad
2366 10.00 8.00 good
153 8.00 6.00 bad
364 6.00 6.00 bad
61 6.00 6.00 bad
208 2.00 4.00 good
1080 2.00 2.00 bad
674 8.00 6.00 good
45 2.00 6.00 good