BookScoreCount AddListCount Mode Class
105
1 2 3 4 5 6 7 8 9 10 11 12 15 16 18 19 20 21 22 24 25 26 27 28 30 32 34 35 36 37 38 39 40 41 44 45 46 47 49 51 52 53 54 55 58 59 60 61 62 67 68 69 70 73 75 76 77 78 79 80 82 83 84 85 86 90 91 92 94 95 96 98 101 102 103 105 106 107 108 111 112 113 115 116 117 118 119 120 124 125 127 128 129 130 132 134 136 137 138 141 143 145 146 147 153
967 492 8.00 good
47 12 6.00 bad
129 38 8.00 bad
78 22 6.00 bad
439 122 6.00 good
187 42 2.00 good
27 8 6.00 bad
177 53 6.00 bad
51 14 8.00 bad
78 25 8.00 bad
51 15 6.00 bad
25 12 6.00 bad
658 204 6.00 bad
119 25 6.00 good
23 7 10.00 bad
250 70 10.00 bad
112 17 2.00 good
44 12 4.00 bad
159 61 6.00 bad
70 23 6.00 bad
11 2 2.00 bad
100 32 6.00 bad
150 31 2.00 good
263 73 8.00 bad
29 9 6.00 bad
292 111 8.00 bad
97 24 6.00 bad
1909 254 2.00 good
223 63 8.00 bad
216 106 8.00 bad
63 19 4.00 bad
20 1 2.00 bad
495 172 8.00 good
670 289 6.00 good
1885 242 2.00 good
299 93 6.00 bad
108 28 8.00 good
79 20 4.00 bad
72 13 6.00 bad
133 42 6.00 bad
1780 446 10.00 bad
22 1 2.00 bad
43 9 6.00 good
55 11 6.00 bad
461 70 10.00 good
484 138 10.00 good
108 19 10.00 bad
86 33 8.00 good
13 3 4.00 bad
90 17 10.00 good
153 45 8.00 bad
20 5 8.00 bad
51 2 2.00 bad
19 8 8.00 bad
21 8 6.00 good
429 110 8.00 good
745 183 10.00 bad
217 57 6.00 bad
531 94 2.00 bad
714 193 10.00 bad
31 3 4.00 bad
104 22 6.00 bad
21 3 6.00 bad
356 55 2.00 good
222 53 6.00 bad
16 4 2.00 bad
654 218 10.00 good
527 141 10.00 good
218 57 8.00 good
13 4 6.00 bad
188 100 8.00 good
2113 558 8.00 good
219 65 10.00 bad
225 39 2.00 good
29 6 6.00 bad
339 98 8.00 good
349 102 6.00 good
1184 188 10.00 bad
5393 1586 10.00 good
182 53 8.00 good
201 63 6.00 bad
136 25 6.00 bad
282 76 6.00 bad
19 7 6.00 good
34 5 6.00 bad
274 112 6.00 bad
1575 274 8.00 good
45 15 8.00 good
320 57 6.00 good
768 149 10.00 good
387 146 10.00 good
607 108 10.00 good
2063 510 10.00 good
82 11 6.00 bad
614 131 8.00 good
795 168 8.00 good
68 9 6.00 bad
1641 303 10.00 good
328 53 2.00 bad
83 19 8.00 bad
153 42 8.00 bad
61 28 6.00 bad
2356 710 8.00 good
208 26 2.00 good
209 50 6.00 good