BookScore FourStarRate Kurtosis Class
100
0 1 3 4 5 6 7 9 14 15 16 17 19 22 23 26 27 29 30 32 34 35 36 40 45 46 47 48 49 50 51 52 53 54 56 57 59 60 62 63 64 65 66 69 71 72 74 75 76 80 83 85 86 87 90 91 93 94 96 97 98 100 102 104 105 106 108 110 111 112 113 114 115 117 118 119 121 122 123 125 128 129 130 131 132 133 135 137 138 139 141 142 143 144 145 146 147 148 150 153
6.4 0.30 200.91 good
7.2 0.36 406.22 good
6.4 0.27 155.27 bad
5.8 0.25 113.07 bad
5.6 0.21 93.52 good
6.0 0.18 75.15 good
5.8 0.11 181.37 bad
5.4 0.30 110.48 bad
5.9 0.19 68.44 good
6.6 0.25 188.48 bad
5.7 0.20 87.54 good
5.6 0.23 80.31 bad
6.7 0.22 181.41 bad
6.5 0.28 468.11 bad
4.7 0.08 78.49 good
6.5 0.18 249.04 bad
4.5 0.15 40.03 good
7.1 0.20 194.89 good
5.4 0.14 80.73 bad
6.8 0.39 404.81 bad
5.1 0.13 192.82 bad
5.5 0.14 41.11 good
6.7 0.34 203.97 bad
6.7 0.33 227.23 good
5.8 0.23 135.14 bad
7.1 0.33 218.67 good
5.3 0.22 85.63 bad
6.8 0.33 362.40 bad
5.9 0.23 155.38 bad
5.3 0.14 119.73 good
5.9 0.21 339.26 bad
7.9 0.30 453.60 bad
4.0 0.00 31.11 bad
7.0 0.21 245.77 good
5.3 0.10 74.03 good
6.2 0.29 94.54 bad
6.5 0.21 148.52 good
6.2 0.20 95.85 bad
5.3 0.34 199.64 bad
6.2 0.20 55.29 good
4.4 0.14 59.06 bad
4.8 0.07 77.07 bad
5.9 0.19 204.65 bad
7.4 0.42 758.93 bad
6.1 0.25 106.33 bad
7.3 0.20 259.41 good
6.1 0.31 393.48 bad
6.4 0.30 344.01 good
6.8 0.36 159.36 good
8.3 0.19 599.56 bad
6.6 0.22 188.48 bad
5.2 0.24 51.21 good
7.0 0.27 249.84 bad
6.4 0.19 95.46 bad
4.0 0.07 25.57 bad
7.2 0.28 191.97 good
6.9 0.34 288.02 bad
7.0 0.33 299.63 good
6.7 0.33 282.28 good
6.5 0.40 198.40 good
7.3 0.33 391.57 good
7.0 0.27 297.05 bad
5.3 0.21 65.28 good
4.9 0.04 92.39 bad
7.4 0.33 385.10 good
6.0 0.24 114.14 good
8.7 0.20 1238.93 good
5.8 0.24 131.59 bad
5.8 0.26 113.09 good
5.4 0.15 84.03 bad
6.1 0.21 164.81 bad
8.5 0.23 875.52 bad
5.5 0.19 125.49 bad
5.5 0.14 132.92 bad
6.5 0.30 387.39 bad
7.3 0.33 297.36 good
4.5 0.08 102.63 bad
7.0 0.29 313.76 bad
7.0 0.30 502.72 good
8.9 0.20 1797.82 good
6.5 0.23 82.37 good
7.3 0.26 209.65 good
5.7 0.16 73.99 bad
4.4 0.11 58.14 good
6.4 0.35 212.10 good
5.9 0.33 194.01 bad
7.0 0.29 234.30 bad
7.8 0.33 478.73 good
5.7 0.19 56.35 bad
7.0 0.36 304.97 good
6.9 0.49 311.51 bad
7.8 0.24 364.52 good
5.5 0.24 86.23 bad
5.4 0.18 97.95 bad
6.7 0.33 909.70 bad
7.0 0.37 402.15 good
3.9 0.09 40.59 good
3.3 0.06 9.99 bad
6.1 0.20 158.29 bad
5.7 0.22 105.28 good