BookWordCount FourStarRate Kurtosis Class
98
0 1 2 6 7 8 9 10 11 12 14 15 17 19 20 21 23 25 28 29 33 34 35 37 40 42 43 44 48 51 54 56 58 59 61 62 63 64 65 67 70 73 75 76 77 78 79 82 84 85 86 87 88 89 90 91 92 94 95 97 98 99 101 102 107 108 109 110 111 112 115 116 118 119 120 121 122 123 124 125 126 127 128 129 134 135 136 137 141 142 143 144 146 147 148 151 152 153
177.20 0.30 200.91 good
289.90 0.36 406.22 good
48.30 0.24 267.71 bad
59.60 0.18 75.15 good
38.90 0.11 181.37 bad
143.50 0.22 196.73 bad
21.30 0.30 110.48 bad
82.50 0.27 143.84 bad
13.40 0.32 491.68 bad
21.80 0.08 114.51 bad
123.80 0.19 68.44 good
257.20 0.25 188.48 bad
33.60 0.23 80.31 bad
122.40 0.22 181.41 bad
82.30 0.20 48.29 good
74.10 0.14 66.70 bad
122.20 0.08 78.49 good
35.90 0.00 28.01 bad
53.00 0.31 418.19 bad
233.90 0.20 194.89 good
178.90 0.23 163.05 good
154.60 0.13 192.82 bad
713.10 0.14 41.11 good
51.30 0.44 948.64 bad
153.10 0.33 227.23 good
300.10 0.20 74.29 bad
74.40 0.14 44.83 good
296.80 0.16 29.34 good
281.40 0.33 362.40 bad
84.60 0.21 339.26 bad
13.00 0.21 245.77 good
40.40 0.10 74.03 good
63.50 0.30 256.16 good
133.40 0.21 148.52 good
17.00 0.44 1104.85 good
49.60 0.34 199.64 bad
108.60 0.20 55.29 good
54.40 0.14 59.06 bad
72.20 0.07 77.07 bad
16.80 0.25 278.88 good
55.40 0.32 49.13 bad
68.60 0.39 278.58 bad
39.60 0.30 344.01 good
46.20 0.36 159.36 good
1070.70 0.27 440.27 bad
70.00 0.24 147.32 bad
131.20 0.17 65.93 bad
183.00 0.05 87.78 bad
30.00 0.19 116.65 bad
87.20 0.24 51.21 good
129.90 0.27 249.84 bad
112.10 0.19 95.46 bad
315.30 0.23 118.81 good
153.20 0.28 208.64 bad
50.40 0.07 25.57 bad
126.20 0.28 191.97 good
116.50 0.29 444.03 good
63.70 0.33 299.63 good
99.00 0.00 128.84 bad
22.20 0.40 198.40 good
170.60 0.33 391.57 good
181.90 0.26 243.27 bad
219.60 0.27 286.97 bad
78.10 0.21 65.28 good
310.00 0.17 72.91 bad
446.50 0.20 1238.93 good
101.10 0.24 170.95 bad
133.50 0.24 131.59 bad
148.90 0.26 113.09 good
107.80 0.15 84.03 bad
119.20 0.19 125.49 bad
118.30 0.12 138.45 good
92.20 0.30 387.39 bad
427.70 0.33 297.36 good
85.80 0.25 75.21 good
145.90 0.08 102.63 bad
79.20 0.29 313.76 bad
153.40 0.30 502.72 good
223.00 0.20 101.09 good
65.70 0.20 1797.82 good
89.70 0.21 76.64 good
34.20 0.26 319.05 good
296.70 0.23 82.37 good
322.80 0.26 209.65 good
179.50 0.34 176.74 good
335.20 0.29 234.30 bad
72.70 0.05 63.17 bad
448.70 0.33 478.73 good
25.10 0.49 311.51 bad
518.00 0.24 364.52 good
177.70 0.24 86.23 bad
319.70 0.18 97.95 bad
477.20 0.37 402.15 good
154.00 0.09 40.59 good
209.90 0.06 9.99 bad
93.00 0.19 105.22 bad
163.50 0.14 62.68 good
73.20 0.22 105.28 good