ThreeStarRate FourStarRate FiveStarRate Class
93
0 1 3 4 7 8 15 16 18 20 21 23 24 26 28 30 31 33 34 36 37 38 39 43 45 46 47 49 51 52 53 54 56 59 61 62 64 67 68 70 71 72 73 74 75 77 78 83 85 88 89 90 91 92 93 94 95 96 98 99 100 101 102 103 104 108 109 110 111 112 116 117 119 120 122 123 124 125 126 127 130 132 134 136 138 139 140 141 142 144 148 149 153
0.28 0.30 0.15 good
0.23 0.36 0.25 good
0.27 0.27 0.18 bad
0.33 0.25 0.10 bad
0.48 0.11 0.11 bad
0.30 0.22 0.21 bad
0.27 0.25 0.23 bad
0.23 0.20 0.14 good
0.28 0.14 0.28 bad
0.15 0.20 0.13 good
0.16 0.14 0.04 bad
0.28 0.08 0.06 good
0.36 0.13 0.11 bad
0.43 0.18 0.19 bad
0.25 0.31 0.27 bad
0.32 0.14 0.11 bad
0.33 0.19 0.09 good
0.29 0.23 0.15 good
0.39 0.13 0.03 bad
0.23 0.34 0.19 bad
0.20 0.44 0.28 bad
0.27 0.17 0.13 bad
0.16 0.05 0.00 bad
0.24 0.14 0.14 good
0.30 0.23 0.10 bad
0.19 0.33 0.27 good
0.20 0.22 0.08 bad
0.39 0.23 0.10 bad
0.37 0.21 0.07 bad
0.15 0.30 0.42 bad
0.14 0.00 0.10 bad
0.33 0.21 0.29 good
0.32 0.10 0.13 good
0.21 0.21 0.25 good
0.25 0.44 0.21 good
0.08 0.34 0.00 bad
0.21 0.14 0.02 bad
0.16 0.25 0.42 good
0.25 0.30 0.22 bad
0.04 0.32 0.20 bad
0.25 0.25 0.17 bad
0.26 0.20 0.35 good
0.22 0.39 0.17 bad
0.36 0.31 0.04 bad
0.40 0.30 0.10 good
0.22 0.27 0.37 bad
0.33 0.24 0.16 bad
0.28 0.22 0.22 bad
0.15 0.24 0.10 good
0.18 0.23 0.30 good
0.27 0.28 0.17 bad
0.20 0.07 0.07 bad
0.16 0.28 0.34 good
0.16 0.29 0.42 good
0.26 0.34 0.21 bad
0.23 0.33 0.23 good
0.46 0.00 0.15 bad
0.28 0.33 0.17 good
0.22 0.33 0.29 good
0.34 0.26 0.17 bad
0.34 0.27 0.25 bad
0.26 0.27 0.27 bad
0.26 0.21 0.08 good
0.50 0.26 0.11 bad
0.34 0.04 0.09 bad
0.10 0.20 0.63 good
0.36 0.24 0.10 bad
0.28 0.24 0.10 bad
0.26 0.26 0.12 good
0.30 0.15 0.11 bad
0.42 0.12 0.17 good
0.45 0.14 0.09 bad
0.20 0.33 0.29 good
0.20 0.25 0.11 good
0.28 0.29 0.25 bad
0.37 0.30 0.20 good
0.29 0.20 0.11 good
0.08 0.20 0.67 good
0.16 0.21 0.30 good
0.22 0.26 0.36 good
0.28 0.16 0.17 bad
0.25 0.35 0.13 good
0.21 0.34 0.18 good
0.32 0.05 0.09 bad
0.22 0.19 0.18 bad
0.24 0.36 0.22 good
0.07 0.54 0.05 bad
0.19 0.49 0.15 bad
0.15 0.24 0.46 good
0.27 0.18 0.09 bad
0.04 0.06 0.08 bad
0.23 0.26 0.15 good
0.25 0.22 0.12 good