BookScore TwoStarRate Kurtosis Class
98
0 2 3 5 6 8 9 10 11 13 14 16 18 19 20 21 22 23 25 27 28 29 30 31 32 33 34 35 37 41 43 44 45 49 50 51 54 55 56 57 58 59 60 61 62 64 66 68 72 74 77 79 81 82 84 85 87 88 90 91 92 94 95 96 97 99 100 101 102 104 105 108 109 112 115 116 117 120 121 123 125 127 128 129 130 131 132 135 136 139 140 144 145 147 150 151 152 153
6.4 0.15 200.91 good
6.4 0.10 267.71 bad
6.4 0.12 155.27 bad
5.6 0.20 93.52 good
6.0 0.14 75.15 good
6.5 0.16 196.73 bad
5.4 0.18 110.48 bad
5.8 0.26 143.84 bad
6.9 0.04 491.68 bad
5.5 0.24 156.17 bad
5.9 0.14 68.44 good
5.7 0.22 87.54 good
6.5 0.17 137.29 bad
6.7 0.18 181.41 bad
5.3 0.20 48.29 good
4.6 0.37 66.70 bad
6.5 0.15 468.11 bad
4.7 0.31 78.49 good
4.8 0.20 28.01 bad
4.5 0.17 40.03 good
7.2 0.11 418.19 bad
7.1 0.10 194.89 good
5.4 0.18 80.73 bad
5.8 0.30 211.54 good
6.8 0.09 404.81 bad
6.1 0.20 163.05 good
5.1 0.30 192.82 bad
5.5 0.12 41.11 good
7.8 0.03 948.64 bad
6.7 0.14 389.04 good
5.1 0.13 44.83 good
5.4 0.07 29.34 good
5.8 0.20 135.14 bad
5.9 0.10 155.38 bad
5.3 0.28 119.73 good
5.9 0.30 339.26 bad
7.0 0.05 245.77 good
5.6 0.28 182.02 bad
5.3 0.20 74.03 good
6.2 0.07 94.54 bad
7.5 0.05 256.16 good
6.5 0.21 148.52 good
6.2 0.21 95.85 bad
7.5 0.08 1104.85 good
5.3 0.50 199.64 bad
4.4 0.27 59.06 bad
5.9 0.14 204.65 bad
6.8 0.11 223.96 bad
7.3 0.08 259.41 good
6.1 0.22 393.48 bad
7.6 0.07 440.27 bad
5.2 0.19 65.93 bad
5.8 0.08 173.53 bad
5.6 0.41 87.78 bad
5.9 0.14 116.65 bad
5.2 0.19 51.21 good
6.4 0.09 95.46 bad
6.7 0.10 118.81 good
4.0 0.13 25.57 bad
7.2 0.08 191.97 good
7.8 0.04 444.03 good
7.0 0.11 299.63 good
5.5 0.23 128.84 bad
6.7 0.11 282.28 good
6.5 0.03 198.40 good
6.5 0.12 243.27 bad
7.0 0.02 297.05 bad
7.1 0.10 286.97 bad
5.3 0.14 65.28 good
4.9 0.31 92.39 bad
7.4 0.08 385.10 good
8.7 0.02 1238.93 good
6.0 0.14 170.95 bad
5.4 0.20 84.03 bad
5.5 0.19 125.49 bad
6.0 0.12 138.45 good
5.5 0.11 132.92 bad
5.6 0.18 75.21 good
4.5 0.30 102.63 bad
7.0 0.08 502.72 good
8.9 0.02 1797.82 good
7.4 0.06 319.05 good
6.5 0.08 82.37 good
7.3 0.07 209.65 good
5.7 0.13 73.99 bad
4.4 0.41 58.14 good
6.4 0.14 212.10 good
7.0 0.09 234.30 bad
4.8 0.24 63.17 bad
7.0 0.07 304.97 good
6.4 0.30 361.68 bad
5.4 0.25 97.95 bad
6.7 0.10 909.70 bad
3.9 0.22 40.59 good
6.1 0.15 158.29 bad
6.8 0.07 105.22 bad
5.1 0.19 62.68 good
5.7 0.22 105.28 good