FiveStarRate Median Kurtosis Class
96
0 1 2 3 7 8 9 10 11 12 14 16 17 18 19 21 22 23 24 29 30 31 33 34 36 39 40 42 45 46 47 48 49 51 52 54 55 56 57 58 59 60 61 68 70 71 73 75 76 77 79 83 85 86 87 88 91 92 94 95 96 97 99 100 103 107 108 110 112 113 115 116 117 118 120 122 123 124 126 129 130 131 132 133 134 135 137 140 141 142 145 146 147 151 152 153
0.15 6.00 200.91 good
0.25 8.00 406.22 good
0.15 6.00 267.71 bad
0.18 6.00 155.27 bad
0.11 6.00 181.37 bad
0.21 6.00 196.73 bad
0.02 6.00 110.48 bad
0.09 6.00 143.84 bad
0.16 6.00 491.68 bad
0.20 6.00 114.51 bad
0.20 6.00 68.44 good
0.14 6.00 87.54 good
0.12 6.00 80.31 bad
0.28 6.00 137.29 bad
0.28 6.00 181.41 bad
0.04 4.00 66.70 bad
0.11 6.00 468.11 bad
0.06 4.00 78.49 good
0.11 6.00 114.10 bad
0.36 8.00 194.89 good
0.11 6.00 80.73 bad
0.09 6.00 211.54 good
0.15 6.00 163.05 good
0.03 6.00 192.82 bad
0.19 8.00 203.97 bad
0.00 2.00 53.89 bad
0.19 8.00 227.23 good
0.11 6.00 74.29 bad
0.10 6.00 135.14 bad
0.27 8.00 218.67 good
0.08 4.00 85.63 bad
0.17 6.00 362.40 bad
0.10 6.00 155.38 bad
0.07 6.00 339.26 bad
0.42 8.00 453.60 bad
0.29 6.00 245.77 good
0.06 6.00 182.02 bad
0.13 6.00 74.03 good
0.18 6.00 94.54 bad
0.37 8.00 256.16 good
0.25 6.00 148.52 good
0.23 6.00 95.85 bad
0.21 8.00 1104.85 good
0.22 8.00 223.96 bad
0.20 8.00 49.13 bad
0.17 6.00 106.33 bad
0.17 8.00 278.58 bad
0.10 6.00 344.01 good
0.24 8.00 159.36 good
0.37 8.00 440.27 bad
0.10 6.00 65.93 bad
0.22 6.00 188.48 bad
0.10 4.00 51.21 good
0.26 8.00 249.84 bad
0.27 6.00 95.46 bad
0.30 8.00 118.81 good
0.34 8.00 191.97 good
0.42 8.00 444.03 good
0.23 8.00 299.63 good
0.15 6.00 128.84 bad
0.17 8.00 282.28 good
0.13 8.00 198.40 good
0.17 6.00 243.27 bad
0.25 8.00 297.05 bad
0.11 6.00 664.54 bad
0.31 6.00 72.91 bad
0.63 10.00 1238.93 good
0.10 6.00 131.59 bad
0.11 6.00 84.03 bad
0.14 6.00 164.81 bad
0.07 6.00 125.49 bad
0.17 6.00 138.45 good
0.09 6.00 132.92 bad
0.11 6.00 387.39 bad
0.11 6.00 75.21 good
0.25 8.00 313.76 bad
0.20 6.00 502.72 good
0.11 6.00 101.09 good
0.30 8.00 76.64 good
0.37 8.00 209.65 good
0.17 6.00 73.99 bad
0.06 4.00 58.14 good
0.13 6.00 212.10 good
0.04 6.00 194.01 bad
0.18 8.00 176.74 good
0.26 8.00 234.30 bad
0.38 8.00 478.73 good
0.05 8.00 361.68 bad
0.15 8.00 311.51 bad
0.46 8.00 364.52 good
0.08 6.00 909.70 bad
0.19 8.00 402.15 good
0.02 4.00 40.59 good
0.37 8.00 105.22 bad
0.09 6.00 62.68 good
0.12 6.00 105.28 good