BookScoreCount AddListCount ThreeStarRate Class
103
0 1 2 4 5 7 9 12 13 14 15 16 18 20 22 23 25 26 27 28 29 30 31 32 33 34 35 36 37 38 39 40 41 43 45 48 49 51 52 53 54 55 56 57 58 59 60 61 62 63 64 65 66 70 72 73 74 75 76 78 79 80 81 82 83 88 89 94 95 96 98 103 104 106 107 108 112 113 117 118 120 122 123 125 128 130 131 132 133 134 135 136 138 139 140 143 145 146 148 150 151 152 153
568 214 0.28 good
967 492 0.23 good
47 12 0.40 bad
78 22 0.33 bad
439 122 0.26 good
27 8 0.48 bad
51 14 0.26 bad
25 12 0.44 bad
48 9 0.39 bad
454 136 0.21 good
658 204 0.27 bad
119 25 0.23 good
23 7 0.28 bad
112 17 0.15 good
159 61 0.40 bad
116 32 0.28 good
11 2 0.20 bad
100 32 0.43 bad
150 31 0.21 good
263 73 0.25 bad
290 68 0.22 good
29 9 0.32 bad
44 6 0.33 good
292 111 0.31 bad
192 49 0.29 good
97 24 0.39 bad
1909 254 0.18 good
223 63 0.23 bad
216 106 0.20 bad
63 19 0.27 bad
20 1 0.16 bad
495 172 0.24 good
670 289 0.34 good
81 18 0.24 good
299 93 0.30 bad
1248 371 0.33 bad
72 13 0.39 bad
133 42 0.37 bad
1780 446 0.15 bad
22 1 0.14 bad
43 9 0.33 good
55 11 0.33 bad
80 13 0.32 good
2109 551 0.21 bad
461 70 0.14 good
484 138 0.21 good
108 19 0.18 bad
86 33 0.25 good
13 3 0.08 bad
91 21 0.12 good
45 10 0.21 bad
82 22 0.31 bad
21 2 0.43 bad
51 2 0.04 bad
956 180 0.26 good
19 8 0.22 bad
46 16 0.36 bad
21 8 0.40 good
429 110 0.15 good
217 57 0.33 bad
531 94 0.26 bad
714 193 0.13 bad
25 4 0.54 bad
31 3 0.20 bad
104 22 0.28 bad
1636 321 0.18 good
145 49 0.27 bad
218 57 0.23 good
13 4 0.46 bad
188 100 0.28 good
2113 558 0.22 good
29 6 0.50 bad
25 5 0.34 bad
349 102 0.27 good
1184 188 0.15 bad
5393 1586 0.10 good
201 63 0.30 bad
136 25 0.36 bad
34 5 0.45 bad
274 112 0.39 bad
45 15 0.20 good
385 126 0.28 bad
93 32 0.37 good
768 149 0.08 good
607 108 0.13 good
82 11 0.28 bad
31 5 0.13 good
614 131 0.25 good
23 1 0.33 bad
795 168 0.21 good
1310 293 0.24 bad
68 9 0.32 bad
328 53 0.22 bad
1100 206 0.24 good
21 7 0.07 bad
153 42 0.22 bad
61 28 0.45 bad
2356 710 0.27 good
1080 54 0.04 bad
21 5 0.35 bad
638 125 0.16 bad
45 12 0.28 good
209 50 0.25 good