ThreeStarRate FourStarRate Kurtosis Class
99
0 1 2 5 6 8 10 11 12 13 15 16 17 18 19 20 21 24 25 26 27 28 30 31 32 33 34 37 39 40 41 43 44 45 46 47 51 53 56 57 59 60 62 65 69 70 71 73 76 77 79 80 81 82 84 88 89 90 91 92 94 95 96 98 99 101 103 104 105 106 107 108 109 110 113 117 118 120 122 123 126 127 129 131 132 133 135 136 137 138 139 142 143 144 145 148 149 150 152
0.28 0.30 200.91 good
0.23 0.36 406.22 good
0.40 0.24 267.71 bad
0.26 0.21 93.52 good
0.21 0.18 75.15 good
0.30 0.22 196.73 bad
0.23 0.27 143.84 bad
0.40 0.32 491.68 bad
0.44 0.08 114.51 bad
0.39 0.13 156.17 bad
0.27 0.25 188.48 bad
0.23 0.20 87.54 good
0.20 0.23 80.31 bad
0.28 0.14 137.29 bad
0.22 0.22 181.41 bad
0.15 0.20 48.29 good
0.16 0.14 66.70 bad
0.36 0.13 114.10 bad
0.20 0.00 28.01 bad
0.43 0.18 249.04 bad
0.21 0.15 40.03 good
0.25 0.31 418.19 bad
0.32 0.14 80.73 bad
0.33 0.19 211.54 good
0.31 0.39 404.81 bad
0.29 0.23 163.05 good
0.39 0.13 192.82 bad
0.20 0.44 948.64 bad
0.16 0.05 53.89 bad
0.24 0.33 227.23 good
0.34 0.29 389.04 good
0.24 0.14 44.83 good
0.11 0.16 29.34 good
0.30 0.23 135.14 bad
0.19 0.33 218.67 good
0.20 0.22 85.63 bad
0.37 0.21 339.26 bad
0.14 0.00 31.11 bad
0.32 0.10 74.03 good
0.21 0.29 94.54 bad
0.21 0.21 148.52 good
0.18 0.20 95.85 bad
0.08 0.34 199.64 bad
0.31 0.07 77.07 bad
0.26 0.42 758.93 bad
0.04 0.32 49.13 bad
0.25 0.25 106.33 bad
0.22 0.39 278.58 bad
0.15 0.36 159.36 good
0.22 0.27 440.27 bad
0.26 0.17 65.93 bad
0.13 0.19 599.56 bad
0.54 0.08 173.53 bad
0.20 0.05 87.78 bad
0.33 0.19 116.65 bad
0.18 0.23 118.81 good
0.27 0.28 208.64 bad
0.20 0.07 25.57 bad
0.16 0.28 191.97 good
0.16 0.29 444.03 good
0.23 0.33 299.63 good
0.46 0.00 128.84 bad
0.28 0.33 282.28 good
0.22 0.33 391.57 good
0.34 0.26 243.27 bad
0.26 0.27 286.97 bad
0.50 0.26 664.54 bad
0.34 0.04 92.39 bad
0.19 0.33 385.10 good
0.27 0.24 114.14 good
0.15 0.17 72.91 bad
0.10 0.20 1238.93 good
0.36 0.24 170.95 bad
0.28 0.24 131.59 bad
0.36 0.21 164.81 bad
0.45 0.14 132.92 bad
0.39 0.30 387.39 bad
0.20 0.25 75.21 good
0.28 0.29 313.76 bad
0.37 0.30 502.72 good
0.16 0.21 76.64 good
0.22 0.26 319.05 good
0.16 0.26 209.65 good
0.13 0.11 58.14 good
0.25 0.35 212.10 good
0.33 0.33 194.01 bad
0.24 0.29 234.30 bad
0.32 0.05 63.17 bad
0.15 0.33 478.73 good
0.22 0.19 56.35 bad
0.24 0.36 304.97 good
0.15 0.24 364.52 good
0.22 0.24 86.23 bad
0.27 0.18 97.95 bad
0.45 0.33 909.70 bad
0.04 0.06 9.99 bad
0.23 0.26 113.50 good
0.35 0.20 158.29 bad
0.28 0.14 62.68 good