BookWordCount AddListCount Mode Class
97
2 4 5 6 8 9 11 12 13 14 15 16 17 19 20 21 24 25 26 27 28 29 30 32 33 35 36 37 38 39 43 44 48 49 50 51 54 56 57 58 60 63 64 65 69 70 72 73 77 78 79 81 82 84 85 86 87 92 94 96 97 99 102 103 104 107 108 110 111 112 113 115 116 118 119 121 123 124 125 127 128 129 132 134 135 137 138 139 140 141 144 145 146 150 151 152 153
48.30 12 6.00 bad
139.00 22 6.00 bad
158.50 122 6.00 good
59.60 42 2.00 good
143.50 53 6.00 bad
21.30 14 8.00 bad
13.40 15 6.00 bad
21.80 12 6.00 bad
27.50 9 6.00 bad
123.80 136 2.00 good
257.20 204 6.00 bad
135.80 25 6.00 good
33.60 10 8.00 bad
122.40 70 10.00 bad
82.30 17 2.00 good
74.10 12 4.00 bad
74.80 23 6.00 bad
35.90 2 2.00 bad
62.70 32 6.00 bad
147.20 31 2.00 good
53.00 73 8.00 bad
233.90 68 10.00 good
150.70 9 6.00 bad
51.10 111 8.00 bad
178.90 49 6.00 good
713.10 254 2.00 good
87.00 63 8.00 bad
51.30 106 8.00 bad
80.20 19 4.00 bad
22.80 1 2.00 bad
74.40 18 2.00 good
296.80 242 2.00 good
281.40 371 8.00 bad
44.50 13 6.00 bad
51.90 7 6.00 good
84.60 42 6.00 bad
13.00 9 6.00 good
40.40 13 6.00 good
293.40 551 8.00 bad
63.50 70 10.00 good
45.10 19 10.00 bad
108.60 21 2.00 good
54.40 10 2.00 bad
72.20 22 6.00 bad
7.30 5 8.00 bad
55.40 2 2.00 bad
390.00 180 10.00 good
68.60 8 8.00 bad
1070.70 183 10.00 bad
70.00 57 6.00 bad
131.20 94 2.00 bad
87.70 4 6.00 bad
183.00 3 4.00 bad
30.00 3 6.00 bad
87.20 55 2.00 good
129.90 53 6.00 bad
112.10 65 10.00 bad
116.50 141 10.00 good
63.70 57 8.00 good
34.10 100 8.00 good
22.20 7 8.00 good
181.90 253 6.00 bad
78.10 39 2.00 good
21.40 6 6.00 bad
150.50 5 6.00 bad
310.00 188 10.00 bad
446.50 1586 10.00 good
133.50 31 6.00 bad
148.90 53 8.00 good
107.80 63 6.00 bad
247.80 25 6.00 bad
119.20 76 6.00 bad
118.30 7 6.00 good
92.20 112 6.00 bad
427.70 274 8.00 good
145.90 14 6.00 bad
153.40 32 6.00 good
223.00 57 6.00 good
65.70 149 10.00 good
34.20 146 10.00 good
296.70 108 10.00 good
322.80 510 10.00 good
237.20 131 8.00 good
179.50 168 8.00 good
335.20 293 8.00 bad
448.70 303 10.00 good
212.90 53 2.00 bad
130.30 206 8.00 good
43.40 7 8.00 bad
25.10 19 8.00 bad
319.70 103 6.00 bad
62.30 28 6.00 bad
477.20 710 8.00 good
44.60 5 6.00 bad
93.00 125 10.00 bad
163.50 12 2.00 good
73.20 50 6.00 good