BookWordCount BookScoreCount Mode Class
98
0 1 2 3 4 5 6 7 8 9 10 11 14 15 16 17 18 19 20 23 24 25 26 27 28 29 30 31 32 33 34 35 36 38 40 41 44 45 46 48 50 51 54 55 57 59 60 62 63 64 65 66 67 68 69 72 73 74 75 77 79 82 83 84 85 88 89 91 92 93 97 98 102 103 104 108 109 111 112 114 118 120 121 122 123 125 126 128 129 133 135 137 139 141 148 150 151 152
177.20 568 8.00 good
289.90 967 8.00 good
48.30 47 6.00 bad
52.30 129 8.00 bad
139.00 78 6.00 bad
158.50 439 6.00 good
59.60 187 2.00 good
38.90 27 6.00 bad
143.50 177 6.00 bad
21.30 51 8.00 bad
82.50 78 8.00 bad
13.40 51 6.00 bad
123.80 454 2.00 good
257.20 658 6.00 bad
135.80 119 6.00 good
33.60 36 8.00 bad
24.10 23 10.00 bad
122.40 250 10.00 bad
82.30 112 2.00 good
122.20 116 4.00 good
74.80 70 6.00 bad
35.90 11 2.00 bad
62.70 100 6.00 bad
147.20 150 2.00 good
53.00 263 8.00 bad
233.90 290 10.00 good
150.70 29 6.00 bad
78.00 44 6.00 good
51.10 292 8.00 bad
178.90 192 6.00 good
154.60 97 6.00 bad
713.10 1909 2.00 good
87.00 223 8.00 bad
80.20 63 4.00 bad
153.10 495 8.00 good
168.40 670 6.00 good
296.80 1885 2.00 good
380.50 299 6.00 bad
123.50 108 8.00 good
281.40 1248 8.00 bad
51.90 29 6.00 good
84.60 133 6.00 bad
13.00 43 6.00 good
106.40 55 6.00 bad
293.40 2109 8.00 bad
133.40 484 10.00 good
45.10 108 10.00 bad
49.60 13 4.00 bad
108.60 91 2.00 good
54.40 45 2.00 bad
72.20 82 6.00 bad
34.80 21 6.00 bad
16.80 90 10.00 good
79.60 153 8.00 bad
7.30 20 8.00 bad
390.00 956 10.00 good
68.60 19 8.00 bad
49.30 46 6.00 bad
39.60 21 6.00 good
1070.70 745 10.00 bad
131.20 531 2.00 bad
183.00 31 4.00 bad
40.80 104 6.00 bad
30.00 21 6.00 bad
87.20 356 2.00 good
315.30 1636 10.00 good
153.20 145 8.00 bad
126.20 654 10.00 good
116.50 527 10.00 good
90.50 396 8.00 bad
22.20 39 8.00 good
170.60 2113 8.00 good
78.10 225 2.00 good
21.40 29 6.00 bad
150.50 25 6.00 bad
446.50 5393 10.00 good
101.10 88 6.00 bad
148.90 182 8.00 good
107.80 201 6.00 bad
31.70 1114 10.00 bad
92.20 274 6.00 bad
85.80 45 8.00 good
145.90 59 6.00 bad
79.20 385 8.00 bad
153.40 93 6.00 good
65.70 768 10.00 good
89.70 353 10.00 good
296.70 607 10.00 good
322.80 2063 10.00 good
145.80 23 8.00 bad
335.20 1310 8.00 bad
448.70 1641 10.00 good
130.30 1100 8.00 good
25.10 83 8.00 bad
209.90 1080 2.00 bad
44.60 21 6.00 bad
93.00 638 10.00 bad
163.50 45 2.00 good