ThreeStarRate FourStarRate Median Class
100
0 1 3 5 6 7 8 9 10 12 13 15 16 18 19 20 21 25 27 28 29 30 32 34 35 38 41 42 43 44 45 48 49 50 53 56 59 60 63 64 65 66 67 68 69 70 73 75 77 79 83 84 87 88 89 90 92 93 94 95 96 97 98 101 102 103 104 105 106 108 110 111 113 114 118 119 121 123 124 125 126 127 128 129 130 131 132 133 134 135 137 138 139 141 143 144 148 149 150 153
0.28 0.30 6.00 good
0.23 0.36 8.00 good
0.27 0.27 6.00 bad
0.26 0.21 6.00 good
0.21 0.18 6.00 good
0.48 0.11 6.00 bad
0.30 0.22 6.00 bad
0.26 0.30 6.00 bad
0.23 0.27 6.00 bad
0.44 0.08 6.00 bad
0.39 0.13 6.00 bad
0.27 0.25 6.00 bad
0.23 0.20 6.00 good
0.28 0.14 6.00 bad
0.22 0.22 6.00 bad
0.15 0.20 4.00 good
0.16 0.14 4.00 bad
0.20 0.00 4.00 bad
0.21 0.15 4.00 good
0.25 0.31 8.00 bad
0.22 0.20 8.00 good
0.32 0.14 6.00 bad
0.31 0.39 8.00 bad
0.39 0.13 6.00 bad
0.18 0.14 6.00 good
0.27 0.17 6.00 bad
0.34 0.29 6.00 good
0.26 0.20 6.00 bad
0.24 0.14 6.00 good
0.11 0.16 4.00 good
0.30 0.23 6.00 bad
0.33 0.33 6.00 bad
0.39 0.23 6.00 bad
0.32 0.14 6.00 good
0.14 0.00 4.00 bad
0.32 0.10 6.00 good
0.21 0.21 6.00 good
0.18 0.20 6.00 bad
0.12 0.20 6.00 good
0.21 0.14 4.00 bad
0.31 0.07 4.00 bad
0.43 0.19 6.00 bad
0.16 0.25 8.00 good
0.25 0.30 8.00 bad
0.26 0.42 8.00 bad
0.04 0.32 8.00 bad
0.22 0.39 8.00 bad
0.40 0.30 6.00 good
0.22 0.27 8.00 bad
0.26 0.17 6.00 bad
0.28 0.22 6.00 bad
0.33 0.19 6.00 bad
0.23 0.19 6.00 bad
0.18 0.23 8.00 good
0.27 0.28 6.00 bad
0.20 0.07 2.00 bad
0.16 0.29 8.00 good
0.26 0.34 8.00 bad
0.23 0.33 8.00 good
0.46 0.00 6.00 bad
0.28 0.33 8.00 good
0.26 0.40 8.00 good
0.22 0.33 8.00 good
0.26 0.27 8.00 bad
0.26 0.21 6.00 good
0.50 0.26 6.00 bad
0.34 0.04 4.00 bad
0.19 0.33 8.00 good
0.27 0.24 6.00 good
0.10 0.20 10.00 good
0.28 0.24 6.00 bad
0.26 0.26 6.00 good
0.36 0.21 6.00 bad
0.09 0.23 10.00 bad
0.39 0.30 6.00 bad
0.20 0.33 8.00 good
0.32 0.08 4.00 bad
0.37 0.30 6.00 good
0.29 0.20 6.00 good
0.08 0.20 10.00 good
0.16 0.21 8.00 good
0.22 0.26 8.00 good
0.13 0.23 8.00 good
0.16 0.26 8.00 good
0.28 0.16 6.00 bad
0.13 0.11 4.00 good
0.25 0.35 6.00 good
0.33 0.33 6.00 bad
0.21 0.34 8.00 good
0.24 0.29 8.00 bad
0.15 0.33 8.00 good
0.22 0.19 6.00 bad
0.24 0.36 8.00 good
0.19 0.49 8.00 bad
0.22 0.24 6.00 bad
0.27 0.18 6.00 bad
0.04 0.06 2.00 bad
0.23 0.26 6.00 good
0.35 0.20 6.00 bad
0.25 0.22 6.00 good