BookWordCount BookScoreCount FiveStarRate Class
95
0 6 7 8 10 11 12 14 15 19 20 21 22 24 26 30 32 33 34 37 39 40 41 45 46 47 48 50 51 52 54 55 56 59 60 62 63 64 65 67 69 70 71 72 73 74 77 78 79 83 85 87 88 89 90 92 93 94 95 97 98 99 100 102 103 104 105 106 107 108 111 112 115 116 117 118 121 122 123 126 128 132 133 135 137 138 142 143 145 146 149 150 151 152 153
177.20 568 0.15 good
59.60 187 0.23 good
38.90 27 0.11 bad
143.50 177 0.21 bad
82.50 78 0.09 bad
13.40 51 0.16 bad
21.80 25 0.20 bad
123.80 454 0.20 good
257.20 658 0.23 bad
122.40 250 0.28 bad
82.30 112 0.13 good
74.10 44 0.04 bad
77.70 159 0.11 bad
74.80 70 0.11 bad
62.70 100 0.19 bad
150.70 29 0.11 bad
51.10 292 0.13 bad
178.90 192 0.15 good
154.60 97 0.03 bad
51.30 216 0.28 bad
22.80 20 0.00 bad
153.10 495 0.19 good
168.40 670 0.17 good
380.50 299 0.10 bad
123.50 108 0.27 good
49.70 79 0.08 bad
281.40 1248 0.17 bad
51.90 29 0.07 good
84.60 133 0.07 bad
76.10 1780 0.42 bad
13.00 43 0.29 good
106.40 55 0.06 bad
40.40 80 0.13 good
133.40 484 0.25 good
45.10 108 0.23 bad
49.60 13 0.00 bad
108.60 91 0.30 good
54.40 45 0.02 bad
72.20 82 0.07 bad
16.80 90 0.42 good
7.30 20 0.21 bad
55.40 51 0.20 bad
98.90 248 0.17 bad
390.00 956 0.35 good
68.60 19 0.17 bad
49.30 46 0.04 bad
1070.70 745 0.37 bad
70.00 217 0.16 bad
131.20 531 0.10 bad
40.80 104 0.22 bad
87.20 356 0.10 good
112.10 182 0.27 bad
315.30 1636 0.30 good
153.20 145 0.17 bad
50.40 16 0.07 bad
116.50 527 0.42 good
90.50 396 0.21 bad
63.70 218 0.23 good
99.00 13 0.15 bad
22.20 39 0.13 good
170.60 2113 0.29 good
181.90 942 0.17 bad
59.90 42 0.25 bad
78.10 225 0.08 good
21.40 29 0.11 bad
150.50 25 0.09 bad
198.70 339 0.31 good
64.40 349 0.16 good
310.00 1184 0.31 bad
446.50 5393 0.63 good
148.90 182 0.12 good
107.80 201 0.11 bad
119.20 282 0.07 bad
118.30 19 0.17 good
59.10 34 0.09 bad
92.20 274 0.11 bad
145.90 59 0.02 bad
79.20 385 0.25 bad
153.40 93 0.20 good
89.70 353 0.30 good
296.70 607 0.31 good
237.20 614 0.13 good
145.80 23 0.04 bad
335.20 1310 0.26 bad
448.70 1641 0.38 good
212.90 328 0.18 bad
518.00 2366 0.46 good
177.70 153 0.10 bad
62.30 61 0.08 bad
477.20 2356 0.19 good
382.10 674 0.15 good
44.60 21 0.15 bad
93.00 638 0.37 bad
163.50 45 0.09 good
73.20 209 0.12 good