BookWordCount TwoStarRate Mode Class
94
1 3 5 7 8 10 11 13 14 15 18 19 21 23 26 27 28 30 31 35 38 39 40 42 43 45 46 47 49 53 54 55 56 57 59 60 63 64 65 68 69 70 71 73 74 76 77 78 79 80 81 82 85 87 89 91 92 94 95 96 98 101 103 104 105 107 110 111 113 115 118 120 121 123 124 126 128 130 131 133 134 136 137 138 140 141 143 146 147 148 149 150 151 153
289.90 0.08 8.00 good
52.30 0.12 8.00 bad
158.50 0.20 6.00 good
38.90 0.15 6.00 bad
143.50 0.16 6.00 bad
82.50 0.26 8.00 bad
13.40 0.04 6.00 bad
27.50 0.24 6.00 bad
123.80 0.14 2.00 good
257.20 0.13 6.00 bad
24.10 0.17 10.00 bad
122.40 0.18 10.00 bad
74.10 0.37 4.00 bad
122.20 0.31 4.00 good
62.70 0.09 6.00 bad
147.20 0.17 2.00 good
53.00 0.11 8.00 bad
150.70 0.18 6.00 bad
78.00 0.30 6.00 good
713.10 0.12 2.00 good
80.20 0.35 4.00 bad
22.80 0.26 2.00 bad
153.10 0.12 8.00 good
300.10 0.17 2.00 bad
74.40 0.13 2.00 good
380.50 0.20 6.00 bad
123.50 0.07 8.00 good
49.70 0.28 4.00 bad
44.50 0.10 6.00 bad
53.70 0.33 2.00 bad
13.00 0.05 6.00 good
106.40 0.28 6.00 bad
40.40 0.20 6.00 good
293.40 0.07 8.00 bad
133.40 0.21 10.00 good
45.10 0.21 10.00 bad
108.60 0.07 2.00 good
54.40 0.27 2.00 bad
72.20 0.28 6.00 bad
79.60 0.11 8.00 bad
7.30 0.05 8.00 bad
55.40 0.10 2.00 bad
98.90 0.12 8.00 bad
68.60 0.11 8.00 bad
49.30 0.22 6.00 bad
46.20 0.07 8.00 good
1070.70 0.07 10.00 bad
70.00 0.10 6.00 bad
131.20 0.19 2.00 bad
144.70 0.03 10.00 bad
87.70 0.08 6.00 bad
183.00 0.41 4.00 bad
87.20 0.19 2.00 good
112.10 0.09 10.00 bad
153.20 0.17 8.00 bad
126.20 0.08 10.00 good
116.50 0.04 10.00 good
63.70 0.11 8.00 good
99.00 0.23 6.00 bad
34.10 0.11 8.00 good
170.60 0.08 8.00 good
219.60 0.10 10.00 bad
21.40 0.08 6.00 bad
150.50 0.31 6.00 bad
198.70 0.08 8.00 good
310.00 0.12 10.00 bad
133.50 0.21 6.00 bad
148.90 0.16 8.00 good
247.80 0.13 6.00 bad
119.20 0.19 6.00 bad
92.20 0.11 6.00 bad
85.80 0.18 8.00 good
145.90 0.30 6.00 bad
153.40 0.08 6.00 good
223.00 0.19 6.00 good
89.70 0.06 10.00 good
296.70 0.08 10.00 good
46.30 0.13 6.00 bad
195.70 0.41 4.00 good
145.80 0.13 8.00 bad
179.50 0.12 8.00 good
72.70 0.24 6.00 bad
448.70 0.05 10.00 good
212.90 0.10 2.00 bad
43.40 0.30 8.00 bad
25.10 0.03 8.00 bad
177.70 0.21 8.00 bad
477.20 0.09 8.00 good
154.00 0.22 2.00 good
209.90 0.03 2.00 bad
382.10 0.18 8.00 good
44.60 0.15 6.00 bad
93.00 0.07 10.00 bad
73.20 0.22 6.00 good