BookScore Mode Median Class
97
0 2 3 5 7 8 9 10 11 12 18 19 20 21 24 25 31 34 35 36 37 38 39 41 43 45 47 48 50 51 54 56 57 58 60 62 63 64 67 68 69 70 71 72 75 79 81 82 83 88 89 91 92 95 96 97 98 99 100 102 105 106 107 108 109 111 112 114 115 116 117 118 119 120 122 124 125 127 128 129 130 131 132 133 136 137 138 139 140 141 143 144 146 150 151 152 153
6.4 8.00 6.00 good
6.4 6.00 6.00 bad
6.4 8.00 6.00 bad
5.6 6.00 6.00 good
5.8 6.00 6.00 bad
6.5 6.00 6.00 bad
5.4 8.00 6.00 bad
5.8 8.00 6.00 bad
6.9 6.00 6.00 bad
6.0 6.00 6.00 bad
6.5 10.00 6.00 bad
6.7 10.00 6.00 bad
5.3 2.00 4.00 good
4.6 4.00 4.00 bad
5.5 6.00 6.00 bad
4.8 2.00 4.00 bad
5.8 6.00 6.00 good
5.1 6.00 6.00 bad
5.5 2.00 6.00 good
6.7 8.00 8.00 bad
7.8 8.00 8.00 bad
5.9 4.00 6.00 bad
3.5 2.00 2.00 bad
6.7 6.00 6.00 good
5.1 2.00 6.00 good
5.8 6.00 6.00 bad
5.3 4.00 4.00 bad
6.8 8.00 6.00 bad
5.3 6.00 6.00 good
5.9 6.00 6.00 bad
7.0 6.00 6.00 good
5.3 6.00 6.00 good
6.2 8.00 6.00 bad
7.5 10.00 8.00 good
6.2 10.00 6.00 bad
5.3 4.00 4.00 bad
6.2 2.00 6.00 good
4.4 2.00 4.00 bad
7.6 10.00 8.00 good
6.8 8.00 8.00 bad
7.4 8.00 8.00 bad
5.9 2.00 8.00 bad
6.1 8.00 6.00 bad
7.3 10.00 8.00 good
6.4 6.00 6.00 good
5.2 2.00 6.00 bad
5.8 6.00 6.00 bad
5.6 4.00 4.00 bad
6.6 6.00 6.00 bad
6.7 10.00 8.00 good
6.4 8.00 6.00 bad
7.2 10.00 8.00 good
7.8 10.00 8.00 good
5.5 6.00 6.00 bad
6.7 8.00 8.00 good
6.5 8.00 8.00 good
7.3 8.00 8.00 good
6.5 6.00 6.00 bad
7.0 6.00 8.00 bad
5.3 2.00 6.00 good
7.4 8.00 8.00 good
6.0 6.00 6.00 good
6.4 10.00 6.00 bad
8.7 10.00 10.00 good
6.0 6.00 6.00 bad
5.8 8.00 6.00 good
5.4 6.00 6.00 bad
8.5 10.00 10.00 bad
5.5 6.00 6.00 bad
6.0 6.00 6.00 good
5.5 6.00 6.00 bad
6.5 6.00 6.00 bad
7.3 8.00 8.00 good
5.6 8.00 6.00 good
7.0 8.00 8.00 bad
5.6 6.00 6.00 good
8.9 10.00 10.00 good
7.4 10.00 8.00 good
6.5 10.00 8.00 good
7.3 10.00 8.00 good
5.7 6.00 6.00 bad
4.4 4.00 4.00 good
6.4 8.00 6.00 good
5.9 8.00 6.00 bad
4.8 6.00 4.00 bad
7.8 10.00 8.00 good
5.7 2.00 6.00 bad
7.0 8.00 8.00 good
6.4 8.00 8.00 bad
6.9 8.00 8.00 bad
5.5 8.00 6.00 bad
5.4 6.00 6.00 bad
7.0 8.00 8.00 good
6.1 6.00 6.00 bad
6.8 10.00 8.00 bad
5.1 2.00 6.00 good
5.7 6.00 6.00 good