BookWordCount BookScoreCount ThreeStarRate Class
93
0 3 4 8 9 10 12 13 14 15 16 18 19 20 21 22 23 26 27 29 30 31 32 34 35 36 42 45 47 48 49 50 52 54 56 57 60 61 62 63 66 68 69 70 72 73 74 75 79 80 81 82 84 85 88 89 90 91 92 93 95 97 98 99 100 101 104 105 106 109 110 111 112 116 117 119 121 122 124 126 131 134 135 137 138 139 142 143 146 147 149 150 152
177.20 568 0.28 good
52.30 129 0.27 bad
139.00 78 0.33 bad
143.50 177 0.30 bad
21.30 51 0.26 bad
82.50 78 0.23 bad
21.80 25 0.44 bad
27.50 48 0.39 bad
123.80 454 0.21 good
257.20 658 0.27 bad
135.80 119 0.23 good
24.10 23 0.28 bad
122.40 250 0.22 bad
82.30 112 0.15 good
74.10 44 0.16 bad
77.70 159 0.40 bad
122.20 116 0.28 good
62.70 100 0.43 bad
147.20 150 0.21 good
233.90 290 0.22 good
150.70 29 0.32 bad
78.00 44 0.33 good
51.10 292 0.31 bad
154.60 97 0.39 bad
713.10 1909 0.18 good
87.00 223 0.23 bad
300.10 686 0.26 bad
380.50 299 0.30 bad
49.70 79 0.20 bad
281.40 1248 0.33 bad
44.50 72 0.39 bad
51.90 29 0.32 good
76.10 1780 0.15 bad
13.00 43 0.33 good
40.40 80 0.32 good
293.40 2109 0.21 bad
45.10 108 0.18 bad
17.00 86 0.25 good
49.60 13 0.08 bad
108.60 91 0.12 good
34.80 21 0.43 bad
79.60 153 0.25 bad
7.30 20 0.26 bad
55.40 51 0.04 bad
390.00 956 0.26 good
68.60 19 0.22 bad
49.30 46 0.36 bad
39.60 21 0.40 good
131.20 531 0.26 bad
144.70 714 0.13 bad
87.70 25 0.54 bad
183.00 31 0.20 bad
30.00 21 0.33 bad
87.20 356 0.15 good
315.30 1636 0.18 good
153.20 145 0.27 bad
50.40 16 0.20 bad
126.20 654 0.16 good
116.50 527 0.16 good
90.50 396 0.26 bad
99.00 13 0.46 bad
22.20 39 0.26 good
170.60 2113 0.22 good
181.90 942 0.34 bad
59.90 42 0.34 bad
219.60 219 0.26 bad
150.50 25 0.34 bad
198.70 339 0.19 good
64.40 349 0.27 good
101.10 88 0.36 bad
133.50 112 0.28 bad
148.90 182 0.26 good
107.80 201 0.30 bad
118.30 19 0.42 good
59.10 34 0.45 bad
427.70 1575 0.20 good
145.90 59 0.32 bad
79.20 385 0.28 bad
223.00 320 0.29 good
89.70 353 0.16 good
195.70 31 0.13 good
179.50 795 0.21 good
335.20 1310 0.24 bad
448.70 1641 0.15 good
212.90 328 0.22 bad
130.30 1100 0.24 good
518.00 2366 0.15 good
177.70 153 0.22 bad
477.20 2356 0.27 good
154.00 208 0.19 good
382.10 674 0.23 good
44.60 21 0.35 bad
163.50 45 0.28 good