TwoStarRate FourStarRate FiveStarRate Class
102
1 2 3 4 5 6 7 8 9 10 12 13 15 18 19 20 21 22 24 25 30 31 32 35 38 39 43 45 46 47 48 50 51 52 54 55 56 57 58 59 60 61 63 64 65 66 67 68 73 74 76 77 79 81 82 83 84 85 86 87 88 89 90 91 94 96 97 98 100 101 102 103 104 105 106 107 108 110 113 114 115 116 117 118 119 120 124 125 127 128 134 135 137 140 141 142 143 145 146 147 149 151
0.08 0.36 0.25 good
0.10 0.24 0.15 bad
0.12 0.27 0.18 bad
0.09 0.25 0.10 bad
0.20 0.21 0.12 good
0.14 0.18 0.23 good
0.15 0.11 0.11 bad
0.16 0.22 0.21 bad
0.18 0.30 0.02 bad
0.26 0.27 0.09 bad
0.08 0.08 0.20 bad
0.24 0.13 0.09 bad
0.13 0.25 0.23 bad
0.17 0.14 0.28 bad
0.18 0.22 0.28 bad
0.20 0.20 0.13 good
0.37 0.14 0.04 bad
0.15 0.28 0.11 bad
0.21 0.13 0.11 bad
0.20 0.00 0.20 bad
0.18 0.14 0.11 bad
0.30 0.19 0.09 good
0.09 0.39 0.13 bad
0.12 0.14 0.21 good
0.35 0.17 0.13 bad
0.26 0.05 0.00 bad
0.13 0.14 0.14 good
0.20 0.23 0.10 bad
0.07 0.33 0.27 good
0.28 0.22 0.08 bad
0.09 0.33 0.17 bad
0.28 0.14 0.07 good
0.30 0.21 0.07 bad
0.04 0.30 0.42 bad
0.05 0.21 0.29 good
0.28 0.20 0.06 bad
0.20 0.10 0.13 good
0.07 0.29 0.18 bad
0.05 0.30 0.37 good
0.21 0.21 0.25 good
0.21 0.20 0.23 bad
0.08 0.44 0.21 good
0.07 0.20 0.30 good
0.27 0.14 0.02 bad
0.28 0.07 0.07 bad
0.14 0.19 0.10 bad
0.06 0.25 0.42 good
0.11 0.30 0.22 bad
0.11 0.39 0.17 bad
0.22 0.31 0.04 bad
0.07 0.36 0.24 good
0.07 0.27 0.37 bad
0.19 0.17 0.10 bad
0.08 0.08 0.13 bad
0.41 0.05 0.22 bad
0.17 0.22 0.22 bad
0.14 0.19 0.14 bad
0.19 0.24 0.10 good
0.03 0.27 0.26 bad
0.09 0.19 0.27 bad
0.10 0.23 0.30 good
0.17 0.28 0.17 bad
0.13 0.07 0.07 bad
0.08 0.28 0.34 good
0.11 0.33 0.23 good
0.11 0.33 0.17 good
0.03 0.40 0.13 good
0.08 0.33 0.29 good
0.02 0.27 0.25 bad
0.10 0.27 0.27 bad
0.14 0.21 0.08 good
0.08 0.26 0.11 bad
0.31 0.04 0.09 bad
0.08 0.33 0.31 good
0.14 0.24 0.16 good
0.12 0.17 0.31 bad
0.02 0.20 0.63 good
0.21 0.24 0.10 bad
0.13 0.21 0.14 bad
0.02 0.23 0.60 bad
0.19 0.19 0.07 bad
0.12 0.12 0.17 good
0.11 0.14 0.09 bad
0.11 0.30 0.11 bad
0.06 0.33 0.29 good
0.18 0.25 0.11 good
0.19 0.20 0.11 good
0.02 0.20 0.67 good
0.06 0.26 0.36 good
0.08 0.23 0.31 good
0.12 0.34 0.18 good
0.09 0.29 0.26 bad
0.05 0.33 0.38 good
0.30 0.54 0.05 bad
0.03 0.49 0.15 bad
0.05 0.24 0.46 good
0.21 0.24 0.10 bad
0.10 0.33 0.08 bad
0.09 0.37 0.19 good
0.22 0.09 0.02 good
0.18 0.26 0.15 good
0.07 0.19 0.37 bad