BookScore FiveStarRate Kurtosis Class
99
0 1 3 4 7 8 10 11 12 13 14 16 18 19 20 21 22 23 24 26 30 31 32 34 35 36 37 38 40 42 43 45 47 49 50 51 52 53 56 57 59 60 62 64 65 66 69 70 73 74 76 78 80 81 83 84 85 87 90 91 92 93 96 97 99 100 101 102 103 104 107 108 110 112 114 116 117 118 123 124 125 127 129 130 133 134 136 137 138 141 143 144 145 146 147 148 150 151 152
6.4 0.15 200.91 good
7.2 0.25 406.22 good
6.4 0.18 155.27 bad
5.8 0.10 113.07 bad
5.8 0.11 181.37 bad
6.5 0.21 196.73 bad
5.8 0.09 143.84 bad
6.9 0.16 491.68 bad
6.0 0.20 114.51 bad
5.5 0.09 156.17 bad
5.9 0.20 68.44 good
5.7 0.14 87.54 good
6.5 0.28 137.29 bad
6.7 0.28 181.41 bad
5.3 0.13 48.29 good
4.6 0.04 66.70 bad
6.5 0.11 468.11 bad
4.7 0.06 78.49 good
5.5 0.11 114.10 bad
6.5 0.19 249.04 bad
5.4 0.11 80.73 bad
5.8 0.09 211.54 good
6.8 0.13 404.81 bad
5.1 0.03 192.82 bad
5.5 0.21 41.11 good
6.7 0.19 203.97 bad
7.8 0.28 948.64 bad
5.9 0.13 172.89 bad
6.7 0.19 227.23 good
5.4 0.11 74.29 bad
5.1 0.14 44.83 good
5.8 0.10 135.14 bad
5.3 0.08 85.63 bad
5.9 0.10 155.38 bad
5.3 0.07 119.73 good
5.9 0.07 339.26 bad
7.9 0.42 453.60 bad
4.0 0.10 31.11 bad
5.3 0.13 74.03 good
6.2 0.18 94.54 bad
6.5 0.25 148.52 good
6.2 0.23 95.85 bad
5.3 0.00 199.64 bad
4.4 0.02 59.06 bad
4.8 0.07 77.07 bad
5.9 0.10 204.65 bad
7.4 0.21 758.93 bad
5.9 0.20 49.13 bad
6.8 0.17 278.58 bad
6.1 0.04 393.48 bad
6.8 0.24 159.36 good
6.2 0.16 147.32 bad
8.3 0.58 599.56 bad
5.8 0.13 173.53 bad
6.6 0.22 188.48 bad
5.9 0.14 116.65 bad
5.2 0.10 51.21 good
6.4 0.27 95.46 bad
4.0 0.07 25.57 bad
7.2 0.34 191.97 good
7.8 0.42 444.03 good
6.9 0.21 288.02 bad
6.7 0.17 282.28 good
6.5 0.13 198.40 good
6.5 0.17 243.27 bad
7.0 0.25 297.05 bad
7.1 0.27 286.97 bad
5.3 0.08 65.28 good
6.6 0.11 664.54 bad
4.9 0.09 92.39 bad
6.4 0.31 72.91 bad
8.7 0.63 1238.93 good
5.8 0.10 131.59 bad
5.4 0.11 84.03 bad
8.5 0.60 875.52 bad
6.0 0.17 138.45 good
5.5 0.09 132.92 bad
6.5 0.11 387.39 bad
7.0 0.20 502.72 good
5.6 0.11 101.09 good
8.9 0.67 1797.82 good
7.4 0.36 319.05 good
7.3 0.37 209.65 good
5.7 0.17 73.99 bad
5.9 0.04 194.01 bad
6.5 0.18 176.74 good
4.8 0.09 63.17 bad
7.8 0.38 478.73 good
5.7 0.18 56.35 bad
6.9 0.15 311.51 bad
5.5 0.10 86.23 bad
5.4 0.09 97.95 bad
6.7 0.08 909.70 bad
7.0 0.19 402.15 good
3.9 0.02 40.59 good
3.3 0.08 9.99 bad
6.1 0.15 158.29 bad
6.8 0.37 105.22 bad
5.1 0.09 62.68 good