BookWordCount BookScore TwoStarRate Class
101
0 1 2 3 4 5 6 7 8 10 11 12 14 15 18 21 22 23 24 25 26 27 29 31 33 35 37 38 39 40 41 45 46 47 49 51 53 54 55 56 57 59 61 62 63 64 65 67 68 69 70 71 72 75 77 78 79 83 84 85 87 88 89 92 93 94 95 97 98 100 106 107 109 113 116 117 121 122 123 124 125 126 127 128 130 131 132 133 134 136 137 138 139 141 142 145 147 150 151 152 153
177.20 6.4 0.15 good
289.90 7.2 0.08 good
48.30 6.4 0.10 bad
52.30 6.4 0.12 bad
139.00 5.8 0.09 bad
158.50 5.6 0.20 good
59.60 6.0 0.14 good
38.90 5.8 0.15 bad
143.50 6.5 0.16 bad
82.50 5.8 0.26 bad
13.40 6.9 0.04 bad
21.80 6.0 0.08 bad
123.80 5.9 0.14 good
257.20 6.6 0.13 bad
24.10 6.5 0.17 bad
74.10 4.6 0.37 bad
77.70 6.5 0.15 bad
122.20 4.7 0.31 good
74.80 5.5 0.21 bad
35.90 4.8 0.20 bad
62.70 6.5 0.09 bad
147.20 4.5 0.17 good
233.90 7.1 0.10 good
78.00 5.8 0.30 good
178.90 6.1 0.20 good
713.10 5.5 0.12 good
51.30 7.8 0.03 bad
80.20 5.9 0.35 bad
22.80 3.5 0.26 bad
153.10 6.7 0.12 good
168.40 6.7 0.14 good
380.50 5.8 0.20 bad
123.50 7.1 0.07 good
49.70 5.3 0.28 bad
44.50 5.9 0.10 bad
84.60 5.9 0.30 bad
53.70 4.0 0.33 bad
13.00 7.0 0.05 good
106.40 5.6 0.28 bad
40.40 5.3 0.20 good
293.40 6.2 0.07 bad
133.40 6.5 0.21 good
17.00 7.5 0.08 good
49.60 5.3 0.50 bad
108.60 6.2 0.07 good
54.40 4.4 0.27 bad
72.20 4.8 0.28 bad
16.80 7.6 0.06 good
79.60 6.8 0.11 bad
7.30 7.4 0.05 bad
55.40 5.9 0.10 bad
98.90 6.1 0.12 bad
390.00 7.3 0.08 good
39.60 6.4 0.10 good
1070.70 7.6 0.07 bad
70.00 6.2 0.10 bad
131.20 5.2 0.19 bad
40.80 6.6 0.17 bad
30.00 5.9 0.14 bad
87.20 5.2 0.19 good
112.10 6.4 0.09 bad
315.30 6.7 0.10 good
153.20 6.4 0.17 bad
116.50 7.8 0.04 good
90.50 6.9 0.08 bad
63.70 7.0 0.11 good
99.00 5.5 0.23 bad
22.20 6.5 0.03 good
170.60 7.3 0.08 good
59.90 7.0 0.02 bad
64.40 6.0 0.14 good
310.00 6.4 0.12 bad
101.10 6.0 0.14 bad
247.80 6.1 0.13 bad
118.30 6.0 0.12 good
59.10 5.5 0.11 bad
145.90 4.5 0.30 bad
79.20 7.0 0.10 bad
153.40 7.0 0.08 good
223.00 5.6 0.19 good
65.70 8.9 0.02 good
89.70 6.4 0.06 good
34.20 7.4 0.06 good
296.70 6.5 0.08 good
46.30 5.7 0.13 bad
195.70 4.4 0.41 good
237.20 6.4 0.14 good
145.80 5.9 0.13 bad
179.50 6.5 0.12 good
72.70 4.8 0.24 bad
448.70 7.8 0.05 good
212.90 5.7 0.10 bad
130.30 7.0 0.07 good
25.10 6.9 0.03 bad
518.00 7.8 0.05 good
62.30 6.7 0.10 bad
154.00 3.9 0.22 good
44.60 6.1 0.15 bad
93.00 6.8 0.07 bad
163.50 5.1 0.19 good
73.20 5.7 0.22 good