AddListCount Mode Median Class
100
0 2 3 4 5 6 7 8 9 10 12 13 14 15 17 19 20 22 25 26 28 29 30 32 34 35 37 38 39 40 41 44 45 46 47 48 51 52 53 56 57 58 61 62 63 65 67 70 72 74 78 80 81 82 84 85 87 88 89 90 91 92 93 95 96 97 98 100 102 103 104 105 108 109 110 111 113 115 118 120 122 123 127 129 130 132 136 137 138 139 141 142 146 147 148 149 150 151 152 153
214 8.00 6.00 good
12 6.00 6.00 bad
38 8.00 6.00 bad
22 6.00 6.00 bad
122 6.00 6.00 good
42 2.00 6.00 good
8 6.00 6.00 bad
53 6.00 6.00 bad
14 8.00 6.00 bad
25 8.00 6.00 bad
12 6.00 6.00 bad
9 6.00 6.00 bad
136 2.00 6.00 good
204 6.00 6.00 bad
10 8.00 6.00 bad
70 10.00 6.00 bad
17 2.00 4.00 good
61 6.00 6.00 bad
2 2.00 4.00 bad
32 6.00 6.00 bad
73 8.00 8.00 bad
68 10.00 8.00 good
9 6.00 6.00 bad
111 8.00 8.00 bad
24 6.00 6.00 bad
254 2.00 6.00 good
106 8.00 8.00 bad
19 4.00 6.00 bad
1 2.00 2.00 bad
172 8.00 8.00 good
289 6.00 6.00 good
242 2.00 4.00 good
93 6.00 6.00 bad
28 8.00 8.00 good
20 4.00 4.00 bad
371 8.00 6.00 bad
42 6.00 6.00 bad
446 10.00 8.00 bad
1 2.00 4.00 bad
13 6.00 6.00 good
551 8.00 6.00 bad
70 10.00 8.00 good
33 8.00 8.00 good
3 4.00 4.00 bad
21 2.00 6.00 good
22 6.00 4.00 bad
17 10.00 8.00 good
2 2.00 8.00 bad
180 10.00 8.00 good
16 6.00 6.00 bad
57 6.00 6.00 bad
193 10.00 10.00 bad
4 6.00 6.00 bad
3 4.00 4.00 bad
3 6.00 6.00 bad
55 2.00 4.00 good
65 10.00 6.00 bad
321 10.00 8.00 good
49 8.00 6.00 bad
4 2.00 2.00 bad
218 10.00 8.00 good
141 10.00 8.00 good
121 8.00 8.00 bad
4 6.00 6.00 bad
100 8.00 8.00 good
7 8.00 8.00 good
558 8.00 8.00 good
8 6.00 8.00 bad
39 2.00 6.00 good
6 6.00 6.00 bad
5 6.00 4.00 bad
98 8.00 8.00 good
1586 10.00 10.00 good
34 6.00 6.00 bad
31 6.00 6.00 bad
53 8.00 6.00 good
25 6.00 6.00 bad
76 6.00 6.00 bad
112 6.00 6.00 bad
15 8.00 6.00 good
126 8.00 8.00 bad
32 6.00 6.00 good
146 10.00 8.00 good
510 10.00 8.00 good
11 6.00 6.00 bad
131 8.00 6.00 good
9 6.00 4.00 bad
303 10.00 8.00 good
53 2.00 6.00 bad
206 8.00 8.00 good
19 8.00 8.00 bad
365 10.00 8.00 good
710 8.00 8.00 good
26 2.00 4.00 good
54 2.00 2.00 bad
178 8.00 6.00 good
5 6.00 6.00 bad
125 10.00 8.00 bad
12 2.00 6.00 good
50 6.00 6.00 good