BookScore AddListCount FiveStarRate Class
104
0 2 3 4 5 6 8 9 10 11 13 14 15 17 18 19 20 22 23 24 25 27 28 30 32 33 34 35 38 39 40 43 44 45 46 47 48 49 50 51 56 57 59 60 63 64 66 67 68 69 70 71 72 74 75 76 78 79 81 82 84 86 90 91 92 93 94 95 96 97 98 99 101 103 105 108 109 110 112 113 115 119 120 122 123 124 126 128 129 130 131 136 137 140 141 142 145 146 147 149 150 151 152 153
6.4 214 0.15 good
6.4 12 0.15 bad
6.4 38 0.18 bad
5.8 22 0.10 bad
5.6 122 0.12 good
6.0 42 0.23 good
6.5 53 0.21 bad
5.4 14 0.02 bad
5.8 25 0.09 bad
6.9 15 0.16 bad
5.5 9 0.09 bad
5.9 136 0.20 good
6.6 204 0.23 bad
5.6 10 0.12 bad
6.5 7 0.28 bad
6.7 70 0.28 bad
5.3 17 0.13 good
6.5 61 0.11 bad
4.7 32 0.06 good
5.5 23 0.11 bad
4.8 2 0.20 bad
4.5 31 0.05 good
7.2 73 0.27 bad
5.4 9 0.11 bad
6.8 111 0.13 bad
6.1 49 0.15 good
5.1 24 0.03 bad
5.5 254 0.21 good
5.9 19 0.13 bad
3.5 1 0.00 bad
6.7 172 0.19 good
5.1 18 0.14 good
5.4 242 0.23 good
5.8 93 0.10 bad
7.1 28 0.27 good
5.3 20 0.08 bad
6.8 371 0.17 bad
5.9 13 0.10 bad
5.3 7 0.07 good
5.9 42 0.07 bad
5.3 13 0.13 good
6.2 551 0.18 bad
6.5 138 0.25 good
6.2 19 0.23 bad
6.2 21 0.30 good
4.4 10 0.02 bad
5.9 2 0.10 bad
7.6 17 0.42 good
6.8 45 0.22 bad
7.4 5 0.21 bad
5.9 2 0.20 bad
6.1 119 0.17 bad
7.3 180 0.35 good
6.1 16 0.04 bad
6.4 8 0.10 good
6.8 110 0.24 good
6.2 57 0.16 bad
5.2 94 0.10 bad
5.8 4 0.13 bad
5.6 3 0.22 bad
5.9 3 0.14 bad
7.0 53 0.26 bad
4.0 4 0.07 bad
7.2 218 0.34 good
7.8 141 0.42 good
6.9 121 0.21 bad
7.0 57 0.23 good
5.5 4 0.15 bad
6.7 100 0.17 good
6.5 7 0.13 good
7.3 558 0.29 good
6.5 253 0.17 bad
7.1 65 0.27 bad
6.6 6 0.11 bad
7.4 98 0.31 good
8.7 1586 0.63 good
6.0 34 0.10 bad
5.8 31 0.10 bad
5.4 63 0.11 bad
6.1 25 0.14 bad
5.5 76 0.07 bad
7.3 274 0.29 good
5.6 15 0.11 good
7.0 126 0.25 bad
7.0 32 0.20 good
5.6 57 0.11 good
6.4 48 0.30 good
6.5 108 0.31 good
7.3 510 0.37 good
5.7 11 0.17 bad
4.4 5 0.06 good
4.8 9 0.09 bad
7.8 303 0.38 good
6.4 7 0.05 bad
6.9 19 0.15 bad
7.8 365 0.46 good
6.7 28 0.08 bad
7.0 710 0.19 good
3.9 26 0.02 good
6.0 178 0.15 good
6.1 5 0.15 bad
6.8 125 0.37 bad
5.1 12 0.09 good
5.7 50 0.12 good