BookScoreCount AddListCount ThreeStarRate Class
98
2 3 4 6 7 8 9 10 12 15 16 17 18 23 25 26 27 29 30 31 32 33 34 37 38 39 40 42 43 44 45 46 47 48 50 52 53 55 56 57 58 59 62 64 65 67 68 70 71 72 75 76 77 78 79 80 81 83 85 86 87 88 91 92 93 96 98 99 100 102 103 104 105 106 107 108 111 116 117 118 119 123 124 125 131 132 136 137 138 139 140 142 145 146 148 149 152 153
47 12 0.40 bad
129 38 0.27 bad
78 22 0.33 bad
187 42 0.21 good
27 8 0.48 bad
177 53 0.30 bad
51 14 0.26 bad
78 25 0.23 bad
25 12 0.44 bad
658 204 0.27 bad
119 25 0.23 good
36 10 0.20 bad
23 7 0.28 bad
116 32 0.28 good
11 2 0.20 bad
100 32 0.43 bad
150 31 0.21 good
290 68 0.22 good
29 9 0.32 bad
44 6 0.33 good
292 111 0.31 bad
192 49 0.29 good
97 24 0.39 bad
216 106 0.20 bad
63 19 0.27 bad
20 1 0.16 bad
495 172 0.24 good
686 215 0.26 bad
81 18 0.24 good
1885 242 0.11 good
299 93 0.30 bad
108 28 0.19 good
79 20 0.20 bad
1248 371 0.33 bad
29 7 0.32 good
1780 446 0.15 bad
22 1 0.14 bad
55 11 0.33 bad
80 13 0.32 good
2109 551 0.21 bad
461 70 0.14 good
484 138 0.21 good
13 3 0.08 bad
45 10 0.21 bad
82 22 0.31 bad
90 17 0.16 good
153 45 0.25 bad
51 2 0.04 bad
248 119 0.25 bad
956 180 0.26 good
21 8 0.40 good
429 110 0.15 good
745 183 0.22 bad
217 57 0.33 bad
531 94 0.26 bad
714 193 0.13 bad
25 4 0.54 bad
104 22 0.28 bad
356 55 0.15 good
222 53 0.30 bad
182 65 0.23 bad
1636 321 0.18 good
654 218 0.16 good
527 141 0.16 good
396 121 0.26 bad
188 100 0.28 good
2113 558 0.22 good
942 253 0.34 bad
42 8 0.34 bad
225 39 0.26 good
29 6 0.50 bad
25 5 0.34 bad
339 98 0.19 good
349 102 0.27 good
1184 188 0.15 bad
5393 1586 0.10 good
182 53 0.26 good
19 7 0.42 good
34 5 0.45 bad
274 112 0.39 bad
1575 274 0.20 good
93 32 0.37 good
320 57 0.29 good
768 149 0.08 good
31 5 0.13 good
614 131 0.25 good
68 9 0.32 bad
1641 303 0.15 good
328 53 0.22 bad
1100 206 0.24 good
21 7 0.07 bad
2366 365 0.15 good
61 28 0.45 bad
2356 710 0.27 good
1080 54 0.04 bad
674 178 0.23 good
45 12 0.28 good
209 50 0.25 good