BookScore FiveStarRate Kurtosis Class
102
0 4 6 7 8 10 11 13 15 16 18 19 20 22 23 24 25 27 28 29 30 31 33 34 36 37 40 41 44 46 47 48 49 50 53 54 56 57 58 61 62 65 67 68 69 70 71 72 73 74 75 77 79 81 83 84 85 86 88 89 90 91 94 95 96 97 98 99 101 103 104 105 108 110 112 113 114 115 116 117 119 121 124 126 127 130 131 132 133 134 135 137 138 140 142 143 144 146 149 150 151 152
6.4 0.15 200.91 good
5.8 0.10 113.07 bad
6.0 0.23 75.15 good
5.8 0.11 181.37 bad
6.5 0.21 196.73 bad
5.8 0.09 143.84 bad
6.9 0.16 491.68 bad
5.5 0.09 156.17 bad
6.6 0.23 188.48 bad
5.7 0.14 87.54 good
6.5 0.28 137.29 bad
6.7 0.28 181.41 bad
5.3 0.13 48.29 good
6.5 0.11 468.11 bad
4.7 0.06 78.49 good
5.5 0.11 114.10 bad
4.8 0.20 28.01 bad
4.5 0.05 40.03 good
7.2 0.27 418.19 bad
7.1 0.36 194.89 good
5.4 0.11 80.73 bad
5.8 0.09 211.54 good
6.1 0.15 163.05 good
5.1 0.03 192.82 bad
6.7 0.19 203.97 bad
7.8 0.28 948.64 bad
6.7 0.19 227.23 good
6.7 0.17 389.04 good
5.4 0.23 29.34 good
7.1 0.27 218.67 good
5.3 0.08 85.63 bad
6.8 0.17 362.40 bad
5.9 0.10 155.38 bad
5.3 0.07 119.73 good
4.0 0.10 31.11 bad
7.0 0.29 245.77 good
5.3 0.13 74.03 good
6.2 0.18 94.54 bad
7.5 0.37 256.16 good
7.5 0.21 1104.85 good
5.3 0.00 199.64 bad
4.8 0.07 77.07 bad
7.6 0.42 278.88 good
6.8 0.22 223.96 bad
7.4 0.21 758.93 bad
5.9 0.20 49.13 bad
6.1 0.17 106.33 bad
7.3 0.35 259.41 good
6.8 0.17 278.58 bad
6.1 0.04 393.48 bad
6.4 0.10 344.01 good
7.6 0.37 440.27 bad
5.2 0.10 65.93 bad
5.8 0.13 173.53 bad
6.6 0.22 188.48 bad
5.9 0.14 116.65 bad
5.2 0.10 51.21 good
7.0 0.26 249.84 bad
6.7 0.30 118.81 good
6.4 0.17 208.64 bad
4.0 0.07 25.57 bad
7.2 0.34 191.97 good
7.0 0.23 299.63 good
5.5 0.15 128.84 bad
6.7 0.17 282.28 good
6.5 0.13 198.40 good
7.3 0.29 391.57 good
6.5 0.17 243.27 bad
7.1 0.27 286.97 bad
6.6 0.11 664.54 bad
4.9 0.09 92.39 bad
7.4 0.31 385.10 good
8.7 0.63 1238.93 good
5.8 0.10 131.59 bad
5.4 0.11 84.03 bad
6.1 0.14 164.81 bad
8.5 0.60 875.52 bad
5.5 0.07 125.49 bad
6.0 0.17 138.45 good
5.5 0.09 132.92 bad
7.3 0.29 297.36 good
4.5 0.02 102.63 bad
5.6 0.11 101.09 good
6.4 0.30 76.64 good
7.4 0.36 319.05 good
5.7 0.17 73.99 bad
4.4 0.06 58.14 good
6.4 0.13 212.10 good
5.9 0.04 194.01 bad
6.5 0.18 176.74 good
7.0 0.26 234.30 bad
7.8 0.38 478.73 good
5.7 0.18 56.35 bad
6.4 0.05 361.68 bad
7.8 0.46 364.52 good
5.5 0.10 86.23 bad
5.4 0.09 97.95 bad
7.0 0.19 402.15 good
6.0 0.15 113.50 good
6.1 0.15 158.29 bad
6.8 0.37 105.22 bad
5.1 0.09 62.68 good