FourStarRate FiveStarRate Kurtosis Class
98
2 3 5 7 8 9 10 12 13 15 16 17 18 19 20 21 23 25 28 29 31 32 34 35 36 38 40 43 44 45 46 48 51 53 54 56 57 60 63 64 65 66 68 70 71 72 73 75 76 78 79 80 82 83 84 85 88 89 90 92 93 94 95 96 98 99 100 102 104 108 109 112 113 114 116 118 120 122 124 125 127 130 132 133 134 136 137 139 141 142 144 145 146 147 148 150 151 153
0.24 0.15 267.71 bad
0.27 0.18 155.27 bad
0.21 0.12 93.52 good
0.11 0.11 181.37 bad
0.22 0.21 196.73 bad
0.30 0.02 110.48 bad
0.27 0.09 143.84 bad
0.08 0.20 114.51 bad
0.13 0.09 156.17 bad
0.25 0.23 188.48 bad
0.20 0.14 87.54 good
0.23 0.12 80.31 bad
0.14 0.28 137.29 bad
0.22 0.28 181.41 bad
0.20 0.13 48.29 good
0.14 0.04 66.70 bad
0.08 0.06 78.49 good
0.00 0.20 28.01 bad
0.31 0.27 418.19 bad
0.20 0.36 194.89 good
0.19 0.09 211.54 good
0.39 0.13 404.81 bad
0.13 0.03 192.82 bad
0.14 0.21 41.11 good
0.34 0.19 203.97 bad
0.17 0.13 172.89 bad
0.33 0.19 227.23 good
0.14 0.14 44.83 good
0.16 0.23 29.34 good
0.23 0.10 135.14 bad
0.33 0.27 218.67 good
0.33 0.17 362.40 bad
0.21 0.07 339.26 bad
0.00 0.10 31.11 bad
0.21 0.29 245.77 good
0.10 0.13 74.03 good
0.29 0.18 94.54 bad
0.20 0.23 95.85 bad
0.20 0.30 55.29 good
0.14 0.02 59.06 bad
0.07 0.07 77.07 bad
0.19 0.10 204.65 bad
0.30 0.22 223.96 bad
0.32 0.20 49.13 bad
0.25 0.17 106.33 bad
0.20 0.35 259.41 good
0.39 0.17 278.58 bad
0.30 0.10 344.01 good
0.36 0.24 159.36 good
0.24 0.16 147.32 bad
0.17 0.10 65.93 bad
0.19 0.58 599.56 bad
0.05 0.22 87.78 bad
0.22 0.22 188.48 bad
0.19 0.14 116.65 bad
0.24 0.10 51.21 good
0.23 0.30 118.81 good
0.28 0.17 208.64 bad
0.07 0.07 25.57 bad
0.29 0.42 444.03 good
0.34 0.21 288.02 bad
0.33 0.23 299.63 good
0.00 0.15 128.84 bad
0.33 0.17 282.28 good
0.33 0.29 391.57 good
0.26 0.17 243.27 bad
0.27 0.25 297.05 bad
0.21 0.08 65.28 good
0.04 0.09 92.39 bad
0.20 0.63 1238.93 good
0.24 0.10 170.95 bad
0.15 0.11 84.03 bad
0.21 0.14 164.81 bad
0.23 0.60 875.52 bad
0.12 0.17 138.45 good
0.30 0.11 387.39 bad
0.25 0.11 75.21 good
0.29 0.25 313.76 bad
0.20 0.11 101.09 good
0.20 0.67 1797.82 good
0.26 0.36 319.05 good
0.16 0.17 73.99 bad
0.35 0.13 212.10 good
0.33 0.04 194.01 bad
0.34 0.18 176.74 good
0.05 0.09 63.17 bad
0.33 0.38 478.73 good
0.36 0.22 304.97 good
0.49 0.15 311.51 bad
0.24 0.46 364.52 good
0.18 0.09 97.95 bad
0.33 0.08 909.70 bad
0.37 0.19 402.15 good
0.09 0.02 40.59 good
0.06 0.08 9.99 bad
0.20 0.15 158.29 bad
0.19 0.37 105.22 bad
0.22 0.12 105.28 good