TwoStarRate FourStarRate Median Class
95
0 1 3 6 8 9 11 12 15 16 17 19 20 21 25 27 29 30 31 32 34 36 37 38 40 41 42 43 44 46 47 50 52 53 55 57 60 61 62 63 64 66 70 71 75 76 79 81 83 84 88 89 90 94 95 96 97 98 99 100 101 102 103 104 105 106 108 110 111 112 116 117 119 124 125 126 127 129 130 131 132 133 135 138 139 140 141 142 143 145 147 148 150 151 153
0.15 0.30 6.00 good
0.08 0.36 8.00 good
0.12 0.27 6.00 bad
0.14 0.18 6.00 good
0.16 0.22 6.00 bad
0.18 0.30 6.00 bad
0.04 0.32 6.00 bad
0.08 0.08 6.00 bad
0.13 0.25 6.00 bad
0.22 0.20 6.00 good
0.22 0.23 6.00 bad
0.18 0.22 6.00 bad
0.20 0.20 4.00 good
0.37 0.14 4.00 bad
0.20 0.00 4.00 bad
0.17 0.15 4.00 good
0.10 0.20 8.00 good
0.18 0.14 6.00 bad
0.30 0.19 6.00 good
0.09 0.39 8.00 bad
0.30 0.13 6.00 bad
0.10 0.34 8.00 bad
0.03 0.44 8.00 bad
0.35 0.17 6.00 bad
0.12 0.33 8.00 good
0.14 0.29 6.00 good
0.17 0.20 6.00 bad
0.13 0.14 6.00 good
0.07 0.16 4.00 good
0.07 0.33 8.00 good
0.28 0.22 4.00 bad
0.28 0.14 6.00 good
0.04 0.30 8.00 bad
0.33 0.00 4.00 bad
0.28 0.20 6.00 bad
0.07 0.29 6.00 bad
0.21 0.20 6.00 bad
0.08 0.44 8.00 good
0.50 0.34 4.00 bad
0.07 0.20 6.00 good
0.27 0.14 4.00 bad
0.14 0.19 6.00 bad
0.10 0.32 8.00 bad
0.12 0.25 6.00 bad
0.10 0.30 6.00 good
0.07 0.36 8.00 good
0.19 0.17 6.00 bad
0.08 0.08 6.00 bad
0.17 0.22 6.00 bad
0.14 0.19 6.00 bad
0.10 0.23 8.00 good
0.17 0.28 6.00 bad
0.13 0.07 2.00 bad
0.11 0.33 8.00 good
0.23 0.00 6.00 bad
0.11 0.33 8.00 good
0.03 0.40 8.00 good
0.08 0.33 8.00 good
0.12 0.26 6.00 bad
0.02 0.27 8.00 bad
0.10 0.27 8.00 bad
0.14 0.21 6.00 good
0.08 0.26 6.00 bad
0.31 0.04 4.00 bad
0.08 0.33 8.00 good
0.14 0.24 6.00 good
0.02 0.20 10.00 good
0.21 0.24 6.00 bad
0.16 0.26 6.00 good
0.20 0.15 6.00 bad
0.12 0.12 6.00 good
0.11 0.14 6.00 bad
0.06 0.33 8.00 good
0.19 0.20 6.00 good
0.02 0.20 10.00 good
0.06 0.21 8.00 good
0.06 0.26 8.00 good
0.07 0.26 8.00 good
0.13 0.16 6.00 bad
0.41 0.11 4.00 good
0.14 0.35 6.00 good
0.13 0.33 6.00 bad
0.09 0.29 8.00 bad
0.10 0.19 6.00 bad
0.07 0.36 8.00 good
0.30 0.54 8.00 bad
0.03 0.49 8.00 bad
0.05 0.24 8.00 good
0.21 0.24 6.00 bad
0.10 0.33 6.00 bad
0.22 0.09 4.00 good
0.03 0.06 2.00 bad
0.15 0.20 6.00 bad
0.07 0.19 8.00 bad
0.22 0.22 6.00 good