BookScoreCount FiveStarRate Kurtosis Class
100
0 4 5 6 8 9 10 11 12 14 15 17 20 21 23 24 26 28 31 32 33 34 39 41 43 44 45 46 47 48 50 51 52 53 56 57 59 60 61 62 64 66 69 70 71 74 75 76 77 79 80 82 83 84 85 86 87 88 90 91 93 94 95 98 99 100 101 102 103 104 108 110 111 112 113 114 115 119 120 121 122 124 127 128 129 130 131 133 135 139 140 142 146 147 148 149 150 151 152 153
568 0.15 200.91 good
78 0.10 113.07 bad
439 0.12 93.52 good
187 0.23 75.15 good
177 0.21 196.73 bad
51 0.02 110.48 bad
78 0.09 143.84 bad
51 0.16 491.68 bad
25 0.20 114.51 bad
454 0.20 68.44 good
658 0.23 188.48 bad
36 0.12 80.31 bad
112 0.13 48.29 good
44 0.04 66.70 bad
116 0.06 78.49 good
70 0.11 114.10 bad
100 0.19 249.04 bad
263 0.27 418.19 bad
44 0.09 211.54 good
292 0.13 404.81 bad
192 0.15 163.05 good
97 0.03 192.82 bad
20 0.00 53.89 bad
670 0.17 389.04 good
81 0.14 44.83 good
1885 0.23 29.34 good
299 0.10 135.14 bad
108 0.27 218.67 good
79 0.08 85.63 bad
1248 0.17 362.40 bad
29 0.07 119.73 good
133 0.07 339.26 bad
1780 0.42 453.60 bad
22 0.10 31.11 bad
80 0.13 74.03 good
2109 0.18 94.54 bad
484 0.25 148.52 good
108 0.23 95.85 bad
86 0.21 1104.85 good
13 0.00 199.64 bad
45 0.02 59.06 bad
21 0.10 204.65 bad
20 0.21 758.93 bad
51 0.20 49.13 bad
248 0.17 106.33 bad
46 0.04 393.48 bad
21 0.10 344.01 good
429 0.24 159.36 good
745 0.37 440.27 bad
531 0.10 65.93 bad
714 0.58 599.56 bad
31 0.22 87.78 bad
104 0.22 188.48 bad
21 0.14 116.65 bad
356 0.10 51.21 good
222 0.26 249.84 bad
182 0.27 95.46 bad
1636 0.30 118.81 good
16 0.07 25.57 bad
654 0.34 191.97 good
396 0.21 288.02 bad
218 0.23 299.63 good
13 0.15 128.84 bad
2113 0.29 391.57 good
942 0.17 243.27 bad
42 0.25 297.05 bad
219 0.27 286.97 bad
225 0.08 65.28 good
29 0.11 664.54 bad
25 0.09 92.39 bad
5393 0.63 1238.93 good
112 0.10 131.59 bad
182 0.12 113.09 good
201 0.11 84.03 bad
136 0.14 164.81 bad
1114 0.60 875.52 bad
282 0.07 125.49 bad
1575 0.29 297.36 good
45 0.11 75.21 good
59 0.02 102.63 bad
385 0.25 313.76 bad
320 0.11 101.09 good
387 0.36 319.05 good
607 0.31 82.37 good
2063 0.37 209.65 good
82 0.17 73.99 bad
31 0.06 58.14 good
23 0.04 194.01 bad
1310 0.26 234.30 bad
1100 0.22 304.97 good
21 0.05 361.68 bad
2366 0.46 364.52 good
2356 0.19 402.15 good
208 0.02 40.59 good
1080 0.08 9.99 bad
674 0.15 113.50 good
21 0.15 158.29 bad
638 0.37 105.22 bad
45 0.09 62.68 good
209 0.12 105.28 good