BookWordCount FourStarRate Median Class
102
1 2 3 4 5 6 8 10 13 18 21 23 25 26 28 29 30 34 35 36 37 38 39 40 41 42 43 46 47 48 49 50 53 54 56 58 59 63 64 67 68 69 70 71 73 76 77 79 81 82 84 85 86 87 89 91 93 94 96 98 99 100 102 104 105 106 107 108 109 113 114 115 116 117 118 121 122 123 125 126 127 128 129 130 131 134 135 136 138 139 140 141 142 143 145 146 147 149 150 151 152 153
289.90 0.36 8.00 good
48.30 0.24 6.00 bad
52.30 0.27 6.00 bad
139.00 0.25 6.00 bad
158.50 0.21 6.00 good
59.60 0.18 6.00 good
143.50 0.22 6.00 bad
82.50 0.27 6.00 bad
27.50 0.13 6.00 bad
24.10 0.14 6.00 bad
74.10 0.14 4.00 bad
122.20 0.08 4.00 good
35.90 0.00 4.00 bad
62.70 0.18 6.00 bad
53.00 0.31 8.00 bad
233.90 0.20 8.00 good
150.70 0.14 6.00 bad
154.60 0.13 6.00 bad
713.10 0.14 6.00 good
87.00 0.34 8.00 bad
51.30 0.44 8.00 bad
80.20 0.17 6.00 bad
22.80 0.05 2.00 bad
153.10 0.33 8.00 good
168.40 0.29 6.00 good
300.10 0.20 6.00 bad
74.40 0.14 6.00 good
123.50 0.33 8.00 good
49.70 0.22 4.00 bad
281.40 0.33 6.00 bad
44.50 0.23 6.00 bad
51.90 0.14 6.00 good
53.70 0.00 4.00 bad
13.00 0.21 6.00 good
40.40 0.10 6.00 good
63.50 0.30 8.00 good
133.40 0.21 6.00 good
108.60 0.20 6.00 good
54.40 0.14 4.00 bad
16.80 0.25 8.00 good
79.60 0.30 8.00 bad
7.30 0.42 8.00 bad
55.40 0.32 8.00 bad
98.90 0.25 6.00 bad
68.60 0.39 8.00 bad
46.20 0.36 8.00 good
1070.70 0.27 8.00 bad
131.20 0.17 6.00 bad
87.70 0.08 6.00 bad
183.00 0.05 4.00 bad
30.00 0.19 6.00 bad
87.20 0.24 4.00 good
129.90 0.27 8.00 bad
112.10 0.19 6.00 bad
153.20 0.28 6.00 bad
126.20 0.28 8.00 good
90.50 0.34 8.00 bad
63.70 0.33 8.00 good
34.10 0.33 8.00 good
170.60 0.33 8.00 good
181.90 0.26 6.00 bad
59.90 0.27 8.00 bad
78.10 0.21 6.00 good
150.50 0.04 4.00 bad
198.70 0.33 8.00 good
64.40 0.24 6.00 good
310.00 0.17 6.00 bad
446.50 0.20 10.00 good
101.10 0.24 6.00 bad
247.80 0.21 6.00 bad
31.70 0.23 10.00 bad
119.20 0.19 6.00 bad
118.30 0.12 6.00 good
59.10 0.14 6.00 bad
92.20 0.30 6.00 bad
145.90 0.08 4.00 bad
79.20 0.29 8.00 bad
153.40 0.30 6.00 good
65.70 0.20 10.00 good
89.70 0.21 8.00 good
34.20 0.26 8.00 good
296.70 0.23 8.00 good
322.80 0.26 8.00 good
46.30 0.16 6.00 bad
195.70 0.11 4.00 good
179.50 0.34 8.00 good
335.20 0.29 8.00 bad
72.70 0.05 4.00 bad
212.90 0.19 6.00 bad
130.30 0.36 8.00 good
43.40 0.54 8.00 bad
25.10 0.49 8.00 bad
518.00 0.24 8.00 good
177.70 0.24 6.00 bad
62.30 0.33 6.00 bad
477.20 0.37 8.00 good
154.00 0.09 4.00 good
382.10 0.26 6.00 good
44.60 0.20 6.00 bad
93.00 0.19 8.00 bad
163.50 0.14 6.00 good
73.20 0.22 6.00 good