BookScoreCount FourStarRate Kurtosis Class
98
0 2 3 4 7 8 11 12 13 16 17 21 22 23 24 25 28 29 30 31 32 34 37 38 39 40 41 46 47 48 50 52 53 55 56 57 58 60 64 68 69 71 72 73 75 77 80 81 83 84 86 88 89 91 92 93 94 96 98 99 100 101 106 107 108 109 110 111 112 113 114 115 116 120 121 122 123 124 125 126 127 128 129 130 132 133 135 137 139 142 143 144 145 146 147 148 149 150
568 0.30 200.91 good
47 0.24 267.71 bad
129 0.27 155.27 bad
78 0.25 113.07 bad
27 0.11 181.37 bad
177 0.22 196.73 bad
51 0.32 491.68 bad
25 0.08 114.51 bad
48 0.13 156.17 bad
119 0.20 87.54 good
36 0.23 80.31 bad
44 0.14 66.70 bad
159 0.28 468.11 bad
116 0.08 78.49 good
70 0.13 114.10 bad
11 0.00 28.01 bad
263 0.31 418.19 bad
290 0.20 194.89 good
29 0.14 80.73 bad
44 0.19 211.54 good
292 0.39 404.81 bad
97 0.13 192.82 bad
216 0.44 948.64 bad
63 0.17 172.89 bad
20 0.05 53.89 bad
495 0.33 227.23 good
670 0.29 389.04 good
108 0.33 218.67 good
79 0.22 85.63 bad
1248 0.33 362.40 bad
29 0.14 119.73 good
1780 0.30 453.60 bad
22 0.00 31.11 bad
55 0.20 182.02 bad
80 0.10 74.03 good
2109 0.29 94.54 bad
461 0.30 256.16 good
108 0.20 95.85 bad
45 0.14 59.06 bad
153 0.30 223.96 bad
20 0.42 758.93 bad
248 0.25 106.33 bad
956 0.20 259.41 good
19 0.39 278.58 bad
21 0.30 344.01 good
745 0.27 440.27 bad
714 0.19 599.56 bad
25 0.08 173.53 bad
104 0.22 188.48 bad
21 0.19 116.65 bad
222 0.27 249.84 bad
1636 0.23 118.81 good
145 0.28 208.64 bad
654 0.28 191.97 good
527 0.29 444.03 good
396 0.34 288.02 bad
218 0.33 299.63 good
188 0.33 282.28 good
2113 0.33 391.57 good
942 0.26 243.27 bad
42 0.27 297.05 bad
219 0.27 286.97 bad
349 0.24 114.14 good
1184 0.17 72.91 bad
5393 0.20 1238.93 good
88 0.24 170.95 bad
112 0.24 131.59 bad
182 0.26 113.09 good
201 0.15 84.03 bad
136 0.21 164.81 bad
1114 0.23 875.52 bad
282 0.19 125.49 bad
19 0.12 138.45 good
45 0.25 75.21 good
59 0.08 102.63 bad
385 0.29 313.76 bad
93 0.30 502.72 good
320 0.20 101.09 good
768 0.20 1797.82 good
353 0.21 76.64 good
387 0.26 319.05 good
607 0.23 82.37 good
2063 0.26 209.65 good
82 0.16 73.99 bad
614 0.35 212.10 good
23 0.33 194.01 bad
1310 0.29 234.30 bad
1641 0.33 478.73 good
1100 0.36 304.97 good
2366 0.24 364.52 good
153 0.24 86.23 bad
364 0.18 97.95 bad
61 0.33 909.70 bad
2356 0.37 402.15 good
208 0.09 40.59 good
1080 0.06 9.99 bad
674 0.26 113.50 good
21 0.20 158.29 bad