BookWordCount ThreeStarRate FourStarRate Class
104
1 2 3 4 5 6 7 8 9 10 11 15 16 17 18 21 22 24 25 26 28 30 31 32 33 35 36 37 41 43 44 47 48 49 50 52 53 54 55 56 58 59 61 64 66 67 69 70 71 72 73 74 75 77 78 80 81 85 87 88 89 90 92 93 95 97 98 99 100 101 103 106 108 110 111 112 113 114 115 118 119 120 121 122 124 125 126 128 129 131 133 135 136 138 140 141 142 145 146 147 148 149 150 151
289.90 0.23 0.36 good
48.30 0.40 0.24 bad
52.30 0.27 0.27 bad
139.00 0.33 0.25 bad
158.50 0.26 0.21 good
59.60 0.21 0.18 good
38.90 0.48 0.11 bad
143.50 0.30 0.22 bad
21.30 0.26 0.30 bad
82.50 0.23 0.27 bad
13.40 0.40 0.32 bad
257.20 0.27 0.25 bad
135.80 0.23 0.20 good
33.60 0.20 0.23 bad
24.10 0.28 0.14 bad
74.10 0.16 0.14 bad
77.70 0.40 0.28 bad
74.80 0.36 0.13 bad
35.90 0.20 0.00 bad
62.70 0.43 0.18 bad
53.00 0.25 0.31 bad
150.70 0.32 0.14 bad
78.00 0.33 0.19 good
51.10 0.31 0.39 bad
178.90 0.29 0.23 good
713.10 0.18 0.14 good
87.00 0.23 0.34 bad
51.30 0.20 0.44 bad
168.40 0.34 0.29 good
74.40 0.24 0.14 good
296.80 0.11 0.16 good
49.70 0.20 0.22 bad
281.40 0.33 0.33 bad
44.50 0.39 0.23 bad
51.90 0.32 0.14 good
76.10 0.15 0.30 bad
53.70 0.14 0.00 bad
13.00 0.33 0.21 good
106.40 0.33 0.20 bad
40.40 0.32 0.10 good
63.50 0.14 0.30 good
133.40 0.21 0.21 good
17.00 0.25 0.44 good
54.40 0.21 0.14 bad
34.80 0.43 0.19 bad
16.80 0.16 0.25 good
7.30 0.26 0.42 bad
55.40 0.04 0.32 bad
98.90 0.25 0.25 bad
390.00 0.26 0.20 good
68.60 0.22 0.39 bad
49.30 0.36 0.31 bad
39.60 0.40 0.30 good
1070.70 0.22 0.27 bad
70.00 0.33 0.24 bad
144.70 0.13 0.19 bad
87.70 0.54 0.08 bad
87.20 0.15 0.24 good
112.10 0.23 0.19 bad
315.30 0.18 0.23 good
153.20 0.27 0.28 bad
50.40 0.20 0.07 bad
116.50 0.16 0.29 good
90.50 0.26 0.34 bad
99.00 0.46 0.00 bad
22.20 0.26 0.40 good
170.60 0.22 0.33 good
181.90 0.34 0.26 bad
59.90 0.34 0.27 bad
219.60 0.26 0.27 bad
21.40 0.50 0.26 bad
64.40 0.27 0.24 good
446.50 0.10 0.20 good
133.50 0.28 0.24 bad
148.90 0.26 0.26 good
107.80 0.30 0.15 bad
247.80 0.36 0.21 bad
31.70 0.09 0.23 bad
119.20 0.35 0.19 bad
92.20 0.39 0.30 bad
427.70 0.20 0.33 good
85.80 0.20 0.25 good
145.90 0.32 0.08 bad
79.20 0.28 0.29 bad
223.00 0.29 0.20 good
65.70 0.08 0.20 good
89.70 0.16 0.21 good
296.70 0.13 0.23 good
322.80 0.16 0.26 good
195.70 0.13 0.11 good
145.80 0.33 0.33 bad
335.20 0.24 0.29 bad
72.70 0.32 0.05 bad
212.90 0.22 0.19 bad
43.40 0.07 0.54 bad
25.10 0.19 0.49 bad
518.00 0.15 0.24 good
62.30 0.45 0.33 bad
477.20 0.27 0.37 good
154.00 0.19 0.09 good
209.90 0.04 0.06 bad
382.10 0.23 0.26 good
44.60 0.35 0.20 bad
93.00 0.16 0.19 bad