FiveStarRate Mode Median Class
96
0 2 3 4 5 7 8 12 15 19 21 22 24 25 26 27 29 30 31 33 34 35 36 38 40 42 47 48 53 54 55 56 57 58 59 60 61 62 63 64 67 69 70 72 74 78 79 80 82 83 85 86 88 89 91 93 94 95 96 97 98 99 101 102 105 106 108 110 112 113 116 118 119 121 122 123 124 125 127 129 131 132 135 137 138 140 141 142 143 144 145 147 149 150 151 153
0.15 8.00 6.00 good
0.15 6.00 6.00 bad
0.18 8.00 6.00 bad
0.10 6.00 6.00 bad
0.12 6.00 6.00 good
0.11 6.00 6.00 bad
0.21 6.00 6.00 bad
0.20 6.00 6.00 bad
0.23 6.00 6.00 bad
0.28 10.00 6.00 bad
0.04 4.00 4.00 bad
0.11 6.00 6.00 bad
0.11 6.00 6.00 bad
0.20 2.00 4.00 bad
0.19 6.00 6.00 bad
0.05 2.00 4.00 good
0.36 10.00 8.00 good
0.11 6.00 6.00 bad
0.09 6.00 6.00 good
0.15 6.00 6.00 good
0.03 6.00 6.00 bad
0.21 2.00 6.00 good
0.19 8.00 8.00 bad
0.13 4.00 6.00 bad
0.19 8.00 8.00 good
0.11 2.00 6.00 bad
0.08 4.00 4.00 bad
0.17 8.00 6.00 bad
0.10 2.00 4.00 bad
0.29 6.00 6.00 good
0.06 6.00 6.00 bad
0.13 6.00 6.00 good
0.18 8.00 6.00 bad
0.37 10.00 8.00 good
0.25 10.00 6.00 good
0.23 10.00 6.00 bad
0.21 8.00 8.00 good
0.00 4.00 4.00 bad
0.30 2.00 6.00 good
0.02 2.00 4.00 bad
0.42 10.00 8.00 good
0.21 8.00 8.00 bad
0.20 2.00 8.00 bad
0.35 10.00 8.00 good
0.04 6.00 6.00 bad
0.16 6.00 6.00 bad
0.10 2.00 6.00 bad
0.58 10.00 10.00 bad
0.22 4.00 4.00 bad
0.22 6.00 6.00 bad
0.10 2.00 4.00 good
0.26 6.00 8.00 bad
0.30 10.00 8.00 good
0.17 8.00 6.00 bad
0.34 10.00 8.00 good
0.21 8.00 8.00 bad
0.23 8.00 8.00 good
0.15 6.00 6.00 bad
0.17 8.00 8.00 good
0.13 8.00 8.00 good
0.29 8.00 8.00 good
0.17 6.00 6.00 bad
0.27 10.00 8.00 bad
0.08 2.00 6.00 good
0.31 8.00 8.00 good
0.16 6.00 6.00 good
0.63 10.00 10.00 good
0.10 6.00 6.00 bad
0.11 6.00 6.00 bad
0.14 6.00 6.00 bad
0.17 6.00 6.00 good
0.11 6.00 6.00 bad
0.29 8.00 8.00 good
0.02 6.00 4.00 bad
0.25 8.00 8.00 bad
0.20 6.00 6.00 good
0.11 6.00 6.00 good
0.67 10.00 10.00 good
0.36 10.00 8.00 good
0.37 10.00 8.00 good
0.06 4.00 4.00 good
0.13 8.00 6.00 good
0.26 8.00 8.00 bad
0.38 10.00 8.00 good
0.18 2.00 6.00 bad
0.05 8.00 8.00 bad
0.15 8.00 8.00 bad
0.46 10.00 8.00 good
0.10 8.00 6.00 bad
0.09 6.00 6.00 bad
0.08 6.00 6.00 bad
0.02 2.00 4.00 good
0.15 8.00 6.00 good
0.15 6.00 6.00 bad
0.37 10.00 8.00 bad
0.12 6.00 6.00 good