TwoStarRate FourStarRate FiveStarRate Class
98
1 2 4 5 8 10 11 14 16 19 20 21 22 23 24 25 26 27 28 29 32 33 35 38 39 40 41 42 43 45 46 52 53 56 57 58 59 60 62 63 64 67 69 70 71 73 75 76 77 78 79 80 82 83 84 87 88 89 94 95 96 97 98 100 101 103 106 107 110 112 113 114 115 117 119 120 121 122 124 126 127 128 129 132 133 134 137 138 139 140 141 142 143 144 146 147 150 151
0.08 0.36 0.25 good
0.10 0.24 0.15 bad
0.09 0.25 0.10 bad
0.20 0.21 0.12 good
0.16 0.22 0.21 bad
0.26 0.27 0.09 bad
0.04 0.32 0.16 bad
0.14 0.19 0.20 good
0.22 0.20 0.14 good
0.18 0.22 0.28 bad
0.20 0.20 0.13 good
0.37 0.14 0.04 bad
0.15 0.28 0.11 bad
0.31 0.08 0.06 good
0.21 0.13 0.11 bad
0.20 0.00 0.20 bad
0.09 0.18 0.19 bad
0.17 0.15 0.05 good
0.11 0.31 0.27 bad
0.10 0.20 0.36 good
0.09 0.39 0.13 bad
0.20 0.23 0.15 good
0.12 0.14 0.21 good
0.35 0.17 0.13 bad
0.26 0.05 0.00 bad
0.12 0.33 0.19 good
0.14 0.29 0.17 good
0.17 0.20 0.11 bad
0.13 0.14 0.14 good
0.20 0.23 0.10 bad
0.07 0.33 0.27 good
0.04 0.30 0.42 bad
0.33 0.00 0.10 bad
0.20 0.10 0.13 good
0.07 0.29 0.18 bad
0.05 0.30 0.37 good
0.21 0.21 0.25 good
0.21 0.20 0.23 bad
0.50 0.34 0.00 bad
0.07 0.20 0.30 good
0.27 0.14 0.02 bad
0.06 0.25 0.42 good
0.05 0.42 0.21 bad
0.10 0.32 0.20 bad
0.12 0.25 0.17 bad
0.11 0.39 0.17 bad
0.10 0.30 0.10 good
0.07 0.36 0.24 good
0.07 0.27 0.37 bad
0.10 0.24 0.16 bad
0.19 0.17 0.10 bad
0.03 0.19 0.58 bad
0.41 0.05 0.22 bad
0.17 0.22 0.22 bad
0.14 0.19 0.14 bad
0.09 0.19 0.27 bad
0.10 0.23 0.30 good
0.17 0.28 0.17 bad
0.11 0.33 0.23 good
0.23 0.00 0.15 bad
0.11 0.33 0.17 good
0.03 0.40 0.13 good
0.08 0.33 0.29 good
0.02 0.27 0.25 bad
0.10 0.27 0.27 bad
0.08 0.26 0.11 bad
0.14 0.24 0.16 good
0.12 0.17 0.31 bad
0.21 0.24 0.10 bad
0.20 0.15 0.11 bad
0.13 0.21 0.14 bad
0.02 0.23 0.60 bad
0.19 0.19 0.07 bad
0.11 0.14 0.09 bad
0.06 0.33 0.29 good
0.18 0.25 0.11 good
0.30 0.08 0.02 bad
0.10 0.29 0.25 bad
0.19 0.20 0.11 good
0.06 0.21 0.30 good
0.06 0.26 0.36 good
0.08 0.23 0.31 good
0.07 0.26 0.37 good
0.14 0.35 0.13 good
0.13 0.33 0.04 bad
0.12 0.34 0.18 good
0.05 0.33 0.38 good
0.10 0.19 0.18 bad
0.07 0.36 0.22 good
0.30 0.54 0.05 bad
0.03 0.49 0.15 bad
0.05 0.24 0.46 good
0.21 0.24 0.10 bad
0.25 0.18 0.09 bad
0.09 0.37 0.19 good
0.22 0.09 0.02 good
0.15 0.20 0.15 bad
0.07 0.19 0.37 bad