FourStarRate FiveStarRate Mode Class
98
2 3 4 5 7 8 9 10 11 12 13 15 17 18 20 21 24 26 28 30 31 32 34 35 36 37 40 41 43 44 45 46 49 50 51 54 56 57 61 62 63 64 65 66 68 69 70 71 73 76 78 79 83 84 86 89 90 91 92 94 97 99 102 104 105 106 107 111 112 113 115 118 119 120 121 122 124 125 127 129 130 132 133 134 136 138 140 141 143 144 145 146 148 149 150 151 152 153
0.24 0.15 6.00 bad
0.27 0.18 8.00 bad
0.25 0.10 6.00 bad
0.21 0.12 6.00 good
0.11 0.11 6.00 bad
0.22 0.21 6.00 bad
0.30 0.02 8.00 bad
0.27 0.09 8.00 bad
0.32 0.16 6.00 bad
0.08 0.20 6.00 bad
0.13 0.09 6.00 bad
0.25 0.23 6.00 bad
0.23 0.12 8.00 bad
0.14 0.28 10.00 bad
0.20 0.13 2.00 good
0.14 0.04 4.00 bad
0.13 0.11 6.00 bad
0.18 0.19 6.00 bad
0.31 0.27 8.00 bad
0.14 0.11 6.00 bad
0.19 0.09 6.00 good
0.39 0.13 8.00 bad
0.13 0.03 6.00 bad
0.14 0.21 2.00 good
0.34 0.19 8.00 bad
0.44 0.28 8.00 bad
0.33 0.19 8.00 good
0.29 0.17 6.00 good
0.14 0.14 2.00 good
0.16 0.23 2.00 good
0.23 0.10 6.00 bad
0.33 0.27 8.00 good
0.23 0.10 6.00 bad
0.14 0.07 6.00 good
0.21 0.07 6.00 bad
0.21 0.29 6.00 good
0.10 0.13 6.00 good
0.29 0.18 8.00 bad
0.44 0.21 8.00 good
0.34 0.00 4.00 bad
0.20 0.30 2.00 good
0.14 0.02 2.00 bad
0.07 0.07 6.00 bad
0.19 0.10 6.00 bad
0.30 0.22 8.00 bad
0.42 0.21 8.00 bad
0.32 0.20 2.00 bad
0.25 0.17 8.00 bad
0.39 0.17 8.00 bad
0.36 0.24 8.00 good
0.24 0.16 6.00 bad
0.17 0.10 2.00 bad
0.22 0.22 6.00 bad
0.19 0.14 6.00 bad
0.27 0.26 6.00 bad
0.28 0.17 8.00 bad
0.07 0.07 2.00 bad
0.28 0.34 10.00 good
0.29 0.42 10.00 good
0.33 0.23 8.00 good
0.40 0.13 8.00 good
0.26 0.17 6.00 bad
0.21 0.08 2.00 good
0.04 0.09 6.00 bad
0.33 0.31 8.00 good
0.24 0.16 6.00 good
0.17 0.31 10.00 bad
0.26 0.12 8.00 good
0.15 0.11 6.00 bad
0.21 0.14 6.00 bad
0.19 0.07 6.00 bad
0.30 0.11 6.00 bad
0.33 0.29 8.00 good
0.25 0.11 8.00 good
0.08 0.02 6.00 bad
0.29 0.25 8.00 bad
0.20 0.11 6.00 good
0.20 0.67 10.00 good
0.26 0.36 10.00 good
0.26 0.37 10.00 good
0.16 0.17 6.00 bad
0.35 0.13 8.00 good
0.33 0.04 8.00 bad
0.34 0.18 8.00 good
0.05 0.09 6.00 bad
0.19 0.18 2.00 bad
0.54 0.05 8.00 bad
0.49 0.15 8.00 bad
0.24 0.10 8.00 bad
0.18 0.09 6.00 bad
0.33 0.08 6.00 bad
0.37 0.19 8.00 good
0.06 0.08 2.00 bad
0.26 0.15 8.00 good
0.20 0.15 6.00 bad
0.19 0.37 10.00 bad
0.14 0.09 2.00 good
0.22 0.12 6.00 good