BookScore AddListCount ThreeStarRate Class
101
2 3 4 6 9 10 12 13 14 16 17 21 23 24 25 27 29 30 31 34 36 37 38 40 41 42 43 45 48 49 50 51 52 53 54 56 57 58 61 63 64 65 66 69 71 74 75 76 77 79 81 82 85 86 88 90 91 92 94 95 96 97 98 99 101 102 105 107 109 110 111 112 113 114 115 118 120 121 122 123 124 125 127 128 129 130 131 132 134 135 136 137 138 139 141 143 144 147 149 150 153
6.4 12 0.40 bad
6.4 38 0.27 bad
5.8 22 0.33 bad
6.0 42 0.21 good
5.4 14 0.26 bad
5.8 25 0.23 bad
6.0 12 0.44 bad
5.5 9 0.39 bad
5.9 136 0.21 good
5.7 25 0.23 good
5.6 10 0.20 bad
4.6 12 0.16 bad
4.7 32 0.28 good
5.5 23 0.36 bad
4.8 2 0.20 bad
4.5 31 0.21 good
7.1 68 0.22 good
5.4 9 0.32 bad
5.8 6 0.33 good
5.1 24 0.39 bad
6.7 63 0.23 bad
7.8 106 0.20 bad
5.9 19 0.27 bad
6.7 172 0.24 good
6.7 289 0.34 good
5.4 215 0.26 bad
5.1 18 0.24 good
5.8 93 0.30 bad
6.8 371 0.33 bad
5.9 13 0.39 bad
5.3 7 0.32 good
5.9 42 0.37 bad
7.9 446 0.15 bad
4.0 1 0.14 bad
7.0 9 0.33 good
5.3 13 0.32 good
6.2 551 0.21 bad
7.5 70 0.14 good
7.5 33 0.25 good
6.2 21 0.12 good
4.4 10 0.21 bad
4.8 22 0.31 bad
5.9 2 0.43 bad
7.4 5 0.26 bad
6.1 119 0.25 bad
6.1 16 0.36 bad
6.4 8 0.40 good
6.8 110 0.15 good
7.6 183 0.22 bad
5.2 94 0.26 bad
5.8 4 0.54 bad
5.6 3 0.20 bad
5.2 55 0.15 good
7.0 53 0.30 bad
6.7 321 0.18 good
4.0 4 0.20 bad
7.2 218 0.16 good
7.8 141 0.16 good
7.0 57 0.23 good
5.5 4 0.46 bad
6.7 100 0.28 good
6.5 7 0.26 good
7.3 558 0.22 good
6.5 253 0.34 bad
7.1 65 0.26 bad
5.3 39 0.26 good
7.4 98 0.19 good
6.4 188 0.15 bad
6.0 34 0.36 bad
5.8 31 0.28 bad
5.8 53 0.26 good
5.4 63 0.30 bad
6.1 25 0.36 bad
8.5 218 0.09 bad
5.5 76 0.35 bad
6.5 112 0.39 bad
5.6 15 0.20 good
4.5 14 0.32 bad
7.0 126 0.28 bad
7.0 32 0.37 good
5.6 57 0.29 good
8.9 149 0.08 good
7.4 146 0.22 good
6.5 108 0.13 good
7.3 510 0.16 good
5.7 11 0.28 bad
4.4 5 0.13 good
6.4 131 0.25 good
6.5 168 0.21 good
7.0 293 0.24 bad
4.8 9 0.32 bad
7.8 303 0.15 good
5.7 53 0.22 bad
7.0 206 0.24 good
6.9 19 0.19 bad
5.5 42 0.22 bad
5.4 103 0.27 bad
3.9 26 0.19 good
6.0 178 0.23 good
6.1 5 0.35 bad
5.7 50 0.25 good