AddListCount FiveStarRate Kurtosis Class
93
0 2 4 5 7 10 11 14 15 17 18 19 20 21 22 24 25 27 30 31 32 33 38 40 41 42 43 44 45 49 50 52 55 56 58 59 60 61 63 65 66 67 68 69 70 71 72 74 77 78 81 83 84 85 86 89 91 93 94 95 96 97 98 99 100 101 104 107 109 111 114 115 116 118 120 123 126 127 128 129 130 132 135 139 140 141 142 143 144 145 146 147 153
214 0.15 200.91 good
12 0.15 267.71 bad
22 0.10 113.07 bad
122 0.12 93.52 good
8 0.11 181.37 bad
25 0.09 143.84 bad
15 0.16 491.68 bad
136 0.20 68.44 good
204 0.23 188.48 bad
10 0.12 80.31 bad
7 0.28 137.29 bad
70 0.28 181.41 bad
17 0.13 48.29 good
12 0.04 66.70 bad
61 0.11 468.11 bad
23 0.11 114.10 bad
2 0.20 28.01 bad
31 0.05 40.03 good
9 0.11 80.73 bad
6 0.09 211.54 good
111 0.13 404.81 bad
49 0.15 163.05 good
19 0.13 172.89 bad
172 0.19 227.23 good
289 0.17 389.04 good
215 0.11 74.29 bad
18 0.14 44.83 good
242 0.23 29.34 good
93 0.10 135.14 bad
13 0.10 155.38 bad
7 0.07 119.73 good
446 0.42 453.60 bad
11 0.06 182.02 bad
13 0.13 74.03 good
70 0.37 256.16 good
138 0.25 148.52 good
19 0.23 95.85 bad
33 0.21 1104.85 good
21 0.30 55.29 good
22 0.07 77.07 bad
2 0.10 204.65 bad
17 0.42 278.88 good
45 0.22 223.96 bad
5 0.21 758.93 bad
2 0.20 49.13 bad
119 0.17 106.33 bad
180 0.35 259.41 good
16 0.04 393.48 bad
183 0.37 440.27 bad
57 0.16 147.32 bad
4 0.13 173.53 bad
22 0.22 188.48 bad
3 0.14 116.65 bad
55 0.10 51.21 good
53 0.26 249.84 bad
49 0.17 208.64 bad
218 0.34 191.97 good
121 0.21 288.02 bad
57 0.23 299.63 good
4 0.15 128.84 bad
100 0.17 282.28 good
7 0.13 198.40 good
558 0.29 391.57 good
253 0.17 243.27 bad
8 0.25 297.05 bad
65 0.27 286.97 bad
5 0.09 92.39 bad
188 0.31 72.91 bad
34 0.10 170.95 bad
53 0.12 113.09 good
218 0.60 875.52 bad
76 0.07 125.49 bad
7 0.17 138.45 good
112 0.11 387.39 bad
15 0.11 75.21 good
32 0.20 502.72 good
48 0.30 76.64 good
146 0.36 319.05 good
108 0.31 82.37 good
510 0.37 209.65 good
11 0.17 73.99 bad
131 0.13 212.10 good
293 0.26 234.30 bad
206 0.22 304.97 good
7 0.05 361.68 bad
19 0.15 311.51 bad
365 0.46 364.52 good
42 0.10 86.23 bad
103 0.09 97.95 bad
28 0.08 909.70 bad
710 0.19 402.15 good
26 0.02 40.59 good
50 0.12 105.28 good