BookScoreCount FiveStarRate Median Class
98
0 1 3 4 7 8 10 13 14 15 17 18 19 21 24 25 27 28 29 30 32 33 35 36 38 39 40 41 42 43 46 47 49 51 53 54 56 58 59 62 63 66 67 68 69 70 71 72 73 74 76 79 81 82 84 85 88 90 91 92 93 95 97 98 99 100 102 103 104 105 107 112 113 114 115 118 119 122 125 126 127 128 129 130 131 132 138 140 141 142 143 144 145 147 148 149 150 151
568 0.15 6.00 good
967 0.25 8.00 good
129 0.18 6.00 bad
78 0.10 6.00 bad
27 0.11 6.00 bad
177 0.21 6.00 bad
78 0.09 6.00 bad
48 0.09 6.00 bad
454 0.20 6.00 good
658 0.23 6.00 bad
36 0.12 6.00 bad
23 0.28 6.00 bad
250 0.28 6.00 bad
44 0.04 4.00 bad
70 0.11 6.00 bad
11 0.20 4.00 bad
150 0.05 4.00 good
263 0.27 8.00 bad
290 0.36 8.00 good
29 0.11 6.00 bad
292 0.13 8.00 bad
192 0.15 6.00 good
1909 0.21 6.00 good
223 0.19 8.00 bad
63 0.13 6.00 bad
20 0.00 2.00 bad
495 0.19 8.00 good
670 0.17 6.00 good
686 0.11 6.00 bad
81 0.14 6.00 good
108 0.27 8.00 good
79 0.08 4.00 bad
72 0.10 6.00 bad
133 0.07 6.00 bad
22 0.10 4.00 bad
43 0.29 6.00 good
80 0.13 6.00 good
461 0.37 8.00 good
484 0.25 6.00 good
13 0.00 4.00 bad
91 0.30 6.00 good
21 0.10 6.00 bad
90 0.42 8.00 good
153 0.22 8.00 bad
20 0.21 8.00 bad
51 0.20 8.00 bad
248 0.17 6.00 bad
956 0.35 8.00 good
19 0.17 8.00 bad
46 0.04 6.00 bad
429 0.24 8.00 good
531 0.10 6.00 bad
25 0.13 6.00 bad
31 0.22 4.00 bad
21 0.14 6.00 bad
356 0.10 4.00 good
1636 0.30 8.00 good
16 0.07 2.00 bad
654 0.34 8.00 good
527 0.42 8.00 good
396 0.21 8.00 bad
13 0.15 6.00 bad
39 0.13 8.00 good
2113 0.29 8.00 good
942 0.17 6.00 bad
42 0.25 8.00 bad
225 0.08 6.00 good
29 0.11 6.00 bad
25 0.09 4.00 bad
339 0.31 8.00 good
1184 0.31 6.00 bad
201 0.11 6.00 bad
136 0.14 6.00 bad
1114 0.60 10.00 bad
282 0.07 6.00 bad
274 0.11 6.00 bad
1575 0.29 8.00 good
385 0.25 8.00 bad
768 0.67 10.00 good
353 0.30 8.00 good
387 0.36 8.00 good
607 0.31 8.00 good
2063 0.37 8.00 good
82 0.17 6.00 bad
31 0.06 4.00 good
614 0.13 6.00 good
328 0.18 6.00 bad
21 0.05 8.00 bad
83 0.15 8.00 bad
2366 0.46 8.00 good
153 0.10 6.00 bad
364 0.09 6.00 bad
61 0.08 6.00 bad
208 0.02 4.00 good
1080 0.08 2.00 bad
674 0.15 6.00 good
21 0.15 6.00 bad
638 0.37 8.00 bad