BookWordCount BookScore AddListCount Class
96
0 1 2 3 4 8 9 10 13 14 15 16 19 20 21 22 23 24 25 26 27 32 33 34 36 37 40 41 42 43 45 48 49 50 51 54 55 58 59 60 61 62 63 64 65 67 69 70 71 72 73 74 75 77 79 81 84 85 87 91 92 94 97 98 99 101 103 104 106 108 109 110 112 113 116 118 121 126 127 128 129 131 132 133 134 135 136 137 139 142 143 144 147 148 150 153
177.20 6.4 214 good
289.90 7.2 492 good
48.30 6.4 12 bad
52.30 6.4 38 bad
139.00 5.8 22 bad
143.50 6.5 53 bad
21.30 5.4 14 bad
82.50 5.8 25 bad
27.50 5.5 9 bad
123.80 5.9 136 good
257.20 6.6 204 bad
135.80 5.7 25 good
122.40 6.7 70 bad
82.30 5.3 17 good
74.10 4.6 12 bad
77.70 6.5 61 bad
122.20 4.7 32 good
74.80 5.5 23 bad
35.90 4.8 2 bad
62.70 6.5 32 bad
147.20 4.5 31 good
51.10 6.8 111 bad
178.90 6.1 49 good
154.60 5.1 24 bad
87.00 6.7 63 bad
51.30 7.8 106 bad
153.10 6.7 172 good
168.40 6.7 289 good
300.10 5.4 215 bad
74.40 5.1 18 good
380.50 5.8 93 bad
281.40 6.8 371 bad
44.50 5.9 13 bad
51.90 5.3 7 good
84.60 5.9 42 bad
13.00 7.0 9 good
106.40 5.6 11 bad
63.50 7.5 70 good
133.40 6.5 138 good
45.10 6.2 19 bad
17.00 7.5 33 good
49.60 5.3 3 bad
108.60 6.2 21 good
54.40 4.4 10 bad
72.20 4.8 22 bad
16.80 7.6 17 good
7.30 7.4 5 bad
55.40 5.9 2 bad
98.90 6.1 119 bad
390.00 7.3 180 good
68.60 6.8 8 bad
49.30 6.1 16 bad
39.60 6.4 8 good
1070.70 7.6 183 bad
131.20 5.2 94 bad
87.70 5.8 4 bad
30.00 5.9 3 bad
87.20 5.2 55 good
112.10 6.4 65 bad
126.20 7.2 218 good
116.50 7.8 141 good
63.70 7.0 57 good
22.20 6.5 7 good
170.60 7.3 558 good
181.90 6.5 253 bad
219.60 7.1 65 bad
21.40 6.6 6 bad
150.50 4.9 5 bad
64.40 6.0 102 good
446.50 8.7 1586 good
101.10 6.0 34 bad
133.50 5.8 31 bad
107.80 5.4 63 bad
247.80 6.1 25 bad
118.30 6.0 7 good
92.20 6.5 112 bad
145.90 4.5 14 bad
89.70 6.4 48 good
34.20 7.4 146 good
296.70 6.5 108 good
322.80 7.3 510 good
195.70 4.4 5 good
237.20 6.4 131 good
145.80 5.9 1 bad
179.50 6.5 168 good
335.20 7.0 293 bad
72.70 4.8 9 bad
448.70 7.8 303 good
130.30 7.0 206 good
518.00 7.8 365 good
177.70 5.5 42 bad
319.70 5.4 103 bad
154.00 3.9 26 good
209.90 3.3 54 bad
44.60 6.1 5 bad
73.20 5.7 50 good