BookScore AddListCount TwoStarRate Class
93
0 2 4 5 7 8 9 10 11 12 13 14 16 17 18 23 24 28 30 32 35 36 37 39 40 41 42 43 45 47 48 49 50 51 52 53 55 56 57 58 59 62 63 65 66 67 68 69 74 75 77 78 80 81 83 84 86 89 91 92 94 95 97 98 100 101 102 105 108 109 111 114 115 116 117 118 119 120 123 124 126 128 131 132 135 138 140 142 146 148 149 150 152
6.4 214 0.15 good
6.4 12 0.10 bad
5.8 22 0.09 bad
5.6 122 0.20 good
5.8 8 0.15 bad
6.5 53 0.16 bad
5.4 14 0.18 bad
5.8 25 0.26 bad
6.9 15 0.04 bad
6.0 12 0.08 bad
5.5 9 0.24 bad
5.9 136 0.14 good
5.7 25 0.22 good
5.6 10 0.22 bad
6.5 7 0.17 bad
4.7 32 0.31 good
5.5 23 0.21 bad
7.2 73 0.11 bad
5.4 9 0.18 bad
6.8 111 0.09 bad
5.5 254 0.12 good
6.7 63 0.10 bad
7.8 106 0.03 bad
3.5 1 0.26 bad
6.7 172 0.12 good
6.7 289 0.14 good
5.4 215 0.17 bad
5.1 18 0.13 good
5.8 93 0.20 bad
5.3 20 0.28 bad
6.8 371 0.09 bad
5.9 13 0.10 bad
5.3 7 0.28 good
5.9 42 0.30 bad
7.9 446 0.04 bad
4.0 1 0.33 bad
5.6 11 0.28 bad
5.3 13 0.20 good
6.2 551 0.07 bad
7.5 70 0.05 good
6.5 138 0.21 good
5.3 3 0.50 bad
6.2 21 0.07 good
4.8 22 0.28 bad
5.9 2 0.14 bad
7.6 17 0.06 good
6.8 45 0.11 bad
7.4 5 0.05 bad
6.1 16 0.22 bad
6.4 8 0.10 good
7.6 183 0.07 bad
6.2 57 0.10 bad
8.3 193 0.03 bad
5.8 4 0.08 bad
6.6 22 0.17 bad
5.9 3 0.14 bad
7.0 53 0.03 bad
6.4 49 0.17 bad
7.2 218 0.08 good
7.8 141 0.04 good
7.0 57 0.11 good
5.5 4 0.23 bad
6.5 7 0.03 good
7.3 558 0.08 good
7.0 8 0.02 bad
7.1 65 0.10 bad
5.3 39 0.14 good
7.4 98 0.08 good
8.7 1586 0.02 good
6.0 34 0.14 bad
5.8 53 0.16 good
8.5 218 0.02 bad
5.5 76 0.19 bad
6.0 7 0.12 good
5.5 5 0.11 bad
6.5 112 0.11 bad
7.3 274 0.06 good
5.6 15 0.18 good
7.0 32 0.08 good
5.6 57 0.19 good
6.4 48 0.06 good
6.5 108 0.08 good
4.4 5 0.41 good
6.4 131 0.14 good
7.0 293 0.09 bad
5.7 53 0.10 bad
6.4 7 0.30 bad
7.8 365 0.05 good
7.0 710 0.09 good
3.3 54 0.03 bad
6.0 178 0.18 good
6.1 5 0.15 bad
5.1 12 0.19 good