BookScoreCount ThreeStarRate Median Class
93
1 2 3 7 9 10 12 13 20 21 23 26 27 28 30 31 32 34 36 37 38 39 42 43 44 45 46 47 50 53 55 56 57 58 59 60 61 64 65 66 68 69 70 72 73 74 77 78 79 81 83 85 86 88 89 91 94 97 98 99 100 101 102 103 104 109 110 111 113 114 116 118 119 122 123 124 127 128 129 133 135 137 141 142 143 144 146 147 148 150 151 152 153
967 0.23 8.00 good
47 0.40 6.00 bad
129 0.27 6.00 bad
27 0.48 6.00 bad
51 0.26 6.00 bad
78 0.23 6.00 bad
25 0.44 6.00 bad
48 0.39 6.00 bad
112 0.15 4.00 good
44 0.16 4.00 bad
116 0.28 4.00 good
100 0.43 6.00 bad
150 0.21 4.00 good
263 0.25 8.00 bad
29 0.32 6.00 bad
44 0.33 6.00 good
292 0.31 8.00 bad
97 0.39 6.00 bad
223 0.23 8.00 bad
216 0.20 8.00 bad
63 0.27 6.00 bad
20 0.16 2.00 bad
686 0.26 6.00 bad
81 0.24 6.00 good
1885 0.11 4.00 good
299 0.30 6.00 bad
108 0.19 8.00 good
79 0.20 4.00 bad
29 0.32 6.00 good
22 0.14 4.00 bad
55 0.33 6.00 bad
80 0.32 6.00 good
2109 0.21 6.00 bad
461 0.14 8.00 good
484 0.21 6.00 good
108 0.18 6.00 bad
86 0.25 8.00 good
45 0.21 4.00 bad
82 0.31 4.00 bad
21 0.43 6.00 bad
153 0.25 8.00 bad
20 0.26 8.00 bad
51 0.04 8.00 bad
956 0.26 8.00 good
19 0.22 8.00 bad
46 0.36 6.00 bad
745 0.22 8.00 bad
217 0.33 6.00 bad
531 0.26 6.00 bad
25 0.54 6.00 bad
104 0.28 6.00 bad
356 0.15 4.00 good
222 0.30 8.00 bad
1636 0.18 8.00 good
145 0.27 6.00 bad
654 0.16 8.00 good
218 0.23 8.00 good
39 0.26 8.00 good
2113 0.22 8.00 good
942 0.34 6.00 bad
42 0.34 8.00 bad
219 0.26 8.00 bad
225 0.26 6.00 good
29 0.50 6.00 bad
25 0.34 4.00 bad
88 0.36 6.00 bad
112 0.28 6.00 bad
182 0.26 6.00 good
136 0.36 6.00 bad
1114 0.09 10.00 bad
19 0.42 6.00 good
274 0.39 6.00 bad
1575 0.20 8.00 good
385 0.28 8.00 bad
93 0.37 6.00 good
320 0.29 6.00 good
387 0.22 8.00 good
607 0.13 8.00 good
2063 0.16 8.00 good
23 0.33 6.00 bad
1310 0.24 8.00 bad
1641 0.15 8.00 good
83 0.19 8.00 bad
2366 0.15 8.00 good
153 0.22 6.00 bad
364 0.27 6.00 bad
2356 0.27 8.00 good
208 0.19 4.00 good
1080 0.04 2.00 bad
21 0.35 6.00 bad
638 0.16 8.00 bad
45 0.28 6.00 good
209 0.25 6.00 good