BookScoreCount AddListCount TwoStarRate Class
98
0 3 7 8 9 10 11 12 13 14 15 17 21 22 23 24 27 28 30 31 32 33 34 35 36 39 40 41 43 44 46 49 50 52 54 56 59 61 62 63 64 66 70 72 73 74 77 78 79 81 82 83 84 85 86 88 91 94 95 97 98 101 102 104 107 109 110 111 113 114 116 117 118 119 120 121 124 125 130 131 133 134 135 136 137 138 139 140 142 144 145 146 147 149 150 151 152 153
568 214 0.15 good
129 38 0.12 bad
27 8 0.15 bad
177 53 0.16 bad
51 14 0.18 bad
78 25 0.26 bad
51 15 0.04 bad
25 12 0.08 bad
48 9 0.24 bad
454 136 0.14 good
658 204 0.13 bad
36 10 0.22 bad
44 12 0.37 bad
159 61 0.15 bad
116 32 0.31 good
70 23 0.21 bad
150 31 0.17 good
263 73 0.11 bad
29 9 0.18 bad
44 6 0.30 good
292 111 0.09 bad
192 49 0.20 good
97 24 0.30 bad
1909 254 0.12 good
223 63 0.10 bad
20 1 0.26 bad
495 172 0.12 good
670 289 0.14 good
81 18 0.13 good
1885 242 0.07 good
108 28 0.07 good
72 13 0.10 bad
29 7 0.28 good
1780 446 0.04 bad
43 9 0.05 good
80 13 0.20 good
484 138 0.21 good
86 33 0.08 good
13 3 0.50 bad
91 21 0.07 good
45 10 0.27 bad
21 2 0.14 bad
51 2 0.10 bad
956 180 0.08 good
19 8 0.11 bad
46 16 0.22 bad
745 183 0.07 bad
217 57 0.10 bad
531 94 0.19 bad
25 4 0.08 bad
31 3 0.41 bad
104 22 0.17 bad
21 3 0.14 bad
356 55 0.19 good
222 53 0.03 bad
1636 321 0.10 good
654 218 0.08 good
218 57 0.11 good
13 4 0.23 bad
39 7 0.03 good
2113 558 0.08 good
219 65 0.10 bad
225 39 0.14 good
25 5 0.31 bad
1184 188 0.12 bad
88 34 0.14 bad
112 31 0.21 bad
182 53 0.16 good
136 25 0.13 bad
1114 218 0.02 bad
19 7 0.12 good
34 5 0.11 bad
274 112 0.11 bad
1575 274 0.06 good
45 15 0.18 good
59 14 0.30 bad
320 57 0.19 good
768 149 0.02 good
82 11 0.13 bad
31 5 0.41 good
23 1 0.13 bad
795 168 0.12 good
1310 293 0.09 bad
68 9 0.24 bad
1641 303 0.05 good
328 53 0.10 bad
1100 206 0.07 good
21 7 0.30 bad
2366 365 0.05 good
364 103 0.25 bad
61 28 0.10 bad
2356 710 0.09 good
208 26 0.22 good
674 178 0.18 good
21 5 0.15 bad
638 125 0.07 bad
45 12 0.19 good
209 50 0.22 good