BookWordCount Median Kurtosis Class
96
2 5 6 7 15 16 18 19 20 22 24 28 29 31 32 33 34 35 36 38 40 41 43 45 46 48 49 50 51 52 53 55 58 59 62 64 65 67 68 69 70 71 73 74 75 76 77 79 80 81 82 84 85 86 87 89 91 92 93 95 96 98 99 101 103 105 106 107 108 110 113 115 116 117 120 121 124 125 126 127 129 131 134 135 136 137 138 139 140 141 142 143 145 147 150 151
48.30 6.00 267.71 bad
158.50 6.00 93.52 good
59.60 6.00 75.15 good
38.90 6.00 181.37 bad
257.20 6.00 188.48 bad
135.80 6.00 87.54 good
24.10 6.00 137.29 bad
122.40 6.00 181.41 bad
82.30 4.00 48.29 good
77.70 6.00 468.11 bad
74.80 6.00 114.10 bad
53.00 8.00 418.19 bad
233.90 8.00 194.89 good
78.00 6.00 211.54 good
51.10 8.00 404.81 bad
178.90 6.00 163.05 good
154.60 6.00 192.82 bad
713.10 6.00 41.11 good
87.00 8.00 203.97 bad
80.20 6.00 172.89 bad
153.10 8.00 227.23 good
168.40 6.00 389.04 good
74.40 6.00 44.83 good
380.50 6.00 135.14 bad
123.50 8.00 218.67 good
281.40 6.00 362.40 bad
44.50 6.00 155.38 bad
51.90 6.00 119.73 good
84.60 6.00 339.26 bad
76.10 8.00 453.60 bad
53.70 4.00 31.11 bad
106.40 6.00 182.02 bad
63.50 8.00 256.16 good
133.40 6.00 148.52 good
49.60 4.00 199.64 bad
54.40 4.00 59.06 bad
72.20 4.00 77.07 bad
16.80 8.00 278.88 good
79.60 8.00 223.96 bad
7.30 8.00 758.93 bad
55.40 8.00 49.13 bad
98.90 6.00 106.33 bad
68.60 8.00 278.58 bad
49.30 6.00 393.48 bad
39.60 6.00 344.01 good
46.20 8.00 159.36 good
1070.70 8.00 440.27 bad
131.20 6.00 65.93 bad
144.70 10.00 599.56 bad
87.70 6.00 173.53 bad
183.00 4.00 87.78 bad
30.00 6.00 116.65 bad
87.20 4.00 51.21 good
129.90 8.00 249.84 bad
112.10 6.00 95.46 bad
153.20 6.00 208.64 bad
126.20 8.00 191.97 good
116.50 8.00 444.03 good
90.50 8.00 288.02 bad
99.00 6.00 128.84 bad
34.10 8.00 282.28 good
170.60 8.00 391.57 good
181.90 6.00 243.27 bad
219.60 8.00 286.97 bad
21.40 6.00 664.54 bad
198.70 8.00 385.10 good
64.40 6.00 114.14 good
310.00 6.00 72.91 bad
446.50 10.00 1238.93 good
133.50 6.00 131.59 bad
247.80 6.00 164.81 bad
119.20 6.00 125.49 bad
118.30 6.00 138.45 good
59.10 6.00 132.92 bad
85.80 6.00 75.21 good
145.90 4.00 102.63 bad
223.00 6.00 101.09 good
65.70 10.00 1797.82 good
89.70 8.00 76.64 good
34.20 8.00 319.05 good
322.80 8.00 209.65 good
195.70 4.00 58.14 good
179.50 8.00 176.74 good
335.20 8.00 234.30 bad
72.70 4.00 63.17 bad
448.70 8.00 478.73 good
212.90 6.00 56.35 bad
130.30 8.00 304.97 good
43.40 8.00 361.68 bad
25.10 8.00 311.51 bad
518.00 8.00 364.52 good
177.70 6.00 86.23 bad
62.30 6.00 909.70 bad
154.00 4.00 40.59 good
44.60 6.00 158.29 bad
93.00 8.00 105.22 bad