ThreeStarRate Mode Kurtosis Class
103
0 1 3 4 5 9 10 13 14 15 16 17 19 21 22 24 25 26 28 30 31 33 34 35 37 38 39 40 43 45 47 48 49 50 51 53 56 57 59 62 64 66 67 68 69 70 72 74 75 77 78 80 81 83 85 86 87 88 90 91 92 93 94 95 97 98 99 100 101 102 103 104 105 106 107 109 110 111 115 116 117 118 119 120 123 126 127 128 129 130 131 133 134 135 136 137 142 144 146 148 150 151 152
0.28 8.00 200.91 good
0.23 8.00 406.22 good
0.27 8.00 155.27 bad
0.33 6.00 113.07 bad
0.26 6.00 93.52 good
0.26 8.00 110.48 bad
0.23 8.00 143.84 bad
0.39 6.00 156.17 bad
0.21 2.00 68.44 good
0.27 6.00 188.48 bad
0.23 6.00 87.54 good
0.20 8.00 80.31 bad
0.22 10.00 181.41 bad
0.16 4.00 66.70 bad
0.40 6.00 468.11 bad
0.36 6.00 114.10 bad
0.20 2.00 28.01 bad
0.43 6.00 249.04 bad
0.25 8.00 418.19 bad
0.32 6.00 80.73 bad
0.33 6.00 211.54 good
0.29 6.00 163.05 good
0.39 6.00 192.82 bad
0.18 2.00 41.11 good
0.20 8.00 948.64 bad
0.27 4.00 172.89 bad
0.16 2.00 53.89 bad
0.24 8.00 227.23 good
0.24 2.00 44.83 good
0.30 6.00 135.14 bad
0.20 4.00 85.63 bad
0.33 8.00 362.40 bad
0.39 6.00 155.38 bad
0.32 6.00 119.73 good
0.37 6.00 339.26 bad
0.14 2.00 31.11 bad
0.32 6.00 74.03 good
0.21 8.00 94.54 bad
0.21 10.00 148.52 good
0.08 4.00 199.64 bad
0.21 2.00 59.06 bad
0.43 6.00 204.65 bad
0.16 10.00 278.88 good
0.25 8.00 223.96 bad
0.26 8.00 758.93 bad
0.04 2.00 49.13 bad
0.26 10.00 259.41 good
0.36 6.00 393.48 bad
0.40 6.00 344.01 good
0.22 10.00 440.27 bad
0.33 6.00 147.32 bad
0.13 10.00 599.56 bad
0.54 6.00 173.53 bad
0.28 6.00 188.48 bad
0.15 2.00 51.21 good
0.30 6.00 249.84 bad
0.23 10.00 95.46 bad
0.18 10.00 118.81 good
0.20 2.00 25.57 bad
0.16 10.00 191.97 good
0.16 10.00 444.03 good
0.26 8.00 288.02 bad
0.23 8.00 299.63 good
0.46 6.00 128.84 bad
0.26 8.00 198.40 good
0.22 8.00 391.57 good
0.34 6.00 243.27 bad
0.34 6.00 297.05 bad
0.26 10.00 286.97 bad
0.26 2.00 65.28 good
0.50 6.00 664.54 bad
0.34 6.00 92.39 bad
0.19 8.00 385.10 good
0.27 6.00 114.14 good
0.15 10.00 72.91 bad
0.36 6.00 170.95 bad
0.28 6.00 131.59 bad
0.26 8.00 113.09 good
0.35 6.00 125.49 bad
0.42 6.00 138.45 good
0.45 6.00 132.92 bad
0.39 6.00 387.39 bad
0.20 8.00 297.36 good
0.20 8.00 75.21 good
0.37 6.00 502.72 good
0.16 10.00 76.64 good
0.22 10.00 319.05 good
0.13 10.00 82.37 good
0.16 10.00 209.65 good
0.28 6.00 73.99 bad
0.13 4.00 58.14 good
0.33 8.00 194.01 bad
0.21 8.00 176.74 good
0.24 8.00 234.30 bad
0.32 6.00 63.17 bad
0.15 10.00 478.73 good
0.15 10.00 364.52 good
0.27 6.00 97.95 bad
0.27 8.00 402.15 good
0.04 2.00 9.99 bad
0.35 6.00 158.29 bad
0.16 10.00 105.22 bad
0.28 2.00 62.68 good