BookWordCount TwoStarRate FourStarRate Class
98
0 1 3 5 6 7 8 9 11 12 13 15 16 17 18 19 20 21 22 23 24 25 26 29 34 35 36 37 38 39 40 43 44 45 46 48 49 50 52 53 55 56 57 58 60 64 65 67 68 69 72 73 74 75 76 77 78 79 82 84 85 88 90 92 93 94 96 97 100 106 107 108 111 112 113 116 120 121 122 123 125 126 129 131 132 134 135 137 138 141 144 145 146 147 149 150 151 153
177.20 0.15 0.30 good
289.90 0.08 0.36 good
52.30 0.12 0.27 bad
158.50 0.20 0.21 good
59.60 0.14 0.18 good
38.90 0.15 0.11 bad
143.50 0.16 0.22 bad
21.30 0.18 0.30 bad
13.40 0.04 0.32 bad
21.80 0.08 0.08 bad
27.50 0.24 0.13 bad
257.20 0.13 0.25 bad
135.80 0.22 0.20 good
33.60 0.22 0.23 bad
24.10 0.17 0.14 bad
122.40 0.18 0.22 bad
82.30 0.20 0.20 good
74.10 0.37 0.14 bad
77.70 0.15 0.28 bad
122.20 0.31 0.08 good
74.80 0.21 0.13 bad
35.90 0.20 0.00 bad
62.70 0.09 0.18 bad
233.90 0.10 0.20 good
154.60 0.30 0.13 bad
713.10 0.12 0.14 good
87.00 0.10 0.34 bad
51.30 0.03 0.44 bad
80.20 0.35 0.17 bad
22.80 0.26 0.05 bad
153.10 0.12 0.33 good
74.40 0.13 0.14 good
296.80 0.07 0.16 good
380.50 0.20 0.23 bad
123.50 0.07 0.33 good
281.40 0.09 0.33 bad
44.50 0.10 0.23 bad
51.90 0.28 0.14 good
76.10 0.04 0.30 bad
53.70 0.33 0.00 bad
106.40 0.28 0.20 bad
40.40 0.20 0.10 good
293.40 0.07 0.29 bad
63.50 0.05 0.30 good
45.10 0.21 0.20 bad
54.40 0.27 0.14 bad
72.20 0.28 0.07 bad
16.80 0.06 0.25 good
79.60 0.11 0.30 bad
7.30 0.05 0.42 bad
390.00 0.08 0.20 good
68.60 0.11 0.39 bad
49.30 0.22 0.31 bad
39.60 0.10 0.30 good
46.20 0.07 0.36 good
1070.70 0.07 0.27 bad
70.00 0.10 0.24 bad
131.20 0.19 0.17 bad
183.00 0.41 0.05 bad
30.00 0.14 0.19 bad
87.20 0.19 0.24 good
315.30 0.10 0.23 good
50.40 0.13 0.07 bad
116.50 0.04 0.29 good
90.50 0.08 0.34 bad
63.70 0.11 0.33 good
34.10 0.11 0.33 good
22.20 0.03 0.40 good
59.90 0.02 0.27 bad
64.40 0.14 0.24 good
310.00 0.12 0.17 bad
446.50 0.02 0.20 good
148.90 0.16 0.26 good
107.80 0.20 0.15 bad
247.80 0.13 0.21 bad
118.30 0.12 0.12 good
85.80 0.18 0.25 good
145.90 0.30 0.08 bad
79.20 0.10 0.29 bad
153.40 0.08 0.30 good
65.70 0.02 0.20 good
89.70 0.06 0.21 good
322.80 0.07 0.26 good
195.70 0.41 0.11 good
237.20 0.14 0.35 good
179.50 0.12 0.34 good
335.20 0.09 0.29 bad
448.70 0.05 0.33 good
212.90 0.10 0.19 bad
25.10 0.03 0.49 bad
319.70 0.25 0.18 bad
62.30 0.10 0.33 bad
477.20 0.09 0.37 good
154.00 0.22 0.09 good
382.10 0.18 0.26 good
44.60 0.15 0.20 bad
93.00 0.07 0.19 bad
73.20 0.22 0.22 good