BookWordCount BookScore ThreeStarRate Class
100
0 1 2 3 4 5 6 7 8 9 12 13 14 16 17 19 20 24 25 26 27 28 29 30 31 34 35 36 37 40 41 42 43 44 45 47 48 49 50 51 53 56 57 60 62 63 64 67 70 71 72 74 75 76 77 78 81 82 83 84 86 87 88 89 94 96 98 100 102 104 106 107 108 109 110 111 113 114 115 116 117 119 120 121 123 125 128 129 130 131 132 136 137 139 141 142 144 145 146 152
177.20 6.4 0.28 good
289.90 7.2 0.23 good
48.30 6.4 0.40 bad
52.30 6.4 0.27 bad
139.00 5.8 0.33 bad
158.50 5.6 0.26 good
59.60 6.0 0.21 good
38.90 5.8 0.48 bad
143.50 6.5 0.30 bad
21.30 5.4 0.26 bad
21.80 6.0 0.44 bad
27.50 5.5 0.39 bad
123.80 5.9 0.21 good
135.80 5.7 0.23 good
33.60 5.6 0.20 bad
122.40 6.7 0.22 bad
82.30 5.3 0.15 good
74.80 5.5 0.36 bad
35.90 4.8 0.20 bad
62.70 6.5 0.43 bad
147.20 4.5 0.21 good
53.00 7.2 0.25 bad
233.90 7.1 0.22 good
150.70 5.4 0.32 bad
78.00 5.8 0.33 good
154.60 5.1 0.39 bad
713.10 5.5 0.18 good
87.00 6.7 0.23 bad
51.30 7.8 0.20 bad
153.10 6.7 0.24 good
168.40 6.7 0.34 good
300.10 5.4 0.26 bad
74.40 5.1 0.24 good
296.80 5.4 0.11 good
380.50 5.8 0.30 bad
49.70 5.3 0.20 bad
281.40 6.8 0.33 bad
44.50 5.9 0.39 bad
51.90 5.3 0.32 good
84.60 5.9 0.37 bad
53.70 4.0 0.14 bad
40.40 5.3 0.32 good
293.40 6.2 0.21 bad
45.10 6.2 0.18 bad
49.60 5.3 0.08 bad
108.60 6.2 0.12 good
54.40 4.4 0.21 bad
16.80 7.6 0.16 good
55.40 5.9 0.04 bad
98.90 6.1 0.25 bad
390.00 7.3 0.26 good
49.30 6.1 0.36 bad
39.60 6.4 0.40 good
46.20 6.8 0.15 good
1070.70 7.6 0.22 bad
70.00 6.2 0.33 bad
87.70 5.8 0.54 bad
183.00 5.6 0.20 bad
40.80 6.6 0.28 bad
30.00 5.9 0.33 bad
129.90 7.0 0.30 bad
112.10 6.4 0.23 bad
315.30 6.7 0.18 good
153.20 6.4 0.27 bad
63.70 7.0 0.23 good
34.10 6.7 0.28 good
170.60 7.3 0.22 good
59.90 7.0 0.34 bad
78.10 5.3 0.26 good
150.50 4.9 0.34 bad
64.40 6.0 0.27 good
310.00 6.4 0.15 bad
446.50 8.7 0.10 good
101.10 6.0 0.36 bad
133.50 5.8 0.28 bad
148.90 5.8 0.26 good
247.80 6.1 0.36 bad
31.70 8.5 0.09 bad
119.20 5.5 0.35 bad
118.30 6.0 0.42 good
59.10 5.5 0.45 bad
427.70 7.3 0.20 good
85.80 5.6 0.20 good
145.90 4.5 0.32 bad
153.40 7.0 0.37 good
65.70 8.9 0.08 good
296.70 6.5 0.13 good
322.80 7.3 0.16 good
46.30 5.7 0.28 bad
195.70 4.4 0.13 good
237.20 6.4 0.25 good
72.70 4.8 0.32 bad
448.70 7.8 0.15 good
130.30 7.0 0.24 good
25.10 6.9 0.19 bad
518.00 7.8 0.15 good
319.70 5.4 0.27 bad
62.30 6.7 0.45 bad
477.20 7.0 0.27 good
163.50 5.1 0.28 good