BookWordCount ThreeStarRate Median Class
95
0 2 5 10 11 12 13 14 15 16 19 20 21 22 23 24 25 26 29 30 31 32 33 34 36 39 41 42 44 45 48 49 50 51 53 55 57 58 60 61 62 63 64 65 67 68 70 71 73 74 75 76 77 78 82 89 91 93 95 96 97 100 101 102 103 105 106 107 108 110 111 113 116 117 118 119 121 123 125 126 128 129 130 133 134 136 139 143 145 147 149 150 151 152 153
177.20 0.28 6.00 good
48.30 0.40 6.00 bad
158.50 0.26 6.00 good
82.50 0.23 6.00 bad
13.40 0.40 6.00 bad
21.80 0.44 6.00 bad
27.50 0.39 6.00 bad
123.80 0.21 6.00 good
257.20 0.27 6.00 bad
135.80 0.23 6.00 good
122.40 0.22 6.00 bad
82.30 0.15 4.00 good
74.10 0.16 4.00 bad
77.70 0.40 6.00 bad
122.20 0.28 4.00 good
74.80 0.36 6.00 bad
35.90 0.20 4.00 bad
62.70 0.43 6.00 bad
233.90 0.22 8.00 good
150.70 0.32 6.00 bad
78.00 0.33 6.00 good
51.10 0.31 8.00 bad
178.90 0.29 6.00 good
154.60 0.39 6.00 bad
87.00 0.23 8.00 bad
22.80 0.16 2.00 bad
168.40 0.34 6.00 good
300.10 0.26 6.00 bad
296.80 0.11 4.00 good
380.50 0.30 6.00 bad
281.40 0.33 6.00 bad
44.50 0.39 6.00 bad
51.90 0.32 6.00 good
84.60 0.37 6.00 bad
53.70 0.14 4.00 bad
106.40 0.33 6.00 bad
293.40 0.21 6.00 bad
63.50 0.14 8.00 good
45.10 0.18 6.00 bad
17.00 0.25 8.00 good
49.60 0.08 4.00 bad
108.60 0.12 6.00 good
54.40 0.21 4.00 bad
72.20 0.31 4.00 bad
16.80 0.16 8.00 good
79.60 0.25 8.00 bad
55.40 0.04 8.00 bad
98.90 0.25 6.00 bad
68.60 0.22 8.00 bad
49.30 0.36 6.00 bad
39.60 0.40 6.00 good
46.20 0.15 8.00 good
1070.70 0.22 8.00 bad
70.00 0.33 6.00 bad
183.00 0.20 4.00 bad
153.20 0.27 6.00 bad
126.20 0.16 8.00 good
90.50 0.26 8.00 bad
99.00 0.46 6.00 bad
34.10 0.28 8.00 good
22.20 0.26 8.00 good
59.90 0.34 8.00 bad
219.60 0.26 8.00 bad
78.10 0.26 6.00 good
21.40 0.50 6.00 bad
198.70 0.19 8.00 good
64.40 0.27 6.00 good
310.00 0.15 6.00 bad
446.50 0.10 10.00 good
133.50 0.28 6.00 bad
148.90 0.26 6.00 good
247.80 0.36 6.00 bad
118.30 0.42 6.00 good
59.10 0.45 6.00 bad
92.20 0.39 6.00 bad
427.70 0.20 8.00 good
145.90 0.32 4.00 bad
153.40 0.37 6.00 good
65.70 0.08 10.00 good
89.70 0.16 8.00 good
296.70 0.13 8.00 good
322.80 0.16 8.00 good
46.30 0.28 6.00 bad
145.80 0.33 6.00 bad
179.50 0.21 8.00 good
72.70 0.32 4.00 bad
130.30 0.24 8.00 good
177.70 0.22 6.00 bad
62.30 0.45 6.00 bad
154.00 0.19 4.00 good
382.10 0.23 6.00 good
44.60 0.35 6.00 bad
93.00 0.16 8.00 bad
163.50 0.28 6.00 good
73.20 0.25 6.00 good