BookScore FiveStarRate Median Class
97
0 2 3 9 10 12 13 19 21 23 27 28 30 31 35 36 37 38 39 41 42 43 48 49 51 53 55 56 57 58 60 61 62 63 66 67 69 70 72 73 76 77 78 79 80 81 82 83 84 85 86 89 90 92 93 94 99 100 101 102 103 104 106 107 109 110 111 113 114 117 118 119 120 122 123 124 126 127 128 129 130 131 132 133 134 135 136 137 138 139 140 142 145 146 147 152 153
6.4 0.15 6.00 good
6.4 0.15 6.00 bad
6.4 0.18 6.00 bad
5.4 0.02 6.00 bad
5.8 0.09 6.00 bad
6.0 0.20 6.00 bad
5.5 0.09 6.00 bad
6.7 0.28 6.00 bad
4.6 0.04 4.00 bad
4.7 0.06 4.00 good
4.5 0.05 4.00 good
7.2 0.27 8.00 bad
5.4 0.11 6.00 bad
5.8 0.09 6.00 good
5.5 0.21 6.00 good
6.7 0.19 8.00 bad
7.8 0.28 8.00 bad
5.9 0.13 6.00 bad
3.5 0.00 2.00 bad
6.7 0.17 6.00 good
5.4 0.11 6.00 bad
5.1 0.14 6.00 good
6.8 0.17 6.00 bad
5.9 0.10 6.00 bad
5.9 0.07 6.00 bad
4.0 0.10 4.00 bad
5.6 0.06 6.00 bad
5.3 0.13 6.00 good
6.2 0.18 6.00 bad
7.5 0.37 8.00 good
6.2 0.23 6.00 bad
7.5 0.21 8.00 good
5.3 0.00 4.00 bad
6.2 0.30 6.00 good
5.9 0.10 6.00 bad
7.6 0.42 8.00 good
7.4 0.21 8.00 bad
5.9 0.20 8.00 bad
7.3 0.35 8.00 good
6.8 0.17 8.00 bad
6.8 0.24 8.00 good
7.6 0.37 8.00 bad
6.2 0.16 6.00 bad
5.2 0.10 6.00 bad
8.3 0.58 10.00 bad
5.8 0.13 6.00 bad
5.6 0.22 4.00 bad
6.6 0.22 6.00 bad
5.9 0.14 6.00 bad
5.2 0.10 4.00 good
7.0 0.26 8.00 bad
6.4 0.17 6.00 bad
4.0 0.07 2.00 bad
7.8 0.42 8.00 good
6.9 0.21 8.00 bad
7.0 0.23 8.00 good
6.5 0.17 6.00 bad
7.0 0.25 8.00 bad
7.1 0.27 8.00 bad
5.3 0.08 6.00 good
6.6 0.11 6.00 bad
4.9 0.09 4.00 bad
6.0 0.16 6.00 good
6.4 0.31 6.00 bad
6.0 0.10 6.00 bad
5.8 0.10 6.00 bad
5.8 0.12 6.00 good
6.1 0.14 6.00 bad
8.5 0.60 10.00 bad
5.5 0.09 6.00 bad
6.5 0.11 6.00 bad
7.3 0.29 8.00 good
5.6 0.11 6.00 good
7.0 0.25 8.00 bad
7.0 0.20 6.00 good
5.6 0.11 6.00 good
6.4 0.30 8.00 good
7.4 0.36 8.00 good
6.5 0.31 8.00 good
7.3 0.37 8.00 good
5.7 0.17 6.00 bad
4.4 0.06 4.00 good
6.4 0.13 6.00 good
5.9 0.04 6.00 bad
6.5 0.18 8.00 good
7.0 0.26 8.00 bad
4.8 0.09 4.00 bad
7.8 0.38 8.00 good
5.7 0.18 6.00 bad
7.0 0.22 8.00 good
6.4 0.05 8.00 bad
7.8 0.46 8.00 good
6.7 0.08 6.00 bad
7.0 0.19 8.00 good
3.9 0.02 4.00 good
5.1 0.09 6.00 good
5.7 0.12 6.00 good