FourStarRate FiveStarRate Kurtosis Class
98
0 1 4 5 6 7 8 9 10 11 12 13 14 16 17 18 19 20 23 25 27 28 29 30 33 37 38 42 43 45 46 47 48 49 51 53 59 60 61 65 67 68 69 71 72 73 75 76 77 79 81 83 84 85 86 87 90 91 93 95 96 98 99 100 102 105 107 108 109 110 112 113 114 115 117 119 123 124 126 127 129 132 134 135 136 137 138 140 142 144 145 146 148 149 150 151 152 153
0.30 0.15 200.91 good
0.36 0.25 406.22 good
0.25 0.10 113.07 bad
0.21 0.12 93.52 good
0.18 0.23 75.15 good
0.11 0.11 181.37 bad
0.22 0.21 196.73 bad
0.30 0.02 110.48 bad
0.27 0.09 143.84 bad
0.32 0.16 491.68 bad
0.08 0.20 114.51 bad
0.13 0.09 156.17 bad
0.19 0.20 68.44 good
0.20 0.14 87.54 good
0.23 0.12 80.31 bad
0.14 0.28 137.29 bad
0.22 0.28 181.41 bad
0.20 0.13 48.29 good
0.08 0.06 78.49 good
0.00 0.20 28.01 bad
0.15 0.05 40.03 good
0.31 0.27 418.19 bad
0.20 0.36 194.89 good
0.14 0.11 80.73 bad
0.23 0.15 163.05 good
0.44 0.28 948.64 bad
0.17 0.13 172.89 bad
0.20 0.11 74.29 bad
0.14 0.14 44.83 good
0.23 0.10 135.14 bad
0.33 0.27 218.67 good
0.22 0.08 85.63 bad
0.33 0.17 362.40 bad
0.23 0.10 155.38 bad
0.21 0.07 339.26 bad
0.00 0.10 31.11 bad
0.21 0.25 148.52 good
0.20 0.23 95.85 bad
0.44 0.21 1104.85 good
0.07 0.07 77.07 bad
0.25 0.42 278.88 good
0.30 0.22 223.96 bad
0.42 0.21 758.93 bad
0.25 0.17 106.33 bad
0.20 0.35 259.41 good
0.39 0.17 278.58 bad
0.30 0.10 344.01 good
0.36 0.24 159.36 good
0.27 0.37 440.27 bad
0.17 0.10 65.93 bad
0.08 0.13 173.53 bad
0.22 0.22 188.48 bad
0.19 0.14 116.65 bad
0.24 0.10 51.21 good
0.27 0.26 249.84 bad
0.19 0.27 95.46 bad
0.07 0.07 25.57 bad
0.28 0.34 191.97 good
0.34 0.21 288.02 bad
0.00 0.15 128.84 bad
0.33 0.17 282.28 good
0.33 0.29 391.57 good
0.26 0.17 243.27 bad
0.27 0.25 297.05 bad
0.21 0.08 65.28 good
0.33 0.31 385.10 good
0.17 0.31 72.91 bad
0.20 0.63 1238.93 good
0.24 0.10 170.95 bad
0.24 0.10 131.59 bad
0.15 0.11 84.03 bad
0.21 0.14 164.81 bad
0.23 0.60 875.52 bad
0.19 0.07 125.49 bad
0.14 0.09 132.92 bad
0.33 0.29 297.36 good
0.30 0.20 502.72 good
0.20 0.11 101.09 good
0.21 0.30 76.64 good
0.26 0.36 319.05 good
0.26 0.37 209.65 good
0.35 0.13 212.10 good
0.34 0.18 176.74 good
0.29 0.26 234.30 bad
0.05 0.09 63.17 bad
0.33 0.38 478.73 good
0.19 0.18 56.35 bad
0.54 0.05 361.68 bad
0.24 0.46 364.52 good
0.18 0.09 97.95 bad
0.33 0.08 909.70 bad
0.37 0.19 402.15 good
0.06 0.08 9.99 bad
0.26 0.15 113.50 good
0.20 0.15 158.29 bad
0.19 0.37 105.22 bad
0.14 0.09 62.68 good
0.22 0.12 105.28 good