FiveStarRate Mode Kurtosis Class
96
1 7 8 9 11 14 17 18 19 21 25 26 28 29 30 32 33 34 36 37 38 39 43 44 47 49 52 53 55 56 57 60 62 64 67 68 69 70 71 72 73 74 75 76 77 78 80 81 82 85 87 88 90 91 92 94 95 96 98 99 100 101 102 103 107 108 109 111 113 114 115 116 117 118 120 122 126 128 130 131 132 134 135 136 137 138 139 140 141 143 144 146 147 148 151 152
0.25 8.00 406.22 good
0.11 6.00 181.37 bad
0.21 6.00 196.73 bad
0.02 8.00 110.48 bad
0.16 6.00 491.68 bad
0.20 2.00 68.44 good
0.12 8.00 80.31 bad
0.28 10.00 137.29 bad
0.28 10.00 181.41 bad
0.04 4.00 66.70 bad
0.20 2.00 28.01 bad
0.19 6.00 249.04 bad
0.27 8.00 418.19 bad
0.36 10.00 194.89 good
0.11 6.00 80.73 bad
0.13 8.00 404.81 bad
0.15 6.00 163.05 good
0.03 6.00 192.82 bad
0.19 8.00 203.97 bad
0.28 8.00 948.64 bad
0.13 4.00 172.89 bad
0.00 2.00 53.89 bad
0.14 2.00 44.83 good
0.23 2.00 29.34 good
0.08 4.00 85.63 bad
0.10 6.00 155.38 bad
0.42 10.00 453.60 bad
0.10 2.00 31.11 bad
0.06 6.00 182.02 bad
0.13 6.00 74.03 good
0.18 8.00 94.54 bad
0.23 10.00 95.85 bad
0.00 4.00 199.64 bad
0.02 2.00 59.06 bad
0.42 10.00 278.88 good
0.22 8.00 223.96 bad
0.21 8.00 758.93 bad
0.20 2.00 49.13 bad
0.17 8.00 106.33 bad
0.35 10.00 259.41 good
0.17 8.00 278.58 bad
0.04 6.00 393.48 bad
0.10 6.00 344.01 good
0.24 8.00 159.36 good
0.37 10.00 440.27 bad
0.16 6.00 147.32 bad
0.58 10.00 599.56 bad
0.13 6.00 173.53 bad
0.22 4.00 87.78 bad
0.10 2.00 51.21 good
0.27 10.00 95.46 bad
0.30 10.00 118.81 good
0.07 2.00 25.57 bad
0.34 10.00 191.97 good
0.42 10.00 444.03 good
0.23 8.00 299.63 good
0.15 6.00 128.84 bad
0.17 8.00 282.28 good
0.29 8.00 391.57 good
0.17 6.00 243.27 bad
0.25 6.00 297.05 bad
0.27 10.00 286.97 bad
0.08 2.00 65.28 good
0.11 6.00 664.54 bad
0.31 10.00 72.91 bad
0.63 10.00 1238.93 good
0.10 6.00 170.95 bad
0.12 8.00 113.09 good
0.14 6.00 164.81 bad
0.60 10.00 875.52 bad
0.07 6.00 125.49 bad
0.17 6.00 138.45 good
0.09 6.00 132.92 bad
0.11 6.00 387.39 bad
0.11 8.00 75.21 good
0.25 8.00 313.76 bad
0.30 10.00 76.64 good
0.31 10.00 82.37 good
0.17 6.00 73.99 bad
0.06 4.00 58.14 good
0.13 8.00 212.10 good
0.18 8.00 176.74 good
0.26 8.00 234.30 bad
0.09 6.00 63.17 bad
0.38 10.00 478.73 good
0.18 2.00 56.35 bad
0.22 8.00 304.97 good
0.05 8.00 361.68 bad
0.15 8.00 311.51 bad
0.10 8.00 86.23 bad
0.09 6.00 97.95 bad
0.19 8.00 402.15 good
0.02 2.00 40.59 good
0.08 2.00 9.99 bad
0.37 10.00 105.22 bad
0.09 2.00 62.68 good