BookScoreCount ThreeStarRate FiveStarRate Class
104
2 4 6 7 8 9 10 13 15 16 17 18 20 21 22 23 24 25 26 28 30 31 32 33 34 35 36 37 38 39 41 42 43 44 46 47 48 50 51 52 53 54 58 59 60 62 63 64 65 67 71 73 74 75 77 78 79 81 84 85 86 87 88 89 92 93 94 95 97 103 106 111 112 114 115 116 117 118 119 120 121 122 123 124 126 128 129 130 131 132 134 135 136 140 143 144 145 146 147 148 150 151 152 153
47 0.40 0.15 bad
78 0.33 0.10 bad
187 0.21 0.23 good
27 0.48 0.11 bad
177 0.30 0.21 bad
51 0.26 0.02 bad
78 0.23 0.09 bad
48 0.39 0.09 bad
658 0.27 0.23 bad
119 0.23 0.14 good
36 0.20 0.12 bad
23 0.28 0.28 bad
112 0.15 0.13 good
44 0.16 0.04 bad
159 0.40 0.11 bad
116 0.28 0.06 good
70 0.36 0.11 bad
11 0.20 0.20 bad
100 0.43 0.19 bad
263 0.25 0.27 bad
29 0.32 0.11 bad
44 0.33 0.09 good
292 0.31 0.13 bad
192 0.29 0.15 good
97 0.39 0.03 bad
1909 0.18 0.21 good
223 0.23 0.19 bad
216 0.20 0.28 bad
63 0.27 0.13 bad
20 0.16 0.00 bad
670 0.34 0.17 good
686 0.26 0.11 bad
81 0.24 0.14 good
1885 0.11 0.23 good
108 0.19 0.27 good
79 0.20 0.08 bad
1248 0.33 0.17 bad
29 0.32 0.07 good
133 0.37 0.07 bad
1780 0.15 0.42 bad
22 0.14 0.10 bad
43 0.33 0.29 good
461 0.14 0.37 good
484 0.21 0.25 good
108 0.18 0.23 bad
13 0.08 0.00 bad
91 0.12 0.30 good
45 0.21 0.02 bad
82 0.31 0.07 bad
90 0.16 0.42 good
248 0.25 0.17 bad
19 0.22 0.17 bad
46 0.36 0.04 bad
21 0.40 0.10 good
745 0.22 0.37 bad
217 0.33 0.16 bad
531 0.26 0.10 bad
25 0.54 0.13 bad
21 0.33 0.14 bad
356 0.15 0.10 good
222 0.30 0.26 bad
182 0.23 0.27 bad
1636 0.18 0.30 good
145 0.27 0.17 bad
527 0.16 0.42 good
396 0.26 0.21 bad
218 0.23 0.23 good
13 0.46 0.15 bad
39 0.26 0.13 good
29 0.50 0.11 bad
349 0.27 0.16 good
182 0.26 0.12 good
201 0.30 0.11 bad
1114 0.09 0.60 bad
282 0.35 0.07 bad
19 0.42 0.17 good
34 0.45 0.09 bad
274 0.39 0.11 bad
1575 0.20 0.29 good
45 0.20 0.11 good
59 0.32 0.02 bad
385 0.28 0.25 bad
93 0.37 0.20 good
320 0.29 0.11 good
353 0.16 0.30 good
607 0.13 0.31 good
2063 0.16 0.37 good
82 0.28 0.17 bad
31 0.13 0.06 good
614 0.25 0.13 good
795 0.21 0.18 good
1310 0.24 0.26 bad
68 0.32 0.09 bad
21 0.07 0.05 bad
153 0.22 0.10 bad
364 0.27 0.09 bad
61 0.45 0.08 bad
2356 0.27 0.19 good
208 0.19 0.02 good
1080 0.04 0.08 bad
21 0.35 0.15 bad
638 0.16 0.37 bad
45 0.28 0.09 good
209 0.25 0.12 good