BookScoreCount Mode Kurtosis Class
98
1 2 3 4 5 9 10 11 12 13 17 18 19 20 21 24 25 26 28 30 32 33 35 37 38 39 40 42 43 44 49 50 51 53 55 56 57 60 61 63 64 65 66 67 68 69 70 71 72 73 74 75 77 78 80 81 83 85 86 88 90 91 92 94 95 96 99 100 101 102 105 110 111 114 115 117 118 121 124 125 127 128 131 132 133 134 140 141 142 143 144 145 146 147 148 149 150 153
967 8.00 406.22 good
47 6.00 267.71 bad
129 8.00 155.27 bad
78 6.00 113.07 bad
439 6.00 93.52 good
51 8.00 110.48 bad
78 8.00 143.84 bad
51 6.00 491.68 bad
25 6.00 114.51 bad
48 6.00 156.17 bad
36 8.00 80.31 bad
23 10.00 137.29 bad
250 10.00 181.41 bad
112 2.00 48.29 good
44 4.00 66.70 bad
70 6.00 114.10 bad
11 2.00 28.01 bad
100 6.00 249.04 bad
263 8.00 418.19 bad
29 6.00 80.73 bad
292 8.00 404.81 bad
192 6.00 163.05 good
1909 2.00 41.11 good
216 8.00 948.64 bad
63 4.00 172.89 bad
20 2.00 53.89 bad
495 8.00 227.23 good
686 2.00 74.29 bad
81 2.00 44.83 good
1885 2.00 29.34 good
72 6.00 155.38 bad
29 6.00 119.73 good
133 6.00 339.26 bad
22 2.00 31.11 bad
55 6.00 182.02 bad
80 6.00 74.03 good
2109 8.00 94.54 bad
108 10.00 95.85 bad
86 8.00 1104.85 good
91 2.00 55.29 good
45 2.00 59.06 bad
82 6.00 77.07 bad
21 6.00 204.65 bad
90 10.00 278.88 good
153 8.00 223.96 bad
20 8.00 758.93 bad
51 2.00 49.13 bad
248 8.00 106.33 bad
956 10.00 259.41 good
19 8.00 278.58 bad
46 6.00 393.48 bad
21 6.00 344.01 good
745 10.00 440.27 bad
217 6.00 147.32 bad
714 10.00 599.56 bad
25 6.00 173.53 bad
104 6.00 188.48 bad
356 2.00 51.21 good
222 6.00 249.84 bad
1636 10.00 118.81 good
16 2.00 25.57 bad
654 10.00 191.97 good
527 10.00 444.03 good
218 8.00 299.63 good
13 6.00 128.84 bad
188 8.00 282.28 good
942 6.00 243.27 bad
42 6.00 297.05 bad
219 10.00 286.97 bad
225 2.00 65.28 good
339 8.00 385.10 good
112 6.00 131.59 bad
182 8.00 113.09 good
1114 10.00 875.52 bad
282 6.00 125.49 bad
34 6.00 132.92 bad
274 6.00 387.39 bad
59 6.00 102.63 bad
320 6.00 101.09 good
768 10.00 1797.82 good
387 10.00 319.05 good
607 10.00 82.37 good
31 4.00 58.14 good
614 8.00 212.10 good
23 8.00 194.01 bad
795 8.00 176.74 good
21 8.00 361.68 bad
83 8.00 311.51 bad
2366 10.00 364.52 good
153 8.00 86.23 bad
364 6.00 97.95 bad
61 6.00 909.70 bad
2356 8.00 402.15 good
208 2.00 40.59 good
1080 2.00 9.99 bad
674 8.00 113.50 good
21 6.00 158.29 bad
209 6.00 105.28 good