BookScoreCount AddListCount FourStarRate Class
97
2 3 6 7 8 9 12 14 17 19 20 21 22 24 25 26 27 30 31 32 36 37 38 39 40 42 43 45 47 50 51 54 55 57 58 59 60 62 63 64 65 66 67 69 72 73 74 77 78 79 81 82 83 84 85 87 89 90 92 93 96 98 99 101 102 103 104 107 109 110 111 116 117 119 120 122 124 126 128 129 130 131 132 133 136 137 138 139 140 143 144 145 146 147 148 150 152
47 12 0.24 bad
129 38 0.27 bad
187 42 0.18 good
27 8 0.11 bad
177 53 0.22 bad
51 14 0.30 bad
25 12 0.08 bad
454 136 0.19 good
36 10 0.23 bad
250 70 0.22 bad
112 17 0.20 good
44 12 0.14 bad
159 61 0.28 bad
70 23 0.13 bad
11 2 0.00 bad
100 32 0.18 bad
150 31 0.15 good
29 9 0.14 bad
44 6 0.19 good
292 111 0.39 bad
223 63 0.34 bad
216 106 0.44 bad
63 19 0.17 bad
20 1 0.05 bad
495 172 0.33 good
686 215 0.20 bad
81 18 0.14 good
299 93 0.23 bad
79 20 0.22 bad
29 7 0.14 good
133 42 0.21 bad
43 9 0.21 good
55 11 0.20 bad
2109 551 0.29 bad
461 70 0.30 good
484 138 0.21 good
108 19 0.20 bad
13 3 0.34 bad
91 21 0.20 good
45 10 0.14 bad
82 22 0.07 bad
21 2 0.19 bad
90 17 0.25 good
20 5 0.42 bad
956 180 0.20 good
19 8 0.39 bad
46 16 0.31 bad
745 183 0.27 bad
217 57 0.24 bad
531 94 0.17 bad
25 4 0.08 bad
31 3 0.05 bad
104 22 0.22 bad
21 3 0.19 bad
356 55 0.24 good
182 65 0.19 bad
145 49 0.28 bad
16 4 0.07 bad
527 141 0.29 good
396 121 0.34 bad
188 100 0.33 good
2113 558 0.33 good
942 253 0.26 bad
219 65 0.27 bad
225 39 0.21 good
29 6 0.26 bad
25 5 0.04 bad
1184 188 0.17 bad
88 34 0.24 bad
112 31 0.24 bad
182 53 0.26 good
19 7 0.12 good
34 5 0.14 bad
1575 274 0.33 good
45 15 0.25 good
385 126 0.29 bad
320 57 0.20 good
353 48 0.21 good
607 108 0.23 good
2063 510 0.26 good
82 11 0.16 bad
31 5 0.11 good
614 131 0.35 good
23 1 0.33 bad
68 9 0.05 bad
1641 303 0.33 good
328 53 0.19 bad
1100 206 0.36 good
21 7 0.54 bad
153 42 0.24 bad
364 103 0.18 bad
61 28 0.33 bad
2356 710 0.37 good
208 26 0.09 good
1080 54 0.06 bad
21 5 0.20 bad
45 12 0.14 good