BookWordCount BookScoreCount FiveStarRate Class
97
0 1 2 3 5 8 9 13 14 15 18 19 21 22 23 24 25 27 29 30 31 33 34 35 37 39 41 44 45 46 48 49 50 52 57 60 62 63 64 65 66 67 69 70 74 75 77 79 80 82 83 84 85 86 87 88 89 90 92 96 97 98 99 101 102 104 105 107 108 109 110 111 114 115 116 117 119 120 121 122 124 125 127 129 130 133 134 135 138 139 141 142 144 147 148 149 151
177.20 568 0.15 good
289.90 967 0.25 good
48.30 47 0.15 bad
52.30 129 0.18 bad
158.50 439 0.12 good
143.50 177 0.21 bad
21.30 51 0.02 bad
27.50 48 0.09 bad
123.80 454 0.20 good
257.20 658 0.23 bad
24.10 23 0.28 bad
122.40 250 0.28 bad
74.10 44 0.04 bad
77.70 159 0.11 bad
122.20 116 0.06 good
74.80 70 0.11 bad
35.90 11 0.20 bad
147.20 150 0.05 good
233.90 290 0.36 good
150.70 29 0.11 bad
78.00 44 0.09 good
178.90 192 0.15 good
154.60 97 0.03 bad
713.10 1909 0.21 good
51.30 216 0.28 bad
22.80 20 0.00 bad
168.40 670 0.17 good
296.80 1885 0.23 good
380.50 299 0.10 bad
123.50 108 0.27 good
281.40 1248 0.17 bad
44.50 72 0.10 bad
51.90 29 0.07 good
76.10 1780 0.42 bad
293.40 2109 0.18 bad
45.10 108 0.23 bad
49.60 13 0.00 bad
108.60 91 0.30 good
54.40 45 0.02 bad
72.20 82 0.07 bad
34.80 21 0.10 bad
16.80 90 0.42 good
7.30 20 0.21 bad
55.40 51 0.20 bad
49.30 46 0.04 bad
39.60 21 0.10 good
1070.70 745 0.37 bad
131.20 531 0.10 bad
144.70 714 0.58 bad
183.00 31 0.22 bad
40.80 104 0.22 bad
30.00 21 0.14 bad
87.20 356 0.10 good
129.90 222 0.26 bad
112.10 182 0.27 bad
315.30 1636 0.30 good
153.20 145 0.17 bad
50.40 16 0.07 bad
116.50 527 0.42 good
34.10 188 0.17 good
22.20 39 0.13 good
170.60 2113 0.29 good
181.90 942 0.17 bad
219.60 219 0.27 bad
78.10 225 0.08 good
150.50 25 0.09 bad
198.70 339 0.31 good
310.00 1184 0.31 bad
446.50 5393 0.63 good
101.10 88 0.10 bad
133.50 112 0.10 bad
148.90 182 0.12 good
31.70 1114 0.60 bad
119.20 282 0.07 bad
118.30 19 0.17 good
59.10 34 0.09 bad
427.70 1575 0.29 good
85.80 45 0.11 good
145.90 59 0.02 bad
79.20 385 0.25 bad
223.00 320 0.11 good
65.70 768 0.67 good
34.20 387 0.36 good
322.80 2063 0.37 good
46.30 82 0.17 bad
145.80 23 0.04 bad
179.50 795 0.18 good
335.20 1310 0.26 bad
212.90 328 0.18 bad
130.30 1100 0.22 good
25.10 83 0.15 bad
518.00 2366 0.46 good
319.70 364 0.09 bad
154.00 208 0.02 good
209.90 1080 0.08 bad
382.10 674 0.15 good
93.00 638 0.37 bad