BookWordCount BookScoreCount Mode Class
96
1 2 3 4 5 6 8 11 12 13 14 17 18 20 22 25 27 28 29 31 32 33 34 35 38 39 40 41 42 43 45 46 47 49 51 54 56 57 58 59 61 62 63 65 66 70 71 72 73 74 75 77 78 79 80 81 82 83 84 86 87 88 89 90 92 94 96 97 101 103 105 107 109 110 111 113 116 117 121 126 129 130 131 132 133 135 136 137 138 139 145 146 147 148 149 153
289.90 967 8.00 good
48.30 47 6.00 bad
52.30 129 8.00 bad
139.00 78 6.00 bad
158.50 439 6.00 good
59.60 187 2.00 good
143.50 177 6.00 bad
13.40 51 6.00 bad
21.80 25 6.00 bad
27.50 48 6.00 bad
123.80 454 2.00 good
33.60 36 8.00 bad
24.10 23 10.00 bad
82.30 112 2.00 good
77.70 159 6.00 bad
35.90 11 2.00 bad
147.20 150 2.00 good
53.00 263 8.00 bad
233.90 290 10.00 good
78.00 44 6.00 good
51.10 292 8.00 bad
178.90 192 6.00 good
154.60 97 6.00 bad
713.10 1909 2.00 good
80.20 63 4.00 bad
22.80 20 2.00 bad
153.10 495 8.00 good
168.40 670 6.00 good
300.10 686 2.00 bad
74.40 81 2.00 good
380.50 299 6.00 bad
123.50 108 8.00 good
49.70 79 4.00 bad
44.50 72 6.00 bad
84.60 133 6.00 bad
13.00 43 6.00 good
40.40 80 6.00 good
293.40 2109 8.00 bad
63.50 461 10.00 good
133.40 484 10.00 good
17.00 86 8.00 good
49.60 13 4.00 bad
108.60 91 2.00 good
72.20 82 6.00 bad
34.80 21 6.00 bad
55.40 51 2.00 bad
98.90 248 8.00 bad
390.00 956 10.00 good
68.60 19 8.00 bad
49.30 46 6.00 bad
39.60 21 6.00 good
1070.70 745 10.00 bad
70.00 217 6.00 bad
131.20 531 2.00 bad
144.70 714 10.00 bad
87.70 25 6.00 bad
183.00 31 4.00 bad
40.80 104 6.00 bad
30.00 21 6.00 bad
129.90 222 6.00 bad
112.10 182 10.00 bad
315.30 1636 10.00 good
153.20 145 8.00 bad
50.40 16 2.00 bad
116.50 527 10.00 good
63.70 218 8.00 good
34.10 188 8.00 good
22.20 39 8.00 good
219.60 219 10.00 bad
21.40 29 6.00 bad
198.70 339 8.00 good
310.00 1184 10.00 bad
101.10 88 6.00 bad
133.50 112 6.00 bad
148.90 182 8.00 good
247.80 136 6.00 bad
118.30 19 6.00 good
59.10 34 6.00 bad
145.90 59 6.00 bad
89.70 353 10.00 good
322.80 2063 10.00 good
46.30 82 6.00 bad
195.70 31 4.00 good
237.20 614 8.00 good
145.80 23 8.00 bad
335.20 1310 8.00 bad
72.70 68 6.00 bad
448.70 1641 10.00 good
212.90 328 2.00 bad
130.30 1100 8.00 good
62.30 61 6.00 bad
477.20 2356 8.00 good
154.00 208 2.00 good
209.90 1080 2.00 bad
382.10 674 8.00 good
73.20 209 6.00 good