AddListCount Mode Median Class
93
0 1 2 4 8 9 11 12 13 14 15 17 18 19 22 23 26 28 29 31 32 33 36 37 38 40 41 42 44 48 49 50 51 52 56 58 59 60 63 64 67 68 69 70 75 77 78 80 83 84 85 86 87 88 92 94 96 98 100 102 103 104 105 106 107 108 112 114 115 117 120 123 124 125 126 127 128 129 130 131 132 134 136 137 138 140 141 143 145 148 149 150 152
214 8.00 6.00 good
492 8.00 8.00 good
12 6.00 6.00 bad
22 6.00 6.00 bad
53 6.00 6.00 bad
14 8.00 6.00 bad
15 6.00 6.00 bad
12 6.00 6.00 bad
9 6.00 6.00 bad
136 2.00 6.00 good
204 6.00 6.00 bad
10 8.00 6.00 bad
7 10.00 6.00 bad
70 10.00 6.00 bad
61 6.00 6.00 bad
32 4.00 4.00 good
32 6.00 6.00 bad
73 8.00 8.00 bad
68 10.00 8.00 good
6 6.00 6.00 good
111 8.00 8.00 bad
49 6.00 6.00 good
63 8.00 8.00 bad
106 8.00 8.00 bad
19 4.00 6.00 bad
172 8.00 8.00 good
289 6.00 6.00 good
215 2.00 6.00 bad
242 2.00 4.00 good
371 8.00 6.00 bad
13 6.00 6.00 bad
7 6.00 6.00 good
42 6.00 6.00 bad
446 10.00 8.00 bad
13 6.00 6.00 good
70 10.00 8.00 good
138 10.00 6.00 good
19 10.00 6.00 bad
21 2.00 6.00 good
10 2.00 4.00 bad
17 10.00 8.00 good
45 8.00 8.00 bad
5 8.00 8.00 bad
2 2.00 8.00 bad
8 6.00 6.00 good
183 10.00 8.00 bad
57 6.00 6.00 bad
193 10.00 10.00 bad
22 6.00 6.00 bad
3 6.00 6.00 bad
55 2.00 4.00 good
53 6.00 8.00 bad
65 10.00 6.00 bad
321 10.00 8.00 good
141 10.00 8.00 good
57 8.00 8.00 good
100 8.00 8.00 good
558 8.00 8.00 good
8 6.00 8.00 bad
39 2.00 6.00 good
6 6.00 6.00 bad
5 6.00 4.00 bad
98 8.00 8.00 good
102 6.00 6.00 good
188 10.00 6.00 bad
1586 10.00 10.00 good
63 6.00 6.00 bad
218 10.00 10.00 bad
76 6.00 6.00 bad
5 6.00 6.00 bad
15 8.00 6.00 good
32 6.00 6.00 good
57 6.00 6.00 good
149 10.00 10.00 good
48 10.00 8.00 good
146 10.00 8.00 good
108 10.00 8.00 good
510 10.00 8.00 good
11 6.00 6.00 bad
5 4.00 4.00 good
131 8.00 6.00 good
168 8.00 8.00 good
9 6.00 4.00 bad
303 10.00 8.00 good
53 2.00 6.00 bad
7 8.00 8.00 bad
19 8.00 8.00 bad
42 8.00 6.00 bad
28 6.00 6.00 bad
54 2.00 2.00 bad
178 8.00 6.00 good
5 6.00 6.00 bad
12 2.00 6.00 good