BookWordCount BookScore Kurtosis Class
97
0 1 2 6 7 8 9 10 13 14 15 16 17 19 20 21 22 24 28 29 30 31 37 40 41 45 46 48 49 51 52 53 56 57 58 59 62 63 64 66 67 70 71 72 75 78 79 81 82 83 84 86 90 93 95 96 97 99 100 101 102 103 104 106 107 109 110 111 113 116 117 118 119 120 122 123 124 128 129 130 131 132 133 134 135 136 137 139 141 143 145 147 149 150 151 152 153
177.20 6.4 200.91 good
289.90 7.2 406.22 good
48.30 6.4 267.71 bad
59.60 6.0 75.15 good
38.90 5.8 181.37 bad
143.50 6.5 196.73 bad
21.30 5.4 110.48 bad
82.50 5.8 143.84 bad
27.50 5.5 156.17 bad
123.80 5.9 68.44 good
257.20 6.6 188.48 bad
135.80 5.7 87.54 good
33.60 5.6 80.31 bad
122.40 6.7 181.41 bad
82.30 5.3 48.29 good
74.10 4.6 66.70 bad
77.70 6.5 468.11 bad
74.80 5.5 114.10 bad
53.00 7.2 418.19 bad
233.90 7.1 194.89 good
150.70 5.4 80.73 bad
78.00 5.8 211.54 good
51.30 7.8 948.64 bad
153.10 6.7 227.23 good
168.40 6.7 389.04 good
380.50 5.8 135.14 bad
123.50 7.1 218.67 good
281.40 6.8 362.40 bad
44.50 5.9 155.38 bad
84.60 5.9 339.26 bad
76.10 7.9 453.60 bad
53.70 4.0 31.11 bad
40.40 5.3 74.03 good
293.40 6.2 94.54 bad
63.50 7.5 256.16 good
133.40 6.5 148.52 good
49.60 5.3 199.64 bad
108.60 6.2 55.29 good
54.40 4.4 59.06 bad
34.80 5.9 204.65 bad
16.80 7.6 278.88 good
55.40 5.9 49.13 bad
98.90 6.1 106.33 bad
390.00 7.3 259.41 good
39.60 6.4 344.01 good
70.00 6.2 147.32 bad
131.20 5.2 65.93 bad
87.70 5.8 173.53 bad
183.00 5.6 87.78 bad
40.80 6.6 188.48 bad
30.00 5.9 116.65 bad
129.90 7.0 249.84 bad
50.40 4.0 25.57 bad
90.50 6.9 288.02 bad
99.00 5.5 128.84 bad
34.10 6.7 282.28 good
22.20 6.5 198.40 good
181.90 6.5 243.27 bad
59.90 7.0 297.05 bad
219.60 7.1 286.97 bad
78.10 5.3 65.28 good
21.40 6.6 664.54 bad
150.50 4.9 92.39 bad
64.40 6.0 114.14 good
310.00 6.4 72.91 bad
101.10 6.0 170.95 bad
133.50 5.8 131.59 bad
148.90 5.8 113.09 good
247.80 6.1 164.81 bad
118.30 6.0 138.45 good
59.10 5.5 132.92 bad
92.20 6.5 387.39 bad
427.70 7.3 297.36 good
85.80 5.6 75.21 good
79.20 7.0 313.76 bad
153.40 7.0 502.72 good
223.00 5.6 101.09 good
296.70 6.5 82.37 good
322.80 7.3 209.65 good
46.30 5.7 73.99 bad
195.70 4.4 58.14 good
237.20 6.4 212.10 good
145.80 5.9 194.01 bad
179.50 6.5 176.74 good
335.20 7.0 234.30 bad
72.70 4.8 63.17 bad
448.70 7.8 478.73 good
130.30 7.0 304.97 good
25.10 6.9 311.51 bad
177.70 5.5 86.23 bad
62.30 6.7 909.70 bad
154.00 3.9 40.59 good
382.10 6.0 113.50 good
44.60 6.1 158.29 bad
93.00 6.8 105.22 bad
163.50 5.1 62.68 good
73.20 5.7 105.28 good