AddListCount TwoStarRate FourStarRate Class
98
0 1 3 4 5 6 7 9 10 11 12 15 17 18 19 20 21 22 23 25 28 30 31 32 34 35 36 38 40 41 42 43 45 47 48 49 50 57 59 60 61 63 64 67 68 69 71 72 76 77 79 80 81 83 84 85 87 91 92 93 94 95 97 98 102 104 105 107 108 111 112 114 115 117 118 122 123 124 126 128 129 130 132 133 134 135 138 140 142 144 146 147 148 149 150 151 152 153
214 0.15 0.30 good
492 0.08 0.36 good
38 0.12 0.27 bad
22 0.09 0.25 bad
122 0.20 0.21 good
42 0.14 0.18 good
8 0.15 0.11 bad
14 0.18 0.30 bad
25 0.26 0.27 bad
15 0.04 0.32 bad
12 0.08 0.08 bad
204 0.13 0.25 bad
10 0.22 0.23 bad
7 0.17 0.14 bad
70 0.18 0.22 bad
17 0.20 0.20 good
12 0.37 0.14 bad
61 0.15 0.28 bad
32 0.31 0.08 good
2 0.20 0.00 bad
73 0.11 0.31 bad
9 0.18 0.14 bad
6 0.30 0.19 good
111 0.09 0.39 bad
24 0.30 0.13 bad
254 0.12 0.14 good
63 0.10 0.34 bad
19 0.35 0.17 bad
172 0.12 0.33 good
289 0.14 0.29 good
215 0.17 0.20 bad
18 0.13 0.14 good
93 0.20 0.23 bad
20 0.28 0.22 bad
371 0.09 0.33 bad
13 0.10 0.23 bad
7 0.28 0.14 good
551 0.07 0.29 bad
138 0.21 0.21 good
19 0.21 0.20 bad
33 0.08 0.44 good
21 0.07 0.20 good
10 0.27 0.14 bad
17 0.06 0.25 good
45 0.11 0.30 bad
5 0.05 0.42 bad
119 0.12 0.25 bad
180 0.08 0.20 good
110 0.07 0.36 good
183 0.07 0.27 bad
94 0.19 0.17 bad
193 0.03 0.19 bad
4 0.08 0.08 bad
22 0.17 0.22 bad
3 0.14 0.19 bad
55 0.19 0.24 good
65 0.09 0.19 bad
218 0.08 0.28 good
141 0.04 0.29 good
121 0.08 0.34 bad
57 0.11 0.33 good
4 0.23 0.00 bad
7 0.03 0.40 good
558 0.08 0.33 good
39 0.14 0.21 good
5 0.31 0.04 bad
98 0.08 0.33 good
188 0.12 0.17 bad
1586 0.02 0.20 good
53 0.16 0.26 good
63 0.20 0.15 bad
218 0.02 0.23 bad
76 0.19 0.19 bad
5 0.11 0.14 bad
112 0.11 0.30 bad
126 0.10 0.29 bad
32 0.08 0.30 good
57 0.19 0.20 good
48 0.06 0.21 good
108 0.08 0.23 good
510 0.07 0.26 good
11 0.13 0.16 bad
131 0.14 0.35 good
1 0.13 0.33 bad
168 0.12 0.34 good
293 0.09 0.29 bad
53 0.10 0.19 bad
7 0.30 0.54 bad
365 0.05 0.24 good
103 0.25 0.18 bad
710 0.09 0.37 good
26 0.22 0.09 good
54 0.03 0.06 bad
178 0.18 0.26 good
5 0.15 0.20 bad
125 0.07 0.19 bad
12 0.19 0.14 good
50 0.22 0.22 good