BookWordCount BookScore BookScoreCount Class
105
0 1 2 4 6 7 10 11 12 14 15 16 17 18 19 20 21 22 23 24 25 26 27 29 30 31 32 33 35 36 37 38 40 41 42 45 47 48 49 54 55 56 57 59 60 61 62 63 64 65 67 68 69 70 71 72 76 77 78 79 81 82 84 86 88 89 90 91 92 93 94 95 96 97 98 99 101 110 114 115 117 119 120 121 122 123 127 130 131 132 133 134 135 136 137 139 141 143 147 148 149 150 151 152 153
177.20 6.4 568 good
289.90 7.2 967 good
48.30 6.4 47 bad
139.00 5.8 78 bad
59.60 6.0 187 good
38.90 5.8 27 bad
82.50 5.8 78 bad
13.40 6.9 51 bad
21.80 6.0 25 bad
123.80 5.9 454 good
257.20 6.6 658 bad
135.80 5.7 119 good
33.60 5.6 36 bad
24.10 6.5 23 bad
122.40 6.7 250 bad
82.30 5.3 112 good
74.10 4.6 44 bad
77.70 6.5 159 bad
122.20 4.7 116 good
74.80 5.5 70 bad
35.90 4.8 11 bad
62.70 6.5 100 bad
147.20 4.5 150 good
233.90 7.1 290 good
150.70 5.4 29 bad
78.00 5.8 44 good
51.10 6.8 292 bad
178.90 6.1 192 good
713.10 5.5 1909 good
87.00 6.7 223 bad
51.30 7.8 216 bad
80.20 5.9 63 bad
153.10 6.7 495 good
168.40 6.7 670 good
300.10 5.4 686 bad
380.50 5.8 299 bad
49.70 5.3 79 bad
281.40 6.8 1248 bad
44.50 5.9 72 bad
13.00 7.0 43 good
106.40 5.6 55 bad
40.40 5.3 80 good
293.40 6.2 2109 bad
133.40 6.5 484 good
45.10 6.2 108 bad
17.00 7.5 86 good
49.60 5.3 13 bad
108.60 6.2 91 good
54.40 4.4 45 bad
72.20 4.8 82 bad
16.80 7.6 90 good
79.60 6.8 153 bad
7.30 7.4 20 bad
55.40 5.9 51 bad
98.90 6.1 248 bad
390.00 7.3 956 good
46.20 6.8 429 good
1070.70 7.6 745 bad
70.00 6.2 217 bad
131.20 5.2 531 bad
87.70 5.8 25 bad
183.00 5.6 31 bad
30.00 5.9 21 bad
129.90 7.0 222 bad
315.30 6.7 1636 good
153.20 6.4 145 bad
50.40 4.0 16 bad
126.20 7.2 654 good
116.50 7.8 527 good
90.50 6.9 396 bad
63.70 7.0 218 good
99.00 5.5 13 bad
34.10 6.7 188 good
22.20 6.5 39 good
170.60 7.3 2113 good
181.90 6.5 942 bad
219.60 7.1 219 bad
133.50 5.8 112 bad
31.70 8.5 1114 bad
119.20 5.5 282 bad
59.10 5.5 34 bad
427.70 7.3 1575 good
85.80 5.6 45 good
145.90 4.5 59 bad
79.20 7.0 385 bad
153.40 7.0 93 good
34.20 7.4 387 good
46.30 5.7 82 bad
195.70 4.4 31 good
237.20 6.4 614 good
145.80 5.9 23 bad
179.50 6.5 795 good
335.20 7.0 1310 bad
72.70 4.8 68 bad
448.70 7.8 1641 good
130.30 7.0 1100 good
25.10 6.9 83 bad
177.70 5.5 153 bad
154.00 3.9 208 good
209.90 3.3 1080 bad
382.10 6.0 674 good
44.60 6.1 21 bad
93.00 6.8 638 bad
163.50 5.1 45 good
73.20 5.7 209 good