BookScore ThreeStarRate Kurtosis Class
93
0 1 2 3 4 5 6 7 8 10 11 12 14 15 16 18 19 20 21 25 28 29 30 31 34 35 40 41 44 45 46 48 51 52 57 58 60 62 63 64 65 67 71 72 73 75 77 78 79 80 81 82 85 86 87 88 89 90 92 94 95 99 100 101 102 104 106 109 111 113 114 116 118 120 121 124 125 126 128 131 132 133 134 136 138 139 141 142 147 149 150 151 152
6.4 0.28 200.91 good
7.2 0.23 406.22 good
6.4 0.40 267.71 bad
6.4 0.27 155.27 bad
5.8 0.33 113.07 bad
5.6 0.26 93.52 good
6.0 0.21 75.15 good
5.8 0.48 181.37 bad
6.5 0.30 196.73 bad
5.8 0.23 143.84 bad
6.9 0.40 491.68 bad
6.0 0.44 114.51 bad
5.9 0.21 68.44 good
6.6 0.27 188.48 bad
5.7 0.23 87.54 good
6.5 0.28 137.29 bad
6.7 0.22 181.41 bad
5.3 0.15 48.29 good
4.6 0.16 66.70 bad
4.8 0.20 28.01 bad
7.2 0.25 418.19 bad
7.1 0.22 194.89 good
5.4 0.32 80.73 bad
5.8 0.33 211.54 good
5.1 0.39 192.82 bad
5.5 0.18 41.11 good
6.7 0.24 227.23 good
6.7 0.34 389.04 good
5.4 0.11 29.34 good
5.8 0.30 135.14 bad
7.1 0.19 218.67 good
6.8 0.33 362.40 bad
5.9 0.37 339.26 bad
7.9 0.15 453.60 bad
6.2 0.21 94.54 bad
7.5 0.14 256.16 good
6.2 0.18 95.85 bad
5.3 0.08 199.64 bad
6.2 0.12 55.29 good
4.4 0.21 59.06 bad
4.8 0.31 77.07 bad
7.6 0.16 278.88 good
6.1 0.25 106.33 bad
7.3 0.26 259.41 good
6.8 0.22 278.58 bad
6.4 0.40 344.01 good
7.6 0.22 440.27 bad
6.2 0.33 147.32 bad
5.2 0.26 65.93 bad
8.3 0.13 599.56 bad
5.8 0.54 173.53 bad
5.6 0.20 87.78 bad
5.2 0.15 51.21 good
7.0 0.30 249.84 bad
6.4 0.23 95.46 bad
6.7 0.18 118.81 good
6.4 0.27 208.64 bad
4.0 0.20 25.57 bad
7.8 0.16 444.03 good
7.0 0.23 299.63 good
5.5 0.46 128.84 bad
6.5 0.34 243.27 bad
7.0 0.34 297.05 bad
7.1 0.26 286.97 bad
5.3 0.26 65.28 good
4.9 0.34 92.39 bad
6.0 0.27 114.14 good
6.0 0.36 170.95 bad
5.8 0.26 113.09 good
6.1 0.36 164.81 bad
8.5 0.09 875.52 bad
6.0 0.42 138.45 good
6.5 0.39 387.39 bad
5.6 0.20 75.21 good
4.5 0.32 102.63 bad
5.6 0.29 101.09 good
8.9 0.08 1797.82 good
6.4 0.16 76.64 good
6.5 0.13 82.37 good
4.4 0.13 58.14 good
6.4 0.25 212.10 good
5.9 0.33 194.01 bad
6.5 0.21 176.74 good
4.8 0.32 63.17 bad
5.7 0.22 56.35 bad
7.0 0.24 304.97 good
6.9 0.19 311.51 bad
7.8 0.15 364.52 good
3.9 0.19 40.59 good
6.0 0.23 113.50 good
6.1 0.35 158.29 bad
6.8 0.16 105.22 bad
5.1 0.28 62.68 good