BookScoreCount ThreeStarRate FourStarRate Class
96
1 2 3 4 5 8 9 11 14 15 16 17 18 19 21 25 27 28 29 33 35 37 39 40 41 45 46 47 48 50 51 52 53 54 55 56 57 58 59 60 61 62 63 64 65 67 69 71 74 77 79 82 83 86 88 89 90 94 95 96 98 99 100 101 105 106 108 110 112 114 116 118 119 120 121 124 125 126 127 129 130 134 135 137 139 140 141 142 143 145 146 147 148 149 150 152
967 0.23 0.36 good
47 0.40 0.24 bad
129 0.27 0.27 bad
78 0.33 0.25 bad
439 0.26 0.21 good
177 0.30 0.22 bad
51 0.26 0.30 bad
51 0.40 0.32 bad
454 0.21 0.19 good
658 0.27 0.25 bad
119 0.23 0.20 good
36 0.20 0.23 bad
23 0.28 0.14 bad
250 0.22 0.22 bad
44 0.16 0.14 bad
11 0.20 0.00 bad
150 0.21 0.15 good
263 0.25 0.31 bad
290 0.22 0.20 good
192 0.29 0.23 good
1909 0.18 0.14 good
216 0.20 0.44 bad
20 0.16 0.05 bad
495 0.24 0.33 good
670 0.34 0.29 good
299 0.30 0.23 bad
108 0.19 0.33 good
79 0.20 0.22 bad
1248 0.33 0.33 bad
29 0.32 0.14 good
133 0.37 0.21 bad
1780 0.15 0.30 bad
22 0.14 0.00 bad
43 0.33 0.21 good
55 0.33 0.20 bad
80 0.32 0.10 good
2109 0.21 0.29 bad
461 0.14 0.30 good
484 0.21 0.21 good
108 0.18 0.20 bad
86 0.25 0.44 good
13 0.08 0.34 bad
91 0.12 0.20 good
45 0.21 0.14 bad
82 0.31 0.07 bad
90 0.16 0.25 good
20 0.26 0.42 bad
248 0.25 0.25 bad
46 0.36 0.31 bad
745 0.22 0.27 bad
531 0.26 0.17 bad
31 0.20 0.05 bad
104 0.28 0.22 bad
222 0.30 0.27 bad
1636 0.18 0.23 good
145 0.27 0.28 bad
16 0.20 0.07 bad
218 0.23 0.33 good
13 0.46 0.00 bad
188 0.28 0.33 good
2113 0.22 0.33 good
942 0.34 0.26 bad
42 0.34 0.27 bad
219 0.26 0.27 bad
339 0.19 0.33 good
349 0.27 0.24 good
5393 0.10 0.20 good
112 0.28 0.24 bad
201 0.30 0.15 bad
1114 0.09 0.23 bad
19 0.42 0.12 good
274 0.39 0.30 bad
1575 0.20 0.33 good
45 0.20 0.25 good
59 0.32 0.08 bad
320 0.29 0.20 good
768 0.08 0.20 good
353 0.16 0.21 good
387 0.22 0.26 good
2063 0.16 0.26 good
82 0.28 0.16 bad
795 0.21 0.34 good
1310 0.24 0.29 bad
1641 0.15 0.33 good
1100 0.24 0.36 good
21 0.07 0.54 bad
83 0.19 0.49 bad
2366 0.15 0.24 good
153 0.22 0.24 bad
61 0.45 0.33 bad
2356 0.27 0.37 good
208 0.19 0.09 good
1080 0.04 0.06 bad
674 0.23 0.26 good
21 0.35 0.20 bad
45 0.28 0.14 good