AddListCount TwoStarRate FourStarRate Class
95
0 1 4 5 6 8 9 10 14 15 16 17 19 21 28 29 30 31 32 33 35 36 37 38 41 42 43 44 45 51 53 54 55 56 57 58 59 60 62 68 69 70 72 73 77 79 83 86 88 91 93 96 97 98 100 101 103 104 105 106 108 109 110 111 112 114 115 116 117 118 119 120 121 123 126 127 128 129 132 133 134 135 136 137 139 140 141 142 143 146 147 148 149 150 152
214 0.15 0.30 good
492 0.08 0.36 good
22 0.09 0.25 bad
122 0.20 0.21 good
42 0.14 0.18 good
53 0.16 0.22 bad
14 0.18 0.30 bad
25 0.26 0.27 bad
136 0.14 0.19 good
204 0.13 0.25 bad
25 0.22 0.20 good
10 0.22 0.23 bad
70 0.18 0.22 bad
12 0.37 0.14 bad
73 0.11 0.31 bad
68 0.10 0.20 good
9 0.18 0.14 bad
6 0.30 0.19 good
111 0.09 0.39 bad
49 0.20 0.23 good
254 0.12 0.14 good
63 0.10 0.34 bad
106 0.03 0.44 bad
19 0.35 0.17 bad
289 0.14 0.29 good
215 0.17 0.20 bad
18 0.13 0.14 good
242 0.07 0.16 good
93 0.20 0.23 bad
42 0.30 0.21 bad
1 0.33 0.00 bad
9 0.05 0.21 good
11 0.28 0.20 bad
13 0.20 0.10 good
551 0.07 0.29 bad
70 0.05 0.30 good
138 0.21 0.21 good
19 0.21 0.20 bad
3 0.50 0.34 bad
45 0.11 0.30 bad
5 0.05 0.42 bad
2 0.10 0.32 bad
180 0.08 0.20 good
8 0.11 0.39 bad
183 0.07 0.27 bad
94 0.19 0.17 bad
22 0.17 0.22 bad
53 0.03 0.27 bad
321 0.10 0.23 good
218 0.08 0.28 good
121 0.08 0.34 bad
100 0.11 0.33 good
7 0.03 0.40 good
558 0.08 0.33 good
8 0.02 0.27 bad
65 0.10 0.27 bad
6 0.08 0.26 bad
5 0.31 0.04 bad
98 0.08 0.33 good
102 0.14 0.24 good
1586 0.02 0.20 good
34 0.14 0.24 bad
31 0.21 0.24 bad
53 0.16 0.26 good
63 0.20 0.15 bad
218 0.02 0.23 bad
76 0.19 0.19 bad
7 0.12 0.12 good
5 0.11 0.14 bad
112 0.11 0.30 bad
274 0.06 0.33 good
15 0.18 0.25 good
14 0.30 0.08 bad
32 0.08 0.30 good
48 0.06 0.21 good
146 0.06 0.26 good
108 0.08 0.23 good
510 0.07 0.26 good
131 0.14 0.35 good
1 0.13 0.33 bad
168 0.12 0.34 good
293 0.09 0.29 bad
9 0.24 0.05 bad
303 0.05 0.33 good
206 0.07 0.36 good
7 0.30 0.54 bad
19 0.03 0.49 bad
365 0.05 0.24 good
42 0.21 0.24 bad
710 0.09 0.37 good
26 0.22 0.09 good
54 0.03 0.06 bad
178 0.18 0.26 good
5 0.15 0.20 bad
12 0.19 0.14 good