BookScore BookScoreCount FourStarRate Class
98
1 2 4 5 7 9 11 14 16 17 18 19 21 22 24 26 29 31 32 33 34 35 36 37 38 39 40 41 42 43 44 45 47 48 50 51 53 55 56 59 63 70 71 73 74 76 77 84 86 87 88 89 91 92 93 96 97 99 100 102 103 104 107 108 109 111 112 113 114 115 116 117 118 119 120 122 123 124 125 126 127 129 132 133 134 135 137 138 139 141 143 144 146 148 149 150 152 153
7.2 967 0.36 good
6.4 47 0.24 bad
5.8 78 0.25 bad
5.6 439 0.21 good
5.8 27 0.11 bad
5.4 51 0.30 bad
6.9 51 0.32 bad
5.9 454 0.19 good
5.7 119 0.20 good
5.6 36 0.23 bad
6.5 23 0.14 bad
6.7 250 0.22 bad
4.6 44 0.14 bad
6.5 159 0.28 bad
5.5 70 0.13 bad
6.5 100 0.18 bad
7.1 290 0.20 good
5.8 44 0.19 good
6.8 292 0.39 bad
6.1 192 0.23 good
5.1 97 0.13 bad
5.5 1909 0.14 good
6.7 223 0.34 bad
7.8 216 0.44 bad
5.9 63 0.17 bad
3.5 20 0.05 bad
6.7 495 0.33 good
6.7 670 0.29 good
5.4 686 0.20 bad
5.1 81 0.14 good
5.4 1885 0.16 good
5.8 299 0.23 bad
5.3 79 0.22 bad
6.8 1248 0.33 bad
5.3 29 0.14 good
5.9 133 0.21 bad
4.0 22 0.00 bad
5.6 55 0.20 bad
5.3 80 0.10 good
6.5 484 0.21 good
6.2 91 0.20 good
5.9 51 0.32 bad
6.1 248 0.25 bad
6.8 19 0.39 bad
6.1 46 0.31 bad
6.8 429 0.36 good
7.6 745 0.27 bad
5.9 21 0.19 bad
7.0 222 0.27 bad
6.4 182 0.19 bad
6.7 1636 0.23 good
6.4 145 0.28 bad
7.2 654 0.28 good
7.8 527 0.29 good
6.9 396 0.34 bad
6.7 188 0.33 good
6.5 39 0.40 good
6.5 942 0.26 bad
7.0 42 0.27 bad
5.3 225 0.21 good
6.6 29 0.26 bad
4.9 25 0.04 bad
6.4 1184 0.17 bad
8.7 5393 0.20 good
6.0 88 0.24 bad
5.8 182 0.26 good
5.4 201 0.15 bad
6.1 136 0.21 bad
8.5 1114 0.23 bad
5.5 282 0.19 bad
6.0 19 0.12 good
5.5 34 0.14 bad
6.5 274 0.30 bad
7.3 1575 0.33 good
5.6 45 0.25 good
7.0 385 0.29 bad
7.0 93 0.30 good
5.6 320 0.20 good
8.9 768 0.20 good
6.4 353 0.21 good
7.4 387 0.26 good
7.3 2063 0.26 good
6.4 614 0.35 good
5.9 23 0.33 bad
6.5 795 0.34 good
7.0 1310 0.29 bad
7.8 1641 0.33 good
5.7 328 0.19 bad
7.0 1100 0.36 good
6.9 83 0.49 bad
5.5 153 0.24 bad
5.4 364 0.18 bad
7.0 2356 0.37 good
3.3 1080 0.06 bad
6.0 674 0.26 good
6.1 21 0.20 bad
5.1 45 0.14 good
5.7 209 0.22 good