BookScore BookScoreCount FiveStarRate Class
96
0 5 6 7 8 9 10 11 13 14 16 17 18 19 21 24 27 28 29 30 31 32 33 35 37 39 40 41 42 43 44 46 51 52 53 54 55 56 57 59 60 61 62 65 67 68 70 71 72 74 76 77 80 83 84 87 89 90 91 92 94 97 98 99 100 102 103 109 113 114 117 119 121 122 124 125 126 127 130 131 132 133 134 139 140 142 143 144 145 146 147 148 149 151 152 153
6.4 568 0.15 good
5.6 439 0.12 good
6.0 187 0.23 good
5.8 27 0.11 bad
6.5 177 0.21 bad
5.4 51 0.02 bad
5.8 78 0.09 bad
6.9 51 0.16 bad
5.5 48 0.09 bad
5.9 454 0.20 good
5.7 119 0.14 good
5.6 36 0.12 bad
6.5 23 0.28 bad
6.7 250 0.28 bad
4.6 44 0.04 bad
5.5 70 0.11 bad
4.5 150 0.05 good
7.2 263 0.27 bad
7.1 290 0.36 good
5.4 29 0.11 bad
5.8 44 0.09 good
6.8 292 0.13 bad
6.1 192 0.15 good
5.5 1909 0.21 good
7.8 216 0.28 bad
3.5 20 0.00 bad
6.7 495 0.19 good
6.7 670 0.17 good
5.4 686 0.11 bad
5.1 81 0.14 good
5.4 1885 0.23 good
7.1 108 0.27 good
5.9 133 0.07 bad
7.9 1780 0.42 bad
4.0 22 0.10 bad
7.0 43 0.29 good
5.6 55 0.06 bad
5.3 80 0.13 good
6.2 2109 0.18 bad
6.5 484 0.25 good
6.2 108 0.23 bad
7.5 86 0.21 good
5.3 13 0.00 bad
4.8 82 0.07 bad
7.6 90 0.42 good
6.8 153 0.22 bad
5.9 51 0.20 bad
6.1 248 0.17 bad
7.3 956 0.35 good
6.1 46 0.04 bad
6.8 429 0.24 good
7.6 745 0.37 bad
8.3 714 0.58 bad
6.6 104 0.22 bad
5.9 21 0.14 bad
6.4 182 0.27 bad
6.4 145 0.17 bad
4.0 16 0.07 bad
7.2 654 0.34 good
7.8 527 0.42 good
7.0 218 0.23 good
6.5 39 0.13 good
7.3 2113 0.29 good
6.5 942 0.17 bad
7.0 42 0.25 bad
5.3 225 0.08 good
6.6 29 0.11 bad
6.0 88 0.10 bad
6.1 136 0.14 bad
8.5 1114 0.60 bad
5.5 34 0.09 bad
7.3 1575 0.29 good
4.5 59 0.02 bad
7.0 385 0.25 bad
5.6 320 0.11 good
8.9 768 0.67 good
6.4 353 0.30 good
7.4 387 0.36 good
5.7 82 0.17 bad
4.4 31 0.06 good
6.4 614 0.13 good
5.9 23 0.04 bad
6.5 795 0.18 good
7.0 1100 0.22 good
6.4 21 0.05 bad
7.8 2366 0.46 good
5.5 153 0.10 bad
5.4 364 0.09 bad
6.7 61 0.08 bad
7.0 2356 0.19 good
3.9 208 0.02 good
3.3 1080 0.08 bad
6.0 674 0.15 good
6.8 638 0.37 bad
5.1 45 0.09 good
5.7 209 0.12 good