ThreeStarRate FourStarRate Median Class
99
1 2 6 8 9 11 12 15 16 17 20 21 23 24 25 26 29 32 34 36 37 38 39 41 43 45 48 50 53 54 55 57 58 59 60 61 62 63 64 65 66 67 68 69 70 71 72 73 75 76 77 78 79 80 82 85 86 87 88 91 92 93 94 96 98 99 101 102 104 105 106 108 109 110 111 113 118 119 121 124 125 128 129 134 135 136 139 140 141 142 143 144 146 147 148 149 150 151 153
0.23 0.36 8.00 good
0.40 0.24 6.00 bad
0.21 0.18 6.00 good
0.30 0.22 6.00 bad
0.26 0.30 6.00 bad
0.40 0.32 6.00 bad
0.44 0.08 6.00 bad
0.27 0.25 6.00 bad
0.23 0.20 6.00 good
0.20 0.23 6.00 bad
0.15 0.20 4.00 good
0.16 0.14 4.00 bad
0.28 0.08 4.00 good
0.36 0.13 6.00 bad
0.20 0.00 4.00 bad
0.43 0.18 6.00 bad
0.22 0.20 8.00 good
0.31 0.39 8.00 bad
0.39 0.13 6.00 bad
0.23 0.34 8.00 bad
0.20 0.44 8.00 bad
0.27 0.17 6.00 bad
0.16 0.05 2.00 bad
0.34 0.29 6.00 good
0.24 0.14 6.00 good
0.30 0.23 6.00 bad
0.33 0.33 6.00 bad
0.32 0.14 6.00 good
0.14 0.00 4.00 bad
0.33 0.21 6.00 good
0.33 0.20 6.00 bad
0.21 0.29 6.00 bad
0.14 0.30 8.00 good
0.21 0.21 6.00 good
0.18 0.20 6.00 bad
0.25 0.44 8.00 good
0.08 0.34 4.00 bad
0.12 0.20 6.00 good
0.21 0.14 4.00 bad
0.31 0.07 4.00 bad
0.43 0.19 6.00 bad
0.16 0.25 8.00 good
0.25 0.30 8.00 bad
0.26 0.42 8.00 bad
0.04 0.32 8.00 bad
0.25 0.25 6.00 bad
0.26 0.20 8.00 good
0.22 0.39 8.00 bad
0.40 0.30 6.00 good
0.15 0.36 8.00 good
0.22 0.27 8.00 bad
0.33 0.24 6.00 bad
0.26 0.17 6.00 bad
0.13 0.19 10.00 bad
0.20 0.05 4.00 bad
0.15 0.24 4.00 good
0.30 0.27 8.00 bad
0.23 0.19 6.00 bad
0.18 0.23 8.00 good
0.16 0.28 8.00 good
0.16 0.29 8.00 good
0.26 0.34 8.00 bad
0.23 0.33 8.00 good
0.28 0.33 8.00 good
0.22 0.33 8.00 good
0.34 0.26 6.00 bad
0.26 0.27 8.00 bad
0.26 0.21 6.00 good
0.34 0.04 4.00 bad
0.19 0.33 8.00 good
0.27 0.24 6.00 good
0.10 0.20 10.00 good
0.36 0.24 6.00 bad
0.28 0.24 6.00 bad
0.26 0.26 6.00 good
0.36 0.21 6.00 bad
0.39 0.30 6.00 bad
0.20 0.33 8.00 good
0.32 0.08 4.00 bad
0.29 0.20 6.00 good
0.08 0.20 10.00 good
0.13 0.23 8.00 good
0.16 0.26 8.00 good
0.21 0.34 8.00 good
0.24 0.29 8.00 bad
0.32 0.05 4.00 bad
0.24 0.36 8.00 good
0.07 0.54 8.00 bad
0.19 0.49 8.00 bad
0.15 0.24 8.00 good
0.22 0.24 6.00 bad
0.27 0.18 6.00 bad
0.27 0.37 8.00 good
0.19 0.09 4.00 good
0.04 0.06 2.00 bad
0.23 0.26 6.00 good
0.35 0.20 6.00 bad
0.16 0.19 8.00 bad
0.25 0.22 6.00 good