BookScore Median Kurtosis Class
99
1 2 3 4 6 7 9 10 11 12 14 15 16 18 19 20 22 24 25 26 28 29 32 33 37 39 41 42 43 44 45 47 48 49 50 51 55 57 58 59 60 61 63 64 65 66 67 68 69 70 71 72 73 74 77 78 79 80 81 82 83 86 87 88 91 92 93 94 96 98 99 100 103 105 106 107 108 112 116 118 122 123 124 126 128 130 132 134 136 138 140 141 142 144 145 148 150 152 153
7.2 8.00 406.22 good
6.4 6.00 267.71 bad
6.4 6.00 155.27 bad
5.8 6.00 113.07 bad
6.0 6.00 75.15 good
5.8 6.00 181.37 bad
5.4 6.00 110.48 bad
5.8 6.00 143.84 bad
6.9 6.00 491.68 bad
6.0 6.00 114.51 bad
5.9 6.00 68.44 good
6.6 6.00 188.48 bad
5.7 6.00 87.54 good
6.5 6.00 137.29 bad
6.7 6.00 181.41 bad
5.3 4.00 48.29 good
6.5 6.00 468.11 bad
5.5 6.00 114.10 bad
4.8 4.00 28.01 bad
6.5 6.00 249.04 bad
7.2 8.00 418.19 bad
7.1 8.00 194.89 good
6.8 8.00 404.81 bad
6.1 6.00 163.05 good
7.8 8.00 948.64 bad
3.5 2.00 53.89 bad
6.7 6.00 389.04 good
5.4 6.00 74.29 bad
5.1 6.00 44.83 good
5.4 4.00 29.34 good
5.8 6.00 135.14 bad
5.3 4.00 85.63 bad
6.8 6.00 362.40 bad
5.9 6.00 155.38 bad
5.3 6.00 119.73 good
5.9 6.00 339.26 bad
5.6 6.00 182.02 bad
6.2 6.00 94.54 bad
7.5 8.00 256.16 good
6.5 6.00 148.52 good
6.2 6.00 95.85 bad
7.5 8.00 1104.85 good
6.2 6.00 55.29 good
4.4 4.00 59.06 bad
4.8 4.00 77.07 bad
5.9 6.00 204.65 bad
7.6 8.00 278.88 good
6.8 8.00 223.96 bad
7.4 8.00 758.93 bad
5.9 8.00 49.13 bad
6.1 6.00 106.33 bad
7.3 8.00 259.41 good
6.8 8.00 278.58 bad
6.1 6.00 393.48 bad
7.6 8.00 440.27 bad
6.2 6.00 147.32 bad
5.2 6.00 65.93 bad
8.3 10.00 599.56 bad
5.8 6.00 173.53 bad
5.6 4.00 87.78 bad
6.6 6.00 188.48 bad
7.0 8.00 249.84 bad
6.4 6.00 95.46 bad
6.7 8.00 118.81 good
7.2 8.00 191.97 good
7.8 8.00 444.03 good
6.9 8.00 288.02 bad
7.0 8.00 299.63 good
6.7 8.00 282.28 good
7.3 8.00 391.57 good
6.5 6.00 243.27 bad
7.0 8.00 297.05 bad
6.6 6.00 664.54 bad
7.4 8.00 385.10 good
6.0 6.00 114.14 good
6.4 6.00 72.91 bad
8.7 10.00 1238.93 good
5.4 6.00 84.03 bad
6.0 6.00 138.45 good
6.5 6.00 387.39 bad
7.0 8.00 313.76 bad
7.0 6.00 502.72 good
5.6 6.00 101.09 good
6.4 8.00 76.64 good
6.5 8.00 82.37 good
5.7 6.00 73.99 bad
6.4 6.00 212.10 good
6.5 8.00 176.74 good
4.8 4.00 63.17 bad
5.7 6.00 56.35 bad
6.4 8.00 361.68 bad
6.9 8.00 311.51 bad
7.8 8.00 364.52 good
5.4 6.00 97.95 bad
6.7 6.00 909.70 bad
3.3 2.00 9.99 bad
6.1 6.00 158.29 bad
5.1 6.00 62.68 good
5.7 6.00 105.28 good