BookWordCount BookScore FourStarRate Class
100
0 1 3 4 6 7 8 9 10 11 12 13 14 15 21 23 27 28 29 30 32 33 34 35 36 37 38 39 40 41 43 45 46 47 49 51 52 53 54 55 56 57 58 60 61 62 63 65 67 68 71 72 73 75 77 83 84 85 86 87 88 89 93 94 96 98 99 100 101 102 103 104 105 114 116 118 119 120 121 122 128 130 131 132 133 134 135 136 137 138 139 140 141 145 146 147 148 149 150 152
177.20 6.4 0.30 good
289.90 7.2 0.36 good
52.30 6.4 0.27 bad
139.00 5.8 0.25 bad
59.60 6.0 0.18 good
38.90 5.8 0.11 bad
143.50 6.5 0.22 bad
21.30 5.4 0.30 bad
82.50 5.8 0.27 bad
13.40 6.9 0.32 bad
21.80 6.0 0.08 bad
27.50 5.5 0.13 bad
123.80 5.9 0.19 good
257.20 6.6 0.25 bad
74.10 4.6 0.14 bad
122.20 4.7 0.08 good
147.20 4.5 0.15 good
53.00 7.2 0.31 bad
233.90 7.1 0.20 good
150.70 5.4 0.14 bad
51.10 6.8 0.39 bad
178.90 6.1 0.23 good
154.60 5.1 0.13 bad
713.10 5.5 0.14 good
87.00 6.7 0.34 bad
51.30 7.8 0.44 bad
80.20 5.9 0.17 bad
22.80 3.5 0.05 bad
153.10 6.7 0.33 good
168.40 6.7 0.29 good
74.40 5.1 0.14 good
380.50 5.8 0.23 bad
123.50 7.1 0.33 good
49.70 5.3 0.22 bad
44.50 5.9 0.23 bad
84.60 5.9 0.21 bad
76.10 7.9 0.30 bad
53.70 4.0 0.00 bad
13.00 7.0 0.21 good
106.40 5.6 0.20 bad
40.40 5.3 0.10 good
293.40 6.2 0.29 bad
63.50 7.5 0.30 good
45.10 6.2 0.20 bad
17.00 7.5 0.44 good
49.60 5.3 0.34 bad
108.60 6.2 0.20 good
72.20 4.8 0.07 bad
16.80 7.6 0.25 good
79.60 6.8 0.30 bad
98.90 6.1 0.25 bad
390.00 7.3 0.20 good
68.60 6.8 0.39 bad
39.60 6.4 0.30 good
1070.70 7.6 0.27 bad
40.80 6.6 0.22 bad
30.00 5.9 0.19 bad
87.20 5.2 0.24 good
129.90 7.0 0.27 bad
112.10 6.4 0.19 bad
315.30 6.7 0.23 good
153.20 6.4 0.28 bad
90.50 6.9 0.34 bad
63.70 7.0 0.33 good
34.10 6.7 0.33 good
170.60 7.3 0.33 good
181.90 6.5 0.26 bad
59.90 7.0 0.27 bad
219.60 7.1 0.27 bad
78.10 5.3 0.21 good
21.40 6.6 0.26 bad
150.50 4.9 0.04 bad
198.70 7.4 0.33 good
31.70 8.5 0.23 bad
118.30 6.0 0.12 good
92.20 6.5 0.30 bad
427.70 7.3 0.33 good
85.80 5.6 0.25 good
145.90 4.5 0.08 bad
79.20 7.0 0.29 bad
296.70 6.5 0.23 good
46.30 5.7 0.16 bad
195.70 4.4 0.11 good
237.20 6.4 0.35 good
145.80 5.9 0.33 bad
179.50 6.5 0.34 good
335.20 7.0 0.29 bad
72.70 4.8 0.05 bad
448.70 7.8 0.33 good
212.90 5.7 0.19 bad
130.30 7.0 0.36 good
43.40 6.4 0.54 bad
25.10 6.9 0.49 bad
62.30 6.7 0.33 bad
477.20 7.0 0.37 good
154.00 3.9 0.09 good
209.90 3.3 0.06 bad
382.10 6.0 0.26 good
44.60 6.1 0.20 bad
163.50 5.1 0.14 good