BookScore ThreeStarRate FiveStarRate Class
100
0 2 3 4 5 6 7 8 9 10 13 15 17 18 21 22 23 24 26 29 32 33 34 35 36 37 38 39 42 43 44 45 46 47 48 50 54 56 58 59 60 61 62 63 64 65 67 69 70 72 73 75 76 77 79 80 81 83 84 85 87 88 91 93 95 97 98 99 100 101 102 103 105 106 108 109 110 111 113 115 116 118 119 120 121 124 125 127 128 129 130 133 137 138 139 142 144 148 149 150
6.4 0.28 0.15 good
6.4 0.40 0.15 bad
6.4 0.27 0.18 bad
5.8 0.33 0.10 bad
5.6 0.26 0.12 good
6.0 0.21 0.23 good
5.8 0.48 0.11 bad
6.5 0.30 0.21 bad
5.4 0.26 0.02 bad
5.8 0.23 0.09 bad
5.5 0.39 0.09 bad
6.6 0.27 0.23 bad
5.6 0.20 0.12 bad
6.5 0.28 0.28 bad
4.6 0.16 0.04 bad
6.5 0.40 0.11 bad
4.7 0.28 0.06 good
5.5 0.36 0.11 bad
6.5 0.43 0.19 bad
7.1 0.22 0.36 good
6.8 0.31 0.13 bad
6.1 0.29 0.15 good
5.1 0.39 0.03 bad
5.5 0.18 0.21 good
6.7 0.23 0.19 bad
7.8 0.20 0.28 bad
5.9 0.27 0.13 bad
3.5 0.16 0.00 bad
5.4 0.26 0.11 bad
5.1 0.24 0.14 good
5.4 0.11 0.23 good
5.8 0.30 0.10 bad
7.1 0.19 0.27 good
5.3 0.20 0.08 bad
6.8 0.33 0.17 bad
5.3 0.32 0.07 good
7.0 0.33 0.29 good
5.3 0.32 0.13 good
7.5 0.14 0.37 good
6.5 0.21 0.25 good
6.2 0.18 0.23 bad
7.5 0.25 0.21 good
5.3 0.08 0.00 bad
6.2 0.12 0.30 good
4.4 0.21 0.02 bad
4.8 0.31 0.07 bad
7.6 0.16 0.42 good
7.4 0.26 0.21 bad
5.9 0.04 0.20 bad
7.3 0.26 0.35 good
6.8 0.22 0.17 bad
6.4 0.40 0.10 good
6.8 0.15 0.24 good
7.6 0.22 0.37 bad
5.2 0.26 0.10 bad
8.3 0.13 0.58 bad
5.8 0.54 0.13 bad
6.6 0.28 0.22 bad
5.9 0.33 0.14 bad
5.2 0.15 0.10 good
6.4 0.23 0.27 bad
6.7 0.18 0.30 good
7.2 0.16 0.34 good
6.9 0.26 0.21 bad
5.5 0.46 0.15 bad
6.5 0.26 0.13 good
7.3 0.22 0.29 good
6.5 0.34 0.17 bad
7.0 0.34 0.25 bad
7.1 0.26 0.27 bad
5.3 0.26 0.08 good
6.6 0.50 0.11 bad
7.4 0.19 0.31 good
6.0 0.27 0.16 good
8.7 0.10 0.63 good
6.0 0.36 0.10 bad
5.8 0.28 0.10 bad
5.8 0.26 0.12 good
6.1 0.36 0.14 bad
5.5 0.35 0.07 bad
6.0 0.42 0.17 good
6.5 0.39 0.11 bad
7.3 0.20 0.29 good
5.6 0.20 0.11 good
4.5 0.32 0.02 bad
5.6 0.29 0.11 good
8.9 0.08 0.67 good
7.4 0.22 0.36 good
6.5 0.13 0.31 good
7.3 0.16 0.37 good
5.7 0.28 0.17 bad
5.9 0.33 0.04 bad
7.8 0.15 0.38 good
5.7 0.22 0.18 bad
7.0 0.24 0.22 good
7.8 0.15 0.46 good
5.4 0.27 0.09 bad
3.3 0.04 0.08 bad
6.0 0.23 0.15 good
6.1 0.35 0.15 bad