BookWordCount AddListCount FourStarRate Class
95
0 1 3 4 5 6 7 10 11 12 13 14 15 17 19 20 21 23 24 26 27 28 29 31 32 35 36 38 39 40 42 44 45 46 51 54 56 57 58 63 64 66 67 70 71 73 76 77 78 81 84 86 87 88 89 90 91 92 93 94 95 96 99 106 108 109 110 111 112 114 116 119 121 122 123 124 126 127 129 131 135 136 138 139 141 143 144 146 147 148 149 150 151 152 153
177.20 214 0.30 good
289.90 492 0.36 good
52.30 38 0.27 bad
139.00 22 0.25 bad
158.50 122 0.21 good
59.60 42 0.18 good
38.90 8 0.11 bad
82.50 25 0.27 bad
13.40 15 0.32 bad
21.80 12 0.08 bad
27.50 9 0.13 bad
123.80 136 0.19 good
257.20 204 0.25 bad
33.60 10 0.23 bad
122.40 70 0.22 bad
82.30 17 0.20 good
74.10 12 0.14 bad
122.20 32 0.08 good
74.80 23 0.13 bad
62.70 32 0.18 bad
147.20 31 0.15 good
53.00 73 0.31 bad
233.90 68 0.20 good
78.00 6 0.19 good
51.10 111 0.39 bad
713.10 254 0.14 good
87.00 63 0.34 bad
80.20 19 0.17 bad
22.80 1 0.05 bad
153.10 172 0.33 good
300.10 215 0.20 bad
296.80 242 0.16 good
380.50 93 0.23 bad
123.50 28 0.33 good
84.60 42 0.21 bad
13.00 9 0.21 good
40.40 13 0.10 good
293.40 551 0.29 bad
63.50 70 0.30 good
108.60 21 0.20 good
54.40 10 0.14 bad
34.80 2 0.19 bad
16.80 17 0.25 good
55.40 2 0.32 bad
98.90 119 0.25 bad
68.60 8 0.39 bad
46.20 110 0.36 good
1070.70 183 0.27 bad
70.00 57 0.24 bad
87.70 4 0.08 bad
30.00 3 0.19 bad
129.90 53 0.27 bad
112.10 65 0.19 bad
315.30 321 0.23 good
153.20 49 0.28 bad
50.40 4 0.07 bad
126.20 218 0.28 good
116.50 141 0.29 good
90.50 121 0.34 bad
63.70 57 0.33 good
99.00 4 0.00 bad
34.10 100 0.33 good
181.90 253 0.26 bad
64.40 102 0.24 good
446.50 1586 0.20 good
101.10 34 0.24 bad
133.50 31 0.24 bad
148.90 53 0.26 good
107.80 63 0.15 bad
31.70 218 0.23 bad
118.30 7 0.12 good
427.70 274 0.33 good
145.90 14 0.08 bad
79.20 126 0.29 bad
153.40 32 0.30 good
223.00 57 0.20 good
89.70 48 0.21 good
34.20 146 0.26 good
322.80 510 0.26 good
195.70 5 0.11 good
335.20 293 0.29 bad
72.70 9 0.05 bad
212.90 53 0.19 bad
130.30 206 0.36 good
25.10 19 0.49 bad
177.70 42 0.24 bad
319.70 103 0.18 bad
477.20 710 0.37 good
154.00 26 0.09 good
209.90 54 0.06 bad
382.10 178 0.26 good
44.60 5 0.20 bad
93.00 125 0.19 bad
163.50 12 0.14 good
73.20 50 0.22 good