BookScoreCount TwoStarRate FourStarRate Class
99
0 3 4 5 7 10 11 12 13 14 15 16 17 18 20 21 23 24 26 30 31 32 33 34 35 36 37 39 41 42 43 44 46 47 48 49 50 51 52 57 59 60 61 62 63 64 65 67 68 70 71 72 73 74 75 76 79 81 82 84 85 87 88 91 92 93 94 95 98 99 103 105 106 107 108 109 114 115 116 121 123 124 125 127 128 131 132 135 136 137 138 139 140 144 145 146 147 152 153
568 0.15 0.30 good
129 0.12 0.27 bad
78 0.09 0.25 bad
439 0.20 0.21 good
27 0.15 0.11 bad
78 0.26 0.27 bad
51 0.04 0.32 bad
25 0.08 0.08 bad
48 0.24 0.13 bad
454 0.14 0.19 good
658 0.13 0.25 bad
119 0.22 0.20 good
36 0.22 0.23 bad
23 0.17 0.14 bad
112 0.20 0.20 good
44 0.37 0.14 bad
116 0.31 0.08 good
70 0.21 0.13 bad
100 0.09 0.18 bad
29 0.18 0.14 bad
44 0.30 0.19 good
292 0.09 0.39 bad
192 0.20 0.23 good
97 0.30 0.13 bad
1909 0.12 0.14 good
223 0.10 0.34 bad
216 0.03 0.44 bad
20 0.26 0.05 bad
670 0.14 0.29 good
686 0.17 0.20 bad
81 0.13 0.14 good
1885 0.07 0.16 good
108 0.07 0.33 good
79 0.28 0.22 bad
1248 0.09 0.33 bad
72 0.10 0.23 bad
29 0.28 0.14 good
133 0.30 0.21 bad
1780 0.04 0.30 bad
2109 0.07 0.29 bad
484 0.21 0.21 good
108 0.21 0.20 bad
86 0.08 0.44 good
13 0.50 0.34 bad
91 0.07 0.20 good
45 0.27 0.14 bad
82 0.28 0.07 bad
90 0.06 0.25 good
153 0.11 0.30 bad
51 0.10 0.32 bad
248 0.12 0.25 bad
956 0.08 0.20 good
19 0.11 0.39 bad
46 0.22 0.31 bad
21 0.10 0.30 good
429 0.07 0.36 good
531 0.19 0.17 bad
25 0.08 0.08 bad
31 0.41 0.05 bad
21 0.14 0.19 bad
356 0.19 0.24 good
182 0.09 0.19 bad
1636 0.10 0.23 good
654 0.08 0.28 good
527 0.04 0.29 good
396 0.08 0.34 bad
218 0.11 0.33 good
13 0.23 0.00 bad
2113 0.08 0.33 good
942 0.12 0.26 bad
29 0.08 0.26 bad
339 0.08 0.33 good
349 0.14 0.24 good
1184 0.12 0.17 bad
5393 0.02 0.20 good
88 0.14 0.24 bad
1114 0.02 0.23 bad
282 0.19 0.19 bad
19 0.12 0.12 good
59 0.30 0.08 bad
93 0.08 0.30 good
320 0.19 0.20 good
768 0.02 0.20 good
387 0.06 0.26 good
607 0.08 0.23 good
31 0.41 0.11 good
614 0.14 0.35 good
1310 0.09 0.29 bad
68 0.24 0.05 bad
1641 0.05 0.33 good
328 0.10 0.19 bad
1100 0.07 0.36 good
21 0.30 0.54 bad
364 0.25 0.18 bad
61 0.10 0.33 bad
2356 0.09 0.37 good
208 0.22 0.09 good
45 0.19 0.14 good
209 0.22 0.22 good