ThreeStarRate FiveStarRate Kurtosis Class
102
0 1 3 4 5 6 8 10 12 14 15 16 17 18 19 20 22 24 25 28 29 30 32 33 34 35 36 37 38 40 41 43 45 46 48 50 51 53 54 55 56 57 59 60 61 66 67 68 69 71 72 73 75 76 77 78 80 83 84 86 87 89 90 91 94 95 97 99 100 101 102 105 106 107 108 109 112 114 115 116 117 119 121 122 124 127 129 132 133 134 135 136 138 141 143 144 146 147 149 150 151 152
0.28 0.15 200.91 good
0.23 0.25 406.22 good
0.27 0.18 155.27 bad
0.33 0.10 113.07 bad
0.26 0.12 93.52 good
0.21 0.23 75.15 good
0.30 0.21 196.73 bad
0.23 0.09 143.84 bad
0.44 0.20 114.51 bad
0.21 0.20 68.44 good
0.27 0.23 188.48 bad
0.23 0.14 87.54 good
0.20 0.12 80.31 bad
0.28 0.28 137.29 bad
0.22 0.28 181.41 bad
0.15 0.13 48.29 good
0.40 0.11 468.11 bad
0.36 0.11 114.10 bad
0.20 0.20 28.01 bad
0.25 0.27 418.19 bad
0.22 0.36 194.89 good
0.32 0.11 80.73 bad
0.31 0.13 404.81 bad
0.29 0.15 163.05 good
0.39 0.03 192.82 bad
0.18 0.21 41.11 good
0.23 0.19 203.97 bad
0.20 0.28 948.64 bad
0.27 0.13 172.89 bad
0.24 0.19 227.23 good
0.34 0.17 389.04 good
0.24 0.14 44.83 good
0.30 0.10 135.14 bad
0.19 0.27 218.67 good
0.33 0.17 362.40 bad
0.32 0.07 119.73 good
0.37 0.07 339.26 bad
0.14 0.10 31.11 bad
0.33 0.29 245.77 good
0.33 0.06 182.02 bad
0.32 0.13 74.03 good
0.21 0.18 94.54 bad
0.21 0.25 148.52 good
0.18 0.23 95.85 bad
0.25 0.21 1104.85 good
0.43 0.10 204.65 bad
0.16 0.42 278.88 good
0.25 0.22 223.96 bad
0.26 0.21 758.93 bad
0.25 0.17 106.33 bad
0.26 0.35 259.41 good
0.22 0.17 278.58 bad
0.40 0.10 344.01 good
0.15 0.24 159.36 good
0.22 0.37 440.27 bad
0.33 0.16 147.32 bad
0.13 0.58 599.56 bad
0.28 0.22 188.48 bad
0.33 0.14 116.65 bad
0.30 0.26 249.84 bad
0.23 0.27 95.46 bad
0.27 0.17 208.64 bad
0.20 0.07 25.57 bad
0.16 0.34 191.97 good
0.23 0.23 299.63 good
0.46 0.15 128.84 bad
0.26 0.13 198.40 good
0.34 0.17 243.27 bad
0.34 0.25 297.05 bad
0.26 0.27 286.97 bad
0.26 0.08 65.28 good
0.19 0.31 385.10 good
0.27 0.16 114.14 good
0.15 0.31 72.91 bad
0.10 0.63 1238.93 good
0.36 0.10 170.95 bad
0.30 0.11 84.03 bad
0.09 0.60 875.52 bad
0.35 0.07 125.49 bad
0.42 0.17 138.45 good
0.45 0.09 132.92 bad
0.20 0.29 297.36 good
0.32 0.02 102.63 bad
0.28 0.25 313.76 bad
0.29 0.11 101.09 good
0.22 0.36 319.05 good
0.16 0.37 209.65 good
0.25 0.13 212.10 good
0.33 0.04 194.01 bad
0.21 0.18 176.74 good
0.24 0.26 234.30 bad
0.32 0.09 63.17 bad
0.22 0.18 56.35 bad
0.19 0.15 311.51 bad
0.22 0.10 86.23 bad
0.27 0.09 97.95 bad
0.27 0.19 402.15 good
0.19 0.02 40.59 good
0.23 0.15 113.50 good
0.35 0.15 158.29 bad
0.16 0.37 105.22 bad
0.28 0.09 62.68 good