TwoStarRate Mode Median Class
97
1 2 3 4 5 7 8 10 12 13 14 15 16 17 19 20 21 22 24 25 26 27 30 31 32 36 37 38 40 42 44 45 46 47 48 49 50 53 54 56 60 61 62 63 64 65 66 68 71 73 74 75 77 81 82 83 85 87 92 95 96 97 99 102 104 106 108 109 111 113 114 115 116 117 119 120 122 123 124 125 126 128 129 130 131 132 135 136 138 139 143 145 146 147 149 150 152
0.08 8.00 8.00 good
0.10 6.00 6.00 bad
0.12 8.00 6.00 bad
0.09 6.00 6.00 bad
0.20 6.00 6.00 good
0.15 6.00 6.00 bad
0.16 6.00 6.00 bad
0.26 8.00 6.00 bad
0.08 6.00 6.00 bad
0.24 6.00 6.00 bad
0.14 2.00 6.00 good
0.13 6.00 6.00 bad
0.22 6.00 6.00 good
0.22 8.00 6.00 bad
0.18 10.00 6.00 bad
0.20 2.00 4.00 good
0.37 4.00 4.00 bad
0.15 6.00 6.00 bad
0.21 6.00 6.00 bad
0.20 2.00 4.00 bad
0.09 6.00 6.00 bad
0.17 2.00 4.00 good
0.18 6.00 6.00 bad
0.30 6.00 6.00 good
0.09 8.00 8.00 bad
0.10 8.00 8.00 bad
0.03 8.00 8.00 bad
0.35 4.00 6.00 bad
0.12 8.00 8.00 good
0.17 2.00 6.00 bad
0.07 2.00 4.00 good
0.20 6.00 6.00 bad
0.07 8.00 8.00 good
0.28 4.00 4.00 bad
0.09 8.00 6.00 bad
0.10 6.00 6.00 bad
0.28 6.00 6.00 good
0.33 2.00 4.00 bad
0.05 6.00 6.00 good
0.20 6.00 6.00 good
0.21 10.00 6.00 bad
0.08 8.00 8.00 good
0.50 4.00 4.00 bad
0.07 2.00 6.00 good
0.27 2.00 4.00 bad
0.28 6.00 4.00 bad
0.14 6.00 6.00 bad
0.11 8.00 8.00 bad
0.12 8.00 6.00 bad
0.11 8.00 8.00 bad
0.22 6.00 6.00 bad
0.10 6.00 6.00 good
0.07 10.00 8.00 bad
0.08 6.00 6.00 bad
0.41 4.00 4.00 bad
0.17 6.00 6.00 bad
0.19 2.00 4.00 good
0.09 10.00 6.00 bad
0.04 10.00 8.00 good
0.23 6.00 6.00 bad
0.11 8.00 8.00 good
0.03 8.00 8.00 good
0.12 6.00 6.00 bad
0.14 2.00 6.00 good
0.31 6.00 4.00 bad
0.14 6.00 6.00 good
0.02 10.00 10.00 good
0.14 6.00 6.00 bad
0.16 8.00 6.00 good
0.13 6.00 6.00 bad
0.02 10.00 10.00 bad
0.19 6.00 6.00 bad
0.12 6.00 6.00 good
0.11 6.00 6.00 bad
0.06 8.00 8.00 good
0.18 8.00 6.00 good
0.10 8.00 8.00 bad
0.08 6.00 6.00 good
0.19 6.00 6.00 good
0.02 10.00 10.00 good
0.06 10.00 8.00 good
0.08 10.00 8.00 good
0.07 10.00 8.00 good
0.13 6.00 6.00 bad
0.41 4.00 4.00 good
0.14 8.00 6.00 good
0.09 8.00 8.00 bad
0.24 6.00 4.00 bad
0.10 2.00 6.00 bad
0.07 8.00 8.00 good
0.21 8.00 6.00 bad
0.10 6.00 6.00 bad
0.09 8.00 8.00 good
0.22 2.00 4.00 good
0.18 8.00 6.00 good
0.15 6.00 6.00 bad
0.19 2.00 6.00 good