ThreeStarRate FourStarRate FiveStarRate Class
90
0 1 2 6 7 8 11 12 13 14 15 16 17 18 19 21 22 26 28 33 34 35 36 38 39 43 44 49 50 51 52 55 56 59 61 62 64 65 68 69 70 71 72 73 76 78 80 81 82 83 86 88 89 91 93 95 96 98 102 103 107 109 110 111 114 115 116 118 119 120 123 125 126 129 130 132 133 134 135 136 138 141 142 146 148 149 150 151 152 153
0.28 0.30 0.15 good
0.23 0.36 0.25 good
0.40 0.24 0.15 bad
0.21 0.18 0.23 good
0.48 0.11 0.11 bad
0.30 0.22 0.21 bad
0.40 0.32 0.16 bad
0.44 0.08 0.20 bad
0.39 0.13 0.09 bad
0.21 0.19 0.20 good
0.27 0.25 0.23 bad
0.23 0.20 0.14 good
0.20 0.23 0.12 bad
0.28 0.14 0.28 bad
0.22 0.22 0.28 bad
0.16 0.14 0.04 bad
0.40 0.28 0.11 bad
0.43 0.18 0.19 bad
0.25 0.31 0.27 bad
0.29 0.23 0.15 good
0.39 0.13 0.03 bad
0.18 0.14 0.21 good
0.23 0.34 0.19 bad
0.27 0.17 0.13 bad
0.16 0.05 0.00 bad
0.24 0.14 0.14 good
0.11 0.16 0.23 good
0.39 0.23 0.10 bad
0.32 0.14 0.07 good
0.37 0.21 0.07 bad
0.15 0.30 0.42 bad
0.33 0.20 0.06 bad
0.32 0.10 0.13 good
0.21 0.21 0.25 good
0.25 0.44 0.21 good
0.08 0.34 0.00 bad
0.21 0.14 0.02 bad
0.31 0.07 0.07 bad
0.25 0.30 0.22 bad
0.26 0.42 0.21 bad
0.04 0.32 0.20 bad
0.25 0.25 0.17 bad
0.26 0.20 0.35 good
0.22 0.39 0.17 bad
0.15 0.36 0.24 good
0.33 0.24 0.16 bad
0.13 0.19 0.58 bad
0.54 0.08 0.13 bad
0.20 0.05 0.22 bad
0.28 0.22 0.22 bad
0.30 0.27 0.26 bad
0.18 0.23 0.30 good
0.27 0.28 0.17 bad
0.16 0.28 0.34 good
0.26 0.34 0.21 bad
0.46 0.00 0.15 bad
0.28 0.33 0.17 good
0.22 0.33 0.29 good
0.26 0.21 0.08 good
0.50 0.26 0.11 bad
0.15 0.17 0.31 bad
0.36 0.24 0.10 bad
0.28 0.24 0.10 bad
0.26 0.26 0.12 good
0.09 0.23 0.60 bad
0.35 0.19 0.07 bad
0.42 0.12 0.17 good
0.39 0.30 0.11 bad
0.20 0.33 0.29 good
0.20 0.25 0.11 good
0.37 0.30 0.20 good
0.08 0.20 0.67 good
0.16 0.21 0.30 good
0.16 0.26 0.37 good
0.28 0.16 0.17 bad
0.25 0.35 0.13 good
0.33 0.33 0.04 bad
0.21 0.34 0.18 good
0.24 0.29 0.26 bad
0.32 0.05 0.09 bad
0.22 0.19 0.18 bad
0.19 0.49 0.15 bad
0.15 0.24 0.46 good
0.27 0.37 0.19 good
0.04 0.06 0.08 bad
0.23 0.26 0.15 good
0.35 0.20 0.15 bad
0.16 0.19 0.37 bad
0.28 0.14 0.09 good
0.25 0.22 0.12 good