BookScoreCount AddListCount Kurtosis Class
99
0 2 3 7 8 9 10 11 12 16 17 18 24 25 27 29 30 31 32 33 34 35 36 37 38 42 43 44 45 46 47 48 49 50 51 54 55 56 57 58 59 60 61 62 66 67 69 71 72 76 77 78 79 81 82 84 85 86 87 88 90 91 95 97 98 99 101 102 104 105 106 107 108 109 112 113 114 116 119 120 122 124 125 126 127 128 130 131 136 137 138 140 143 145 148 149 150 151 152
568 214 200.91 good
47 12 267.71 bad
129 38 155.27 bad
27 8 181.37 bad
177 53 196.73 bad
51 14 110.48 bad
78 25 143.84 bad
51 15 491.68 bad
25 12 114.51 bad
119 25 87.54 good
36 10 80.31 bad
23 7 137.29 bad
70 23 114.10 bad
11 2 28.01 bad
150 31 40.03 good
290 68 194.89 good
29 9 80.73 bad
44 6 211.54 good
292 111 404.81 bad
192 49 163.05 good
97 24 192.82 bad
1909 254 41.11 good
223 63 203.97 bad
216 106 948.64 bad
63 19 172.89 bad
686 215 74.29 bad
81 18 44.83 good
1885 242 29.34 good
299 93 135.14 bad
108 28 218.67 good
79 20 85.63 bad
1248 371 362.40 bad
72 13 155.38 bad
29 7 119.73 good
133 42 339.26 bad
43 9 245.77 good
55 11 182.02 bad
80 13 74.03 good
2109 551 94.54 bad
461 70 256.16 good
484 138 148.52 good
108 19 95.85 bad
86 33 1104.85 good
13 3 199.64 bad
21 2 204.65 bad
90 17 278.88 good
20 5 758.93 bad
248 119 106.33 bad
956 180 259.41 good
429 110 159.36 good
745 183 440.27 bad
217 57 147.32 bad
531 94 65.93 bad
25 4 173.53 bad
31 3 87.78 bad
21 3 116.65 bad
356 55 51.21 good
222 53 249.84 bad
182 65 95.46 bad
1636 321 118.81 good
16 4 25.57 bad
654 218 191.97 good
13 4 128.84 bad
39 7 198.40 good
2113 558 391.57 good
942 253 243.27 bad
219 65 286.97 bad
225 39 65.28 good
25 5 92.39 bad
339 98 385.10 good
349 102 114.14 good
1184 188 72.91 bad
5393 1586 1238.93 good
88 34 170.95 bad
201 63 84.03 bad
136 25 164.81 bad
1114 218 875.52 bad
19 7 138.45 good
1575 274 297.36 good
45 15 75.21 good
385 126 313.76 bad
320 57 101.09 good
768 149 1797.82 good
353 48 76.64 good
387 146 319.05 good
607 108 82.37 good
82 11 73.99 bad
31 5 58.14 good
68 9 63.17 bad
1641 303 478.73 good
328 53 56.35 bad
21 7 361.68 bad
153 42 86.23 bad
61 28 909.70 bad
1080 54 9.99 bad
674 178 113.50 good
21 5 158.29 bad
638 125 105.22 bad
45 12 62.68 good