BookScore TwoStarRate Kurtosis Class
92
0 2 5 7 8 10 12 13 15 17 19 20 21 23 24 26 27 28 29 30 31 32 34 35 38 39 40 42 43 44 45 47 48 50 51 53 54 55 56 57 60 62 63 66 67 68 69 73 76 77 78 79 81 84 85 90 94 97 98 99 100 101 103 107 112 114 116 119 121 123 125 126 127 128 131 134 135 138 139 140 141 143 144 145 146 147 148 149 150 151 152 153
6.4 0.15 200.91 good
6.4 0.10 267.71 bad
5.6 0.20 93.52 good
5.8 0.15 181.37 bad
6.5 0.16 196.73 bad
5.8 0.26 143.84 bad
6.0 0.08 114.51 bad
5.5 0.24 156.17 bad
6.6 0.13 188.48 bad
5.6 0.22 80.31 bad
6.7 0.18 181.41 bad
5.3 0.20 48.29 good
4.6 0.37 66.70 bad
4.7 0.31 78.49 good
5.5 0.21 114.10 bad
6.5 0.09 249.04 bad
4.5 0.17 40.03 good
7.2 0.11 418.19 bad
7.1 0.10 194.89 good
5.4 0.18 80.73 bad
5.8 0.30 211.54 good
6.8 0.09 404.81 bad
5.1 0.30 192.82 bad
5.5 0.12 41.11 good
5.9 0.35 172.89 bad
3.5 0.26 53.89 bad
6.7 0.12 227.23 good
5.4 0.17 74.29 bad
5.1 0.13 44.83 good
5.4 0.07 29.34 good
5.8 0.20 135.14 bad
5.3 0.28 85.63 bad
6.8 0.09 362.40 bad
5.3 0.28 119.73 good
5.9 0.30 339.26 bad
4.0 0.33 31.11 bad
7.0 0.05 245.77 good
5.6 0.28 182.02 bad
5.3 0.20 74.03 good
6.2 0.07 94.54 bad
6.2 0.21 95.85 bad
5.3 0.50 199.64 bad
6.2 0.07 55.29 good
5.9 0.14 204.65 bad
7.6 0.06 278.88 good
6.8 0.11 223.96 bad
7.4 0.05 758.93 bad
6.8 0.11 278.58 bad
6.8 0.07 159.36 good
7.6 0.07 440.27 bad
6.2 0.10 147.32 bad
5.2 0.19 65.93 bad
5.8 0.08 173.53 bad
5.9 0.14 116.65 bad
5.2 0.19 51.21 good
4.0 0.13 25.57 bad
7.0 0.11 299.63 good
6.5 0.03 198.40 good
7.3 0.08 391.57 good
6.5 0.12 243.27 bad
7.0 0.02 297.05 bad
7.1 0.10 286.97 bad
6.6 0.08 664.54 bad
6.4 0.12 72.91 bad
5.4 0.20 84.03 bad
8.5 0.02 875.52 bad
6.0 0.12 138.45 good
7.3 0.06 297.36 good
4.5 0.30 102.63 bad
7.0 0.08 502.72 good
8.9 0.02 1797.82 good
6.4 0.06 76.64 good
7.4 0.06 319.05 good
6.5 0.08 82.37 good
4.4 0.41 58.14 good
6.5 0.12 176.74 good
7.0 0.09 234.30 bad
5.7 0.10 56.35 bad
7.0 0.07 304.97 good
6.4 0.30 361.68 bad
6.9 0.03 311.51 bad
5.5 0.21 86.23 bad
5.4 0.25 97.95 bad
6.7 0.10 909.70 bad
7.0 0.09 402.15 good
3.9 0.22 40.59 good
3.3 0.03 9.99 bad
6.0 0.18 113.50 good
6.1 0.15 158.29 bad
6.8 0.07 105.22 bad
5.1 0.19 62.68 good
5.7 0.22 105.28 good