BookWordCount FiveStarRate Median Class
99
0 1 2 3 4 8 9 10 11 12 14 15 17 18 20 21 23 25 30 31 35 36 37 38 40 42 43 44 46 49 50 53 55 56 59 62 63 64 65 68 71 73 74 75 76 78 79 80 82 83 84 85 86 89 90 91 95 96 97 99 102 104 106 107 108 109 110 112 114 116 117 118 120 121 123 124 125 126 128 130 131 132 133 135 136 137 138 139 140 141 142 143 144 145 147 148 149 150 151
177.20 0.15 6.00 good
289.90 0.25 8.00 good
48.30 0.15 6.00 bad
52.30 0.18 6.00 bad
139.00 0.10 6.00 bad
143.50 0.21 6.00 bad
21.30 0.02 6.00 bad
82.50 0.09 6.00 bad
13.40 0.16 6.00 bad
21.80 0.20 6.00 bad
123.80 0.20 6.00 good
257.20 0.23 6.00 bad
33.60 0.12 6.00 bad
24.10 0.28 6.00 bad
82.30 0.13 4.00 good
74.10 0.04 4.00 bad
122.20 0.06 4.00 good
35.90 0.20 4.00 bad
150.70 0.11 6.00 bad
78.00 0.09 6.00 good
713.10 0.21 6.00 good
87.00 0.19 8.00 bad
51.30 0.28 8.00 bad
80.20 0.13 6.00 bad
153.10 0.19 8.00 good
300.10 0.11 6.00 bad
74.40 0.14 6.00 good
296.80 0.23 4.00 good
123.50 0.27 8.00 good
44.50 0.10 6.00 bad
51.90 0.07 6.00 good
53.70 0.10 4.00 bad
106.40 0.06 6.00 bad
40.40 0.13 6.00 good
133.40 0.25 6.00 good
49.60 0.00 4.00 bad
108.60 0.30 6.00 good
54.40 0.02 4.00 bad
72.20 0.07 4.00 bad
79.60 0.22 8.00 bad
98.90 0.17 6.00 bad
68.60 0.17 8.00 bad
49.30 0.04 6.00 bad
39.60 0.10 6.00 good
46.20 0.24 8.00 good
70.00 0.16 6.00 bad
131.20 0.10 6.00 bad
144.70 0.58 10.00 bad
183.00 0.22 4.00 bad
40.80 0.22 6.00 bad
30.00 0.14 6.00 bad
87.20 0.10 4.00 good
129.90 0.26 8.00 bad
153.20 0.17 6.00 bad
50.40 0.07 2.00 bad
126.20 0.34 8.00 good
99.00 0.15 6.00 bad
34.10 0.17 8.00 good
22.20 0.13 8.00 good
181.90 0.17 6.00 bad
78.10 0.08 6.00 good
150.50 0.09 4.00 bad
64.40 0.16 6.00 good
310.00 0.31 6.00 bad
446.50 0.63 10.00 good
101.10 0.10 6.00 bad
133.50 0.10 6.00 bad
107.80 0.11 6.00 bad
31.70 0.60 10.00 bad
118.30 0.17 6.00 good
59.10 0.09 6.00 bad
92.20 0.11 6.00 bad
85.80 0.11 6.00 good
145.90 0.02 4.00 bad
153.40 0.20 6.00 good
223.00 0.11 6.00 good
65.70 0.67 10.00 good
89.70 0.30 8.00 good
296.70 0.31 8.00 good
46.30 0.17 6.00 bad
195.70 0.06 4.00 good
237.20 0.13 6.00 good
145.80 0.04 6.00 bad
335.20 0.26 8.00 bad
72.70 0.09 4.00 bad
448.70 0.38 8.00 good
212.90 0.18 6.00 bad
130.30 0.22 8.00 good
43.40 0.05 8.00 bad
25.10 0.15 8.00 bad
518.00 0.46 8.00 good
177.70 0.10 6.00 bad
319.70 0.09 6.00 bad
62.30 0.08 6.00 bad
154.00 0.02 4.00 good
209.90 0.08 2.00 bad
382.10 0.15 6.00 good
44.60 0.15 6.00 bad
93.00 0.37 8.00 bad