BookWordCount BookScore TwoStarRate Class
95
0 1 3 4 5 6 10 11 12 13 15 16 18 19 20 22 26 27 28 29 30 31 35 36 37 39 41 42 43 45 47 48 49 51 52 57 58 59 62 63 64 65 66 67 68 69 70 72 73 75 76 78 79 81 82 84 85 86 87 88 89 90 92 93 95 96 97 99 100 103 104 105 109 110 111 112 114 115 117 119 120 121 125 126 129 131 132 133 134 135 136 142 143 147 150
177.20 6.4 0.15 good
289.90 7.2 0.08 good
52.30 6.4 0.12 bad
139.00 5.8 0.09 bad
158.50 5.6 0.20 good
59.60 6.0 0.14 good
82.50 5.8 0.26 bad
13.40 6.9 0.04 bad
21.80 6.0 0.08 bad
27.50 5.5 0.24 bad
257.20 6.6 0.13 bad
135.80 5.7 0.22 good
24.10 6.5 0.17 bad
122.40 6.7 0.18 bad
82.30 5.3 0.20 good
77.70 6.5 0.15 bad
62.70 6.5 0.09 bad
147.20 4.5 0.17 good
53.00 7.2 0.11 bad
233.90 7.1 0.10 good
150.70 5.4 0.18 bad
78.00 5.8 0.30 good
713.10 5.5 0.12 good
87.00 6.7 0.10 bad
51.30 7.8 0.03 bad
22.80 3.5 0.26 bad
168.40 6.7 0.14 good
300.10 5.4 0.17 bad
74.40 5.1 0.13 good
380.50 5.8 0.20 bad
49.70 5.3 0.28 bad
281.40 6.8 0.09 bad
44.50 5.9 0.10 bad
84.60 5.9 0.30 bad
76.10 7.9 0.04 bad
293.40 6.2 0.07 bad
63.50 7.5 0.05 good
133.40 6.5 0.21 good
49.60 5.3 0.50 bad
108.60 6.2 0.07 good
54.40 4.4 0.27 bad
72.20 4.8 0.28 bad
34.80 5.9 0.14 bad
16.80 7.6 0.06 good
79.60 6.8 0.11 bad
7.30 7.4 0.05 bad
55.40 5.9 0.10 bad
390.00 7.3 0.08 good
68.60 6.8 0.11 bad
39.60 6.4 0.10 good
46.20 6.8 0.07 good
70.00 6.2 0.10 bad
131.20 5.2 0.19 bad
87.70 5.8 0.08 bad
183.00 5.6 0.41 bad
30.00 5.9 0.14 bad
87.20 5.2 0.19 good
129.90 7.0 0.03 bad
112.10 6.4 0.09 bad
315.30 6.7 0.10 good
153.20 6.4 0.17 bad
50.40 4.0 0.13 bad
116.50 7.8 0.04 good
90.50 6.9 0.08 bad
99.00 5.5 0.23 bad
34.10 6.7 0.11 good
22.20 6.5 0.03 good
181.90 6.5 0.12 bad
59.90 7.0 0.02 bad
21.40 6.6 0.08 bad
150.50 4.9 0.31 bad
198.70 7.4 0.08 good
101.10 6.0 0.14 bad
133.50 5.8 0.21 bad
148.90 5.8 0.16 good
107.80 5.4 0.20 bad
31.70 8.5 0.02 bad
119.20 5.5 0.19 bad
59.10 5.5 0.11 bad
427.70 7.3 0.06 good
85.80 5.6 0.18 good
145.90 4.5 0.30 bad
65.70 8.9 0.02 good
89.70 6.4 0.06 good
322.80 7.3 0.07 good
195.70 4.4 0.41 good
237.20 6.4 0.14 good
145.80 5.9 0.13 bad
179.50 6.5 0.12 good
335.20 7.0 0.09 bad
72.70 4.8 0.24 bad
518.00 7.8 0.05 good
177.70 5.5 0.21 bad
154.00 3.9 0.22 good
44.60 6.1 0.15 bad