AddListCount TwoStarRate Median Class
93
0 5 7 12 14 16 17 18 19 20 21 22 23 25 26 27 28 29 33 34 35 36 38 40 41 43 44 45 46 47 48 49 53 54 55 56 58 60 61 64 65 66 67 68 70 71 72 73 74 75 79 80 81 82 86 89 90 94 96 100 101 103 104 107 108 109 110 111 112 115 119 120 121 122 124 125 127 128 129 130 131 133 135 137 138 140 142 143 145 146 148 149 150
214 0.15 6.00 good
122 0.20 6.00 good
8 0.15 6.00 bad
12 0.08 6.00 bad
136 0.14 6.00 good
25 0.22 6.00 good
10 0.22 6.00 bad
7 0.17 6.00 bad
70 0.18 6.00 bad
17 0.20 4.00 good
12 0.37 4.00 bad
61 0.15 6.00 bad
32 0.31 4.00 good
2 0.20 4.00 bad
32 0.09 6.00 bad
31 0.17 4.00 good
73 0.11 8.00 bad
68 0.10 8.00 good
49 0.20 6.00 good
24 0.30 6.00 bad
254 0.12 6.00 good
63 0.10 8.00 bad
19 0.35 6.00 bad
172 0.12 8.00 good
289 0.14 6.00 good
18 0.13 6.00 good
242 0.07 4.00 good
93 0.20 6.00 bad
28 0.07 8.00 good
20 0.28 4.00 bad
371 0.09 6.00 bad
13 0.10 6.00 bad
1 0.33 4.00 bad
9 0.05 6.00 good
11 0.28 6.00 bad
13 0.20 6.00 good
70 0.05 8.00 good
19 0.21 6.00 bad
33 0.08 8.00 good
10 0.27 4.00 bad
22 0.28 4.00 bad
2 0.14 6.00 bad
17 0.06 8.00 good
45 0.11 8.00 bad
2 0.10 8.00 bad
119 0.12 6.00 bad
180 0.08 8.00 good
8 0.11 8.00 bad
16 0.22 6.00 bad
8 0.10 6.00 good
94 0.19 6.00 bad
193 0.03 10.00 bad
4 0.08 6.00 bad
3 0.41 4.00 bad
53 0.03 8.00 bad
49 0.17 6.00 bad
4 0.13 2.00 bad
57 0.11 8.00 good
100 0.11 8.00 good
8 0.02 8.00 bad
65 0.10 8.00 bad
6 0.08 6.00 bad
5 0.31 4.00 bad
188 0.12 6.00 bad
1586 0.02 10.00 good
34 0.14 6.00 bad
31 0.21 6.00 bad
53 0.16 6.00 good
63 0.20 6.00 bad
76 0.19 6.00 bad
274 0.06 8.00 good
15 0.18 6.00 good
14 0.30 4.00 bad
126 0.10 8.00 bad
57 0.19 6.00 good
149 0.02 10.00 good
146 0.06 8.00 good
108 0.08 8.00 good
510 0.07 8.00 good
11 0.13 6.00 bad
5 0.41 4.00 good
1 0.13 6.00 bad
293 0.09 8.00 bad
303 0.05 8.00 good
53 0.10 6.00 bad
7 0.30 8.00 bad
365 0.05 8.00 good
42 0.21 6.00 bad
28 0.10 6.00 bad
710 0.09 8.00 good
54 0.03 2.00 bad
178 0.18 6.00 good
5 0.15 6.00 bad