BookScoreCount Mode Kurtosis Class
96
2 3 7 9 10 11 12 13 14 16 17 18 19 20 21 23 24 25 26 28 29 30 32 33 35 36 38 40 42 44 45 46 48 49 51 52 53 54 58 59 60 62 66 67 69 70 71 74 75 76 77 78 79 80 81 82 85 86 87 88 89 90 92 93 95 97 98 100 102 103 104 106 108 112 114 115 117 118 122 125 126 128 130 131 133 135 139 141 142 143 144 147 148 149 150 153
47 6.00 267.71 bad
129 8.00 155.27 bad
27 6.00 181.37 bad
51 8.00 110.48 bad
78 8.00 143.84 bad
51 6.00 491.68 bad
25 6.00 114.51 bad
48 6.00 156.17 bad
454 2.00 68.44 good
119 6.00 87.54 good
36 8.00 80.31 bad
23 10.00 137.29 bad
250 10.00 181.41 bad
112 2.00 48.29 good
44 4.00 66.70 bad
116 4.00 78.49 good
70 6.00 114.10 bad
11 2.00 28.01 bad
100 6.00 249.04 bad
263 8.00 418.19 bad
290 10.00 194.89 good
29 6.00 80.73 bad
292 8.00 404.81 bad
192 6.00 163.05 good
1909 2.00 41.11 good
223 8.00 203.97 bad
63 4.00 172.89 bad
495 8.00 227.23 good
686 2.00 74.29 bad
1885 2.00 29.34 good
299 6.00 135.14 bad
108 8.00 218.67 good
1248 8.00 362.40 bad
72 6.00 155.38 bad
133 6.00 339.26 bad
1780 10.00 453.60 bad
22 2.00 31.11 bad
43 6.00 245.77 good
461 10.00 256.16 good
484 10.00 148.52 good
108 10.00 95.85 bad
13 4.00 199.64 bad
21 6.00 204.65 bad
90 10.00 278.88 good
20 8.00 758.93 bad
51 2.00 49.13 bad
248 8.00 106.33 bad
46 6.00 393.48 bad
21 6.00 344.01 good
429 8.00 159.36 good
745 10.00 440.27 bad
217 6.00 147.32 bad
531 2.00 65.93 bad
714 10.00 599.56 bad
25 6.00 173.53 bad
31 4.00 87.78 bad
356 2.00 51.21 good
222 6.00 249.84 bad
182 10.00 95.46 bad
1636 10.00 118.81 good
145 8.00 208.64 bad
16 2.00 25.57 bad
527 10.00 444.03 good
396 8.00 288.02 bad
13 6.00 128.84 bad
39 8.00 198.40 good
2113 8.00 391.57 good
42 6.00 297.05 bad
225 2.00 65.28 good
29 6.00 664.54 bad
25 6.00 92.39 bad
349 6.00 114.14 good
5393 10.00 1238.93 good
201 6.00 84.03 bad
1114 10.00 875.52 bad
282 6.00 125.49 bad
34 6.00 132.92 bad
274 6.00 387.39 bad
385 8.00 313.76 bad
768 10.00 1797.82 good
353 10.00 76.64 good
607 10.00 82.37 good
82 6.00 73.99 bad
31 4.00 58.14 good
23 8.00 194.01 bad
1310 8.00 234.30 bad
1100 8.00 304.97 good
83 8.00 311.51 bad
2366 10.00 364.52 good
153 8.00 86.23 bad
364 6.00 97.95 bad
208 2.00 40.59 good
1080 2.00 9.99 bad
674 8.00 113.50 good
21 6.00 158.29 bad
209 6.00 105.28 good