BookWordCount Mode Median Class
97
0 2 3 4 5 7 8 9 13 14 16 17 18 21 25 27 28 29 31 32 33 37 38 41 45 46 47 48 52 53 54 55 56 57 58 59 60 61 62 63 64 65 67 68 69 71 73 74 76 77 78 79 81 83 85 86 87 91 93 94 99 101 102 105 106 108 109 111 114 115 117 119 120 122 123 124 125 126 127 128 130 132 134 135 136 139 141 143 144 146 147 148 149 150 151 152 153
177.20 8.00 6.00 good
48.30 6.00 6.00 bad
52.30 8.00 6.00 bad
139.00 6.00 6.00 bad
158.50 6.00 6.00 good
38.90 6.00 6.00 bad
143.50 6.00 6.00 bad
21.30 8.00 6.00 bad
27.50 6.00 6.00 bad
123.80 2.00 6.00 good
135.80 6.00 6.00 good
33.60 8.00 6.00 bad
24.10 10.00 6.00 bad
74.10 4.00 4.00 bad
35.90 2.00 4.00 bad
147.20 2.00 4.00 good
53.00 8.00 8.00 bad
233.90 10.00 8.00 good
78.00 6.00 6.00 good
51.10 8.00 8.00 bad
178.90 6.00 6.00 good
51.30 8.00 8.00 bad
80.20 4.00 6.00 bad
168.40 6.00 6.00 good
380.50 6.00 6.00 bad
123.50 8.00 8.00 good
49.70 4.00 4.00 bad
281.40 8.00 6.00 bad
76.10 10.00 8.00 bad
53.70 2.00 4.00 bad
13.00 6.00 6.00 good
106.40 6.00 6.00 bad
40.40 6.00 6.00 good
293.40 8.00 6.00 bad
63.50 10.00 8.00 good
133.40 10.00 6.00 good
45.10 10.00 6.00 bad
17.00 8.00 8.00 good
49.60 4.00 4.00 bad
108.60 2.00 6.00 good
54.40 2.00 4.00 bad
72.20 6.00 4.00 bad
16.80 10.00 8.00 good
79.60 8.00 8.00 bad
7.30 8.00 8.00 bad
98.90 8.00 6.00 bad
68.60 8.00 8.00 bad
49.30 6.00 6.00 bad
46.20 8.00 8.00 good
1070.70 10.00 8.00 bad
70.00 6.00 6.00 bad
131.20 2.00 6.00 bad
87.70 6.00 6.00 bad
40.80 6.00 6.00 bad
87.20 2.00 4.00 good
129.90 6.00 8.00 bad
112.10 10.00 6.00 bad
126.20 10.00 8.00 good
90.50 8.00 8.00 bad
63.70 8.00 8.00 good
181.90 6.00 6.00 bad
219.60 10.00 8.00 bad
78.10 2.00 6.00 good
198.70 8.00 8.00 good
64.40 6.00 6.00 good
446.50 10.00 10.00 good
101.10 6.00 6.00 bad
148.90 8.00 6.00 good
31.70 10.00 10.00 bad
119.20 6.00 6.00 bad
59.10 6.00 6.00 bad
427.70 8.00 8.00 good
85.80 8.00 6.00 good
79.20 8.00 8.00 bad
153.40 6.00 6.00 good
223.00 6.00 6.00 good
65.70 10.00 10.00 good
89.70 10.00 8.00 good
34.20 10.00 8.00 good
296.70 10.00 8.00 good
46.30 6.00 6.00 bad
237.20 8.00 6.00 good
179.50 8.00 8.00 good
335.20 8.00 8.00 bad
72.70 6.00 4.00 bad
130.30 8.00 8.00 good
25.10 8.00 8.00 bad
177.70 8.00 6.00 bad
319.70 6.00 6.00 bad
477.20 8.00 8.00 good
154.00 2.00 4.00 good
209.90 2.00 2.00 bad
382.10 8.00 6.00 good
44.60 6.00 6.00 bad
93.00 10.00 8.00 bad
163.50 2.00 6.00 good
73.20 6.00 6.00 good