BookWordCount BookScore Median Class
101
2 5 7 9 10 11 12 13 15 16 18 19 20 21 22 23 24 25 26 28 29 30 32 33 35 36 37 38 39 41 43 44 46 49 51 52 54 56 58 60 61 62 63 64 65 66 67 69 70 74 76 77 78 79 80 81 82 85 92 93 95 96 97 99 101 102 103 104 105 106 107 108 109 111 112 114 116 117 118 120 121 124 126 128 129 132 135 136 137 138 139 140 142 143 144 145 147 148 149 152 153
48.30 6.4 6.00 bad
158.50 5.6 6.00 good
38.90 5.8 6.00 bad
21.30 5.4 6.00 bad
82.50 5.8 6.00 bad
13.40 6.9 6.00 bad
21.80 6.0 6.00 bad
27.50 5.5 6.00 bad
257.20 6.6 6.00 bad
135.80 5.7 6.00 good
24.10 6.5 6.00 bad
122.40 6.7 6.00 bad
82.30 5.3 4.00 good
74.10 4.6 4.00 bad
77.70 6.5 6.00 bad
122.20 4.7 4.00 good
74.80 5.5 6.00 bad
35.90 4.8 4.00 bad
62.70 6.5 6.00 bad
53.00 7.2 8.00 bad
233.90 7.1 8.00 good
150.70 5.4 6.00 bad
51.10 6.8 8.00 bad
178.90 6.1 6.00 good
713.10 5.5 6.00 good
87.00 6.7 8.00 bad
51.30 7.8 8.00 bad
80.20 5.9 6.00 bad
22.80 3.5 2.00 bad
168.40 6.7 6.00 good
74.40 5.1 6.00 good
296.80 5.4 4.00 good
123.50 7.1 8.00 good
44.50 5.9 6.00 bad
84.60 5.9 6.00 bad
76.10 7.9 8.00 bad
13.00 7.0 6.00 good
40.40 5.3 6.00 good
63.50 7.5 8.00 good
45.10 6.2 6.00 bad
17.00 7.5 8.00 good
49.60 5.3 4.00 bad
108.60 6.2 6.00 good
54.40 4.4 4.00 bad
72.20 4.8 4.00 bad
34.80 5.9 6.00 bad
16.80 7.6 8.00 good
7.30 7.4 8.00 bad
55.40 5.9 8.00 bad
49.30 6.1 6.00 bad
46.20 6.8 8.00 good
1070.70 7.6 8.00 bad
70.00 6.2 6.00 bad
131.20 5.2 6.00 bad
144.70 8.3 10.00 bad
87.70 5.8 6.00 bad
183.00 5.6 4.00 bad
87.20 5.2 4.00 good
116.50 7.8 8.00 good
90.50 6.9 8.00 bad
99.00 5.5 6.00 bad
34.10 6.7 8.00 good
22.20 6.5 8.00 good
181.90 6.5 6.00 bad
219.60 7.1 8.00 bad
78.10 5.3 6.00 good
21.40 6.6 6.00 bad
150.50 4.9 4.00 bad
198.70 7.4 8.00 good
64.40 6.0 6.00 good
310.00 6.4 6.00 bad
446.50 8.7 10.00 good
101.10 6.0 6.00 bad
148.90 5.8 6.00 good
107.80 5.4 6.00 bad
31.70 8.5 10.00 bad
118.30 6.0 6.00 good
59.10 5.5 6.00 bad
92.20 6.5 6.00 bad
85.80 5.6 6.00 good
145.90 4.5 4.00 bad
223.00 5.6 6.00 good
89.70 6.4 8.00 good
296.70 6.5 8.00 good
322.80 7.3 8.00 good
237.20 6.4 6.00 good
335.20 7.0 8.00 bad
72.70 4.8 4.00 bad
448.70 7.8 8.00 good
212.90 5.7 6.00 bad
130.30 7.0 8.00 good
43.40 6.4 8.00 bad
518.00 7.8 8.00 good
177.70 5.5 6.00 bad
319.70 5.4 6.00 bad
62.30 6.7 6.00 bad
154.00 3.9 4.00 good
209.90 3.3 2.00 bad
382.10 6.0 6.00 good
163.50 5.1 6.00 good
73.20 5.7 6.00 good