BookWordCount FourStarRate FiveStarRate Class
96
0 2 4 5 6 7 8 9 10 11 16 18 19 20 21 26 28 29 30 32 33 34 36 37 38 39 40 41 46 47 48 49 50 52 53 54 55 57 61 62 65 66 67 68 69 71 72 73 74 75 76 77 78 80 84 87 88 90 92 96 98 104 105 106 107 108 109 110 111 112 115 116 117 118 119 120 121 125 126 127 129 130 133 137 138 139 140 141 142 143 144 146 147 151 152 153
177.20 0.30 0.15 good
48.30 0.24 0.15 bad
139.00 0.25 0.10 bad
158.50 0.21 0.12 good
59.60 0.18 0.23 good
38.90 0.11 0.11 bad
143.50 0.22 0.21 bad
21.30 0.30 0.02 bad
82.50 0.27 0.09 bad
13.40 0.32 0.16 bad
135.80 0.20 0.14 good
24.10 0.14 0.28 bad
122.40 0.22 0.28 bad
82.30 0.20 0.13 good
74.10 0.14 0.04 bad
62.70 0.18 0.19 bad
53.00 0.31 0.27 bad
233.90 0.20 0.36 good
150.70 0.14 0.11 bad
51.10 0.39 0.13 bad
178.90 0.23 0.15 good
154.60 0.13 0.03 bad
87.00 0.34 0.19 bad
51.30 0.44 0.28 bad
80.20 0.17 0.13 bad
22.80 0.05 0.00 bad
153.10 0.33 0.19 good
168.40 0.29 0.17 good
123.50 0.33 0.27 good
49.70 0.22 0.08 bad
281.40 0.33 0.17 bad
44.50 0.23 0.10 bad
51.90 0.14 0.07 good
76.10 0.30 0.42 bad
53.70 0.00 0.10 bad
13.00 0.21 0.29 good
106.40 0.20 0.06 bad
293.40 0.29 0.18 bad
17.00 0.44 0.21 good
49.60 0.34 0.00 bad
72.20 0.07 0.07 bad
34.80 0.19 0.10 bad
16.80 0.25 0.42 good
79.60 0.30 0.22 bad
7.30 0.42 0.21 bad
98.90 0.25 0.17 bad
390.00 0.20 0.35 good
68.60 0.39 0.17 bad
49.30 0.31 0.04 bad
39.60 0.30 0.10 good
46.20 0.36 0.24 good
1070.70 0.27 0.37 bad
70.00 0.24 0.16 bad
144.70 0.19 0.58 bad
30.00 0.19 0.14 bad
112.10 0.19 0.27 bad
315.30 0.23 0.30 good
50.40 0.07 0.07 bad
116.50 0.29 0.42 good
34.10 0.33 0.17 good
170.60 0.33 0.29 good
150.50 0.04 0.09 bad
198.70 0.33 0.31 good
64.40 0.24 0.16 good
310.00 0.17 0.31 bad
446.50 0.20 0.63 good
101.10 0.24 0.10 bad
133.50 0.24 0.10 bad
148.90 0.26 0.12 good
107.80 0.15 0.11 bad
119.20 0.19 0.07 bad
118.30 0.12 0.17 good
59.10 0.14 0.09 bad
92.20 0.30 0.11 bad
427.70 0.33 0.29 good
85.80 0.25 0.11 good
145.90 0.08 0.02 bad
65.70 0.20 0.67 good
89.70 0.21 0.30 good
34.20 0.26 0.36 good
322.80 0.26 0.37 good
46.30 0.16 0.17 bad
145.80 0.33 0.04 bad
448.70 0.33 0.38 good
212.90 0.19 0.18 bad
130.30 0.36 0.22 good
43.40 0.54 0.05 bad
25.10 0.49 0.15 bad
518.00 0.24 0.46 good
177.70 0.24 0.10 bad
319.70 0.18 0.09 bad
477.20 0.37 0.19 good
154.00 0.09 0.02 good
93.00 0.19 0.37 bad
163.50 0.14 0.09 good
73.20 0.22 0.12 good