AddListCount TwoStarRate ThreeStarRate Class
99
1 3 4 6 7 8 9 10 15 16 18 19 20 21 23 24 25 26 27 28 29 30 33 34 35 36 37 41 44 45 47 48 49 50 51 53 54 55 56 58 60 63 67 68 69 70 71 72 73 74 76 78 80 82 83 84 86 87 88 89 90 91 92 93 94 95 99 101 109 110 113 114 115 116 117 118 119 120 121 124 126 127 129 132 133 134 136 138 139 141 142 143 145 146 147 148 150 152 153
492 0.08 0.23 good
38 0.12 0.27 bad
22 0.09 0.33 bad
42 0.14 0.21 good
8 0.15 0.48 bad
53 0.16 0.30 bad
14 0.18 0.26 bad
25 0.26 0.23 bad
204 0.13 0.27 bad
25 0.22 0.23 good
7 0.17 0.28 bad
70 0.18 0.22 bad
17 0.20 0.15 good
12 0.37 0.16 bad
32 0.31 0.28 good
23 0.21 0.36 bad
2 0.20 0.20 bad
32 0.09 0.43 bad
31 0.17 0.21 good
73 0.11 0.25 bad
68 0.10 0.22 good
9 0.18 0.32 bad
49 0.20 0.29 good
24 0.30 0.39 bad
254 0.12 0.18 good
63 0.10 0.23 bad
106 0.03 0.20 bad
289 0.14 0.34 good
242 0.07 0.11 good
93 0.20 0.30 bad
20 0.28 0.20 bad
371 0.09 0.33 bad
13 0.10 0.39 bad
7 0.28 0.32 good
42 0.30 0.37 bad
1 0.33 0.14 bad
9 0.05 0.33 good
11 0.28 0.33 bad
13 0.20 0.32 good
70 0.05 0.14 good
19 0.21 0.18 bad
21 0.07 0.12 good
17 0.06 0.16 good
45 0.11 0.25 bad
5 0.05 0.26 bad
2 0.10 0.04 bad
119 0.12 0.25 bad
180 0.08 0.26 good
8 0.11 0.22 bad
16 0.22 0.36 bad
110 0.07 0.15 good
57 0.10 0.33 bad
193 0.03 0.13 bad
3 0.41 0.20 bad
22 0.17 0.28 bad
3 0.14 0.33 bad
53 0.03 0.30 bad
65 0.09 0.23 bad
321 0.10 0.18 good
49 0.17 0.27 bad
4 0.13 0.20 bad
218 0.08 0.16 good
141 0.04 0.16 good
121 0.08 0.26 bad
57 0.11 0.23 good
4 0.23 0.46 bad
253 0.12 0.34 bad
65 0.10 0.26 bad
34 0.14 0.36 bad
31 0.21 0.28 bad
25 0.13 0.36 bad
218 0.02 0.09 bad
76 0.19 0.35 bad
7 0.12 0.42 good
5 0.11 0.45 bad
112 0.11 0.39 bad
274 0.06 0.20 good
15 0.18 0.20 good
14 0.30 0.32 bad
57 0.19 0.29 good
48 0.06 0.16 good
146 0.06 0.22 good
510 0.07 0.16 good
131 0.14 0.25 good
1 0.13 0.33 bad
168 0.12 0.21 good
9 0.24 0.32 bad
53 0.10 0.22 bad
206 0.07 0.24 good
19 0.03 0.19 bad
365 0.05 0.15 good
42 0.21 0.22 bad
28 0.10 0.45 bad
710 0.09 0.27 good
26 0.22 0.19 good
54 0.03 0.04 bad
5 0.15 0.35 bad
12 0.19 0.28 good
50 0.22 0.25 good