BookWordCount AddListCount Kurtosis Class
105
1 4 6 7 8 10 11 12 13 14 16 19 20 21 23 24 25 26 27 28 30 31 32 33 34 35 36 37 38 39 42 44 45 46 48 50 52 53 56 57 60 61 62 66 67 69 71 72 74 76 78 79 81 82 83 84 86 87 88 89 90 91 92 96 97 99 100 102 103 104 105 107 110 111 112 113 117 118 120 122 124 125 126 128 129 130 132 133 134 135 136 137 138 140 141 142 143 144 145 146 147 148 149 150 153
289.90 492 406.22 good
139.00 22 113.07 bad
59.60 42 75.15 good
38.90 8 181.37 bad
143.50 53 196.73 bad
82.50 25 143.84 bad
13.40 15 491.68 bad
21.80 12 114.51 bad
27.50 9 156.17 bad
123.80 136 68.44 good
135.80 25 87.54 good
122.40 70 181.41 bad
82.30 17 48.29 good
74.10 12 66.70 bad
122.20 32 78.49 good
74.80 23 114.10 bad
35.90 2 28.01 bad
62.70 32 249.04 bad
147.20 31 40.03 good
53.00 73 418.19 bad
150.70 9 80.73 bad
78.00 6 211.54 good
51.10 111 404.81 bad
178.90 49 163.05 good
154.60 24 192.82 bad
713.10 254 41.11 good
87.00 63 203.97 bad
51.30 106 948.64 bad
80.20 19 172.89 bad
22.80 1 53.89 bad
300.10 215 74.29 bad
296.80 242 29.34 good
380.50 93 135.14 bad
123.50 28 218.67 good
281.40 371 362.40 bad
51.90 7 119.73 good
76.10 446 453.60 bad
53.70 1 31.11 bad
40.40 13 74.03 good
293.40 551 94.54 bad
45.10 19 95.85 bad
17.00 33 1104.85 good
49.60 3 199.64 bad
34.80 2 204.65 bad
16.80 17 278.88 good
7.30 5 758.93 bad
98.90 119 106.33 bad
390.00 180 259.41 good
49.30 16 393.48 bad
46.20 110 159.36 good
70.00 57 147.32 bad
131.20 94 65.93 bad
87.70 4 173.53 bad
183.00 3 87.78 bad
40.80 22 188.48 bad
30.00 3 116.65 bad
129.90 53 249.84 bad
112.10 65 95.46 bad
315.30 321 118.81 good
153.20 49 208.64 bad
50.40 4 25.57 bad
126.20 218 191.97 good
116.50 141 444.03 good
34.10 100 282.28 good
22.20 7 198.40 good
181.90 253 243.27 bad
59.90 8 297.05 bad
78.10 39 65.28 good
21.40 6 664.54 bad
150.50 5 92.39 bad
198.70 98 385.10 good
310.00 188 72.91 bad
133.50 31 131.59 bad
148.90 53 113.09 good
107.80 63 84.03 bad
247.80 25 164.81 bad
59.10 5 132.92 bad
92.20 112 387.39 bad
85.80 15 75.21 good
79.20 126 313.76 bad
223.00 57 101.09 good
65.70 149 1797.82 good
89.70 48 76.64 good
296.70 108 82.37 good
322.80 510 209.65 good
46.30 11 73.99 bad
237.20 131 212.10 good
145.80 1 194.01 bad
179.50 168 176.74 good
335.20 293 234.30 bad
72.70 9 63.17 bad
448.70 303 478.73 good
212.90 53 56.35 bad
43.40 7 361.68 bad
25.10 19 311.51 bad
518.00 365 364.52 good
177.70 42 86.23 bad
319.70 103 97.95 bad
62.30 28 909.70 bad
477.20 710 402.15 good
154.00 26 40.59 good
209.90 54 9.99 bad
382.10 178 113.50 good
44.60 5 158.29 bad
73.20 50 105.28 good