BookScore Median Kurtosis Class
95
0 1 2 3 4 6 7 8 10 11 13 15 16 18 20 23 26 27 28 29 30 33 34 35 36 37 40 41 43 44 46 47 48 49 51 55 56 60 61 64 66 67 68 70 71 72 73 74 75 78 79 80 82 83 84 89 93 94 96 97 98 99 101 106 107 110 111 112 113 114 115 116 118 120 121 122 123 124 125 126 127 130 131 133 134 136 137 138 139 140 141 145 147 148 152
6.4 6.00 200.91 good
7.2 8.00 406.22 good
6.4 6.00 267.71 bad
6.4 6.00 155.27 bad
5.8 6.00 113.07 bad
6.0 6.00 75.15 good
5.8 6.00 181.37 bad
6.5 6.00 196.73 bad
5.8 6.00 143.84 bad
6.9 6.00 491.68 bad
5.5 6.00 156.17 bad
6.6 6.00 188.48 bad
5.7 6.00 87.54 good
6.5 6.00 137.29 bad
5.3 4.00 48.29 good
4.7 4.00 78.49 good
6.5 6.00 249.04 bad
4.5 4.00 40.03 good
7.2 8.00 418.19 bad
7.1 8.00 194.89 good
5.4 6.00 80.73 bad
6.1 6.00 163.05 good
5.1 6.00 192.82 bad
5.5 6.00 41.11 good
6.7 8.00 203.97 bad
7.8 8.00 948.64 bad
6.7 8.00 227.23 good
6.7 6.00 389.04 good
5.1 6.00 44.83 good
5.4 4.00 29.34 good
7.1 8.00 218.67 good
5.3 4.00 85.63 bad
6.8 6.00 362.40 bad
5.9 6.00 155.38 bad
5.9 6.00 339.26 bad
5.6 6.00 182.02 bad
5.3 6.00 74.03 good
6.2 6.00 95.85 bad
7.5 8.00 1104.85 good
4.4 4.00 59.06 bad
5.9 6.00 204.65 bad
7.6 8.00 278.88 good
6.8 8.00 223.96 bad
5.9 8.00 49.13 bad
6.1 6.00 106.33 bad
7.3 8.00 259.41 good
6.8 8.00 278.58 bad
6.1 6.00 393.48 bad
6.4 6.00 344.01 good
6.2 6.00 147.32 bad
5.2 6.00 65.93 bad
8.3 10.00 599.56 bad
5.6 4.00 87.78 bad
6.6 6.00 188.48 bad
5.9 6.00 116.65 bad
6.4 6.00 208.64 bad
6.9 8.00 288.02 bad
7.0 8.00 299.63 good
6.7 8.00 282.28 good
6.5 8.00 198.40 good
7.3 8.00 391.57 good
6.5 6.00 243.27 bad
7.1 8.00 286.97 bad
6.0 6.00 114.14 good
6.4 6.00 72.91 bad
5.8 6.00 131.59 bad
5.8 6.00 113.09 good
5.4 6.00 84.03 bad
6.1 6.00 164.81 bad
8.5 10.00 875.52 bad
5.5 6.00 125.49 bad
6.0 6.00 138.45 good
6.5 6.00 387.39 bad
5.6 6.00 75.21 good
4.5 4.00 102.63 bad
7.0 8.00 313.76 bad
7.0 6.00 502.72 good
5.6 6.00 101.09 good
8.9 10.00 1797.82 good
6.4 8.00 76.64 good
7.4 8.00 319.05 good
5.7 6.00 73.99 bad
4.4 4.00 58.14 good
5.9 6.00 194.01 bad
6.5 8.00 176.74 good
4.8 4.00 63.17 bad
7.8 8.00 478.73 good
5.7 6.00 56.35 bad
7.0 8.00 304.97 good
6.4 8.00 361.68 bad
6.9 8.00 311.51 bad
6.7 6.00 909.70 bad
3.9 4.00 40.59 good
3.3 2.00 9.99 bad
5.1 6.00 62.68 good