AddListCount ThreeStarRate Median Class
100
1 3 4 6 7 8 9 10 11 12 14 15 17 18 20 21 22 23 27 28 30 31 32 34 36 37 38 40 41 42 43 44 45 46 48 49 50 51 54 59 60 61 62 63 66 67 69 70 71 72 73 75 76 77 78 80 81 84 92 94 95 98 100 101 103 104 105 106 107 108 109 112 113 114 115 116 118 119 120 123 124 129 130 132 133 134 136 137 138 139 141 142 143 144 146 147 148 149 150 152
492 0.23 8.00 good
38 0.27 6.00 bad
22 0.33 6.00 bad
42 0.21 6.00 good
8 0.48 6.00 bad
53 0.30 6.00 bad
14 0.26 6.00 bad
25 0.23 6.00 bad
15 0.40 6.00 bad
12 0.44 6.00 bad
136 0.21 6.00 good
204 0.27 6.00 bad
10 0.20 6.00 bad
7 0.28 6.00 bad
17 0.15 4.00 good
12 0.16 4.00 bad
61 0.40 6.00 bad
32 0.28 4.00 good
31 0.21 4.00 good
73 0.25 8.00 bad
9 0.32 6.00 bad
6 0.33 6.00 good
111 0.31 8.00 bad
24 0.39 6.00 bad
63 0.23 8.00 bad
106 0.20 8.00 bad
19 0.27 6.00 bad
172 0.24 8.00 good
289 0.34 6.00 good
215 0.26 6.00 bad
18 0.24 6.00 good
242 0.11 4.00 good
93 0.30 6.00 bad
28 0.19 8.00 good
371 0.33 6.00 bad
13 0.39 6.00 bad
7 0.32 6.00 good
42 0.37 6.00 bad
9 0.33 6.00 good
138 0.21 6.00 good
19 0.18 6.00 bad
33 0.25 8.00 good
3 0.08 4.00 bad
21 0.12 6.00 good
2 0.43 6.00 bad
17 0.16 8.00 good
5 0.26 8.00 bad
2 0.04 8.00 bad
119 0.25 6.00 bad
180 0.26 8.00 good
8 0.22 8.00 bad
8 0.40 6.00 good
110 0.15 8.00 good
183 0.22 8.00 bad
57 0.33 6.00 bad
193 0.13 10.00 bad
4 0.54 6.00 bad
3 0.33 6.00 bad
141 0.16 8.00 good
57 0.23 8.00 good
4 0.46 6.00 bad
558 0.22 8.00 good
8 0.34 8.00 bad
65 0.26 8.00 bad
6 0.50 6.00 bad
5 0.34 4.00 bad
98 0.19 8.00 good
102 0.27 6.00 good
188 0.15 6.00 bad
1586 0.10 10.00 good
34 0.36 6.00 bad
63 0.30 6.00 bad
25 0.36 6.00 bad
218 0.09 10.00 bad
76 0.35 6.00 bad
7 0.42 6.00 good
112 0.39 6.00 bad
274 0.20 8.00 good
15 0.20 6.00 good
32 0.37 6.00 good
57 0.29 6.00 good
510 0.16 8.00 good
11 0.28 6.00 bad
131 0.25 6.00 good
1 0.33 6.00 bad
168 0.21 8.00 good
9 0.32 4.00 bad
303 0.15 8.00 good
53 0.22 6.00 bad
206 0.24 8.00 good
19 0.19 8.00 bad
365 0.15 8.00 good
42 0.22 6.00 bad
103 0.27 6.00 bad
710 0.27 8.00 good
26 0.19 4.00 good
54 0.04 2.00 bad
178 0.23 6.00 good
5 0.35 6.00 bad
12 0.28 6.00 good