AddListCount TwoStarRate Kurtosis Class
96
1 2 4 5 9 10 11 12 13 15 16 17 18 23 25 28 29 30 31 34 35 36 37 40 41 44 46 47 49 50 51 52 54 55 57 58 61 64 67 68 73 74 75 76 77 79 80 81 83 84 85 88 89 91 92 93 94 95 97 98 99 102 103 104 105 107 108 109 110 116 117 118 120 121 122 124 125 126 131 133 134 135 136 138 139 140 141 142 143 144 146 147 148 149 151 153
492 0.08 406.22 good
12 0.10 267.71 bad
22 0.09 113.07 bad
122 0.20 93.52 good
14 0.18 110.48 bad
25 0.26 143.84 bad
15 0.04 491.68 bad
12 0.08 114.51 bad
9 0.24 156.17 bad
204 0.13 188.48 bad
25 0.22 87.54 good
10 0.22 80.31 bad
7 0.17 137.29 bad
32 0.31 78.49 good
2 0.20 28.01 bad
73 0.11 418.19 bad
68 0.10 194.89 good
9 0.18 80.73 bad
6 0.30 211.54 good
24 0.30 192.82 bad
254 0.12 41.11 good
63 0.10 203.97 bad
106 0.03 948.64 bad
172 0.12 227.23 good
289 0.14 389.04 good
242 0.07 29.34 good
28 0.07 218.67 good
20 0.28 85.63 bad
13 0.10 155.38 bad
7 0.28 119.73 good
42 0.30 339.26 bad
446 0.04 453.60 bad
9 0.05 245.77 good
11 0.28 182.02 bad
551 0.07 94.54 bad
70 0.05 256.16 good
33 0.08 1104.85 good
10 0.27 59.06 bad
17 0.06 278.88 good
45 0.11 223.96 bad
8 0.11 278.58 bad
16 0.22 393.48 bad
8 0.10 344.01 good
110 0.07 159.36 good
183 0.07 440.27 bad
94 0.19 65.93 bad
193 0.03 599.56 bad
4 0.08 173.53 bad
22 0.17 188.48 bad
3 0.14 116.65 bad
55 0.19 51.21 good
321 0.10 118.81 good
49 0.17 208.64 bad
218 0.08 191.97 good
141 0.04 444.03 good
121 0.08 288.02 bad
57 0.11 299.63 good
4 0.23 128.84 bad
7 0.03 198.40 good
558 0.08 391.57 good
253 0.12 243.27 bad
39 0.14 65.28 good
6 0.08 664.54 bad
5 0.31 92.39 bad
98 0.08 385.10 good
188 0.12 72.91 bad
1586 0.02 1238.93 good
34 0.14 170.95 bad
31 0.21 131.59 bad
7 0.12 138.45 good
5 0.11 132.92 bad
112 0.11 387.39 bad
15 0.18 75.21 good
14 0.30 102.63 bad
126 0.10 313.76 bad
57 0.19 101.09 good
149 0.02 1797.82 good
48 0.06 76.64 good
5 0.41 58.14 good
1 0.13 194.01 bad
168 0.12 176.74 good
293 0.09 234.30 bad
9 0.24 63.17 bad
53 0.10 56.35 bad
206 0.07 304.97 good
7 0.30 361.68 bad
19 0.03 311.51 bad
365 0.05 364.52 good
42 0.21 86.23 bad
103 0.25 97.95 bad
710 0.09 402.15 good
26 0.22 40.59 good
54 0.03 9.99 bad
178 0.18 113.50 good
125 0.07 105.22 bad
50 0.22 105.28 good