BookScore AddListCount Mode Class
101
1 2 3 4 5 6 7 8 11 13 15 16 17 18 21 22 23 25 27 28 30 31 32 34 35 37 39 40 42 44 45 46 48 49 50 51 52 53 54 55 58 59 60 61 62 63 64 65 66 67 68 69 71 73 76 80 82 83 85 86 87 88 91 92 94 96 97 99 101 102 103 104 105 106 107 108 109 112 113 115 117 119 122 124 125 127 128 130 131 132 135 136 141 142 143 145 147 150 151 152 153
7.2 492 8.00 good
6.4 12 6.00 bad
6.4 38 8.00 bad
5.8 22 6.00 bad
5.6 122 6.00 good
6.0 42 2.00 good
5.8 8 6.00 bad
6.5 53 6.00 bad
6.9 15 6.00 bad
5.5 9 6.00 bad
6.6 204 6.00 bad
5.7 25 6.00 good
5.6 10 8.00 bad
6.5 7 10.00 bad
4.6 12 4.00 bad
6.5 61 6.00 bad
4.7 32 4.00 good
4.8 2 2.00 bad
4.5 31 2.00 good
7.2 73 8.00 bad
5.4 9 6.00 bad
5.8 6 6.00 good
6.8 111 8.00 bad
5.1 24 6.00 bad
5.5 254 2.00 good
7.8 106 8.00 bad
3.5 1 2.00 bad
6.7 172 8.00 good
5.4 215 2.00 bad
5.4 242 2.00 good
5.8 93 6.00 bad
7.1 28 8.00 good
6.8 371 8.00 bad
5.9 13 6.00 bad
5.3 7 6.00 good
5.9 42 6.00 bad
7.9 446 10.00 bad
4.0 1 2.00 bad
7.0 9 6.00 good
5.6 11 6.00 bad
7.5 70 10.00 good
6.5 138 10.00 good
6.2 19 10.00 bad
7.5 33 8.00 good
5.3 3 4.00 bad
6.2 21 2.00 good
4.4 10 2.00 bad
4.8 22 6.00 bad
5.9 2 6.00 bad
7.6 17 10.00 good
6.8 45 8.00 bad
7.4 5 8.00 bad
6.1 119 8.00 bad
6.8 8 8.00 bad
6.8 110 8.00 good
8.3 193 10.00 bad
5.6 3 4.00 bad
6.6 22 6.00 bad
5.2 55 2.00 good
7.0 53 6.00 bad
6.4 65 10.00 bad
6.7 321 10.00 good
7.2 218 10.00 good
7.8 141 10.00 good
7.0 57 8.00 good
6.7 100 8.00 good
6.5 7 8.00 good
6.5 253 6.00 bad
7.1 65 10.00 bad
5.3 39 2.00 good
6.6 6 6.00 bad
4.9 5 6.00 bad
7.4 98 8.00 good
6.0 102 6.00 good
6.4 188 10.00 bad
8.7 1586 10.00 good
6.0 34 6.00 bad
5.4 63 6.00 bad
6.1 25 6.00 bad
5.5 76 6.00 bad
5.5 5 6.00 bad
7.3 274 8.00 good
7.0 126 8.00 bad
5.6 57 6.00 good
8.9 149 10.00 good
7.4 146 10.00 good
6.5 108 10.00 good
5.7 11 6.00 bad
4.4 5 4.00 good
6.4 131 8.00 good
7.0 293 8.00 bad
4.8 9 6.00 bad
6.9 19 8.00 bad
7.8 365 10.00 good
5.5 42 8.00 bad
6.7 28 6.00 bad
3.9 26 2.00 good
6.1 5 6.00 bad
6.8 125 10.00 bad
5.1 12 2.00 good
5.7 50 6.00 good