FiveStarRate Mode Kurtosis Class
102
0 1 2 4 5 8 9 12 13 17 18 23 26 27 28 29 30 32 33 34 36 37 38 39 40 41 43 44 47 48 49 50 51 52 53 54 55 56 57 58 62 64 65 66 67 69 70 71 72 73 75 77 79 81 82 85 87 88 90 91 92 93 94 97 98 99 100 101 103 104 105 106 108 110 112 113 114 116 117 118 119 120 121 122 123 124 125 127 129 130 131 133 134 135 136 138 141 143 146 148 150 151
0.15 8.00 200.91 good
0.25 8.00 406.22 good
0.15 6.00 267.71 bad
0.10 6.00 113.07 bad
0.12 6.00 93.52 good
0.21 6.00 196.73 bad
0.02 8.00 110.48 bad
0.20 6.00 114.51 bad
0.09 6.00 156.17 bad
0.12 8.00 80.31 bad
0.28 10.00 137.29 bad
0.06 4.00 78.49 good
0.19 6.00 249.04 bad
0.05 2.00 40.03 good
0.27 8.00 418.19 bad
0.36 10.00 194.89 good
0.11 6.00 80.73 bad
0.13 8.00 404.81 bad
0.15 6.00 163.05 good
0.03 6.00 192.82 bad
0.19 8.00 203.97 bad
0.28 8.00 948.64 bad
0.13 4.00 172.89 bad
0.00 2.00 53.89 bad
0.19 8.00 227.23 good
0.17 6.00 389.04 good
0.14 2.00 44.83 good
0.23 2.00 29.34 good
0.08 4.00 85.63 bad
0.17 8.00 362.40 bad
0.10 6.00 155.38 bad
0.07 6.00 119.73 good
0.07 6.00 339.26 bad
0.42 10.00 453.60 bad
0.10 2.00 31.11 bad
0.29 6.00 245.77 good
0.06 6.00 182.02 bad
0.13 6.00 74.03 good
0.18 8.00 94.54 bad
0.37 10.00 256.16 good
0.00 4.00 199.64 bad
0.02 2.00 59.06 bad
0.07 6.00 77.07 bad
0.10 6.00 204.65 bad
0.42 10.00 278.88 good
0.21 8.00 758.93 bad
0.20 2.00 49.13 bad
0.17 8.00 106.33 bad
0.35 10.00 259.41 good
0.17 8.00 278.58 bad
0.10 6.00 344.01 good
0.37 10.00 440.27 bad
0.10 2.00 65.93 bad
0.13 6.00 173.53 bad
0.22 4.00 87.78 bad
0.10 2.00 51.21 good
0.27 10.00 95.46 bad
0.30 10.00 118.81 good
0.07 2.00 25.57 bad
0.34 10.00 191.97 good
0.42 10.00 444.03 good
0.21 8.00 288.02 bad
0.23 8.00 299.63 good
0.13 8.00 198.40 good
0.29 8.00 391.57 good
0.17 6.00 243.27 bad
0.25 6.00 297.05 bad
0.27 10.00 286.97 bad
0.11 6.00 664.54 bad
0.09 6.00 92.39 bad
0.31 8.00 385.10 good
0.16 6.00 114.14 good
0.63 10.00 1238.93 good
0.10 6.00 131.59 bad
0.11 6.00 84.03 bad
0.14 6.00 164.81 bad
0.60 10.00 875.52 bad
0.17 6.00 138.45 good
0.09 6.00 132.92 bad
0.11 6.00 387.39 bad
0.29 8.00 297.36 good
0.11 8.00 75.21 good
0.02 6.00 102.63 bad
0.25 8.00 313.76 bad
0.20 6.00 502.72 good
0.11 6.00 101.09 good
0.67 10.00 1797.82 good
0.36 10.00 319.05 good
0.37 10.00 209.65 good
0.17 6.00 73.99 bad
0.06 4.00 58.14 good
0.04 8.00 194.01 bad
0.18 8.00 176.74 good
0.26 8.00 234.30 bad
0.09 6.00 63.17 bad
0.18 2.00 56.35 bad
0.15 8.00 311.51 bad
0.10 8.00 86.23 bad
0.19 8.00 402.15 good
0.08 2.00 9.99 bad
0.15 6.00 158.29 bad
0.37 10.00 105.22 bad