ThreeStarRate Mode Median Class
95
0 2 3 6 7 8 9 11 12 14 15 16 19 20 22 23 24 25 26 27 29 30 33 34 36 37 38 40 41 42 43 44 45 50 51 52 53 54 56 58 59 61 62 64 67 68 70 71 73 74 76 78 83 84 85 86 88 89 90 92 93 94 95 96 98 99 102 104 106 109 111 114 116 117 119 120 122 123 124 128 131 132 134 135 137 138 141 142 143 144 146 147 150 152 153
0.28 8.00 6.00 good
0.40 6.00 6.00 bad
0.27 8.00 6.00 bad
0.21 2.00 6.00 good
0.48 6.00 6.00 bad
0.30 6.00 6.00 bad
0.26 8.00 6.00 bad
0.40 6.00 6.00 bad
0.44 6.00 6.00 bad
0.21 2.00 6.00 good
0.27 6.00 6.00 bad
0.23 6.00 6.00 good
0.22 10.00 6.00 bad
0.15 2.00 4.00 good
0.40 6.00 6.00 bad
0.28 4.00 4.00 good
0.36 6.00 6.00 bad
0.20 2.00 4.00 bad
0.43 6.00 6.00 bad
0.21 2.00 4.00 good
0.22 10.00 8.00 good
0.32 6.00 6.00 bad
0.29 6.00 6.00 good
0.39 6.00 6.00 bad
0.23 8.00 8.00 bad
0.20 8.00 8.00 bad
0.27 4.00 6.00 bad
0.24 8.00 8.00 good
0.34 6.00 6.00 good
0.26 2.00 6.00 bad
0.24 2.00 6.00 good
0.11 2.00 4.00 good
0.30 6.00 6.00 bad
0.32 6.00 6.00 good
0.37 6.00 6.00 bad
0.15 10.00 8.00 bad
0.14 2.00 4.00 bad
0.33 6.00 6.00 good
0.32 6.00 6.00 good
0.14 10.00 8.00 good
0.21 10.00 6.00 good
0.25 8.00 8.00 good
0.08 4.00 4.00 bad
0.21 2.00 4.00 bad
0.16 10.00 8.00 good
0.25 8.00 8.00 bad
0.04 2.00 8.00 bad
0.25 8.00 6.00 bad
0.22 8.00 8.00 bad
0.36 6.00 6.00 bad
0.15 8.00 8.00 good
0.33 6.00 6.00 bad
0.28 6.00 6.00 bad
0.33 6.00 6.00 bad
0.15 2.00 4.00 good
0.30 6.00 8.00 bad
0.18 10.00 8.00 good
0.27 8.00 6.00 bad
0.20 2.00 2.00 bad
0.16 10.00 8.00 good
0.26 8.00 8.00 bad
0.23 8.00 8.00 good
0.46 6.00 6.00 bad
0.28 8.00 8.00 good
0.22 8.00 8.00 good
0.34 6.00 6.00 bad
0.26 2.00 6.00 good
0.34 6.00 4.00 bad
0.27 6.00 6.00 good
0.36 6.00 6.00 bad
0.26 8.00 6.00 good
0.09 10.00 10.00 bad
0.42 6.00 6.00 good
0.45 6.00 6.00 bad
0.20 8.00 8.00 good
0.20 8.00 6.00 good
0.28 8.00 8.00 bad
0.37 6.00 6.00 good
0.29 6.00 6.00 good
0.13 10.00 8.00 good
0.13 4.00 4.00 good
0.25 8.00 6.00 good
0.21 8.00 8.00 good
0.24 8.00 8.00 bad
0.15 10.00 8.00 good
0.22 2.00 6.00 bad
0.19 8.00 8.00 bad
0.15 10.00 8.00 good
0.22 8.00 6.00 bad
0.27 6.00 6.00 bad
0.27 8.00 8.00 good
0.19 2.00 4.00 good
0.35 6.00 6.00 bad
0.28 2.00 6.00 good
0.25 6.00 6.00 good