BookScoreCount Median Kurtosis Class
96
3 4 5 7 9 11 13 15 18 19 20 21 24 25 27 28 29 30 31 32 33 34 37 40 42 43 44 46 47 48 49 50 52 53 55 56 59 60 62 66 70 72 73 74 76 78 79 82 83 84 89 91 92 93 96 98 99 101 102 104 105 106 107 108 109 110 112 113 114 115 116 118 119 121 122 123 125 127 129 130 131 133 135 137 138 139 140 141 142 143 146 147 149 150 151 153
129 6.00 155.27 bad
78 6.00 113.07 bad
439 6.00 93.52 good
27 6.00 181.37 bad
51 6.00 110.48 bad
51 6.00 491.68 bad
48 6.00 156.17 bad
658 6.00 188.48 bad
23 6.00 137.29 bad
250 6.00 181.41 bad
112 4.00 48.29 good
44 4.00 66.70 bad
70 6.00 114.10 bad
11 4.00 28.01 bad
150 4.00 40.03 good
263 8.00 418.19 bad
290 8.00 194.89 good
29 6.00 80.73 bad
44 6.00 211.54 good
292 8.00 404.81 bad
192 6.00 163.05 good
97 6.00 192.82 bad
216 8.00 948.64 bad
495 8.00 227.23 good
686 6.00 74.29 bad
81 6.00 44.83 good
1885 4.00 29.34 good
108 8.00 218.67 good
79 4.00 85.63 bad
1248 6.00 362.40 bad
72 6.00 155.38 bad
29 6.00 119.73 good
1780 8.00 453.60 bad
22 4.00 31.11 bad
55 6.00 182.02 bad
80 6.00 74.03 good
484 6.00 148.52 good
108 6.00 95.85 bad
13 4.00 199.64 bad
21 6.00 204.65 bad
51 8.00 49.13 bad
956 8.00 259.41 good
19 8.00 278.58 bad
46 6.00 393.48 bad
429 8.00 159.36 good
217 6.00 147.32 bad
531 6.00 65.93 bad
31 4.00 87.78 bad
104 6.00 188.48 bad
21 6.00 116.65 bad
145 6.00 208.64 bad
654 8.00 191.97 good
527 8.00 444.03 good
396 8.00 288.02 bad
188 8.00 282.28 good
2113 8.00 391.57 good
942 6.00 243.27 bad
219 8.00 286.97 bad
225 6.00 65.28 good
25 4.00 92.39 bad
339 8.00 385.10 good
349 6.00 114.14 good
1184 6.00 72.91 bad
5393 10.00 1238.93 good
88 6.00 170.95 bad
112 6.00 131.59 bad
201 6.00 84.03 bad
136 6.00 164.81 bad
1114 10.00 875.52 bad
282 6.00 125.49 bad
19 6.00 138.45 good
274 6.00 387.39 bad
1575 8.00 297.36 good
59 4.00 102.63 bad
385 8.00 313.76 bad
93 6.00 502.72 good
768 10.00 1797.82 good
387 8.00 319.05 good
2063 8.00 209.65 good
82 6.00 73.99 bad
31 4.00 58.14 good
23 6.00 194.01 bad
1310 8.00 234.30 bad
1641 8.00 478.73 good
328 6.00 56.35 bad
1100 8.00 304.97 good
21 8.00 361.68 bad
83 8.00 311.51 bad
2366 8.00 364.52 good
153 6.00 86.23 bad
2356 8.00 402.15 good
208 4.00 40.59 good
674 6.00 113.50 good
21 6.00 158.29 bad
638 8.00 105.22 bad
209 6.00 105.28 good