BookWordCount TwoStarRate FourStarRate Class
102
0 1 2 3 5 7 8 9 11 14 15 16 17 21 22 23 24 28 29 30 31 33 36 37 39 40 41 42 44 45 47 49 50 51 52 53 54 55 57 58 60 63 64 66 67 68 69 71 72 73 74 75 76 77 79 83 84 85 87 88 89 90 95 99 100 101 103 104 107 108 111 112 113 114 116 117 118 119 120 121 122 123 124 125 126 127 129 130 131 134 135 136 137 139 140 142 144 145 146 148 149 150
177.20 0.15 0.30 good
289.90 0.08 0.36 good
48.30 0.10 0.24 bad
52.30 0.12 0.27 bad
158.50 0.20 0.21 good
38.90 0.15 0.11 bad
143.50 0.16 0.22 bad
21.30 0.18 0.30 bad
13.40 0.04 0.32 bad
123.80 0.14 0.19 good
257.20 0.13 0.25 bad
135.80 0.22 0.20 good
33.60 0.22 0.23 bad
74.10 0.37 0.14 bad
77.70 0.15 0.28 bad
122.20 0.31 0.08 good
74.80 0.21 0.13 bad
53.00 0.11 0.31 bad
233.90 0.10 0.20 good
150.70 0.18 0.14 bad
78.00 0.30 0.19 good
178.90 0.20 0.23 good
87.00 0.10 0.34 bad
51.30 0.03 0.44 bad
22.80 0.26 0.05 bad
153.10 0.12 0.33 good
168.40 0.14 0.29 good
300.10 0.17 0.20 bad
296.80 0.07 0.16 good
380.50 0.20 0.23 bad
49.70 0.28 0.22 bad
44.50 0.10 0.23 bad
51.90 0.28 0.14 good
84.60 0.30 0.21 bad
76.10 0.04 0.30 bad
53.70 0.33 0.00 bad
13.00 0.05 0.21 good
106.40 0.28 0.20 bad
293.40 0.07 0.29 bad
63.50 0.05 0.30 good
45.10 0.21 0.20 bad
108.60 0.07 0.20 good
54.40 0.27 0.14 bad
34.80 0.14 0.19 bad
16.80 0.06 0.25 good
79.60 0.11 0.30 bad
7.30 0.05 0.42 bad
98.90 0.12 0.25 bad
390.00 0.08 0.20 good
68.60 0.11 0.39 bad
49.30 0.22 0.31 bad
39.60 0.10 0.30 good
46.20 0.07 0.36 good
1070.70 0.07 0.27 bad
131.20 0.19 0.17 bad
40.80 0.17 0.22 bad
30.00 0.14 0.19 bad
87.20 0.19 0.24 good
112.10 0.09 0.19 bad
315.30 0.10 0.23 good
153.20 0.17 0.28 bad
50.40 0.13 0.07 bad
99.00 0.23 0.00 bad
181.90 0.12 0.26 bad
59.90 0.02 0.27 bad
219.60 0.10 0.27 bad
21.40 0.08 0.26 bad
150.50 0.31 0.04 bad
310.00 0.12 0.17 bad
446.50 0.02 0.20 good
148.90 0.16 0.26 good
107.80 0.20 0.15 bad
247.80 0.13 0.21 bad
31.70 0.02 0.23 bad
118.30 0.12 0.12 good
59.10 0.11 0.14 bad
92.20 0.11 0.30 bad
427.70 0.06 0.33 good
85.80 0.18 0.25 good
145.90 0.30 0.08 bad
79.20 0.10 0.29 bad
153.40 0.08 0.30 good
223.00 0.19 0.20 good
65.70 0.02 0.20 good
89.70 0.06 0.21 good
34.20 0.06 0.26 good
322.80 0.07 0.26 good
46.30 0.13 0.16 bad
195.70 0.41 0.11 good
179.50 0.12 0.34 good
335.20 0.09 0.29 bad
72.70 0.24 0.05 bad
448.70 0.05 0.33 good
130.30 0.07 0.36 good
43.40 0.30 0.54 bad
518.00 0.05 0.24 good
319.70 0.25 0.18 bad
62.30 0.10 0.33 bad
477.20 0.09 0.37 good
209.90 0.03 0.06 bad
382.10 0.18 0.26 good
44.60 0.15 0.20 bad