AddListCount FiveStarRate Median Class
105
1 2 4 5 6 7 9 10 11 12 15 16 18 21 25 27 28 29 30 31 32 33 34 36 38 40 41 45 47 48 49 50 51 52 53 54 56 57 58 59 60 63 64 66 67 68 70 71 73 75 76 77 79 80 81 82 83 84 85 86 87 88 89 91 93 94 95 96 98 100 101 103 105 107 108 109 110 112 113 114 115 116 119 121 122 123 124 126 130 131 132 133 135 137 138 139 143 144 145 146 147 148 149 152 153
492 0.25 8.00 good
12 0.15 6.00 bad
22 0.10 6.00 bad
122 0.12 6.00 good
42 0.23 6.00 good
8 0.11 6.00 bad
14 0.02 6.00 bad
25 0.09 6.00 bad
15 0.16 6.00 bad
12 0.20 6.00 bad
204 0.23 6.00 bad
25 0.14 6.00 good
7 0.28 6.00 bad
12 0.04 4.00 bad
2 0.20 4.00 bad
31 0.05 4.00 good
73 0.27 8.00 bad
68 0.36 8.00 good
9 0.11 6.00 bad
6 0.09 6.00 good
111 0.13 8.00 bad
49 0.15 6.00 good
24 0.03 6.00 bad
63 0.19 8.00 bad
19 0.13 6.00 bad
172 0.19 8.00 good
289 0.17 6.00 good
93 0.10 6.00 bad
20 0.08 4.00 bad
371 0.17 6.00 bad
13 0.10 6.00 bad
7 0.07 6.00 good
42 0.07 6.00 bad
446 0.42 8.00 bad
1 0.10 4.00 bad
9 0.29 6.00 good
13 0.13 6.00 good
551 0.18 6.00 bad
70 0.37 8.00 good
138 0.25 6.00 good
19 0.23 6.00 bad
21 0.30 6.00 good
10 0.02 4.00 bad
2 0.10 6.00 bad
17 0.42 8.00 good
45 0.22 8.00 bad
2 0.20 8.00 bad
119 0.17 6.00 bad
8 0.17 8.00 bad
8 0.10 6.00 good
110 0.24 8.00 good
183 0.37 8.00 bad
94 0.10 6.00 bad
193 0.58 10.00 bad
4 0.13 6.00 bad
3 0.22 4.00 bad
22 0.22 6.00 bad
3 0.14 6.00 bad
55 0.10 4.00 good
53 0.26 8.00 bad
65 0.27 6.00 bad
321 0.30 8.00 good
49 0.17 6.00 bad
218 0.34 8.00 good
121 0.21 8.00 bad
57 0.23 8.00 good
4 0.15 6.00 bad
100 0.17 8.00 good
558 0.29 8.00 good
8 0.25 8.00 bad
65 0.27 8.00 bad
6 0.11 6.00 bad
98 0.31 8.00 good
188 0.31 6.00 bad
1586 0.63 10.00 good
34 0.10 6.00 bad
31 0.10 6.00 bad
63 0.11 6.00 bad
25 0.14 6.00 bad
218 0.60 10.00 bad
76 0.07 6.00 bad
7 0.17 6.00 good
274 0.29 8.00 good
14 0.02 4.00 bad
126 0.25 8.00 bad
32 0.20 6.00 good
57 0.11 6.00 good
48 0.30 8.00 good
11 0.17 6.00 bad
5 0.06 4.00 good
131 0.13 6.00 good
1 0.04 6.00 bad
293 0.26 8.00 bad
303 0.38 8.00 good
53 0.18 6.00 bad
206 0.22 8.00 good
42 0.10 6.00 bad
103 0.09 6.00 bad
28 0.08 6.00 bad
710 0.19 8.00 good
26 0.02 4.00 good
54 0.08 2.00 bad
178 0.15 6.00 good
12 0.09 6.00 good
50 0.12 6.00 good