BookWordCount FourStarRate Mode Class
92
0 1 3 4 5 7 11 13 14 15 16 17 18 19 22 24 25 26 28 30 32 33 34 35 37 40 41 42 47 48 49 50 52 54 55 59 60 61 63 64 66 68 69 70 72 73 76 77 78 80 82 84 86 87 88 89 90 92 93 94 95 98 99 100 101 102 103 105 107 108 109 111 114 115 116 119 120 121 122 123 124 126 128 130 131 134 136 138 140 141 142 146
177.20 0.30 8.00 good
289.90 0.36 8.00 good
52.30 0.27 8.00 bad
139.00 0.25 6.00 bad
158.50 0.21 6.00 good
38.90 0.11 6.00 bad
13.40 0.32 6.00 bad
27.50 0.13 6.00 bad
123.80 0.19 2.00 good
257.20 0.25 6.00 bad
135.80 0.20 6.00 good
33.60 0.23 8.00 bad
24.10 0.14 10.00 bad
122.40 0.22 10.00 bad
77.70 0.28 6.00 bad
74.80 0.13 6.00 bad
35.90 0.00 2.00 bad
62.70 0.18 6.00 bad
53.00 0.31 8.00 bad
150.70 0.14 6.00 bad
51.10 0.39 8.00 bad
178.90 0.23 6.00 good
154.60 0.13 6.00 bad
713.10 0.14 2.00 good
51.30 0.44 8.00 bad
153.10 0.33 8.00 good
168.40 0.29 6.00 good
300.10 0.20 2.00 bad
49.70 0.22 4.00 bad
281.40 0.33 8.00 bad
44.50 0.23 6.00 bad
51.90 0.14 6.00 good
76.10 0.30 10.00 bad
13.00 0.21 6.00 good
106.40 0.20 6.00 bad
133.40 0.21 10.00 good
45.10 0.20 10.00 bad
17.00 0.44 8.00 good
108.60 0.20 2.00 good
54.40 0.14 2.00 bad
34.80 0.19 6.00 bad
79.60 0.30 8.00 bad
7.30 0.42 8.00 bad
55.40 0.32 2.00 bad
390.00 0.20 10.00 good
68.60 0.39 8.00 bad
46.20 0.36 8.00 good
1070.70 0.27 10.00 bad
70.00 0.24 6.00 bad
144.70 0.19 10.00 bad
183.00 0.05 4.00 bad
30.00 0.19 6.00 bad
129.90 0.27 6.00 bad
112.10 0.19 10.00 bad
315.30 0.23 10.00 good
153.20 0.28 8.00 bad
50.40 0.07 2.00 bad
116.50 0.29 10.00 good
90.50 0.34 8.00 bad
63.70 0.33 8.00 good
99.00 0.00 6.00 bad
170.60 0.33 8.00 good
181.90 0.26 6.00 bad
59.90 0.27 6.00 bad
219.60 0.27 10.00 bad
78.10 0.21 2.00 good
21.40 0.26 6.00 bad
198.70 0.33 8.00 good
310.00 0.17 10.00 bad
446.50 0.20 10.00 good
101.10 0.24 6.00 bad
148.90 0.26 8.00 good
31.70 0.23 10.00 bad
119.20 0.19 6.00 bad
118.30 0.12 6.00 good
427.70 0.33 8.00 good
85.80 0.25 8.00 good
145.90 0.08 6.00 bad
79.20 0.29 8.00 bad
153.40 0.30 6.00 good
223.00 0.20 6.00 good
89.70 0.21 10.00 good
296.70 0.23 10.00 good
46.30 0.16 6.00 bad
195.70 0.11 4.00 good
179.50 0.34 8.00 good
72.70 0.05 6.00 bad
212.90 0.19 2.00 bad
43.40 0.54 8.00 bad
25.10 0.49 8.00 bad
518.00 0.24 10.00 good
477.20 0.37 8.00 good