Mode Median Kurtosis Class
96
1 2 4 5 8 9 11 12 14 18 20 22 23 24 25 26 28 31 35 36 39 40 42 44 46 48 50 51 52 53 55 56 58 59 60 63 64 65 67 68 69 70 72 74 80 82 84 85 86 87 88 89 91 92 93 95 96 97 100 102 104 105 106 107 108 109 110 112 113 114 115 116 117 118 120 123 124 127 128 129 130 134 135 136 137 138 139 140 141 142 143 145 146 149 151 153
8.00 8.00 406.22 good
6.00 6.00 267.71 bad
6.00 6.00 113.07 bad
6.00 6.00 93.52 good
6.00 6.00 196.73 bad
8.00 6.00 110.48 bad
6.00 6.00 491.68 bad
6.00 6.00 114.51 bad
2.00 6.00 68.44 good
10.00 6.00 137.29 bad
2.00 4.00 48.29 good
6.00 6.00 468.11 bad
4.00 4.00 78.49 good
6.00 6.00 114.10 bad
2.00 4.00 28.01 bad
6.00 6.00 249.04 bad
8.00 8.00 418.19 bad
6.00 6.00 211.54 good
2.00 6.00 41.11 good
8.00 8.00 203.97 bad
2.00 2.00 53.89 bad
8.00 8.00 227.23 good
2.00 6.00 74.29 bad
2.00 4.00 29.34 good
8.00 8.00 218.67 good
8.00 6.00 362.40 bad
6.00 6.00 119.73 good
6.00 6.00 339.26 bad
10.00 8.00 453.60 bad
2.00 4.00 31.11 bad
6.00 6.00 182.02 bad
6.00 6.00 74.03 good
10.00 8.00 256.16 good
10.00 6.00 148.52 good
10.00 6.00 95.85 bad
2.00 6.00 55.29 good
2.00 4.00 59.06 bad
6.00 4.00 77.07 bad
10.00 8.00 278.88 good
8.00 8.00 223.96 bad
8.00 8.00 758.93 bad
2.00 8.00 49.13 bad
10.00 8.00 259.41 good
6.00 6.00 393.48 bad
10.00 10.00 599.56 bad
4.00 4.00 87.78 bad
6.00 6.00 116.65 bad
2.00 4.00 51.21 good
6.00 8.00 249.84 bad
10.00 6.00 95.46 bad
10.00 8.00 118.81 good
8.00 6.00 208.64 bad
10.00 8.00 191.97 good
10.00 8.00 444.03 good
8.00 8.00 288.02 bad
6.00 6.00 128.84 bad
8.00 8.00 282.28 good
8.00 8.00 198.40 good
6.00 8.00 297.05 bad
2.00 6.00 65.28 good
6.00 4.00 92.39 bad
8.00 8.00 385.10 good
6.00 6.00 114.14 good
10.00 6.00 72.91 bad
10.00 10.00 1238.93 good
6.00 6.00 170.95 bad
6.00 6.00 131.59 bad
6.00 6.00 84.03 bad
6.00 6.00 164.81 bad
10.00 10.00 875.52 bad
6.00 6.00 125.49 bad
6.00 6.00 138.45 good
6.00 6.00 132.92 bad
6.00 6.00 387.39 bad
8.00 6.00 75.21 good
6.00 6.00 502.72 good
6.00 6.00 101.09 good
10.00 8.00 319.05 good
10.00 8.00 82.37 good
10.00 8.00 209.65 good
6.00 6.00 73.99 bad
8.00 8.00 176.74 good
8.00 8.00 234.30 bad
6.00 4.00 63.17 bad
10.00 8.00 478.73 good
2.00 6.00 56.35 bad
8.00 8.00 304.97 good
8.00 8.00 361.68 bad
8.00 8.00 311.51 bad
10.00 8.00 364.52 good
8.00 6.00 86.23 bad
6.00 6.00 909.70 bad
8.00 8.00 402.15 good
8.00 6.00 113.50 good
10.00 8.00 105.22 bad
6.00 6.00 105.28 good