AddListCount FourStarRate Mode Class
103
0 1 3 6 8 10 11 15 17 18 19 20 21 26 27 28 29 32 33 34 35 36 37 38 39 40 43 45 46 47 48 49 50 52 53 55 56 57 58 59 62 63 64 67 68 69 70 71 72 76 77 78 79 81 82 84 85 86 87 88 89 90 91 92 94 95 96 97 98 99 106 107 108 109 111 113 114 115 116 118 119 120 121 122 123 124 125 126 127 129 130 131 132 133 134 135 136 137 140 141 143 146 151
214 0.30 8.00 good
492 0.36 8.00 good
38 0.27 8.00 bad
42 0.18 2.00 good
53 0.22 6.00 bad
25 0.27 8.00 bad
15 0.32 6.00 bad
204 0.25 6.00 bad
10 0.23 8.00 bad
7 0.14 10.00 bad
70 0.22 10.00 bad
17 0.20 2.00 good
12 0.14 4.00 bad
32 0.18 6.00 bad
31 0.15 2.00 good
73 0.31 8.00 bad
68 0.20 10.00 good
111 0.39 8.00 bad
49 0.23 6.00 good
24 0.13 6.00 bad
254 0.14 2.00 good
63 0.34 8.00 bad
106 0.44 8.00 bad
19 0.17 4.00 bad
1 0.05 2.00 bad
172 0.33 8.00 good
18 0.14 2.00 good
93 0.23 6.00 bad
28 0.33 8.00 good
20 0.22 4.00 bad
371 0.33 8.00 bad
13 0.23 6.00 bad
7 0.14 6.00 good
446 0.30 10.00 bad
1 0.00 2.00 bad
11 0.20 6.00 bad
13 0.10 6.00 good
551 0.29 8.00 bad
70 0.30 10.00 good
138 0.21 10.00 good
3 0.34 4.00 bad
21 0.20 2.00 good
10 0.14 2.00 bad
17 0.25 10.00 good
45 0.30 8.00 bad
5 0.42 8.00 bad
2 0.32 2.00 bad
119 0.25 8.00 bad
180 0.20 10.00 good
110 0.36 8.00 good
183 0.27 10.00 bad
57 0.24 6.00 bad
94 0.17 2.00 bad
4 0.08 6.00 bad
3 0.05 4.00 bad
3 0.19 6.00 bad
55 0.24 2.00 good
53 0.27 6.00 bad
65 0.19 10.00 bad
321 0.23 10.00 good
49 0.28 8.00 bad
4 0.07 2.00 bad
218 0.28 10.00 good
141 0.29 10.00 good
57 0.33 8.00 good
4 0.00 6.00 bad
100 0.33 8.00 good
7 0.40 8.00 good
558 0.33 8.00 good
253 0.26 6.00 bad
102 0.24 6.00 good
188 0.17 10.00 bad
1586 0.20 10.00 good
34 0.24 6.00 bad
53 0.26 8.00 good
25 0.21 6.00 bad
218 0.23 10.00 bad
76 0.19 6.00 bad
7 0.12 6.00 good
112 0.30 6.00 bad
274 0.33 8.00 good
15 0.25 8.00 good
14 0.08 6.00 bad
126 0.29 8.00 bad
32 0.30 6.00 good
57 0.20 6.00 good
149 0.20 10.00 good
48 0.21 10.00 good
146 0.26 10.00 good
510 0.26 10.00 good
11 0.16 6.00 bad
5 0.11 4.00 good
131 0.35 8.00 good
1 0.33 8.00 bad
168 0.34 8.00 good
293 0.29 8.00 bad
9 0.05 6.00 bad
303 0.33 10.00 good
7 0.54 8.00 bad
19 0.49 8.00 bad
42 0.24 8.00 bad
710 0.37 8.00 good
125 0.19 10.00 bad