BookWordCount TwoStarRate ThreeStarRate Class
98
0 2 4 6 7 8 9 11 13 14 16 18 19 22 24 26 27 30 32 33 36 38 40 42 43 44 45 46 47 49 51 52 54 57 58 60 63 65 66 67 68 70 71 72 74 75 78 79 81 82 83 85 86 87 89 90 91 92 93 94 95 99 100 101 102 105 107 108 109 110 111 113 115 117 118 119 120 121 122 123 124 125 126 128 129 134 135 137 138 141 142 145 146 147 149 150 151 152
177.20 0.15 0.28 good
48.30 0.10 0.40 bad
139.00 0.09 0.33 bad
59.60 0.14 0.21 good
38.90 0.15 0.48 bad
143.50 0.16 0.30 bad
21.30 0.18 0.26 bad
13.40 0.04 0.40 bad
27.50 0.24 0.39 bad
123.80 0.14 0.21 good
135.80 0.22 0.23 good
24.10 0.17 0.28 bad
122.40 0.18 0.22 bad
77.70 0.15 0.40 bad
74.80 0.21 0.36 bad
62.70 0.09 0.43 bad
147.20 0.17 0.21 good
150.70 0.18 0.32 bad
51.10 0.09 0.31 bad
178.90 0.20 0.29 good
87.00 0.10 0.23 bad
80.20 0.35 0.27 bad
153.10 0.12 0.24 good
300.10 0.17 0.26 bad
74.40 0.13 0.24 good
296.80 0.07 0.11 good
380.50 0.20 0.30 bad
123.50 0.07 0.19 good
49.70 0.28 0.20 bad
44.50 0.10 0.39 bad
84.60 0.30 0.37 bad
76.10 0.04 0.15 bad
13.00 0.05 0.33 good
293.40 0.07 0.21 bad
63.50 0.05 0.14 good
45.10 0.21 0.18 bad
108.60 0.07 0.12 good
72.20 0.28 0.31 bad
34.80 0.14 0.43 bad
16.80 0.06 0.16 good
79.60 0.11 0.25 bad
55.40 0.10 0.04 bad
98.90 0.12 0.25 bad
390.00 0.08 0.26 good
49.30 0.22 0.36 bad
39.60 0.10 0.40 good
70.00 0.10 0.33 bad
131.20 0.19 0.26 bad
87.70 0.08 0.54 bad
183.00 0.41 0.20 bad
40.80 0.17 0.28 bad
87.20 0.19 0.15 good
129.90 0.03 0.30 bad
112.10 0.09 0.23 bad
153.20 0.17 0.27 bad
50.40 0.13 0.20 bad
126.20 0.08 0.16 good
116.50 0.04 0.16 good
90.50 0.08 0.26 bad
63.70 0.11 0.23 good
99.00 0.23 0.46 bad
181.90 0.12 0.34 bad
59.90 0.02 0.34 bad
219.60 0.10 0.26 bad
78.10 0.14 0.26 good
198.70 0.08 0.19 good
310.00 0.12 0.15 bad
446.50 0.02 0.10 good
101.10 0.14 0.36 bad
133.50 0.21 0.28 bad
148.90 0.16 0.26 good
247.80 0.13 0.36 bad
119.20 0.19 0.35 bad
59.10 0.11 0.45 bad
92.20 0.11 0.39 bad
427.70 0.06 0.20 good
85.80 0.18 0.20 good
145.90 0.30 0.32 bad
79.20 0.10 0.28 bad
153.40 0.08 0.37 good
223.00 0.19 0.29 good
65.70 0.02 0.08 good
89.70 0.06 0.16 good
296.70 0.08 0.13 good
322.80 0.07 0.16 good
179.50 0.12 0.21 good
335.20 0.09 0.24 bad
448.70 0.05 0.15 good
212.90 0.10 0.22 bad
25.10 0.03 0.19 bad
518.00 0.05 0.15 good
62.30 0.10 0.45 bad
477.20 0.09 0.27 good
154.00 0.22 0.19 good
382.10 0.18 0.23 good
44.60 0.15 0.35 bad
93.00 0.07 0.16 bad
163.50 0.19 0.28 good