BookWordCount BookScore ThreeStarRate Class
97
0 5 6 7 9 10 11 12 13 15 16 17 18 20 23 24 25 27 28 29 31 35 36 37 38 39 40 42 44 45 46 48 49 51 52 53 54 55 56 59 60 61 62 63 64 66 67 68 69 70 71 72 74 75 78 81 82 83 84 85 86 87 89 90 91 93 95 96 98 99 100 101 106 108 113 114 118 122 123 124 125 126 128 130 131 135 138 139 140 141 142 143 145 146 147 151 153
177.20 6.4 0.28 good
158.50 5.6 0.26 good
59.60 6.0 0.21 good
38.90 5.8 0.48 bad
21.30 5.4 0.26 bad
82.50 5.8 0.23 bad
13.40 6.9 0.40 bad
21.80 6.0 0.44 bad
27.50 5.5 0.39 bad
257.20 6.6 0.27 bad
135.80 5.7 0.23 good
33.60 5.6 0.20 bad
24.10 6.5 0.28 bad
82.30 5.3 0.15 good
122.20 4.7 0.28 good
74.80 5.5 0.36 bad
35.90 4.8 0.20 bad
147.20 4.5 0.21 good
53.00 7.2 0.25 bad
233.90 7.1 0.22 good
78.00 5.8 0.33 good
713.10 5.5 0.18 good
87.00 6.7 0.23 bad
51.30 7.8 0.20 bad
80.20 5.9 0.27 bad
22.80 3.5 0.16 bad
153.10 6.7 0.24 good
300.10 5.4 0.26 bad
296.80 5.4 0.11 good
380.50 5.8 0.30 bad
123.50 7.1 0.19 good
281.40 6.8 0.33 bad
44.50 5.9 0.39 bad
84.60 5.9 0.37 bad
76.10 7.9 0.15 bad
53.70 4.0 0.14 bad
13.00 7.0 0.33 good
106.40 5.6 0.33 bad
40.40 5.3 0.32 good
133.40 6.5 0.21 good
45.10 6.2 0.18 bad
17.00 7.5 0.25 good
49.60 5.3 0.08 bad
108.60 6.2 0.12 good
54.40 4.4 0.21 bad
34.80 5.9 0.43 bad
16.80 7.6 0.16 good
79.60 6.8 0.25 bad
7.30 7.4 0.26 bad
55.40 5.9 0.04 bad
98.90 6.1 0.25 bad
390.00 7.3 0.26 good
49.30 6.1 0.36 bad
39.60 6.4 0.40 good
70.00 6.2 0.33 bad
87.70 5.8 0.54 bad
183.00 5.6 0.20 bad
40.80 6.6 0.28 bad
30.00 5.9 0.33 bad
87.20 5.2 0.15 good
129.90 7.0 0.30 bad
112.10 6.4 0.23 bad
153.20 6.4 0.27 bad
50.40 4.0 0.20 bad
126.20 7.2 0.16 good
90.50 6.9 0.26 bad
99.00 5.5 0.46 bad
34.10 6.7 0.28 good
170.60 7.3 0.22 good
181.90 6.5 0.34 bad
59.90 7.0 0.34 bad
219.60 7.1 0.26 bad
64.40 6.0 0.27 good
446.50 8.7 0.10 good
247.80 6.1 0.36 bad
31.70 8.5 0.09 bad
92.20 6.5 0.39 bad
79.20 7.0 0.28 bad
153.40 7.0 0.37 good
223.00 5.6 0.29 good
65.70 8.9 0.08 good
89.70 6.4 0.16 good
296.70 6.5 0.13 good
46.30 5.7 0.28 bad
195.70 4.4 0.13 good
335.20 7.0 0.24 bad
212.90 5.7 0.22 bad
130.30 7.0 0.24 good
43.40 6.4 0.07 bad
25.10 6.9 0.19 bad
518.00 7.8 0.15 good
177.70 5.5 0.22 bad
62.30 6.7 0.45 bad
477.20 7.0 0.27 good
154.00 3.9 0.19 good
93.00 6.8 0.16 bad
73.20 5.7 0.25 good