BookScore Mode Kurtosis Class
101
0 3 5 7 9 11 13 14 17 18 19 20 22 24 26 27 29 31 32 33 34 35 36 39 40 42 43 44 45 48 49 51 52 53 55 56 57 58 62 63 64 66 67 70 72 73 74 76 77 78 80 82 83 84 85 88 89 90 91 93 94 95 96 97 98 99 100 101 102 103 104 106 107 109 110 111 112 115 116 118 119 120 121 122 124 126 129 130 132 134 135 136 137 138 141 142 144 147 148 149 152
6.4 8.00 200.91 good
6.4 8.00 155.27 bad
5.6 6.00 93.52 good
5.8 6.00 181.37 bad
5.4 8.00 110.48 bad
6.9 6.00 491.68 bad
5.5 6.00 156.17 bad
5.9 2.00 68.44 good
5.6 8.00 80.31 bad
6.5 10.00 137.29 bad
6.7 10.00 181.41 bad
5.3 2.00 48.29 good
6.5 6.00 468.11 bad
5.5 6.00 114.10 bad
6.5 6.00 249.04 bad
4.5 2.00 40.03 good
7.1 10.00 194.89 good
5.8 6.00 211.54 good
6.8 8.00 404.81 bad
6.1 6.00 163.05 good
5.1 6.00 192.82 bad
5.5 2.00 41.11 good
6.7 8.00 203.97 bad
3.5 2.00 53.89 bad
6.7 8.00 227.23 good
5.4 2.00 74.29 bad
5.1 2.00 44.83 good
5.4 2.00 29.34 good
5.8 6.00 135.14 bad
6.8 8.00 362.40 bad
5.9 6.00 155.38 bad
5.9 6.00 339.26 bad
7.9 10.00 453.60 bad
4.0 2.00 31.11 bad
5.6 6.00 182.02 bad
5.3 6.00 74.03 good
6.2 8.00 94.54 bad
7.5 10.00 256.16 good
5.3 4.00 199.64 bad
6.2 2.00 55.29 good
4.4 2.00 59.06 bad
5.9 6.00 204.65 bad
7.6 10.00 278.88 good
5.9 2.00 49.13 bad
7.3 10.00 259.41 good
6.8 8.00 278.58 bad
6.1 6.00 393.48 bad
6.8 8.00 159.36 good
7.6 10.00 440.27 bad
6.2 6.00 147.32 bad
8.3 10.00 599.56 bad
5.6 4.00 87.78 bad
6.6 6.00 188.48 bad
5.9 6.00 116.65 bad
5.2 2.00 51.21 good
6.7 10.00 118.81 good
6.4 8.00 208.64 bad
4.0 2.00 25.57 bad
7.2 10.00 191.97 good
6.9 8.00 288.02 bad
7.0 8.00 299.63 good
5.5 6.00 128.84 bad
6.7 8.00 282.28 good
6.5 8.00 198.40 good
7.3 8.00 391.57 good
6.5 6.00 243.27 bad
7.0 6.00 297.05 bad
7.1 10.00 286.97 bad
5.3 2.00 65.28 good
6.6 6.00 664.54 bad
4.9 6.00 92.39 bad
6.0 6.00 114.14 good
6.4 10.00 72.91 bad
6.0 6.00 170.95 bad
5.8 6.00 131.59 bad
5.8 8.00 113.09 good
5.4 6.00 84.03 bad
5.5 6.00 125.49 bad
6.0 6.00 138.45 good
6.5 6.00 387.39 bad
7.3 8.00 297.36 good
5.6 8.00 75.21 good
4.5 6.00 102.63 bad
7.0 8.00 313.76 bad
5.6 6.00 101.09 good
6.4 10.00 76.64 good
7.3 10.00 209.65 good
5.7 6.00 73.99 bad
6.4 8.00 212.10 good
6.5 8.00 176.74 good
7.0 8.00 234.30 bad
4.8 6.00 63.17 bad
7.8 10.00 478.73 good
5.7 2.00 56.35 bad
6.9 8.00 311.51 bad
7.8 10.00 364.52 good
5.4 6.00 97.95 bad
3.9 2.00 40.59 good
3.3 2.00 9.99 bad
6.0 8.00 113.50 good
5.1 2.00 62.68 good