BookScore FourStarRate Mode Class
98
4 8 9 10 11 12 13 14 20 21 23 24 25 27 29 30 32 34 35 39 40 41 42 44 45 46 47 50 51 53 54 56 57 61 62 64 65 66 68 69 70 71 72 73 74 76 78 79 81 82 83 84 87 90 92 95 96 98 99 100 101 103 105 106 107 108 109 110 111 113 114 115 117 118 119 120 122 124 125 126 127 128 130 134 135 136 137 138 140 142 143 144 145 146 147 149 150 153
5.8 0.25 6.00 bad
6.5 0.22 6.00 bad
5.4 0.30 8.00 bad
5.8 0.27 8.00 bad
6.9 0.32 6.00 bad
6.0 0.08 6.00 bad
5.5 0.13 6.00 bad
5.9 0.19 2.00 good
5.3 0.20 2.00 good
4.6 0.14 4.00 bad
4.7 0.08 4.00 good
5.5 0.13 6.00 bad
4.8 0.00 2.00 bad
4.5 0.15 2.00 good
7.1 0.20 10.00 good
5.4 0.14 6.00 bad
6.8 0.39 8.00 bad
5.1 0.13 6.00 bad
5.5 0.14 2.00 good
3.5 0.05 2.00 bad
6.7 0.33 8.00 good
6.7 0.29 6.00 good
5.4 0.20 2.00 bad
5.4 0.16 2.00 good
5.8 0.23 6.00 bad
7.1 0.33 8.00 good
5.3 0.22 4.00 bad
5.3 0.14 6.00 good
5.9 0.21 6.00 bad
4.0 0.00 2.00 bad
7.0 0.21 6.00 good
5.3 0.10 6.00 good
6.2 0.29 8.00 bad
7.5 0.44 8.00 good
5.3 0.34 4.00 bad
4.4 0.14 2.00 bad
4.8 0.07 6.00 bad
5.9 0.19 6.00 bad
6.8 0.30 8.00 bad
7.4 0.42 8.00 bad
5.9 0.32 2.00 bad
6.1 0.25 8.00 bad
7.3 0.20 10.00 good
6.8 0.39 8.00 bad
6.1 0.31 6.00 bad
6.8 0.36 8.00 good
6.2 0.24 6.00 bad
5.2 0.17 2.00 bad
5.8 0.08 6.00 bad
5.6 0.05 4.00 bad
6.6 0.22 6.00 bad
5.9 0.19 6.00 bad
6.4 0.19 10.00 bad
4.0 0.07 2.00 bad
7.8 0.29 10.00 good
5.5 0.00 6.00 bad
6.7 0.33 8.00 good
7.3 0.33 8.00 good
6.5 0.26 6.00 bad
7.0 0.27 6.00 bad
7.1 0.27 10.00 bad
6.6 0.26 6.00 bad
7.4 0.33 8.00 good
6.0 0.24 6.00 good
6.4 0.17 10.00 bad
8.7 0.20 10.00 good
6.0 0.24 6.00 bad
5.8 0.24 6.00 bad
5.8 0.26 8.00 good
6.1 0.21 6.00 bad
8.5 0.23 10.00 bad
5.5 0.19 6.00 bad
5.5 0.14 6.00 bad
6.5 0.30 6.00 bad
7.3 0.33 8.00 good
5.6 0.25 8.00 good
7.0 0.29 8.00 bad
5.6 0.20 6.00 good
8.9 0.20 10.00 good
6.4 0.21 10.00 good
7.4 0.26 10.00 good
6.5 0.23 10.00 good
5.7 0.16 6.00 bad
6.5 0.34 8.00 good
7.0 0.29 8.00 bad
4.8 0.05 6.00 bad
7.8 0.33 10.00 good
5.7 0.19 2.00 bad
6.4 0.54 8.00 bad
7.8 0.24 10.00 good
5.5 0.24 8.00 bad
5.4 0.18 6.00 bad
6.7 0.33 6.00 bad
7.0 0.37 8.00 good
3.9 0.09 2.00 good
6.0 0.26 8.00 good
6.1 0.20 6.00 bad
5.7 0.22 6.00 good