BookWordCount AddListCount TwoStarRate Class
93
0 2 5 7 9 10 12 13 14 16 17 18 19 20 21 22 23 24 25 28 31 32 35 36 38 41 42 43 48 49 51 54 57 59 60 62 63 64 65 68 71 73 74 75 76 78 79 80 83 85 87 90 92 95 96 97 101 102 103 104 106 107 108 109 110 111 113 115 116 117 118 119 120 122 123 125 126 130 133 134 135 138 139 140 141 142 145 147 148 149 150 151 153
177.20 214 0.15 good
48.30 12 0.10 bad
158.50 122 0.20 good
38.90 8 0.15 bad
21.30 14 0.18 bad
82.50 25 0.26 bad
21.80 12 0.08 bad
27.50 9 0.24 bad
123.80 136 0.14 good
135.80 25 0.22 good
33.60 10 0.22 bad
24.10 7 0.17 bad
122.40 70 0.18 bad
82.30 17 0.20 good
74.10 12 0.37 bad
77.70 61 0.15 bad
122.20 32 0.31 good
74.80 23 0.21 bad
35.90 2 0.20 bad
53.00 73 0.11 bad
78.00 6 0.30 good
51.10 111 0.09 bad
713.10 254 0.12 good
87.00 63 0.10 bad
80.20 19 0.35 bad
168.40 289 0.14 good
300.10 215 0.17 bad
74.40 18 0.13 good
281.40 371 0.09 bad
44.50 13 0.10 bad
84.60 42 0.30 bad
13.00 9 0.05 good
293.40 551 0.07 bad
133.40 138 0.21 good
45.10 19 0.21 bad
49.60 3 0.50 bad
108.60 21 0.07 good
54.40 10 0.27 bad
72.20 22 0.28 bad
79.60 45 0.11 bad
98.90 119 0.12 bad
68.60 8 0.11 bad
49.30 16 0.22 bad
39.60 8 0.10 good
46.20 110 0.07 good
70.00 57 0.10 bad
131.20 94 0.19 bad
144.70 193 0.03 bad
40.80 22 0.17 bad
87.20 55 0.19 good
112.10 65 0.09 bad
50.40 4 0.13 bad
116.50 141 0.04 good
99.00 4 0.23 bad
34.10 100 0.11 good
22.20 7 0.03 good
219.60 65 0.10 bad
78.10 39 0.14 good
21.40 6 0.08 bad
150.50 5 0.31 bad
64.40 102 0.14 good
310.00 188 0.12 bad
446.50 1586 0.02 good
101.10 34 0.14 bad
133.50 31 0.21 bad
148.90 53 0.16 good
247.80 25 0.13 bad
119.20 76 0.19 bad
118.30 7 0.12 good
59.10 5 0.11 bad
92.20 112 0.11 bad
427.70 274 0.06 good
85.80 15 0.18 good
79.20 126 0.10 bad
153.40 32 0.08 good
65.70 149 0.02 good
89.70 48 0.06 good
46.30 11 0.13 bad
145.80 1 0.13 bad
179.50 168 0.12 good
335.20 293 0.09 bad
212.90 53 0.10 bad
130.30 206 0.07 good
43.40 7 0.30 bad
25.10 19 0.03 bad
518.00 365 0.05 good
62.30 28 0.10 bad
154.00 26 0.22 good
209.90 54 0.03 bad
382.10 178 0.18 good
44.60 5 0.15 bad
93.00 125 0.07 bad
73.20 50 0.22 good