BookWordCount AddListCount Median Class
99
2 3 6 7 9 10 11 12 14 15 17 19 22 23 24 27 28 30 33 37 38 40 41 42 43 44 45 49 52 54 55 56 58 60 62 63 64 67 68 69 70 71 73 75 76 77 81 82 83 84 85 86 87 88 91 94 95 96 98 100 101 102 103 104 105 106 107 109 110 112 113 115 117 118 119 121 122 123 125 127 129 130 131 132 133 135 136 138 140 141 143 145 147 148 149 150 151 152 153
48.30 12 6.00 bad
52.30 38 6.00 bad
59.60 42 6.00 good
38.90 8 6.00 bad
21.30 14 6.00 bad
82.50 25 6.00 bad
13.40 15 6.00 bad
21.80 12 6.00 bad
123.80 136 6.00 good
257.20 204 6.00 bad
33.60 10 6.00 bad
122.40 70 6.00 bad
77.70 61 6.00 bad
122.20 32 4.00 good
74.80 23 6.00 bad
147.20 31 4.00 good
53.00 73 8.00 bad
150.70 9 6.00 bad
178.90 49 6.00 good
51.30 106 8.00 bad
80.20 19 6.00 bad
153.10 172 8.00 good
168.40 289 6.00 good
300.10 215 6.00 bad
74.40 18 6.00 good
296.80 242 4.00 good
380.50 93 6.00 bad
44.50 13 6.00 bad
76.10 446 8.00 bad
13.00 9 6.00 good
106.40 11 6.00 bad
40.40 13 6.00 good
63.50 70 8.00 good
45.10 19 6.00 bad
49.60 3 4.00 bad
108.60 21 6.00 good
54.40 10 4.00 bad
16.80 17 8.00 good
79.60 45 8.00 bad
7.30 5 8.00 bad
55.40 2 8.00 bad
98.90 119 6.00 bad
68.60 8 8.00 bad
39.60 8 6.00 good
46.20 110 8.00 good
1070.70 183 8.00 bad
87.70 4 6.00 bad
183.00 3 4.00 bad
40.80 22 6.00 bad
30.00 3 6.00 bad
87.20 55 4.00 good
129.90 53 8.00 bad
112.10 65 6.00 bad
315.30 321 8.00 good
126.20 218 8.00 good
63.70 57 8.00 good
99.00 4 6.00 bad
34.10 100 8.00 good
170.60 558 8.00 good
59.90 8 8.00 bad
219.60 65 8.00 bad
78.10 39 6.00 good
21.40 6 6.00 bad
150.50 5 4.00 bad
198.70 98 8.00 good
64.40 102 6.00 good
310.00 188 6.00 bad
101.10 34 6.00 bad
133.50 31 6.00 bad
107.80 63 6.00 bad
247.80 25 6.00 bad
119.20 76 6.00 bad
59.10 5 6.00 bad
92.20 112 6.00 bad
427.70 274 8.00 good
145.90 14 4.00 bad
79.20 126 8.00 bad
153.40 32 6.00 good
65.70 149 10.00 good
34.20 146 8.00 good
322.80 510 8.00 good
46.30 11 6.00 bad
195.70 5 4.00 good
237.20 131 6.00 good
145.80 1 6.00 bad
335.20 293 8.00 bad
72.70 9 4.00 bad
212.90 53 6.00 bad
43.40 7 8.00 bad
25.10 19 8.00 bad
177.70 42 6.00 bad
62.30 28 6.00 bad
154.00 26 4.00 good
209.90 54 2.00 bad
382.10 178 6.00 good
44.60 5 6.00 bad
93.00 125 8.00 bad
163.50 12 6.00 good
73.20 50 6.00 good