BookWordCount BookScoreCount TwoStarRate Class
96
0 2 3 6 8 9 15 16 18 22 25 26 28 29 31 32 33 35 36 39 41 42 44 46 47 48 49 50 53 58 61 63 64 66 67 68 70 73 74 75 76 79 82 84 85 87 88 90 91 92 94 95 96 98 99 100 101 102 103 107 108 109 112 113 114 115 116 117 118 119 121 122 123 124 126 127 128 129 130 132 133 134 135 137 138 139 140 141 142 143 145 146 148 149 151 152
177.20 568 0.15 good
48.30 47 0.10 bad
52.30 129 0.12 bad
59.60 187 0.14 good
143.50 177 0.16 bad
21.30 51 0.18 bad
257.20 658 0.13 bad
135.80 119 0.22 good
24.10 23 0.17 bad
77.70 159 0.15 bad
35.90 11 0.20 bad
62.70 100 0.09 bad
53.00 263 0.11 bad
233.90 290 0.10 good
78.00 44 0.30 good
51.10 292 0.09 bad
178.90 192 0.20 good
713.10 1909 0.12 good
87.00 223 0.10 bad
22.80 20 0.26 bad
168.40 670 0.14 good
300.10 686 0.17 bad
296.80 1885 0.07 good
123.50 108 0.07 good
49.70 79 0.28 bad
281.40 1248 0.09 bad
44.50 72 0.10 bad
51.90 29 0.28 good
53.70 22 0.33 bad
63.50 461 0.05 good
17.00 86 0.08 good
108.60 91 0.07 good
54.40 45 0.27 bad
34.80 21 0.14 bad
16.80 90 0.06 good
79.60 153 0.11 bad
55.40 51 0.10 bad
68.60 19 0.11 bad
49.30 46 0.22 bad
39.60 21 0.10 good
46.20 429 0.07 good
131.20 531 0.19 bad
183.00 31 0.41 bad
30.00 21 0.14 bad
87.20 356 0.19 good
112.10 182 0.09 bad
315.30 1636 0.10 good
50.40 16 0.13 bad
126.20 654 0.08 good
116.50 527 0.04 good
63.70 218 0.11 good
99.00 13 0.23 bad
34.10 188 0.11 good
170.60 2113 0.08 good
181.90 942 0.12 bad
59.90 42 0.02 bad
219.60 219 0.10 bad
78.10 225 0.14 good
21.40 29 0.08 bad
310.00 1184 0.12 bad
446.50 5393 0.02 good
101.10 88 0.14 bad
107.80 201 0.20 bad
247.80 136 0.13 bad
31.70 1114 0.02 bad
119.20 282 0.19 bad
118.30 19 0.12 good
59.10 34 0.11 bad
92.20 274 0.11 bad
427.70 1575 0.06 good
145.90 59 0.30 bad
79.20 385 0.10 bad
153.40 93 0.08 good
223.00 320 0.19 good
89.70 353 0.06 good
34.20 387 0.06 good
296.70 607 0.08 good
322.80 2063 0.07 good
46.30 82 0.13 bad
237.20 614 0.14 good
145.80 23 0.13 bad
179.50 795 0.12 good
335.20 1310 0.09 bad
448.70 1641 0.05 good
212.90 328 0.10 bad
130.30 1100 0.07 good
43.40 21 0.30 bad
25.10 83 0.03 bad
518.00 2366 0.05 good
177.70 153 0.21 bad
62.30 61 0.10 bad
477.20 2356 0.09 good
209.90 1080 0.03 bad
382.10 674 0.18 good
93.00 638 0.07 bad
163.50 45 0.19 good