BookWordCount TwoStarRate ThreeStarRate Class
101
1 2 5 7 9 10 13 14 15 16 17 18 19 20 22 23 25 27 28 30 31 32 34 37 39 41 44 45 46 47 49 50 51 52 54 56 58 59 60 64 66 68 69 70 71 72 74 75 76 79 81 82 86 87 88 89 90 91 92 93 94 95 97 98 99 100 102 103 104 105 106 108 109 110 112 113 115 117 118 119 123 124 125 126 127 129 130 133 134 135 136 137 138 139 140 141 142 143 146 148 149
289.90 0.08 0.23 good
48.30 0.10 0.40 bad
158.50 0.20 0.26 good
38.90 0.15 0.48 bad
21.30 0.18 0.26 bad
82.50 0.26 0.23 bad
27.50 0.24 0.39 bad
123.80 0.14 0.21 good
257.20 0.13 0.27 bad
135.80 0.22 0.23 good
33.60 0.22 0.20 bad
24.10 0.17 0.28 bad
122.40 0.18 0.22 bad
82.30 0.20 0.15 good
77.70 0.15 0.40 bad
122.20 0.31 0.28 good
35.90 0.20 0.20 bad
147.20 0.17 0.21 good
53.00 0.11 0.25 bad
150.70 0.18 0.32 bad
78.00 0.30 0.33 good
51.10 0.09 0.31 bad
154.60 0.30 0.39 bad
51.30 0.03 0.20 bad
22.80 0.26 0.16 bad
168.40 0.14 0.34 good
296.80 0.07 0.11 good
380.50 0.20 0.30 bad
123.50 0.07 0.19 good
49.70 0.28 0.20 bad
44.50 0.10 0.39 bad
51.90 0.28 0.32 good
84.60 0.30 0.37 bad
76.10 0.04 0.15 bad
13.00 0.05 0.33 good
40.40 0.20 0.32 good
63.50 0.05 0.14 good
133.40 0.21 0.21 good
45.10 0.21 0.18 bad
54.40 0.27 0.21 bad
34.80 0.14 0.43 bad
79.60 0.11 0.25 bad
7.30 0.05 0.26 bad
55.40 0.10 0.04 bad
98.90 0.12 0.25 bad
390.00 0.08 0.26 good
49.30 0.22 0.36 bad
39.60 0.10 0.40 good
46.20 0.07 0.15 good
131.20 0.19 0.26 bad
87.70 0.08 0.54 bad
183.00 0.41 0.20 bad
129.90 0.03 0.30 bad
112.10 0.09 0.23 bad
315.30 0.10 0.18 good
153.20 0.17 0.27 bad
50.40 0.13 0.20 bad
126.20 0.08 0.16 good
116.50 0.04 0.16 good
90.50 0.08 0.26 bad
63.70 0.11 0.23 good
99.00 0.23 0.46 bad
22.20 0.03 0.26 good
170.60 0.08 0.22 good
181.90 0.12 0.34 bad
59.90 0.02 0.34 bad
78.10 0.14 0.26 good
21.40 0.08 0.50 bad
150.50 0.31 0.34 bad
198.70 0.08 0.19 good
64.40 0.14 0.27 good
446.50 0.02 0.10 good
101.10 0.14 0.36 bad
133.50 0.21 0.28 bad
107.80 0.20 0.30 bad
247.80 0.13 0.36 bad
119.20 0.19 0.35 bad
59.10 0.11 0.45 bad
92.20 0.11 0.39 bad
427.70 0.06 0.20 good
153.40 0.08 0.37 good
223.00 0.19 0.29 good
65.70 0.02 0.08 good
89.70 0.06 0.16 good
34.20 0.06 0.22 good
322.80 0.07 0.16 good
46.30 0.13 0.28 bad
145.80 0.13 0.33 bad
179.50 0.12 0.21 good
335.20 0.09 0.24 bad
72.70 0.24 0.32 bad
448.70 0.05 0.15 good
212.90 0.10 0.22 bad
130.30 0.07 0.24 good
43.40 0.30 0.07 bad
25.10 0.03 0.19 bad
518.00 0.05 0.15 good
177.70 0.21 0.22 bad
477.20 0.09 0.27 good
209.90 0.03 0.04 bad
382.10 0.18 0.23 good