AddListCount FourStarRate Mode Class
91
0 1 2 3 4 6 8 9 16 18 19 20 21 23 29 30 31 35 36 38 40 41 43 45 48 49 50 54 56 57 58 59 60 61 64 65 67 68 70 71 72 73 74 78 79 80 82 83 84 86 87 88 89 90 93 94 95 97 98 99 102 103 105 106 111 113 114 118 120 121 122 123 124 125 126 128 130 131 132 134 140 141 142 143 144 145 146 147 148 150 151
214 0.30 8.00 good
492 0.36 8.00 good
12 0.24 6.00 bad
38 0.27 8.00 bad
22 0.25 6.00 bad
42 0.18 2.00 good
53 0.22 6.00 bad
14 0.30 8.00 bad
25 0.20 6.00 good
7 0.14 10.00 bad
70 0.22 10.00 bad
17 0.20 2.00 good
12 0.14 4.00 bad
32 0.08 4.00 good
68 0.20 10.00 good
9 0.14 6.00 bad
6 0.19 6.00 good
254 0.14 2.00 good
63 0.34 8.00 bad
19 0.17 4.00 bad
172 0.33 8.00 good
289 0.29 6.00 good
18 0.14 2.00 good
93 0.23 6.00 bad
371 0.33 8.00 bad
13 0.23 6.00 bad
7 0.14 6.00 good
9 0.21 6.00 good
13 0.10 6.00 good
551 0.29 8.00 bad
70 0.30 10.00 good
138 0.21 10.00 good
19 0.20 10.00 bad
33 0.44 8.00 good
10 0.14 2.00 bad
22 0.07 6.00 bad
17 0.25 10.00 good
45 0.30 8.00 bad
2 0.32 2.00 bad
119 0.25 8.00 bad
180 0.20 10.00 good
8 0.39 8.00 bad
16 0.31 6.00 bad
57 0.24 6.00 bad
94 0.17 2.00 bad
193 0.19 10.00 bad
3 0.05 4.00 bad
22 0.22 6.00 bad
3 0.19 6.00 bad
53 0.27 6.00 bad
65 0.19 10.00 bad
321 0.23 10.00 good
49 0.28 8.00 bad
4 0.07 2.00 bad
121 0.34 8.00 bad
57 0.33 8.00 good
4 0.00 6.00 bad
7 0.40 8.00 good
558 0.33 8.00 good
253 0.26 6.00 bad
39 0.21 2.00 good
6 0.26 6.00 bad
98 0.33 8.00 good
102 0.24 6.00 good
53 0.26 8.00 good
25 0.21 6.00 bad
218 0.23 10.00 bad
112 0.30 6.00 bad
15 0.25 8.00 good
14 0.08 6.00 bad
126 0.29 8.00 bad
32 0.30 6.00 good
57 0.20 6.00 good
149 0.20 10.00 good
48 0.21 10.00 good
108 0.23 10.00 good
11 0.16 6.00 bad
5 0.11 4.00 good
131 0.35 8.00 good
168 0.34 8.00 good
7 0.54 8.00 bad
19 0.49 8.00 bad
365 0.24 10.00 good
42 0.24 8.00 bad
103 0.18 6.00 bad
28 0.33 6.00 bad
710 0.37 8.00 good
26 0.09 2.00 good
54 0.06 2.00 bad
5 0.20 6.00 bad
125 0.19 10.00 bad