BookWordCount AddListCount Median Class
103
0 1 2 3 4 6 7 8 9 10 11 13 14 15 16 18 20 21 22 23 24 25 26 28 30 32 33 34 35 36 39 42 44 45 46 47 50 52 53 55 56 62 63 64 65 67 68 72 73 74 75 76 77 78 81 82 83 84 85 86 87 88 89 90 91 92 93 96 97 98 100 101 102 103 104 108 109 111 113 115 117 118 120 124 126 128 130 133 134 136 137 138 139 140 141 142 144 145 146 147 148 149 153
177.20 214 6.00 good
289.90 492 8.00 good
48.30 12 6.00 bad
52.30 38 6.00 bad
139.00 22 6.00 bad
59.60 42 6.00 good
38.90 8 6.00 bad
143.50 53 6.00 bad
21.30 14 6.00 bad
82.50 25 6.00 bad
13.40 15 6.00 bad
27.50 9 6.00 bad
123.80 136 6.00 good
257.20 204 6.00 bad
135.80 25 6.00 good
24.10 7 6.00 bad
82.30 17 4.00 good
74.10 12 4.00 bad
77.70 61 6.00 bad
122.20 32 4.00 good
74.80 23 6.00 bad
35.90 2 4.00 bad
62.70 32 6.00 bad
53.00 73 8.00 bad
150.70 9 6.00 bad
51.10 111 8.00 bad
178.90 49 6.00 good
154.60 24 6.00 bad
713.10 254 6.00 good
87.00 63 8.00 bad
22.80 1 2.00 bad
300.10 215 6.00 bad
296.80 242 4.00 good
380.50 93 6.00 bad
123.50 28 8.00 good
49.70 20 4.00 bad
51.90 7 6.00 good
76.10 446 8.00 bad
53.70 1 4.00 bad
106.40 11 6.00 bad
40.40 13 6.00 good
49.60 3 4.00 bad
108.60 21 6.00 good
54.40 10 4.00 bad
72.20 22 4.00 bad
16.80 17 8.00 good
79.60 45 8.00 bad
390.00 180 8.00 good
68.60 8 8.00 bad
49.30 16 6.00 bad
39.60 8 6.00 good
46.20 110 8.00 good
1070.70 183 8.00 bad
70.00 57 6.00 bad
87.70 4 6.00 bad
183.00 3 4.00 bad
40.80 22 6.00 bad
30.00 3 6.00 bad
87.20 55 4.00 good
129.90 53 8.00 bad
112.10 65 6.00 bad
315.30 321 8.00 good
153.20 49 6.00 bad
50.40 4 2.00 bad
126.20 218 8.00 good
116.50 141 8.00 good
90.50 121 8.00 bad
34.10 100 8.00 good
22.20 7 8.00 good
170.60 558 8.00 good
59.90 8 8.00 bad
219.60 65 8.00 bad
78.10 39 6.00 good
21.40 6 6.00 bad
150.50 5 4.00 bad
446.50 1586 10.00 good
101.10 34 6.00 bad
148.90 53 6.00 good
247.80 25 6.00 bad
119.20 76 6.00 bad
59.10 5 6.00 bad
92.20 112 6.00 bad
85.80 15 6.00 good
223.00 57 6.00 good
89.70 48 8.00 good
296.70 108 8.00 good
46.30 11 6.00 bad
145.80 1 6.00 bad
179.50 168 8.00 good
72.70 9 4.00 bad
448.70 303 8.00 good
212.90 53 6.00 bad
130.30 206 8.00 good
43.40 7 8.00 bad
25.10 19 8.00 bad
518.00 365 8.00 good
319.70 103 6.00 bad
62.30 28 6.00 bad
477.20 710 8.00 good
154.00 26 4.00 good
209.90 54 2.00 bad
382.10 178 6.00 good
73.20 50 6.00 good