BookWordCount BookScore Median Class
100
0 1 3 4 5 7 8 9 11 12 13 14 17 18 21 22 23 25 26 27 28 30 31 32 35 36 37 38 39 40 41 44 47 48 49 50 51 53 55 56 57 58 61 62 64 65 66 69 70 72 74 75 76 77 79 80 81 84 85 88 89 90 91 92 93 94 95 96 97 99 101 102 104 106 108 110 111 113 114 115 116 119 121 123 124 127 128 129 130 132 133 135 137 138 142 143 145 146 148 150
177.20 6.4 6.00 good
289.90 7.2 8.00 good
52.30 6.4 6.00 bad
139.00 5.8 6.00 bad
158.50 5.6 6.00 good
38.90 5.8 6.00 bad
143.50 6.5 6.00 bad
21.30 5.4 6.00 bad
13.40 6.9 6.00 bad
21.80 6.0 6.00 bad
27.50 5.5 6.00 bad
123.80 5.9 6.00 good
33.60 5.6 6.00 bad
24.10 6.5 6.00 bad
74.10 4.6 4.00 bad
77.70 6.5 6.00 bad
122.20 4.7 4.00 good
35.90 4.8 4.00 bad
62.70 6.5 6.00 bad
147.20 4.5 4.00 good
53.00 7.2 8.00 bad
150.70 5.4 6.00 bad
78.00 5.8 6.00 good
51.10 6.8 8.00 bad
713.10 5.5 6.00 good
87.00 6.7 8.00 bad
51.30 7.8 8.00 bad
80.20 5.9 6.00 bad
22.80 3.5 2.00 bad
153.10 6.7 8.00 good
168.40 6.7 6.00 good
296.80 5.4 4.00 good
49.70 5.3 4.00 bad
281.40 6.8 6.00 bad
44.50 5.9 6.00 bad
51.90 5.3 6.00 good
84.60 5.9 6.00 bad
53.70 4.0 4.00 bad
106.40 5.6 6.00 bad
40.40 5.3 6.00 good
293.40 6.2 6.00 bad
63.50 7.5 8.00 good
17.00 7.5 8.00 good
49.60 5.3 4.00 bad
54.40 4.4 4.00 bad
72.20 4.8 4.00 bad
34.80 5.9 6.00 bad
7.30 7.4 8.00 bad
55.40 5.9 8.00 bad
390.00 7.3 8.00 good
49.30 6.1 6.00 bad
39.60 6.4 6.00 good
46.20 6.8 8.00 good
1070.70 7.6 8.00 bad
131.20 5.2 6.00 bad
144.70 8.3 10.00 bad
87.70 5.8 6.00 bad
30.00 5.9 6.00 bad
87.20 5.2 4.00 good
315.30 6.7 8.00 good
153.20 6.4 6.00 bad
50.40 4.0 2.00 bad
126.20 7.2 8.00 good
116.50 7.8 8.00 good
90.50 6.9 8.00 bad
63.70 7.0 8.00 good
99.00 5.5 6.00 bad
34.10 6.7 8.00 good
22.20 6.5 8.00 good
181.90 6.5 6.00 bad
219.60 7.1 8.00 bad
78.10 5.3 6.00 good
150.50 4.9 4.00 bad
64.40 6.0 6.00 good
446.50 8.7 10.00 good
133.50 5.8 6.00 bad
148.90 5.8 6.00 good
247.80 6.1 6.00 bad
31.70 8.5 10.00 bad
119.20 5.5 6.00 bad
118.30 6.0 6.00 good
427.70 7.3 8.00 good
145.90 4.5 4.00 bad
153.40 7.0 6.00 good
223.00 5.6 6.00 good
34.20 7.4 8.00 good
296.70 6.5 8.00 good
322.80 7.3 8.00 good
46.30 5.7 6.00 bad
237.20 6.4 6.00 good
145.80 5.9 6.00 bad
335.20 7.0 8.00 bad
448.70 7.8 8.00 good
212.90 5.7 6.00 bad
518.00 7.8 8.00 good
177.70 5.5 6.00 bad
62.30 6.7 6.00 bad
477.20 7.0 8.00 good
209.90 3.3 2.00 bad
44.60 6.1 6.00 bad