TwoStarRate ThreeStarRate Median Class
104
0 1 2 3 7 8 9 10 11 12 13 14 15 16 17 18 19 20 21 22 23 24 25 26 27 28 29 30 31 32 33 36 39 40 44 47 48 49 51 52 54 56 57 58 61 63 64 65 66 67 68 69 70 71 72 74 75 76 78 79 80 81 83 85 86 87 88 89 90 91 92 95 96 97 98 99 100 103 105 106 107 110 113 114 115 116 117 119 120 124 126 129 131 136 137 138 139 140 141 143 144 146 147 150
0.15 0.28 6.00 good
0.08 0.23 8.00 good
0.10 0.40 6.00 bad
0.12 0.27 6.00 bad
0.15 0.48 6.00 bad
0.16 0.30 6.00 bad
0.18 0.26 6.00 bad
0.26 0.23 6.00 bad
0.04 0.40 6.00 bad
0.08 0.44 6.00 bad
0.24 0.39 6.00 bad
0.14 0.21 6.00 good
0.13 0.27 6.00 bad
0.22 0.23 6.00 good
0.22 0.20 6.00 bad
0.17 0.28 6.00 bad
0.18 0.22 6.00 bad
0.20 0.15 4.00 good
0.37 0.16 4.00 bad
0.15 0.40 6.00 bad
0.31 0.28 4.00 good
0.21 0.36 6.00 bad
0.20 0.20 4.00 bad
0.09 0.43 6.00 bad
0.17 0.21 4.00 good
0.11 0.25 8.00 bad
0.10 0.22 8.00 good
0.18 0.32 6.00 bad
0.30 0.33 6.00 good
0.09 0.31 8.00 bad
0.20 0.29 6.00 good
0.10 0.23 8.00 bad
0.26 0.16 2.00 bad
0.12 0.24 8.00 good
0.07 0.11 4.00 good
0.28 0.20 4.00 bad
0.09 0.33 6.00 bad
0.10 0.39 6.00 bad
0.30 0.37 6.00 bad
0.04 0.15 8.00 bad
0.05 0.33 6.00 good
0.20 0.32 6.00 good
0.07 0.21 6.00 bad
0.05 0.14 8.00 good
0.08 0.25 8.00 good
0.07 0.12 6.00 good
0.27 0.21 4.00 bad
0.28 0.31 4.00 bad
0.14 0.43 6.00 bad
0.06 0.16 8.00 good
0.11 0.25 8.00 bad
0.05 0.26 8.00 bad
0.10 0.04 8.00 bad
0.12 0.25 6.00 bad
0.08 0.26 8.00 good
0.22 0.36 6.00 bad
0.10 0.40 6.00 good
0.07 0.15 8.00 good
0.10 0.33 6.00 bad
0.19 0.26 6.00 bad
0.03 0.13 10.00 bad
0.08 0.54 6.00 bad
0.17 0.28 6.00 bad
0.19 0.15 4.00 good
0.03 0.30 8.00 bad
0.09 0.23 6.00 bad
0.10 0.18 8.00 good
0.17 0.27 6.00 bad
0.13 0.20 2.00 bad
0.08 0.16 8.00 good
0.04 0.16 8.00 good
0.23 0.46 6.00 bad
0.11 0.28 8.00 good
0.03 0.26 8.00 good
0.08 0.22 8.00 good
0.12 0.34 6.00 bad
0.02 0.34 8.00 bad
0.08 0.50 6.00 bad
0.08 0.19 8.00 good
0.14 0.27 6.00 good
0.12 0.15 6.00 bad
0.21 0.28 6.00 bad
0.13 0.36 6.00 bad
0.02 0.09 10.00 bad
0.19 0.35 6.00 bad
0.12 0.42 6.00 good
0.11 0.45 6.00 bad
0.06 0.20 8.00 good
0.18 0.20 6.00 good
0.19 0.29 6.00 good
0.06 0.16 8.00 good
0.07 0.16 8.00 good
0.41 0.13 4.00 good
0.24 0.32 4.00 bad
0.05 0.15 8.00 good
0.10 0.22 6.00 bad
0.07 0.24 8.00 good
0.30 0.07 8.00 bad
0.03 0.19 8.00 bad
0.21 0.22 6.00 bad
0.25 0.27 6.00 bad
0.09 0.27 8.00 good
0.22 0.19 4.00 good
0.15 0.35 6.00 bad