BookWordCount BookScoreCount Median Class
96
2 3 5 7 8 10 11 12 14 15 16 19 20 21 22 24 26 29 30 31 33 34 35 39 41 43 46 47 50 51 52 53 54 55 56 57 58 59 61 63 65 68 69 70 72 73 75 78 79 80 81 82 83 90 91 92 93 94 97 98 100 103 104 105 106 107 108 111 112 113 115 117 118 119 120 123 126 127 128 129 130 131 132 133 134 135 136 137 141 142 143 145 149 150 151 152
48.30 47 6.00 bad
52.30 129 6.00 bad
158.50 439 6.00 good
38.90 27 6.00 bad
143.50 177 6.00 bad
82.50 78 6.00 bad
13.40 51 6.00 bad
21.80 25 6.00 bad
123.80 454 6.00 good
257.20 658 6.00 bad
135.80 119 6.00 good
122.40 250 6.00 bad
82.30 112 4.00 good
74.10 44 4.00 bad
77.70 159 6.00 bad
74.80 70 6.00 bad
62.70 100 6.00 bad
233.90 290 8.00 good
150.70 29 6.00 bad
78.00 44 6.00 good
178.90 192 6.00 good
154.60 97 6.00 bad
713.10 1909 6.00 good
22.80 20 2.00 bad
168.40 670 6.00 good
74.40 81 6.00 good
123.50 108 8.00 good
49.70 79 4.00 bad
51.90 29 6.00 good
84.60 133 6.00 bad
76.10 1780 8.00 bad
53.70 22 4.00 bad
13.00 43 6.00 good
106.40 55 6.00 bad
40.40 80 6.00 good
293.40 2109 6.00 bad
63.50 461 8.00 good
133.40 484 6.00 good
17.00 86 8.00 good
108.60 91 6.00 good
72.20 82 4.00 bad
79.60 153 8.00 bad
7.30 20 8.00 bad
55.40 51 8.00 bad
390.00 956 8.00 good
68.60 19 8.00 bad
39.60 21 6.00 good
70.00 217 6.00 bad
131.20 531 6.00 bad
144.70 714 10.00 bad
87.70 25 6.00 bad
183.00 31 4.00 bad
40.80 104 6.00 bad
50.40 16 2.00 bad
126.20 654 8.00 good
116.50 527 8.00 good
90.50 396 8.00 bad
63.70 218 8.00 good
22.20 39 8.00 good
170.60 2113 8.00 good
59.90 42 8.00 bad
21.40 29 6.00 bad
150.50 25 4.00 bad
198.70 339 8.00 good
64.40 349 6.00 good
310.00 1184 6.00 bad
446.50 5393 10.00 good
148.90 182 6.00 good
107.80 201 6.00 bad
247.80 136 6.00 bad
119.20 282 6.00 bad
59.10 34 6.00 bad
92.20 274 6.00 bad
427.70 1575 8.00 good
85.80 45 6.00 good
153.40 93 6.00 good
89.70 353 8.00 good
34.20 387 8.00 good
296.70 607 8.00 good
322.80 2063 8.00 good
46.30 82 6.00 bad
195.70 31 4.00 good
237.20 614 6.00 good
145.80 23 6.00 bad
179.50 795 8.00 good
335.20 1310 8.00 bad
72.70 68 4.00 bad
448.70 1641 8.00 good
25.10 83 8.00 bad
518.00 2366 8.00 good
177.70 153 6.00 bad
62.30 61 6.00 bad
382.10 674 6.00 good
44.60 21 6.00 bad
93.00 638 8.00 bad
163.50 45 6.00 good