BookWordCount TwoStarRate FiveStarRate Class
93
0 1 4 5 6 7 8 9 10 11 12 13 15 16 17 18 19 20 22 25 26 27 29 30 33 34 36 39 43 45 47 50 56 58 60 62 65 67 69 70 71 73 75 76 77 78 80 83 84 85 86 87 88 91 93 96 98 99 101 104 106 107 108 109 110 111 112 114 116 117 119 120 121 122 124 125 126 128 131 133 135 136 139 140 141 143 145 146 147 149 150 151 153
177.20 0.15 0.15 good
289.90 0.08 0.25 good
139.00 0.09 0.10 bad
158.50 0.20 0.12 good
59.60 0.14 0.23 good
38.90 0.15 0.11 bad
143.50 0.16 0.21 bad
21.30 0.18 0.02 bad
82.50 0.26 0.09 bad
13.40 0.04 0.16 bad
21.80 0.08 0.20 bad
27.50 0.24 0.09 bad
257.20 0.13 0.23 bad
135.80 0.22 0.14 good
33.60 0.22 0.12 bad
24.10 0.17 0.28 bad
122.40 0.18 0.28 bad
82.30 0.20 0.13 good
77.70 0.15 0.11 bad
35.90 0.20 0.20 bad
62.70 0.09 0.19 bad
147.20 0.17 0.05 good
233.90 0.10 0.36 good
150.70 0.18 0.11 bad
178.90 0.20 0.15 good
154.60 0.30 0.03 bad
87.00 0.10 0.19 bad
22.80 0.26 0.00 bad
74.40 0.13 0.14 good
380.50 0.20 0.10 bad
49.70 0.28 0.08 bad
51.90 0.28 0.07 good
40.40 0.20 0.13 good
63.50 0.05 0.37 good
45.10 0.21 0.23 bad
49.60 0.50 0.00 bad
72.20 0.28 0.07 bad
16.80 0.06 0.42 good
7.30 0.05 0.21 bad
55.40 0.10 0.20 bad
98.90 0.12 0.17 bad
68.60 0.11 0.17 bad
39.60 0.10 0.10 good
46.20 0.07 0.24 good
1070.70 0.07 0.37 bad
70.00 0.10 0.16 bad
144.70 0.03 0.58 bad
40.80 0.17 0.22 bad
30.00 0.14 0.14 bad
87.20 0.19 0.10 good
129.90 0.03 0.26 bad
112.10 0.09 0.27 bad
315.30 0.10 0.30 good
126.20 0.08 0.34 good
90.50 0.08 0.21 bad
34.10 0.11 0.17 good
170.60 0.08 0.29 good
181.90 0.12 0.17 bad
219.60 0.10 0.27 bad
150.50 0.31 0.09 bad
64.40 0.14 0.16 good
310.00 0.12 0.31 bad
446.50 0.02 0.63 good
101.10 0.14 0.10 bad
133.50 0.21 0.10 bad
148.90 0.16 0.12 good
107.80 0.20 0.11 bad
31.70 0.02 0.60 bad
118.30 0.12 0.17 good
59.10 0.11 0.09 bad
427.70 0.06 0.29 good
85.80 0.18 0.11 good
145.90 0.30 0.02 bad
79.20 0.10 0.25 bad
223.00 0.19 0.11 good
65.70 0.02 0.67 good
89.70 0.06 0.30 good
296.70 0.08 0.31 good
195.70 0.41 0.06 good
145.80 0.13 0.04 bad
335.20 0.09 0.26 bad
72.70 0.24 0.09 bad
130.30 0.07 0.22 good
43.40 0.30 0.05 bad
25.10 0.03 0.15 bad
177.70 0.21 0.10 bad
62.30 0.10 0.08 bad
477.20 0.09 0.19 good
154.00 0.22 0.02 good
382.10 0.18 0.15 good
44.60 0.15 0.15 bad
93.00 0.07 0.37 bad
73.20 0.22 0.12 good