BookScoreCount FourStarRate FiveStarRate Class
99
0 1 2 4 5 6 7 8 13 14 15 16 18 20 22 24 26 29 30 31 34 36 37 38 39 40 41 42 43 44 45 46 48 49 50 51 52 54 55 56 58 59 60 61 62 63 66 70 71 72 73 77 78 79 81 83 84 85 87 88 89 95 96 97 98 99 100 104 105 106 107 109 110 112 113 114 115 116 117 119 120 121 123 124 125 127 128 129 131 132 133 134 135 137 138 139 143 149 152
568 0.30 0.15 good
967 0.36 0.25 good
47 0.24 0.15 bad
78 0.25 0.10 bad
439 0.21 0.12 good
187 0.18 0.23 good
27 0.11 0.11 bad
177 0.22 0.21 bad
48 0.13 0.09 bad
454 0.19 0.20 good
658 0.25 0.23 bad
119 0.20 0.14 good
23 0.14 0.28 bad
112 0.20 0.13 good
159 0.28 0.11 bad
70 0.13 0.11 bad
100 0.18 0.19 bad
290 0.20 0.36 good
29 0.14 0.11 bad
44 0.19 0.09 good
97 0.13 0.03 bad
223 0.34 0.19 bad
216 0.44 0.28 bad
63 0.17 0.13 bad
20 0.05 0.00 bad
495 0.33 0.19 good
670 0.29 0.17 good
686 0.20 0.11 bad
81 0.14 0.14 good
1885 0.16 0.23 good
299 0.23 0.10 bad
108 0.33 0.27 good
1248 0.33 0.17 bad
72 0.23 0.10 bad
29 0.14 0.07 good
133 0.21 0.07 bad
1780 0.30 0.42 bad
43 0.21 0.29 good
55 0.20 0.06 bad
80 0.10 0.13 good
461 0.30 0.37 good
484 0.21 0.25 good
108 0.20 0.23 bad
86 0.44 0.21 good
13 0.34 0.00 bad
91 0.20 0.30 good
21 0.19 0.10 bad
51 0.32 0.20 bad
248 0.25 0.17 bad
956 0.20 0.35 good
19 0.39 0.17 bad
745 0.27 0.37 bad
217 0.24 0.16 bad
531 0.17 0.10 bad
25 0.08 0.13 bad
104 0.22 0.22 bad
21 0.19 0.14 bad
356 0.24 0.10 good
182 0.19 0.27 bad
1636 0.23 0.30 good
145 0.28 0.17 bad
13 0.00 0.15 bad
188 0.33 0.17 good
39 0.40 0.13 good
2113 0.33 0.29 good
942 0.26 0.17 bad
42 0.27 0.25 bad
25 0.04 0.09 bad
339 0.33 0.31 good
349 0.24 0.16 good
1184 0.17 0.31 bad
88 0.24 0.10 bad
112 0.24 0.10 bad
201 0.15 0.11 bad
136 0.21 0.14 bad
1114 0.23 0.60 bad
282 0.19 0.07 bad
19 0.12 0.17 good
34 0.14 0.09 bad
1575 0.33 0.29 good
45 0.25 0.11 good
59 0.08 0.02 bad
93 0.30 0.20 good
320 0.20 0.11 good
768 0.20 0.67 good
387 0.26 0.36 good
607 0.23 0.31 good
2063 0.26 0.37 good
31 0.11 0.06 good
614 0.35 0.13 good
23 0.33 0.04 bad
795 0.34 0.18 good
1310 0.29 0.26 bad
1641 0.33 0.38 good
328 0.19 0.18 bad
1100 0.36 0.22 good
153 0.24 0.10 bad
674 0.26 0.15 good
45 0.14 0.09 good