BookScore TwoStarRate FourStarRate Class
96
0 2 4 5 7 8 9 11 12 15 16 17 22 23 24 25 26 27 30 32 34 35 36 37 39 41 45 47 48 49 50 51 54 55 56 58 60 61 62 63 64 65 66 67 68 69 72 74 77 78 80 84 85 86 87 88 90 91 92 94 96 98 99 100 103 104 105 106 107 108 109 111 113 115 117 119 121 125 126 127 129 130 132 134 136 138 141 142 143 144 146 147 148 150 152 153
6.4 0.15 0.30 good
6.4 0.10 0.24 bad
5.8 0.09 0.25 bad
5.6 0.20 0.21 good
5.8 0.15 0.11 bad
6.5 0.16 0.22 bad
5.4 0.18 0.30 bad
6.9 0.04 0.32 bad
6.0 0.08 0.08 bad
6.6 0.13 0.25 bad
5.7 0.22 0.20 good
5.6 0.22 0.23 bad
6.5 0.15 0.28 bad
4.7 0.31 0.08 good
5.5 0.21 0.13 bad
4.8 0.20 0.00 bad
6.5 0.09 0.18 bad
4.5 0.17 0.15 good
5.4 0.18 0.14 bad
6.8 0.09 0.39 bad
5.1 0.30 0.13 bad
5.5 0.12 0.14 good
6.7 0.10 0.34 bad
7.8 0.03 0.44 bad
3.5 0.26 0.05 bad
6.7 0.14 0.29 good
5.8 0.20 0.23 bad
5.3 0.28 0.22 bad
6.8 0.09 0.33 bad
5.9 0.10 0.23 bad
5.3 0.28 0.14 good
5.9 0.30 0.21 bad
7.0 0.05 0.21 good
5.6 0.28 0.20 bad
5.3 0.20 0.10 good
7.5 0.05 0.30 good
6.2 0.21 0.20 bad
7.5 0.08 0.44 good
5.3 0.50 0.34 bad
6.2 0.07 0.20 good
4.4 0.27 0.14 bad
4.8 0.28 0.07 bad
5.9 0.14 0.19 bad
7.6 0.06 0.25 good
6.8 0.11 0.30 bad
7.4 0.05 0.42 bad
7.3 0.08 0.20 good
6.1 0.22 0.31 bad
7.6 0.07 0.27 bad
6.2 0.10 0.24 bad
8.3 0.03 0.19 bad
5.9 0.14 0.19 bad
5.2 0.19 0.24 good
7.0 0.03 0.27 bad
6.4 0.09 0.19 bad
6.7 0.10 0.23 good
4.0 0.13 0.07 bad
7.2 0.08 0.28 good
7.8 0.04 0.29 good
7.0 0.11 0.33 good
6.7 0.11 0.33 good
7.3 0.08 0.33 good
6.5 0.12 0.26 bad
7.0 0.02 0.27 bad
6.6 0.08 0.26 bad
4.9 0.31 0.04 bad
7.4 0.08 0.33 good
6.0 0.14 0.24 good
6.4 0.12 0.17 bad
8.7 0.02 0.20 good
6.0 0.14 0.24 bad
5.8 0.16 0.26 good
6.1 0.13 0.21 bad
5.5 0.19 0.19 bad
5.5 0.11 0.14 bad
7.3 0.06 0.33 good
4.5 0.30 0.08 bad
8.9 0.02 0.20 good
6.4 0.06 0.21 good
7.4 0.06 0.26 good
7.3 0.07 0.26 good
5.7 0.13 0.16 bad
6.4 0.14 0.35 good
6.5 0.12 0.34 good
4.8 0.24 0.05 bad
5.7 0.10 0.19 bad
6.9 0.03 0.49 bad
7.8 0.05 0.24 good
5.5 0.21 0.24 bad
5.4 0.25 0.18 bad
7.0 0.09 0.37 good
3.9 0.22 0.09 good
3.3 0.03 0.06 bad
6.1 0.15 0.20 bad
5.1 0.19 0.14 good
5.7 0.22 0.22 good