BookScoreCount FiveStarRate Median Class
103
0 2 3 4 6 8 9 11 12 13 15 17 18 19 20 21 23 27 29 30 31 32 34 35 37 38 40 42 43 44 45 46 47 48 49 50 51 52 54 55 56 57 58 59 60 61 62 63 64 65 69 70 71 73 74 78 79 80 82 83 84 88 89 91 94 95 96 97 98 103 104 105 107 109 110 111 113 114 119 120 121 123 124 125 126 128 129 130 131 132 133 134 135 136 138 140 141 142 144 146 151 152 153
568 0.15 6.00 good
47 0.15 6.00 bad
129 0.18 6.00 bad
78 0.10 6.00 bad
187 0.23 6.00 good
177 0.21 6.00 bad
51 0.02 6.00 bad
51 0.16 6.00 bad
25 0.20 6.00 bad
48 0.09 6.00 bad
658 0.23 6.00 bad
36 0.12 6.00 bad
23 0.28 6.00 bad
250 0.28 6.00 bad
112 0.13 4.00 good
44 0.04 4.00 bad
116 0.06 4.00 good
150 0.05 4.00 good
290 0.36 8.00 good
29 0.11 6.00 bad
44 0.09 6.00 good
292 0.13 8.00 bad
97 0.03 6.00 bad
1909 0.21 6.00 good
216 0.28 8.00 bad
63 0.13 6.00 bad
495 0.19 8.00 good
686 0.11 6.00 bad
81 0.14 6.00 good
1885 0.23 4.00 good
299 0.10 6.00 bad
108 0.27 8.00 good
79 0.08 4.00 bad
1248 0.17 6.00 bad
72 0.10 6.00 bad
29 0.07 6.00 good
133 0.07 6.00 bad
1780 0.42 8.00 bad
43 0.29 6.00 good
55 0.06 6.00 bad
80 0.13 6.00 good
2109 0.18 6.00 bad
461 0.37 8.00 good
484 0.25 6.00 good
108 0.23 6.00 bad
86 0.21 8.00 good
13 0.00 4.00 bad
91 0.30 6.00 good
45 0.02 4.00 bad
82 0.07 4.00 bad
20 0.21 8.00 bad
51 0.20 8.00 bad
248 0.17 6.00 bad
19 0.17 8.00 bad
46 0.04 6.00 bad
217 0.16 6.00 bad
531 0.10 6.00 bad
714 0.58 10.00 bad
31 0.22 4.00 bad
104 0.22 6.00 bad
21 0.14 6.00 bad
1636 0.30 8.00 good
145 0.17 6.00 bad
654 0.34 8.00 good
218 0.23 8.00 good
13 0.15 6.00 bad
188 0.17 8.00 good
39 0.13 8.00 good
2113 0.29 8.00 good
29 0.11 6.00 bad
25 0.09 4.00 bad
339 0.31 8.00 good
1184 0.31 6.00 bad
88 0.10 6.00 bad
112 0.10 6.00 bad
182 0.12 6.00 good
136 0.14 6.00 bad
1114 0.60 10.00 bad
1575 0.29 8.00 good
45 0.11 6.00 good
59 0.02 4.00 bad
93 0.20 6.00 good
320 0.11 6.00 good
768 0.67 10.00 good
353 0.30 8.00 good
607 0.31 8.00 good
2063 0.37 8.00 good
82 0.17 6.00 bad
31 0.06 4.00 good
614 0.13 6.00 good
23 0.04 6.00 bad
795 0.18 8.00 good
1310 0.26 8.00 bad
68 0.09 4.00 bad
328 0.18 6.00 bad
21 0.05 8.00 bad
83 0.15 8.00 bad
2366 0.46 8.00 good
364 0.09 6.00 bad
2356 0.19 8.00 good
638 0.37 8.00 bad
45 0.09 6.00 good
209 0.12 6.00 good