BookScore ThreeStarRate Median Class
90
2 3 5 8 9 12 13 15 16 17 18 19 20 22 24 26 27 28 31 32 33 36 37 38 39 40 43 44 45 46 48 49 53 54 56 58 59 60 61 64 65 66 67 68 69 70 71 72 75 78 79 80 81 83 84 86 89 90 91 93 95 96 97 98 99 100 101 104 110 111 112 114 115 120 124 125 126 128 130 131 132 133 135 138 140 141 144 146 148 150
6.4 0.40 6.00 bad
6.4 0.27 6.00 bad
5.6 0.26 6.00 good
6.5 0.30 6.00 bad
5.4 0.26 6.00 bad
6.0 0.44 6.00 bad
5.5 0.39 6.00 bad
6.6 0.27 6.00 bad
5.7 0.23 6.00 good
5.6 0.20 6.00 bad
6.5 0.28 6.00 bad
6.7 0.22 6.00 bad
5.3 0.15 4.00 good
6.5 0.40 6.00 bad
5.5 0.36 6.00 bad
6.5 0.43 6.00 bad
4.5 0.21 4.00 good
7.2 0.25 8.00 bad
5.8 0.33 6.00 good
6.8 0.31 8.00 bad
6.1 0.29 6.00 good
6.7 0.23 8.00 bad
7.8 0.20 8.00 bad
5.9 0.27 6.00 bad
3.5 0.16 2.00 bad
6.7 0.24 8.00 good
5.1 0.24 6.00 good
5.4 0.11 4.00 good
5.8 0.30 6.00 bad
7.1 0.19 8.00 good
6.8 0.33 6.00 bad
5.9 0.39 6.00 bad
4.0 0.14 4.00 bad
7.0 0.33 6.00 good
5.3 0.32 6.00 good
7.5 0.14 8.00 good
6.5 0.21 6.00 good
6.2 0.18 6.00 bad
7.5 0.25 8.00 good
4.4 0.21 4.00 bad
4.8 0.31 4.00 bad
5.9 0.43 6.00 bad
7.6 0.16 8.00 good
6.8 0.25 8.00 bad
7.4 0.26 8.00 bad
5.9 0.04 8.00 bad
6.1 0.25 6.00 bad
7.3 0.26 8.00 good
6.4 0.40 6.00 good
6.2 0.33 6.00 bad
5.2 0.26 6.00 bad
8.3 0.13 10.00 bad
5.8 0.54 6.00 bad
6.6 0.28 6.00 bad
5.9 0.33 6.00 bad
7.0 0.30 8.00 bad
6.4 0.27 6.00 bad
4.0 0.20 2.00 bad
7.2 0.16 8.00 good
6.9 0.26 8.00 bad
5.5 0.46 6.00 bad
6.7 0.28 8.00 good
6.5 0.26 8.00 good
7.3 0.22 8.00 good
6.5 0.34 6.00 bad
7.0 0.34 8.00 bad
7.1 0.26 8.00 bad
4.9 0.34 4.00 bad
5.8 0.28 6.00 bad
5.8 0.26 6.00 good
5.4 0.30 6.00 bad
8.5 0.09 10.00 bad
5.5 0.35 6.00 bad
5.6 0.20 6.00 good
5.6 0.29 6.00 good
8.9 0.08 10.00 good
6.4 0.16 8.00 good
6.5 0.13 8.00 good
5.7 0.28 6.00 bad
4.4 0.13 4.00 good
6.4 0.25 6.00 good
5.9 0.33 6.00 bad
7.0 0.24 8.00 bad
5.7 0.22 6.00 bad
6.4 0.07 8.00 bad
6.9 0.19 8.00 bad
5.4 0.27 6.00 bad
7.0 0.27 8.00 good
3.3 0.04 2.00 bad
6.1 0.35 6.00 bad