BookWordCount BookScore FiveStarRate Class
95
0 1 2 3 4 5 6 7 8 9 11 12 14 15 16 18 19 20 22 23 24 25 27 28 29 30 31 32 33 34 36 39 40 41 43 45 47 48 51 52 53 54 55 56 58 60 61 63 64 65 66 69 72 74 75 78 82 86 87 88 89 90 91 92 93 94 95 96 101 102 103 104 106 109 110 111 113 114 117 120 122 123 125 129 130 131 135 139 140 141 142 144 145 150 152
177.20 6.4 0.15 good
289.90 7.2 0.25 good
48.30 6.4 0.15 bad
52.30 6.4 0.18 bad
139.00 5.8 0.10 bad
158.50 5.6 0.12 good
59.60 6.0 0.23 good
38.90 5.8 0.11 bad
143.50 6.5 0.21 bad
21.30 5.4 0.02 bad
13.40 6.9 0.16 bad
21.80 6.0 0.20 bad
123.80 5.9 0.20 good
257.20 6.6 0.23 bad
135.80 5.7 0.14 good
24.10 6.5 0.28 bad
122.40 6.7 0.28 bad
82.30 5.3 0.13 good
77.70 6.5 0.11 bad
122.20 4.7 0.06 good
74.80 5.5 0.11 bad
35.90 4.8 0.20 bad
147.20 4.5 0.05 good
53.00 7.2 0.27 bad
233.90 7.1 0.36 good
150.70 5.4 0.11 bad
78.00 5.8 0.09 good
51.10 6.8 0.13 bad
178.90 6.1 0.15 good
154.60 5.1 0.03 bad
87.00 6.7 0.19 bad
22.80 3.5 0.00 bad
153.10 6.7 0.19 good
168.40 6.7 0.17 good
74.40 5.1 0.14 good
380.50 5.8 0.10 bad
49.70 5.3 0.08 bad
281.40 6.8 0.17 bad
84.60 5.9 0.07 bad
76.10 7.9 0.42 bad
53.70 4.0 0.10 bad
13.00 7.0 0.29 good
106.40 5.6 0.06 bad
40.40 5.3 0.13 good
63.50 7.5 0.37 good
45.10 6.2 0.23 bad
17.00 7.5 0.21 good
108.60 6.2 0.30 good
54.40 4.4 0.02 bad
72.20 4.8 0.07 bad
34.80 5.9 0.10 bad
7.30 7.4 0.21 bad
390.00 7.3 0.35 good
49.30 6.1 0.04 bad
39.60 6.4 0.10 good
70.00 6.2 0.16 bad
183.00 5.6 0.22 bad
129.90 7.0 0.26 bad
112.10 6.4 0.27 bad
315.30 6.7 0.30 good
153.20 6.4 0.17 bad
50.40 4.0 0.07 bad
126.20 7.2 0.34 good
116.50 7.8 0.42 good
90.50 6.9 0.21 bad
63.70 7.0 0.23 good
99.00 5.5 0.15 bad
34.10 6.7 0.17 good
219.60 7.1 0.27 bad
78.10 5.3 0.08 good
21.40 6.6 0.11 bad
150.50 4.9 0.09 bad
64.40 6.0 0.16 good
101.10 6.0 0.10 bad
133.50 5.8 0.10 bad
148.90 5.8 0.12 good
247.80 6.1 0.14 bad
31.70 8.5 0.60 bad
59.10 5.5 0.09 bad
85.80 5.6 0.11 good
79.20 7.0 0.25 bad
153.40 7.0 0.20 good
65.70 8.9 0.67 good
322.80 7.3 0.37 good
46.30 5.7 0.17 bad
195.70 4.4 0.06 good
335.20 7.0 0.26 bad
130.30 7.0 0.22 good
43.40 6.4 0.05 bad
25.10 6.9 0.15 bad
518.00 7.8 0.46 good
319.70 5.4 0.09 bad
62.30 6.7 0.08 bad
44.60 6.1 0.15 bad
163.50 5.1 0.09 good