TwoStarRate FiveStarRate Mode Class
103
0 1 2 4 7 8 9 11 12 13 14 15 16 17 20 21 22 24 25 26 27 28 29 31 34 35 38 40 41 42 45 47 49 50 53 54 55 59 60 61 62 63 66 67 70 71 72 74 75 76 79 80 83 84 86 88 89 90 91 93 94 95 98 100 101 102 103 105 106 108 109 110 111 112 113 115 116 118 119 120 122 123 125 126 129 130 132 133 134 135 136 137 138 139 140 141 143 144 145 146 147 150 152
0.15 0.15 8.00 good
0.08 0.25 8.00 good
0.10 0.15 6.00 bad
0.09 0.10 6.00 bad
0.15 0.11 6.00 bad
0.16 0.21 6.00 bad
0.18 0.02 8.00 bad
0.04 0.16 6.00 bad
0.08 0.20 6.00 bad
0.24 0.09 6.00 bad
0.14 0.20 2.00 good
0.13 0.23 6.00 bad
0.22 0.14 6.00 good
0.22 0.12 8.00 bad
0.20 0.13 2.00 good
0.37 0.04 4.00 bad
0.15 0.11 6.00 bad
0.21 0.11 6.00 bad
0.20 0.20 2.00 bad
0.09 0.19 6.00 bad
0.17 0.05 2.00 good
0.11 0.27 8.00 bad
0.10 0.36 10.00 good
0.30 0.09 6.00 good
0.30 0.03 6.00 bad
0.12 0.21 2.00 good
0.35 0.13 4.00 bad
0.12 0.19 8.00 good
0.14 0.17 6.00 good
0.17 0.11 2.00 bad
0.20 0.10 6.00 bad
0.28 0.08 4.00 bad
0.10 0.10 6.00 bad
0.28 0.07 6.00 good
0.33 0.10 2.00 bad
0.05 0.29 6.00 good
0.28 0.06 6.00 bad
0.21 0.25 10.00 good
0.21 0.23 10.00 bad
0.08 0.21 8.00 good
0.50 0.00 4.00 bad
0.07 0.30 2.00 good
0.14 0.10 6.00 bad
0.06 0.42 10.00 good
0.10 0.20 2.00 bad
0.12 0.17 8.00 bad
0.08 0.35 10.00 good
0.22 0.04 6.00 bad
0.10 0.10 6.00 good
0.07 0.24 8.00 good
0.19 0.10 2.00 bad
0.03 0.58 10.00 bad
0.17 0.22 6.00 bad
0.14 0.14 6.00 bad
0.03 0.26 6.00 bad
0.10 0.30 10.00 good
0.17 0.17 8.00 bad
0.13 0.07 2.00 bad
0.08 0.34 10.00 good
0.08 0.21 8.00 bad
0.11 0.23 8.00 good
0.23 0.15 6.00 bad
0.08 0.29 8.00 good
0.02 0.25 6.00 bad
0.10 0.27 10.00 bad
0.14 0.08 2.00 good
0.08 0.11 6.00 bad
0.08 0.31 8.00 good
0.14 0.16 6.00 good
0.02 0.63 10.00 good
0.14 0.10 6.00 bad
0.21 0.10 6.00 bad
0.16 0.12 8.00 good
0.20 0.11 6.00 bad
0.13 0.14 6.00 bad
0.19 0.07 6.00 bad
0.12 0.17 6.00 good
0.11 0.11 6.00 bad
0.06 0.29 8.00 good
0.18 0.11 8.00 good
0.10 0.25 8.00 bad
0.08 0.20 6.00 good
0.02 0.67 10.00 good
0.06 0.30 10.00 good
0.07 0.37 10.00 good
0.13 0.17 6.00 bad
0.14 0.13 8.00 good
0.13 0.04 8.00 bad
0.12 0.18 8.00 good
0.09 0.26 8.00 bad
0.24 0.09 6.00 bad
0.05 0.38 10.00 good
0.10 0.18 2.00 bad
0.07 0.22 8.00 good
0.30 0.05 8.00 bad
0.03 0.15 8.00 bad
0.21 0.10 8.00 bad
0.25 0.09 6.00 bad
0.10 0.08 6.00 bad
0.09 0.19 8.00 good
0.22 0.02 2.00 good
0.15 0.15 6.00 bad
0.19 0.09 2.00 good