BookScoreCount ThreeStarRate Median Class
93
1 2 4 6 8 9 10 11 12 13 14 15 18 19 21 22 24 25 29 31 33 34 35 37 38 42 43 44 45 47 48 50 51 53 54 55 56 57 59 60 65 67 68 70 71 73 76 80 82 83 84 86 89 90 92 94 95 96 97 99 100 102 104 105 106 107 108 109 110 111 113 114 117 119 123 126 127 128 129 130 134 136 137 138 139 142 145 147 148 149 151 152 153
967 0.23 8.00 good
47 0.40 6.00 bad
78 0.33 6.00 bad
187 0.21 6.00 good
177 0.30 6.00 bad
51 0.26 6.00 bad
78 0.23 6.00 bad
51 0.40 6.00 bad
25 0.44 6.00 bad
48 0.39 6.00 bad
454 0.21 6.00 good
658 0.27 6.00 bad
23 0.28 6.00 bad
250 0.22 6.00 bad
44 0.16 4.00 bad
159 0.40 6.00 bad
70 0.36 6.00 bad
11 0.20 4.00 bad
290 0.22 8.00 good
44 0.33 6.00 good
192 0.29 6.00 good
97 0.39 6.00 bad
1909 0.18 6.00 good
216 0.20 8.00 bad
63 0.27 6.00 bad
686 0.26 6.00 bad
81 0.24 6.00 good
1885 0.11 4.00 good
299 0.30 6.00 bad
79 0.20 4.00 bad
1248 0.33 6.00 bad
29 0.32 6.00 good
133 0.37 6.00 bad
22 0.14 4.00 bad
43 0.33 6.00 good
55 0.33 6.00 bad
80 0.32 6.00 good
2109 0.21 6.00 bad
484 0.21 6.00 good
108 0.18 6.00 bad
82 0.31 4.00 bad
90 0.16 8.00 good
153 0.25 8.00 bad
51 0.04 8.00 bad
248 0.25 6.00 bad
19 0.22 8.00 bad
429 0.15 8.00 good
714 0.13 10.00 bad
31 0.20 4.00 bad
104 0.28 6.00 bad
21 0.33 6.00 bad
222 0.30 8.00 bad
145 0.27 6.00 bad
16 0.20 2.00 bad
527 0.16 8.00 good
218 0.23 8.00 good
13 0.46 6.00 bad
188 0.28 8.00 good
39 0.26 8.00 good
942 0.34 6.00 bad
42 0.34 8.00 bad
225 0.26 6.00 good
25 0.34 4.00 bad
339 0.19 8.00 good
349 0.27 6.00 good
1184 0.15 6.00 bad
5393 0.10 10.00 good
88 0.36 6.00 bad
112 0.28 6.00 bad
182 0.26 6.00 good
136 0.36 6.00 bad
1114 0.09 10.00 bad
34 0.45 6.00 bad
1575 0.20 8.00 good
93 0.37 6.00 good
353 0.16 8.00 good
387 0.22 8.00 good
607 0.13 8.00 good
2063 0.16 8.00 good
82 0.28 6.00 bad
795 0.21 8.00 good
68 0.32 4.00 bad
1641 0.15 8.00 good
328 0.22 6.00 bad
1100 0.24 8.00 good
2366 0.15 8.00 good
61 0.45 6.00 bad
208 0.19 4.00 good
1080 0.04 2.00 bad
674 0.23 6.00 good
638 0.16 8.00 bad
45 0.28 6.00 good
209 0.25 6.00 good