BookScoreCount TwoStarRate FourStarRate Class
98
0 1 5 6 9 12 13 14 15 16 20 21 22 24 27 28 29 30 31 32 35 38 39 40 41 44 47 48 50 53 55 56 59 60 61 62 63 64 65 66 67 68 69 70 71 75 79 80 81 86 87 88 91 92 93 95 97 98 99 100 101 103 104 105 106 107 108 111 114 115 116 119 120 121 122 123 125 126 127 129 130 131 132 133 134 137 139 141 142 144 145 146 147 148 149 150 151 152
568 0.15 0.30 good
967 0.08 0.36 good
439 0.20 0.21 good
187 0.14 0.18 good
51 0.18 0.30 bad
25 0.08 0.08 bad
48 0.24 0.13 bad
454 0.14 0.19 good
658 0.13 0.25 bad
119 0.22 0.20 good
112 0.20 0.20 good
44 0.37 0.14 bad
159 0.15 0.28 bad
70 0.21 0.13 bad
150 0.17 0.15 good
263 0.11 0.31 bad
290 0.10 0.20 good
29 0.18 0.14 bad
44 0.30 0.19 good
292 0.09 0.39 bad
1909 0.12 0.14 good
63 0.35 0.17 bad
20 0.26 0.05 bad
495 0.12 0.33 good
670 0.14 0.29 good
1885 0.07 0.16 good
79 0.28 0.22 bad
1248 0.09 0.33 bad
29 0.28 0.14 good
22 0.33 0.00 bad
55 0.28 0.20 bad
80 0.20 0.10 good
484 0.21 0.21 good
108 0.21 0.20 bad
86 0.08 0.44 good
13 0.50 0.34 bad
91 0.07 0.20 good
45 0.27 0.14 bad
82 0.28 0.07 bad
21 0.14 0.19 bad
90 0.06 0.25 good
153 0.11 0.30 bad
20 0.05 0.42 bad
51 0.10 0.32 bad
248 0.12 0.25 bad
21 0.10 0.30 good
531 0.19 0.17 bad
714 0.03 0.19 bad
25 0.08 0.08 bad
222 0.03 0.27 bad
182 0.09 0.19 bad
1636 0.10 0.23 good
654 0.08 0.28 good
527 0.04 0.29 good
396 0.08 0.34 bad
13 0.23 0.00 bad
39 0.03 0.40 good
2113 0.08 0.33 good
942 0.12 0.26 bad
42 0.02 0.27 bad
219 0.10 0.27 bad
29 0.08 0.26 bad
25 0.31 0.04 bad
339 0.08 0.33 good
349 0.14 0.24 good
1184 0.12 0.17 bad
5393 0.02 0.20 good
182 0.16 0.26 good
1114 0.02 0.23 bad
282 0.19 0.19 bad
19 0.12 0.12 good
1575 0.06 0.33 good
45 0.18 0.25 good
59 0.30 0.08 bad
385 0.10 0.29 bad
93 0.08 0.30 good
768 0.02 0.20 good
353 0.06 0.21 good
387 0.06 0.26 good
2063 0.07 0.26 good
82 0.13 0.16 bad
31 0.41 0.11 good
614 0.14 0.35 good
23 0.13 0.33 bad
795 0.12 0.34 good
1641 0.05 0.33 good
1100 0.07 0.36 good
83 0.03 0.49 bad
2366 0.05 0.24 good
364 0.25 0.18 bad
61 0.10 0.33 bad
2356 0.09 0.37 good
208 0.22 0.09 good
1080 0.03 0.06 bad
674 0.18 0.26 good
21 0.15 0.20 bad
638 0.07 0.19 bad
45 0.19 0.14 good