BookScore FourStarRate Median Class
93
0 2 3 9 11 12 15 18 19 21 22 24 28 29 30 31 34 35 36 37 39 41 42 43 46 48 49 51 52 53 54 59 60 61 62 63 65 66 70 71 72 73 75 78 79 80 81 82 83 84 85 86 87 89 94 95 98 100 102 103 105 106 109 110 111 115 116 117 118 119 120 121 122 123 125 127 128 130 131 132 134 138 139 140 141 142 143 144 145 146 149 150 152
6.4 0.30 6.00 good
6.4 0.24 6.00 bad
6.4 0.27 6.00 bad
5.4 0.30 6.00 bad
6.9 0.32 6.00 bad
6.0 0.08 6.00 bad
6.6 0.25 6.00 bad
6.5 0.14 6.00 bad
6.7 0.22 6.00 bad
4.6 0.14 4.00 bad
6.5 0.28 6.00 bad
5.5 0.13 6.00 bad
7.2 0.31 8.00 bad
7.1 0.20 8.00 good
5.4 0.14 6.00 bad
5.8 0.19 6.00 good
5.1 0.13 6.00 bad
5.5 0.14 6.00 good
6.7 0.34 8.00 bad
7.8 0.44 8.00 bad
3.5 0.05 2.00 bad
6.7 0.29 6.00 good
5.4 0.20 6.00 bad
5.1 0.14 6.00 good
7.1 0.33 8.00 good
6.8 0.33 6.00 bad
5.9 0.23 6.00 bad
5.9 0.21 6.00 bad
7.9 0.30 8.00 bad
4.0 0.00 4.00 bad
7.0 0.21 6.00 good
6.5 0.21 6.00 good
6.2 0.20 6.00 bad
7.5 0.44 8.00 good
5.3 0.34 4.00 bad
6.2 0.20 6.00 good
4.8 0.07 4.00 bad
5.9 0.19 6.00 bad
5.9 0.32 8.00 bad
6.1 0.25 6.00 bad
7.3 0.20 8.00 good
6.8 0.39 8.00 bad
6.4 0.30 6.00 good
6.2 0.24 6.00 bad
5.2 0.17 6.00 bad
8.3 0.19 10.00 bad
5.8 0.08 6.00 bad
5.6 0.05 4.00 bad
6.6 0.22 6.00 bad
5.9 0.19 6.00 bad
5.2 0.24 4.00 good
7.0 0.27 8.00 bad
6.4 0.19 6.00 bad
6.4 0.28 6.00 bad
7.0 0.33 8.00 good
5.5 0.00 6.00 bad
7.3 0.33 8.00 good
7.0 0.27 8.00 bad
5.3 0.21 6.00 good
6.6 0.26 6.00 bad
7.4 0.33 8.00 good
6.0 0.24 6.00 good
6.0 0.24 6.00 bad
5.8 0.24 6.00 bad
5.8 0.26 6.00 good
5.5 0.19 6.00 bad
6.0 0.12 6.00 good
5.5 0.14 6.00 bad
6.5 0.30 6.00 bad
7.3 0.33 8.00 good
5.6 0.25 6.00 good
4.5 0.08 4.00 bad
7.0 0.29 8.00 bad
7.0 0.30 6.00 good
8.9 0.20 10.00 good
7.4 0.26 8.00 good
6.5 0.23 8.00 good
5.7 0.16 6.00 bad
4.4 0.11 4.00 good
6.4 0.35 6.00 good
6.5 0.34 8.00 good
5.7 0.19 6.00 bad
7.0 0.36 8.00 good
6.4 0.54 8.00 bad
6.9 0.49 8.00 bad
7.8 0.24 8.00 good
5.5 0.24 6.00 bad
5.4 0.18 6.00 bad
6.7 0.33 6.00 bad
7.0 0.37 8.00 good
6.0 0.26 6.00 good
6.1 0.20 6.00 bad
5.1 0.14 6.00 good