BookScore AddListCount FourStarRate Class
103
0 1 2 3 6 8 9 11 12 13 14 15 18 19 24 26 27 28 30 31 34 37 38 39 41 42 43 44 45 46 47 48 49 51 54 56 57 58 59 61 62 65 68 69 71 72 73 74 77 78 79 80 82 83 84 86 88 89 90 91 92 93 96 97 98 99 100 102 103 104 105 106 108 110 111 112 113 114 115 116 117 118 119 121 124 127 129 131 132 133 135 136 137 138 140 141 142 143 144 146 149 150 152
6.4 214 0.30 good
7.2 492 0.36 good
6.4 12 0.24 bad
6.4 38 0.27 bad
6.0 42 0.18 good
6.5 53 0.22 bad
5.4 14 0.30 bad
6.9 15 0.32 bad
6.0 12 0.08 bad
5.5 9 0.13 bad
5.9 136 0.19 good
6.6 204 0.25 bad
6.5 7 0.14 bad
6.7 70 0.22 bad
5.5 23 0.13 bad
6.5 32 0.18 bad
4.5 31 0.15 good
7.2 73 0.31 bad
5.4 9 0.14 bad
5.8 6 0.19 good
5.1 24 0.13 bad
7.8 106 0.44 bad
5.9 19 0.17 bad
3.5 1 0.05 bad
6.7 289 0.29 good
5.4 215 0.20 bad
5.1 18 0.14 good
5.4 242 0.16 good
5.8 93 0.23 bad
7.1 28 0.33 good
5.3 20 0.22 bad
6.8 371 0.33 bad
5.9 13 0.23 bad
5.9 42 0.21 bad
7.0 9 0.21 good
5.3 13 0.10 good
6.2 551 0.29 bad
7.5 70 0.30 good
6.5 138 0.21 good
7.5 33 0.44 good
5.3 3 0.34 bad
4.8 22 0.07 bad
6.8 45 0.30 bad
7.4 5 0.42 bad
6.1 119 0.25 bad
7.3 180 0.20 good
6.8 8 0.39 bad
6.1 16 0.31 bad
7.6 183 0.27 bad
6.2 57 0.24 bad
5.2 94 0.17 bad
8.3 193 0.19 bad
5.6 3 0.05 bad
6.6 22 0.22 bad
5.9 3 0.19 bad
7.0 53 0.27 bad
6.7 321 0.23 good
6.4 49 0.28 bad
4.0 4 0.07 bad
7.2 218 0.28 good
7.8 141 0.29 good
6.9 121 0.34 bad
6.7 100 0.33 good
6.5 7 0.40 good
7.3 558 0.33 good
6.5 253 0.26 bad
7.0 8 0.27 bad
5.3 39 0.21 good
6.6 6 0.26 bad
4.9 5 0.04 bad
7.4 98 0.33 good
6.0 102 0.24 good
8.7 1586 0.20 good
5.8 31 0.24 bad
5.8 53 0.26 good
5.4 63 0.15 bad
6.1 25 0.21 bad
8.5 218 0.23 bad
5.5 76 0.19 bad
6.0 7 0.12 good
5.5 5 0.14 bad
6.5 112 0.30 bad
7.3 274 0.33 good
4.5 14 0.08 bad
5.6 57 0.20 good
7.4 146 0.26 good
7.3 510 0.26 good
4.4 5 0.11 good
6.4 131 0.35 good
5.9 1 0.33 bad
7.0 293 0.29 bad
4.8 9 0.05 bad
7.8 303 0.33 good
5.7 53 0.19 bad
6.4 7 0.54 bad
6.9 19 0.49 bad
7.8 365 0.24 good
5.5 42 0.24 bad
5.4 103 0.18 bad
7.0 710 0.37 good
6.0 178 0.26 good
6.1 5 0.20 bad
5.1 12 0.14 good