BookWordCount AddListCount Median Class
94
0 2 3 4 7 8 9 12 13 15 17 18 20 21 24 25 26 31 32 34 37 38 39 41 42 45 47 49 50 54 55 56 57 59 60 62 63 64 66 67 68 72 74 75 76 77 78 80 81 84 85 86 87 89 90 92 93 94 95 99 101 102 103 104 105 107 108 114 116 117 118 119 121 123 124 125 128 129 130 132 133 134 136 138 141 142 144 145 146 147 148 149 150 153
177.20 214 6.00 good
48.30 12 6.00 bad
52.30 38 6.00 bad
139.00 22 6.00 bad
38.90 8 6.00 bad
143.50 53 6.00 bad
21.30 14 6.00 bad
21.80 12 6.00 bad
27.50 9 6.00 bad
257.20 204 6.00 bad
33.60 10 6.00 bad
24.10 7 6.00 bad
82.30 17 4.00 good
74.10 12 4.00 bad
74.80 23 6.00 bad
35.90 2 4.00 bad
62.70 32 6.00 bad
78.00 6 6.00 good
51.10 111 8.00 bad
154.60 24 6.00 bad
51.30 106 8.00 bad
80.20 19 6.00 bad
22.80 1 2.00 bad
168.40 289 6.00 good
300.10 215 6.00 bad
380.50 93 6.00 bad
49.70 20 4.00 bad
44.50 13 6.00 bad
51.90 7 6.00 good
13.00 9 6.00 good
106.40 11 6.00 bad
40.40 13 6.00 good
293.40 551 6.00 bad
133.40 138 6.00 good
45.10 19 6.00 bad
49.60 3 4.00 bad
108.60 21 6.00 good
54.40 10 4.00 bad
34.80 2 6.00 bad
16.80 17 8.00 good
79.60 45 8.00 bad
390.00 180 8.00 good
49.30 16 6.00 bad
39.60 8 6.00 good
46.20 110 8.00 good
1070.70 183 8.00 bad
70.00 57 6.00 bad
144.70 193 10.00 bad
87.70 4 6.00 bad
30.00 3 6.00 bad
87.20 55 4.00 good
129.90 53 8.00 bad
112.10 65 6.00 bad
153.20 49 6.00 bad
50.40 4 2.00 bad
116.50 141 8.00 good
90.50 121 8.00 bad
63.70 57 8.00 good
99.00 4 6.00 bad
181.90 253 6.00 bad
219.60 65 8.00 bad
78.10 39 6.00 good
21.40 6 6.00 bad
150.50 5 4.00 bad
198.70 98 8.00 good
310.00 188 6.00 bad
446.50 1586 10.00 good
31.70 218 10.00 bad
118.30 7 6.00 good
59.10 5 6.00 bad
92.20 112 6.00 bad
427.70 274 8.00 good
145.90 14 4.00 bad
153.40 32 6.00 good
223.00 57 6.00 good
65.70 149 10.00 good
296.70 108 8.00 good
322.80 510 8.00 good
46.30 11 6.00 bad
237.20 131 6.00 good
145.80 1 6.00 bad
179.50 168 8.00 good
72.70 9 4.00 bad
212.90 53 6.00 bad
25.10 19 8.00 bad
518.00 365 8.00 good
319.70 103 6.00 bad
62.30 28 6.00 bad
477.20 710 8.00 good
154.00 26 4.00 good
209.90 54 2.00 bad
382.10 178 6.00 good
44.60 5 6.00 bad
73.20 50 6.00 good