BookScoreCount FourStarRate Median Class
103
0 1 2 3 4 5 6 8 9 10 11 13 15 17 18 19 20 21 23 24 26 30 31 33 35 36 37 38 39 40 41 43 44 45 46 47 49 50 51 52 53 54 55 56 58 64 65 66 67 70 71 72 73 75 78 79 80 83 84 87 88 89 92 93 94 95 97 100 101 102 104 106 107 109 112 114 117 118 119 120 121 123 124 125 126 127 129 131 132 133 134 135 137 138 139 140 141 142 144 149 151 152 153
568 0.30 6.00 good
967 0.36 8.00 good
47 0.24 6.00 bad
129 0.27 6.00 bad
78 0.25 6.00 bad
439 0.21 6.00 good
187 0.18 6.00 good
177 0.22 6.00 bad
51 0.30 6.00 bad
78 0.27 6.00 bad
51 0.32 6.00 bad
48 0.13 6.00 bad
658 0.25 6.00 bad
36 0.23 6.00 bad
23 0.14 6.00 bad
250 0.22 6.00 bad
112 0.20 4.00 good
44 0.14 4.00 bad
116 0.08 4.00 good
70 0.13 6.00 bad
100 0.18 6.00 bad
29 0.14 6.00 bad
44 0.19 6.00 good
192 0.23 6.00 good
1909 0.14 6.00 good
223 0.34 8.00 bad
216 0.44 8.00 bad
63 0.17 6.00 bad
20 0.05 2.00 bad
495 0.33 8.00 good
670 0.29 6.00 good
81 0.14 6.00 good
1885 0.16 4.00 good
299 0.23 6.00 bad
108 0.33 8.00 good
79 0.22 4.00 bad
72 0.23 6.00 bad
29 0.14 6.00 good
133 0.21 6.00 bad
1780 0.30 8.00 bad
22 0.00 4.00 bad
43 0.21 6.00 good
55 0.20 6.00 bad
80 0.10 6.00 good
461 0.30 8.00 good
45 0.14 4.00 bad
82 0.07 4.00 bad
21 0.19 6.00 bad
90 0.25 8.00 good
51 0.32 8.00 bad
248 0.25 6.00 bad
956 0.20 8.00 good
19 0.39 8.00 bad
21 0.30 6.00 good
217 0.24 6.00 bad
531 0.17 6.00 bad
714 0.19 10.00 bad
104 0.22 6.00 bad
21 0.19 6.00 bad
182 0.19 6.00 bad
1636 0.23 8.00 good
145 0.28 6.00 bad
527 0.29 8.00 good
396 0.34 8.00 bad
218 0.33 8.00 good
13 0.00 6.00 bad
39 0.40 8.00 good
42 0.27 8.00 bad
219 0.27 8.00 bad
225 0.21 6.00 good
25 0.04 4.00 bad
349 0.24 6.00 good
1184 0.17 6.00 bad
88 0.24 6.00 bad
201 0.15 6.00 bad
1114 0.23 10.00 bad
34 0.14 6.00 bad
274 0.30 6.00 bad
1575 0.33 8.00 good
45 0.25 6.00 good
59 0.08 4.00 bad
93 0.30 6.00 good
320 0.20 6.00 good
768 0.20 10.00 good
353 0.21 8.00 good
387 0.26 8.00 good
2063 0.26 8.00 good
31 0.11 4.00 good
614 0.35 6.00 good
23 0.33 6.00 bad
795 0.34 8.00 good
1310 0.29 8.00 bad
1641 0.33 8.00 good
328 0.19 6.00 bad
1100 0.36 8.00 good
21 0.54 8.00 bad
83 0.49 8.00 bad
2366 0.24 8.00 good
364 0.18 6.00 bad
674 0.26 6.00 good
638 0.19 8.00 bad
45 0.14 6.00 good
209 0.22 6.00 good