BookScoreCount TwoStarRate FiveStarRate Class
95
0 1 3 4 6 8 10 11 13 14 16 17 20 21 24 26 27 28 31 32 35 38 40 41 42 46 49 53 55 56 59 61 62 66 67 70 71 72 74 75 76 77 79 83 86 87 88 89 90 92 93 94 96 97 98 99 100 103 104 105 106 108 110 111 112 115 116 117 119 120 121 122 124 125 126 127 129 130 131 132 133 134 135 136 137 138 140 141 143 145 147 148 149 150 151
568 0.15 0.15 good
967 0.08 0.25 good
129 0.12 0.18 bad
78 0.09 0.10 bad
187 0.14 0.23 good
177 0.16 0.21 bad
78 0.26 0.09 bad
51 0.04 0.16 bad
48 0.24 0.09 bad
454 0.14 0.20 good
119 0.22 0.14 good
36 0.22 0.12 bad
112 0.20 0.13 good
44 0.37 0.04 bad
70 0.21 0.11 bad
100 0.09 0.19 bad
150 0.17 0.05 good
263 0.11 0.27 bad
44 0.30 0.09 good
292 0.09 0.13 bad
1909 0.12 0.21 good
63 0.35 0.13 bad
495 0.12 0.19 good
670 0.14 0.17 good
686 0.17 0.11 bad
108 0.07 0.27 good
72 0.10 0.10 bad
22 0.33 0.10 bad
55 0.28 0.06 bad
80 0.20 0.13 good
484 0.21 0.25 good
86 0.08 0.21 good
13 0.50 0.00 bad
21 0.14 0.10 bad
90 0.06 0.42 good
51 0.10 0.20 bad
248 0.12 0.17 bad
956 0.08 0.35 good
46 0.22 0.04 bad
21 0.10 0.10 good
429 0.07 0.24 good
745 0.07 0.37 bad
531 0.19 0.10 bad
104 0.17 0.22 bad
222 0.03 0.26 bad
182 0.09 0.27 bad
1636 0.10 0.30 good
145 0.17 0.17 bad
16 0.13 0.07 bad
527 0.04 0.42 good
396 0.08 0.21 bad
218 0.11 0.23 good
188 0.11 0.17 good
39 0.03 0.13 good
2113 0.08 0.29 good
942 0.12 0.17 bad
42 0.02 0.25 bad
29 0.08 0.11 bad
25 0.31 0.09 bad
339 0.08 0.31 good
349 0.14 0.16 good
5393 0.02 0.63 good
112 0.21 0.10 bad
182 0.16 0.12 good
201 0.20 0.11 bad
282 0.19 0.07 bad
19 0.12 0.17 good
34 0.11 0.09 bad
1575 0.06 0.29 good
45 0.18 0.11 good
59 0.30 0.02 bad
385 0.10 0.25 bad
320 0.19 0.11 good
768 0.02 0.67 good
353 0.06 0.30 good
387 0.06 0.36 good
2063 0.07 0.37 good
82 0.13 0.17 bad
31 0.41 0.06 good
614 0.14 0.13 good
23 0.13 0.04 bad
795 0.12 0.18 good
1310 0.09 0.26 bad
68 0.24 0.09 bad
1641 0.05 0.38 good
328 0.10 0.18 bad
21 0.30 0.05 bad
83 0.03 0.15 bad
153 0.21 0.10 bad
61 0.10 0.08 bad
208 0.22 0.02 good
1080 0.03 0.08 bad
674 0.18 0.15 good
21 0.15 0.15 bad
638 0.07 0.37 bad