BookWordCount ThreeStarRate Kurtosis Class
103
0 1 3 5 6 7 9 10 11 12 13 15 16 17 18 21 22 26 27 29 30 31 32 34 36 37 38 39 40 41 44 45 46 47 50 51 52 54 55 56 57 59 62 63 64 65 67 69 71 73 76 77 78 79 80 82 85 86 87 88 89 90 92 93 95 96 97 99 100 103 105 106 107 108 109 110 112 113 114 115 116 118 119 120 121 124 126 127 129 130 132 133 135 138 139 142 143 145 147 148 149 152 153
177.20 0.28 200.91 good
289.90 0.23 406.22 good
52.30 0.27 155.27 bad
158.50 0.26 93.52 good
59.60 0.21 75.15 good
38.90 0.48 181.37 bad
21.30 0.26 110.48 bad
82.50 0.23 143.84 bad
13.40 0.40 491.68 bad
21.80 0.44 114.51 bad
27.50 0.39 156.17 bad
257.20 0.27 188.48 bad
135.80 0.23 87.54 good
33.60 0.20 80.31 bad
24.10 0.28 137.29 bad
74.10 0.16 66.70 bad
77.70 0.40 468.11 bad
62.70 0.43 249.04 bad
147.20 0.21 40.03 good
233.90 0.22 194.89 good
150.70 0.32 80.73 bad
78.00 0.33 211.54 good
51.10 0.31 404.81 bad
154.60 0.39 192.82 bad
87.00 0.23 203.97 bad
51.30 0.20 948.64 bad
80.20 0.27 172.89 bad
22.80 0.16 53.89 bad
153.10 0.24 227.23 good
168.40 0.34 389.04 good
296.80 0.11 29.34 good
380.50 0.30 135.14 bad
123.50 0.19 218.67 good
49.70 0.20 85.63 bad
51.90 0.32 119.73 good
84.60 0.37 339.26 bad
76.10 0.15 453.60 bad
13.00 0.33 245.77 good
106.40 0.33 182.02 bad
40.40 0.32 74.03 good
293.40 0.21 94.54 bad
133.40 0.21 148.52 good
49.60 0.08 199.64 bad
108.60 0.12 55.29 good
54.40 0.21 59.06 bad
72.20 0.31 77.07 bad
16.80 0.16 278.88 good
7.30 0.26 758.93 bad
98.90 0.25 106.33 bad
68.60 0.22 278.58 bad
46.20 0.15 159.36 good
1070.70 0.22 440.27 bad
70.00 0.33 147.32 bad
131.20 0.26 65.93 bad
144.70 0.13 599.56 bad
183.00 0.20 87.78 bad
87.20 0.15 51.21 good
129.90 0.30 249.84 bad
112.10 0.23 95.46 bad
315.30 0.18 118.81 good
153.20 0.27 208.64 bad
50.40 0.20 25.57 bad
116.50 0.16 444.03 good
90.50 0.26 288.02 bad
99.00 0.46 128.84 bad
34.10 0.28 282.28 good
22.20 0.26 198.40 good
181.90 0.34 243.27 bad
59.90 0.34 297.05 bad
21.40 0.50 664.54 bad
198.70 0.19 385.10 good
64.40 0.27 114.14 good
310.00 0.15 72.91 bad
446.50 0.10 1238.93 good
101.10 0.36 170.95 bad
133.50 0.28 131.59 bad
107.80 0.30 84.03 bad
247.80 0.36 164.81 bad
31.70 0.09 875.52 bad
119.20 0.35 125.49 bad
118.30 0.42 138.45 good
92.20 0.39 387.39 bad
427.70 0.20 297.36 good
85.80 0.20 75.21 good
145.90 0.32 102.63 bad
223.00 0.29 101.09 good
89.70 0.16 76.64 good
34.20 0.22 319.05 good
322.80 0.16 209.65 good
46.30 0.28 73.99 bad
237.20 0.25 212.10 good
145.80 0.33 194.01 bad
335.20 0.24 234.30 bad
212.90 0.22 56.35 bad
130.30 0.24 304.97 good
518.00 0.15 364.52 good
177.70 0.22 86.23 bad
62.30 0.45 909.70 bad
154.00 0.19 40.59 good
209.90 0.04 9.99 bad
382.10 0.23 113.50 good
163.50 0.28 62.68 good
73.20 0.25 105.28 good