TwoStarRate ThreeStarRate Median Class
95
1 4 6 7 9 12 14 15 16 17 18 19 20 21 22 23 24 26 27 29 32 33 34 35 36 37 38 40 42 45 46 48 49 51 52 53 55 56 58 59 60 61 62 64 65 66 67 68 69 70 71 74 75 78 83 84 86 87 91 92 96 99 101 102 103 106 108 109 111 112 113 114 116 121 124 126 127 128 129 130 132 134 135 137 139 141 142 144 145 146 147 148 151 152 153
0.08 0.23 8.00 good
0.09 0.33 6.00 bad
0.14 0.21 6.00 good
0.15 0.48 6.00 bad
0.18 0.26 6.00 bad
0.08 0.44 6.00 bad
0.14 0.21 6.00 good
0.13 0.27 6.00 bad
0.22 0.23 6.00 good
0.22 0.20 6.00 bad
0.17 0.28 6.00 bad
0.18 0.22 6.00 bad
0.20 0.15 4.00 good
0.37 0.16 4.00 bad
0.15 0.40 6.00 bad
0.31 0.28 4.00 good
0.21 0.36 6.00 bad
0.09 0.43 6.00 bad
0.17 0.21 4.00 good
0.10 0.22 8.00 good
0.09 0.31 8.00 bad
0.20 0.29 6.00 good
0.30 0.39 6.00 bad
0.12 0.18 6.00 good
0.10 0.23 8.00 bad
0.03 0.20 8.00 bad
0.35 0.27 6.00 bad
0.12 0.24 8.00 good
0.17 0.26 6.00 bad
0.20 0.30 6.00 bad
0.07 0.19 8.00 good
0.09 0.33 6.00 bad
0.10 0.39 6.00 bad
0.30 0.37 6.00 bad
0.04 0.15 8.00 bad
0.33 0.14 4.00 bad
0.28 0.33 6.00 bad
0.20 0.32 6.00 good
0.05 0.14 8.00 good
0.21 0.21 6.00 good
0.21 0.18 6.00 bad
0.08 0.25 8.00 good
0.50 0.08 4.00 bad
0.27 0.21 4.00 bad
0.28 0.31 4.00 bad
0.14 0.43 6.00 bad
0.06 0.16 8.00 good
0.11 0.25 8.00 bad
0.05 0.26 8.00 bad
0.10 0.04 8.00 bad
0.12 0.25 6.00 bad
0.22 0.36 6.00 bad
0.10 0.40 6.00 good
0.10 0.33 6.00 bad
0.17 0.28 6.00 bad
0.14 0.33 6.00 bad
0.03 0.30 8.00 bad
0.09 0.23 6.00 bad
0.08 0.16 8.00 good
0.04 0.16 8.00 good
0.11 0.28 8.00 good
0.12 0.34 6.00 bad
0.10 0.26 8.00 bad
0.14 0.26 6.00 good
0.08 0.50 6.00 bad
0.14 0.27 6.00 good
0.02 0.10 10.00 good
0.14 0.36 6.00 bad
0.16 0.26 6.00 good
0.20 0.30 6.00 bad
0.13 0.36 6.00 bad
0.02 0.09 10.00 bad
0.12 0.42 6.00 good
0.30 0.32 4.00 bad
0.19 0.29 6.00 good
0.06 0.16 8.00 good
0.06 0.22 8.00 good
0.08 0.13 8.00 good
0.07 0.16 8.00 good
0.13 0.28 6.00 bad
0.14 0.25 6.00 good
0.12 0.21 8.00 good
0.09 0.24 8.00 bad
0.05 0.15 8.00 good
0.07 0.24 8.00 good
0.03 0.19 8.00 bad
0.05 0.15 8.00 good
0.25 0.27 6.00 bad
0.10 0.45 6.00 bad
0.09 0.27 8.00 good
0.22 0.19 4.00 good
0.03 0.04 2.00 bad
0.07 0.16 8.00 bad
0.19 0.28 6.00 good
0.22 0.25 6.00 good