TwoStarRate FourStarRate Median Class
100
0 3 5 10 11 14 15 16 18 21 22 23 24 25 26 27 29 32 33 35 36 38 39 40 42 43 44 45 46 47 48 49 50 52 53 55 56 58 60 61 62 63 65 67 68 71 72 77 78 79 81 82 83 84 86 87 88 89 91 92 93 100 101 103 104 105 106 107 109 110 111 112 113 116 117 119 120 122 123 126 127 128 129 132 133 134 135 136 137 138 139 140 142 143 144 145 146 148 149 150
0.15 0.30 6.00 good
0.12 0.27 6.00 bad
0.20 0.21 6.00 good
0.26 0.27 6.00 bad
0.04 0.32 6.00 bad
0.14 0.19 6.00 good
0.13 0.25 6.00 bad
0.22 0.20 6.00 good
0.17 0.14 6.00 bad
0.37 0.14 4.00 bad
0.15 0.28 6.00 bad
0.31 0.08 4.00 good
0.21 0.13 6.00 bad
0.20 0.00 4.00 bad
0.09 0.18 6.00 bad
0.17 0.15 4.00 good
0.10 0.20 8.00 good
0.09 0.39 8.00 bad
0.20 0.23 6.00 good
0.12 0.14 6.00 good
0.10 0.34 8.00 bad
0.35 0.17 6.00 bad
0.26 0.05 2.00 bad
0.12 0.33 8.00 good
0.17 0.20 6.00 bad
0.13 0.14 6.00 good
0.07 0.16 4.00 good
0.20 0.23 6.00 bad
0.07 0.33 8.00 good
0.28 0.22 4.00 bad
0.09 0.33 6.00 bad
0.10 0.23 6.00 bad
0.28 0.14 6.00 good
0.04 0.30 8.00 bad
0.33 0.00 4.00 bad
0.28 0.20 6.00 bad
0.20 0.10 6.00 good
0.05 0.30 8.00 good
0.21 0.20 6.00 bad
0.08 0.44 8.00 good
0.50 0.34 4.00 bad
0.07 0.20 6.00 good
0.28 0.07 4.00 bad
0.06 0.25 8.00 good
0.11 0.30 8.00 bad
0.12 0.25 6.00 bad
0.08 0.20 8.00 good
0.07 0.27 8.00 bad
0.10 0.24 6.00 bad
0.19 0.17 6.00 bad
0.08 0.08 6.00 bad
0.41 0.05 4.00 bad
0.17 0.22 6.00 bad
0.14 0.19 6.00 bad
0.03 0.27 8.00 bad
0.09 0.19 6.00 bad
0.10 0.23 8.00 good
0.17 0.28 6.00 bad
0.08 0.28 8.00 good
0.04 0.29 8.00 good
0.08 0.34 8.00 bad
0.02 0.27 8.00 bad
0.10 0.27 8.00 bad
0.08 0.26 6.00 bad
0.31 0.04 4.00 bad
0.08 0.33 8.00 good
0.14 0.24 6.00 good
0.12 0.17 6.00 bad
0.14 0.24 6.00 bad
0.21 0.24 6.00 bad
0.16 0.26 6.00 good
0.20 0.15 6.00 bad
0.13 0.21 6.00 bad
0.12 0.12 6.00 good
0.11 0.14 6.00 bad
0.06 0.33 8.00 good
0.18 0.25 6.00 good
0.10 0.29 8.00 bad
0.08 0.30 6.00 good
0.06 0.21 8.00 good
0.06 0.26 8.00 good
0.08 0.23 8.00 good
0.07 0.26 8.00 good
0.14 0.35 6.00 good
0.13 0.33 6.00 bad
0.12 0.34 8.00 good
0.09 0.29 8.00 bad
0.24 0.05 4.00 bad
0.05 0.33 8.00 good
0.10 0.19 6.00 bad
0.07 0.36 8.00 good
0.30 0.54 8.00 bad
0.05 0.24 8.00 good
0.21 0.24 6.00 bad
0.25 0.18 6.00 bad
0.10 0.33 6.00 bad
0.09 0.37 8.00 good
0.03 0.06 2.00 bad
0.18 0.26 6.00 good
0.15 0.20 6.00 bad