BookWordCount BookScoreCount Kurtosis Class
100
0 1 2 4 5 6 7 9 10 11 13 14 17 18 19 20 23 24 25 26 27 28 29 30 32 33 34 36 38 39 40 45 46 47 48 49 50 51 52 55 56 57 59 60 66 68 69 72 75 77 78 81 83 84 85 86 87 88 90 92 93 96 97 100 102 105 107 108 111 112 113 115 116 117 118 122 124 125 126 127 128 129 130 132 133 135 136 138 140 141 143 144 145 146 147 148 149 151 152 153
177.20 568 200.91 good
289.90 967 406.22 good
48.30 47 267.71 bad
139.00 78 113.07 bad
158.50 439 93.52 good
59.60 187 75.15 good
38.90 27 181.37 bad
21.30 51 110.48 bad
82.50 78 143.84 bad
13.40 51 491.68 bad
27.50 48 156.17 bad
123.80 454 68.44 good
33.60 36 80.31 bad
24.10 23 137.29 bad
122.40 250 181.41 bad
82.30 112 48.29 good
122.20 116 78.49 good
74.80 70 114.10 bad
35.90 11 28.01 bad
62.70 100 249.04 bad
147.20 150 40.03 good
53.00 263 418.19 bad
233.90 290 194.89 good
150.70 29 80.73 bad
51.10 292 404.81 bad
178.90 192 163.05 good
154.60 97 192.82 bad
87.00 223 203.97 bad
80.20 63 172.89 bad
22.80 20 53.89 bad
153.10 495 227.23 good
380.50 299 135.14 bad
123.50 108 218.67 good
49.70 79 85.63 bad
281.40 1248 362.40 bad
44.50 72 155.38 bad
51.90 29 119.73 good
84.60 133 339.26 bad
76.10 1780 453.60 bad
106.40 55 182.02 bad
40.40 80 74.03 good
293.40 2109 94.54 bad
133.40 484 148.52 good
45.10 108 95.85 bad
34.80 21 204.65 bad
79.60 153 223.96 bad
7.30 20 758.93 bad
390.00 956 259.41 good
39.60 21 344.01 good
1070.70 745 440.27 bad
70.00 217 147.32 bad
87.70 25 173.53 bad
40.80 104 188.48 bad
30.00 21 116.65 bad
87.20 356 51.21 good
129.90 222 249.84 bad
112.10 182 95.46 bad
315.30 1636 118.81 good
50.40 16 25.57 bad
116.50 527 444.03 good
90.50 396 288.02 bad
34.10 188 282.28 good
22.20 39 198.40 good
59.90 42 297.05 bad
78.10 225 65.28 good
198.70 339 385.10 good
310.00 1184 72.91 bad
446.50 5393 1238.93 good
148.90 182 113.09 good
107.80 201 84.03 bad
247.80 136 164.81 bad
119.20 282 125.49 bad
118.30 19 138.45 good
59.10 34 132.92 bad
92.20 274 387.39 bad
79.20 385 313.76 bad
223.00 320 101.09 good
65.70 768 1797.82 good
89.70 353 76.64 good
34.20 387 319.05 good
296.70 607 82.37 good
322.80 2063 209.65 good
46.30 82 73.99 bad
237.20 614 212.10 good
145.80 23 194.01 bad
335.20 1310 234.30 bad
72.70 68 63.17 bad
212.90 328 56.35 bad
43.40 21 361.68 bad
25.10 83 311.51 bad
177.70 153 86.23 bad
319.70 364 97.95 bad
62.30 61 909.70 bad
477.20 2356 402.15 good
154.00 208 40.59 good
209.90 1080 9.99 bad
382.10 674 113.50 good
93.00 638 105.22 bad
163.50 45 62.68 good
73.20 209 105.28 good