BookScoreCount FiveStarRate Mode Class
99
0 1 2 3 5 6 8 9 11 14 16 18 19 21 22 24 25 27 28 29 30 34 35 36 37 38 41 42 44 48 49 50 52 54 55 56 57 58 59 62 63 64 66 69 70 71 72 73 74 76 78 79 80 81 82 84 85 86 87 88 89 90 91 93 97 98 99 100 101 102 105 106 107 108 109 111 112 115 116 117 118 120 121 124 125 128 131 133 135 136 137 138 139 141 143 144 148 152 153
568 0.15 8.00 good
967 0.25 8.00 good
47 0.15 6.00 bad
129 0.18 8.00 bad
439 0.12 6.00 good
187 0.23 2.00 good
177 0.21 6.00 bad
51 0.02 8.00 bad
51 0.16 6.00 bad
454 0.20 2.00 good
119 0.14 6.00 good
23 0.28 10.00 bad
250 0.28 10.00 bad
44 0.04 4.00 bad
159 0.11 6.00 bad
70 0.11 6.00 bad
11 0.20 2.00 bad
150 0.05 2.00 good
263 0.27 8.00 bad
290 0.36 10.00 good
29 0.11 6.00 bad
97 0.03 6.00 bad
1909 0.21 2.00 good
223 0.19 8.00 bad
216 0.28 8.00 bad
63 0.13 4.00 bad
670 0.17 6.00 good
686 0.11 2.00 bad
1885 0.23 2.00 good
1248 0.17 8.00 bad
72 0.10 6.00 bad
29 0.07 6.00 good
1780 0.42 10.00 bad
43 0.29 6.00 good
55 0.06 6.00 bad
80 0.13 6.00 good
2109 0.18 8.00 bad
461 0.37 10.00 good
484 0.25 10.00 good
13 0.00 4.00 bad
91 0.30 2.00 good
45 0.02 2.00 bad
21 0.10 6.00 bad
20 0.21 8.00 bad
51 0.20 2.00 bad
248 0.17 8.00 bad
956 0.35 10.00 good
19 0.17 8.00 bad
46 0.04 6.00 bad
429 0.24 8.00 good
217 0.16 6.00 bad
531 0.10 2.00 bad
714 0.58 10.00 bad
25 0.13 6.00 bad
31 0.22 4.00 bad
21 0.14 6.00 bad
356 0.10 2.00 good
222 0.26 6.00 bad
182 0.27 10.00 bad
1636 0.30 10.00 good
145 0.17 8.00 bad
16 0.07 2.00 bad
654 0.34 10.00 good
396 0.21 8.00 bad
39 0.13 8.00 good
2113 0.29 8.00 good
942 0.17 6.00 bad
42 0.25 6.00 bad
219 0.27 10.00 bad
225 0.08 2.00 good
339 0.31 8.00 good
349 0.16 6.00 good
1184 0.31 10.00 bad
5393 0.63 10.00 good
88 0.10 6.00 bad
182 0.12 8.00 good
201 0.11 6.00 bad
282 0.07 6.00 bad
19 0.17 6.00 good
34 0.09 6.00 bad
274 0.11 6.00 bad
45 0.11 8.00 good
59 0.02 6.00 bad
320 0.11 6.00 good
768 0.67 10.00 good
607 0.31 10.00 good
31 0.06 4.00 good
23 0.04 8.00 bad
1310 0.26 8.00 bad
68 0.09 6.00 bad
1641 0.38 10.00 good
328 0.18 2.00 bad
1100 0.22 8.00 good
83 0.15 8.00 bad
153 0.10 8.00 bad
364 0.09 6.00 bad
1080 0.08 2.00 bad
45 0.09 2.00 good
209 0.12 6.00 good