FourStarRate Median Kurtosis Class
92
0 3 5 6 8 9 10 11 13 14 15 17 19 20 21 23 24 25 26 27 28 29 31 32 33 34 36 38 39 41 42 43 44 45 46 49 51 52 53 54 55 58 59 60 61 62 66 68 69 72 73 75 78 79 80 81 85 89 97 98 99 101 105 107 109 114 115 116 117 118 120 121 126 127 128 129 130 133 134 135 136 137 139 140 141 142 143 144 145 148 151 153
0.30 6.00 200.91 good
0.27 6.00 155.27 bad
0.21 6.00 93.52 good
0.18 6.00 75.15 good
0.22 6.00 196.73 bad
0.30 6.00 110.48 bad
0.27 6.00 143.84 bad
0.32 6.00 491.68 bad
0.13 6.00 156.17 bad
0.19 6.00 68.44 good
0.25 6.00 188.48 bad
0.23 6.00 80.31 bad
0.22 6.00 181.41 bad
0.20 4.00 48.29 good
0.14 4.00 66.70 bad
0.08 4.00 78.49 good
0.13 6.00 114.10 bad
0.00 4.00 28.01 bad
0.18 6.00 249.04 bad
0.15 4.00 40.03 good
0.31 8.00 418.19 bad
0.20 8.00 194.89 good
0.19 6.00 211.54 good
0.39 8.00 404.81 bad
0.23 6.00 163.05 good
0.13 6.00 192.82 bad
0.34 8.00 203.97 bad
0.17 6.00 172.89 bad
0.05 2.00 53.89 bad
0.29 6.00 389.04 good
0.20 6.00 74.29 bad
0.14 6.00 44.83 good
0.16 4.00 29.34 good
0.23 6.00 135.14 bad
0.33 8.00 218.67 good
0.23 6.00 155.38 bad
0.21 6.00 339.26 bad
0.30 8.00 453.60 bad
0.00 4.00 31.11 bad
0.21 6.00 245.77 good
0.20 6.00 182.02 bad
0.30 8.00 256.16 good
0.21 6.00 148.52 good
0.20 6.00 95.85 bad
0.44 8.00 1104.85 good
0.34 4.00 199.64 bad
0.19 6.00 204.65 bad
0.30 8.00 223.96 bad
0.42 8.00 758.93 bad
0.20 8.00 259.41 good
0.39 8.00 278.58 bad
0.30 6.00 344.01 good
0.24 6.00 147.32 bad
0.17 6.00 65.93 bad
0.19 10.00 599.56 bad
0.08 6.00 173.53 bad
0.24 4.00 51.21 good
0.28 6.00 208.64 bad
0.40 8.00 198.40 good
0.33 8.00 391.57 good
0.26 6.00 243.27 bad
0.27 8.00 286.97 bad
0.33 8.00 385.10 good
0.17 6.00 72.91 bad
0.24 6.00 170.95 bad
0.23 10.00 875.52 bad
0.19 6.00 125.49 bad
0.12 6.00 138.45 good
0.14 6.00 132.92 bad
0.30 6.00 387.39 bad
0.25 6.00 75.21 good
0.08 4.00 102.63 bad
0.21 8.00 76.64 good
0.26 8.00 319.05 good
0.23 8.00 82.37 good
0.26 8.00 209.65 good
0.16 6.00 73.99 bad
0.33 6.00 194.01 bad
0.34 8.00 176.74 good
0.29 8.00 234.30 bad
0.05 4.00 63.17 bad
0.33 8.00 478.73 good
0.36 8.00 304.97 good
0.54 8.00 361.68 bad
0.49 8.00 311.51 bad
0.24 8.00 364.52 good
0.24 6.00 86.23 bad
0.18 6.00 97.95 bad
0.33 6.00 909.70 bad
0.06 2.00 9.99 bad
0.19 8.00 105.22 bad
0.22 6.00 105.28 good