BookWordCount TwoStarRate Mode Class
92
0 2 8 10 13 14 15 18 19 20 23 24 27 29 30 31 32 33 34 35 36 38 41 44 45 46 47 48 50 51 53 55 57 58 59 61 63 65 66 69 70 71 73 74 75 76 77 79 81 84 85 87 88 90 92 93 94 96 100 103 106 108 110 111 112 115 117 118 119 121 122 123 124 125 126 128 129 130 131 132 133 134 135 137 138 140 141 143 144 147 150 152
177.20 0.15 8.00 good
48.30 0.10 6.00 bad
143.50 0.16 6.00 bad
82.50 0.26 8.00 bad
27.50 0.24 6.00 bad
123.80 0.14 2.00 good
257.20 0.13 6.00 bad
24.10 0.17 10.00 bad
122.40 0.18 10.00 bad
82.30 0.20 2.00 good
122.20 0.31 4.00 good
74.80 0.21 6.00 bad
147.20 0.17 2.00 good
233.90 0.10 10.00 good
150.70 0.18 6.00 bad
78.00 0.30 6.00 good
51.10 0.09 8.00 bad
178.90 0.20 6.00 good
154.60 0.30 6.00 bad
713.10 0.12 2.00 good
87.00 0.10 8.00 bad
80.20 0.35 4.00 bad
168.40 0.14 6.00 good
296.80 0.07 2.00 good
380.50 0.20 6.00 bad
123.50 0.07 8.00 good
49.70 0.28 4.00 bad
281.40 0.09 8.00 bad
51.90 0.28 6.00 good
84.60 0.30 6.00 bad
53.70 0.33 2.00 bad
106.40 0.28 6.00 bad
293.40 0.07 8.00 bad
63.50 0.05 10.00 good
133.40 0.21 10.00 good
17.00 0.08 8.00 good
108.60 0.07 2.00 good
72.20 0.28 6.00 bad
34.80 0.14 6.00 bad
7.30 0.05 8.00 bad
55.40 0.10 2.00 bad
98.90 0.12 8.00 bad
68.60 0.11 8.00 bad
49.30 0.22 6.00 bad
39.60 0.10 6.00 good
46.20 0.07 8.00 good
1070.70 0.07 10.00 bad
131.20 0.19 2.00 bad
87.70 0.08 6.00 bad
30.00 0.14 6.00 bad
87.20 0.19 2.00 good
112.10 0.09 10.00 bad
315.30 0.10 10.00 good
50.40 0.13 2.00 bad
116.50 0.04 10.00 good
90.50 0.08 8.00 bad
63.70 0.11 8.00 good
34.10 0.11 8.00 good
59.90 0.02 6.00 bad
21.40 0.08 6.00 bad
64.40 0.14 6.00 good
446.50 0.02 10.00 good
133.50 0.21 6.00 bad
148.90 0.16 8.00 good
107.80 0.20 6.00 bad
119.20 0.19 6.00 bad
59.10 0.11 6.00 bad
92.20 0.11 6.00 bad
427.70 0.06 8.00 good
145.90 0.30 6.00 bad
79.20 0.10 8.00 bad
153.40 0.08 6.00 good
223.00 0.19 6.00 good
65.70 0.02 10.00 good
89.70 0.06 10.00 good
296.70 0.08 10.00 good
322.80 0.07 10.00 good
46.30 0.13 6.00 bad
195.70 0.41 4.00 good
237.20 0.14 8.00 good
145.80 0.13 8.00 bad
179.50 0.12 8.00 good
335.20 0.09 8.00 bad
448.70 0.05 10.00 good
212.90 0.10 2.00 bad
43.40 0.30 8.00 bad
25.10 0.03 8.00 bad
177.70 0.21 8.00 bad
319.70 0.25 6.00 bad
154.00 0.22 2.00 good
44.60 0.15 6.00 bad
163.50 0.19 2.00 good