BookScoreCount TwoStarRate Median Class
101
0 1 3 4 5 12 15 16 17 20 21 22 24 27 28 29 31 32 33 34 35 36 37 40 42 43 44 45 46 50 51 54 55 56 57 58 60 61 62 63 64 65 66 67 69 70 71 72 74 78 79 80 81 82 83 86 87 89 90 91 92 94 95 96 99 100 102 103 104 108 109 110 112 113 114 115 116 117 119 121 122 126 129 130 131 132 133 134 135 138 139 140 142 143 144 145 146 148 149 150 151
568 0.15 6.00 good
967 0.08 8.00 good
129 0.12 6.00 bad
78 0.09 6.00 bad
439 0.20 6.00 good
25 0.08 6.00 bad
658 0.13 6.00 bad
119 0.22 6.00 good
36 0.22 6.00 bad
112 0.20 4.00 good
44 0.37 4.00 bad
159 0.15 6.00 bad
70 0.21 6.00 bad
150 0.17 4.00 good
263 0.11 8.00 bad
290 0.10 8.00 good
44 0.30 6.00 good
292 0.09 8.00 bad
192 0.20 6.00 good
97 0.30 6.00 bad
1909 0.12 6.00 good
223 0.10 8.00 bad
216 0.03 8.00 bad
495 0.12 8.00 good
686 0.17 6.00 bad
81 0.13 6.00 good
1885 0.07 4.00 good
299 0.20 6.00 bad
108 0.07 8.00 good
29 0.28 6.00 good
133 0.30 6.00 bad
43 0.05 6.00 good
55 0.28 6.00 bad
80 0.20 6.00 good
2109 0.07 6.00 bad
461 0.05 8.00 good
108 0.21 6.00 bad
86 0.08 8.00 good
13 0.50 4.00 bad
91 0.07 6.00 good
45 0.27 4.00 bad
82 0.28 4.00 bad
21 0.14 6.00 bad
90 0.06 8.00 good
20 0.05 8.00 bad
51 0.10 8.00 bad
248 0.12 6.00 bad
956 0.08 8.00 good
46 0.22 6.00 bad
217 0.10 6.00 bad
531 0.19 6.00 bad
714 0.03 10.00 bad
25 0.08 6.00 bad
31 0.41 4.00 bad
104 0.17 6.00 bad
222 0.03 8.00 bad
182 0.09 6.00 bad
145 0.17 6.00 bad
16 0.13 2.00 bad
654 0.08 8.00 good
527 0.04 8.00 good
218 0.11 8.00 good
13 0.23 6.00 bad
188 0.11 8.00 good
942 0.12 6.00 bad
42 0.02 8.00 bad
225 0.14 6.00 good
29 0.08 6.00 bad
25 0.31 4.00 bad
5393 0.02 10.00 good
88 0.14 6.00 bad
112 0.21 6.00 bad
201 0.20 6.00 bad
136 0.13 6.00 bad
1114 0.02 10.00 bad
282 0.19 6.00 bad
19 0.12 6.00 good
34 0.11 6.00 bad
1575 0.06 8.00 good
59 0.30 4.00 bad
385 0.10 8.00 bad
353 0.06 8.00 good
2063 0.07 8.00 good
82 0.13 6.00 bad
31 0.41 4.00 good
614 0.14 6.00 good
23 0.13 6.00 bad
795 0.12 8.00 good
1310 0.09 8.00 bad
328 0.10 6.00 bad
1100 0.07 8.00 good
21 0.30 8.00 bad
2366 0.05 8.00 good
153 0.21 6.00 bad
364 0.25 6.00 bad
61 0.10 6.00 bad
2356 0.09 8.00 good
1080 0.03 2.00 bad
674 0.18 6.00 good
21 0.15 6.00 bad
638 0.07 8.00 bad