BookScoreCount TwoStarRate FourStarRate Class
93
0 1 4 7 8 12 13 14 16 17 21 22 23 26 28 32 33 34 36 37 38 39 41 43 44 46 48 49 50 51 53 54 55 56 57 58 59 60 61 62 64 65 66 67 68 69 70 73 75 77 78 79 82 83 85 86 87 89 92 94 100 103 104 105 108 110 111 112 114 116 117 118 124 126 127 128 129 131 132 134 137 138 141 142 144 145 146 148 149 150 151 152 153
568 0.15 0.30 good
967 0.08 0.36 good
78 0.09 0.25 bad
27 0.15 0.11 bad
177 0.16 0.22 bad
25 0.08 0.08 bad
48 0.24 0.13 bad
454 0.14 0.19 good
119 0.22 0.20 good
36 0.22 0.23 bad
44 0.37 0.14 bad
159 0.15 0.28 bad
116 0.31 0.08 good
100 0.09 0.18 bad
263 0.11 0.31 bad
292 0.09 0.39 bad
192 0.20 0.23 good
97 0.30 0.13 bad
223 0.10 0.34 bad
216 0.03 0.44 bad
63 0.35 0.17 bad
20 0.26 0.05 bad
670 0.14 0.29 good
81 0.13 0.14 good
1885 0.07 0.16 good
108 0.07 0.33 good
1248 0.09 0.33 bad
72 0.10 0.23 bad
29 0.28 0.14 good
133 0.30 0.21 bad
22 0.33 0.00 bad
43 0.05 0.21 good
55 0.28 0.20 bad
80 0.20 0.10 good
2109 0.07 0.29 bad
461 0.05 0.30 good
484 0.21 0.21 good
108 0.21 0.20 bad
86 0.08 0.44 good
13 0.50 0.34 bad
45 0.27 0.14 bad
82 0.28 0.07 bad
21 0.14 0.19 bad
90 0.06 0.25 good
153 0.11 0.30 bad
20 0.05 0.42 bad
51 0.10 0.32 bad
19 0.11 0.39 bad
21 0.10 0.30 good
745 0.07 0.27 bad
217 0.10 0.24 bad
531 0.19 0.17 bad
31 0.41 0.05 bad
104 0.17 0.22 bad
356 0.19 0.24 good
222 0.03 0.27 bad
182 0.09 0.19 bad
145 0.17 0.28 bad
527 0.04 0.29 good
218 0.11 0.33 good
42 0.02 0.27 bad
29 0.08 0.26 bad
25 0.31 0.04 bad
339 0.08 0.33 good
5393 0.02 0.20 good
112 0.21 0.24 bad
182 0.16 0.26 good
201 0.20 0.15 bad
1114 0.02 0.23 bad
19 0.12 0.12 good
34 0.11 0.14 bad
274 0.11 0.30 bad
320 0.19 0.20 good
353 0.06 0.21 good
387 0.06 0.26 good
607 0.08 0.23 good
2063 0.07 0.26 good
31 0.41 0.11 good
614 0.14 0.35 good
795 0.12 0.34 good
1641 0.05 0.33 good
328 0.10 0.19 bad
83 0.03 0.49 bad
2366 0.05 0.24 good
364 0.25 0.18 bad
61 0.10 0.33 bad
2356 0.09 0.37 good
1080 0.03 0.06 bad
674 0.18 0.26 good
21 0.15 0.20 bad
638 0.07 0.19 bad
45 0.19 0.14 good
209 0.22 0.22 good