AddListCount FiveStarRate Median Class
95
3 5 7 8 15 16 17 18 19 21 22 24 25 26 27 30 31 32 33 35 36 37 38 41 42 43 46 47 48 50 52 55 56 57 58 60 61 62 63 64 65 67 68 69 70 72 73 75 78 79 81 82 87 91 93 94 95 96 97 98 100 102 104 105 107 108 109 110 112 114 115 116 117 118 120 123 124 127 129 131 132 134 139 141 142 143 144 145 146 147 148 150 151 152 153
38 0.18 6.00 bad
122 0.12 6.00 good
8 0.11 6.00 bad
53 0.21 6.00 bad
204 0.23 6.00 bad
25 0.14 6.00 good
10 0.12 6.00 bad
7 0.28 6.00 bad
70 0.28 6.00 bad
12 0.04 4.00 bad
61 0.11 6.00 bad
23 0.11 6.00 bad
2 0.20 4.00 bad
32 0.19 6.00 bad
31 0.05 4.00 good
9 0.11 6.00 bad
6 0.09 6.00 good
111 0.13 8.00 bad
49 0.15 6.00 good
254 0.21 6.00 good
63 0.19 8.00 bad
106 0.28 8.00 bad
19 0.13 6.00 bad
289 0.17 6.00 good
215 0.11 6.00 bad
18 0.14 6.00 good
28 0.27 8.00 good
20 0.08 4.00 bad
371 0.17 6.00 bad
7 0.07 6.00 good
446 0.42 8.00 bad
11 0.06 6.00 bad
13 0.13 6.00 good
551 0.18 6.00 bad
70 0.37 8.00 good
19 0.23 6.00 bad
33 0.21 8.00 good
3 0.00 4.00 bad
21 0.30 6.00 good
10 0.02 4.00 bad
22 0.07 4.00 bad
17 0.42 8.00 good
45 0.22 8.00 bad
5 0.21 8.00 bad
2 0.20 8.00 bad
180 0.35 8.00 good
8 0.17 8.00 bad
8 0.10 6.00 good
57 0.16 6.00 bad
94 0.10 6.00 bad
4 0.13 6.00 bad
3 0.22 4.00 bad
65 0.27 6.00 bad
218 0.34 8.00 good
121 0.21 8.00 bad
57 0.23 8.00 good
4 0.15 6.00 bad
100 0.17 8.00 good
7 0.13 8.00 good
558 0.29 8.00 good
8 0.25 8.00 bad
39 0.08 6.00 good
5 0.09 4.00 bad
98 0.31 8.00 good
188 0.31 6.00 bad
1586 0.63 10.00 good
34 0.10 6.00 bad
31 0.10 6.00 bad
63 0.11 6.00 bad
218 0.60 10.00 bad
76 0.07 6.00 bad
7 0.17 6.00 good
5 0.09 6.00 bad
112 0.11 6.00 bad
15 0.11 6.00 good
32 0.20 6.00 good
57 0.11 6.00 good
146 0.36 8.00 good
510 0.37 8.00 good
5 0.06 4.00 good
131 0.13 6.00 good
168 0.18 8.00 good
206 0.22 8.00 good
19 0.15 8.00 bad
365 0.46 8.00 good
42 0.10 6.00 bad
103 0.09 6.00 bad
28 0.08 6.00 bad
710 0.19 8.00 good
26 0.02 4.00 good
54 0.08 2.00 bad
5 0.15 6.00 bad
125 0.37 8.00 bad
12 0.09 6.00 good
50 0.12 6.00 good