BookScoreCount FiveStarRate Kurtosis Class
100
0 1 3 4 5 8 9 10 13 14 16 17 19 20 21 24 25 27 28 30 31 34 35 36 37 38 39 40 41 42 43 47 48 49 50 51 53 55 56 59 60 62 63 64 65 66 68 69 70 73 74 75 77 79 80 82 83 85 87 93 94 97 101 102 104 105 106 109 110 111 112 114 116 117 118 119 120 123 124 125 127 128 129 130 131 132 134 135 136 137 138 139 140 142 144 145 148 149 151 152
568 0.15 200.91 good
967 0.25 406.22 good
129 0.18 155.27 bad
78 0.10 113.07 bad
439 0.12 93.52 good
177 0.21 196.73 bad
51 0.02 110.48 bad
78 0.09 143.84 bad
48 0.09 156.17 bad
454 0.20 68.44 good
119 0.14 87.54 good
36 0.12 80.31 bad
250 0.28 181.41 bad
112 0.13 48.29 good
44 0.04 66.70 bad
70 0.11 114.10 bad
11 0.20 28.01 bad
150 0.05 40.03 good
263 0.27 418.19 bad
29 0.11 80.73 bad
44 0.09 211.54 good
97 0.03 192.82 bad
1909 0.21 41.11 good
223 0.19 203.97 bad
216 0.28 948.64 bad
63 0.13 172.89 bad
20 0.00 53.89 bad
495 0.19 227.23 good
670 0.17 389.04 good
686 0.11 74.29 bad
81 0.14 44.83 good
79 0.08 85.63 bad
1248 0.17 362.40 bad
72 0.10 155.38 bad
29 0.07 119.73 good
133 0.07 339.26 bad
22 0.10 31.11 bad
55 0.06 182.02 bad
80 0.13 74.03 good
484 0.25 148.52 good
108 0.23 95.85 bad
13 0.00 199.64 bad
91 0.30 55.29 good
45 0.02 59.06 bad
82 0.07 77.07 bad
21 0.10 204.65 bad
153 0.22 223.96 bad
20 0.21 758.93 bad
51 0.20 49.13 bad
19 0.17 278.58 bad
46 0.04 393.48 bad
21 0.10 344.01 good
745 0.37 440.27 bad
531 0.10 65.93 bad
714 0.58 599.56 bad
31 0.22 87.78 bad
104 0.22 188.48 bad
356 0.10 51.21 good
182 0.27 95.46 bad
396 0.21 288.02 bad
218 0.23 299.63 good
39 0.13 198.40 good
219 0.27 286.97 bad
225 0.08 65.28 good
25 0.09 92.39 bad
339 0.31 385.10 good
349 0.16 114.14 good
88 0.10 170.95 bad
112 0.10 131.59 bad
182 0.12 113.09 good
201 0.11 84.03 bad
1114 0.60 875.52 bad
19 0.17 138.45 good
34 0.09 132.92 bad
274 0.11 387.39 bad
1575 0.29 297.36 good
45 0.11 75.21 good
93 0.20 502.72 good
320 0.11 101.09 good
768 0.67 1797.82 good
387 0.36 319.05 good
607 0.31 82.37 good
2063 0.37 209.65 good
82 0.17 73.99 bad
31 0.06 58.14 good
614 0.13 212.10 good
795 0.18 176.74 good
1310 0.26 234.30 bad
68 0.09 63.17 bad
1641 0.38 478.73 good
328 0.18 56.35 bad
1100 0.22 304.97 good
21 0.05 361.68 bad
2366 0.46 364.52 good
364 0.09 97.95 bad
61 0.08 909.70 bad
1080 0.08 9.99 bad
674 0.15 113.50 good
638 0.37 105.22 bad
45 0.09 62.68 good