BookWordCount BookScoreCount Median Class
96
0 1 2 3 5 11 12 16 17 18 19 20 21 22 23 25 28 30 31 32 33 34 36 37 38 39 40 41 42 44 45 46 47 50 52 54 55 60 61 62 65 66 67 68 69 70 74 75 76 77 80 81 84 85 86 88 89 90 91 92 93 94 96 98 99 100 101 105 106 109 110 112 113 115 117 118 120 121 124 125 128 129 130 131 132 133 135 138 140 143 145 146 149 150 151 152
177.20 568 6.00 good
289.90 967 8.00 good
48.30 47 6.00 bad
52.30 129 6.00 bad
158.50 439 6.00 good
13.40 51 6.00 bad
21.80 25 6.00 bad
135.80 119 6.00 good
33.60 36 6.00 bad
24.10 23 6.00 bad
122.40 250 6.00 bad
82.30 112 4.00 good
74.10 44 4.00 bad
77.70 159 6.00 bad
122.20 116 4.00 good
35.90 11 4.00 bad
53.00 263 8.00 bad
150.70 29 6.00 bad
78.00 44 6.00 good
51.10 292 8.00 bad
178.90 192 6.00 good
154.60 97 6.00 bad
87.00 223 8.00 bad
51.30 216 8.00 bad
80.20 63 6.00 bad
22.80 20 2.00 bad
153.10 495 8.00 good
168.40 670 6.00 good
300.10 686 6.00 bad
296.80 1885 4.00 good
380.50 299 6.00 bad
123.50 108 8.00 good
49.70 79 4.00 bad
51.90 29 6.00 good
76.10 1780 8.00 bad
13.00 43 6.00 good
106.40 55 6.00 bad
45.10 108 6.00 bad
17.00 86 8.00 good
49.60 13 4.00 bad
72.20 82 4.00 bad
34.80 21 6.00 bad
16.80 90 8.00 good
79.60 153 8.00 bad
7.30 20 8.00 bad
55.40 51 8.00 bad
49.30 46 6.00 bad
39.60 21 6.00 good
46.20 429 8.00 good
1070.70 745 8.00 bad
144.70 714 10.00 bad
87.70 25 6.00 bad
30.00 21 6.00 bad
87.20 356 4.00 good
129.90 222 8.00 bad
315.30 1636 8.00 good
153.20 145 6.00 bad
50.40 16 2.00 bad
126.20 654 8.00 good
116.50 527 8.00 good
90.50 396 8.00 bad
63.70 218 8.00 good
34.10 188 8.00 good
170.60 2113 8.00 good
181.90 942 6.00 bad
59.90 42 8.00 bad
219.60 219 8.00 bad
198.70 339 8.00 good
64.40 349 6.00 good
101.10 88 6.00 bad
133.50 112 6.00 bad
107.80 201 6.00 bad
247.80 136 6.00 bad
119.20 282 6.00 bad
59.10 34 6.00 bad
92.20 274 6.00 bad
85.80 45 6.00 good
145.90 59 4.00 bad
223.00 320 6.00 good
65.70 768 10.00 good
296.70 607 8.00 good
322.80 2063 8.00 good
46.30 82 6.00 bad
195.70 31 4.00 good
237.20 614 6.00 good
145.80 23 6.00 bad
335.20 1310 8.00 bad
212.90 328 6.00 bad
43.40 21 8.00 bad
177.70 153 6.00 bad
62.30 61 6.00 bad
477.20 2356 8.00 good
382.10 674 6.00 good
44.60 21 6.00 bad
93.00 638 8.00 bad
163.50 45 6.00 good