BookWordCount AddListCount FiveStarRate Class
97
0 2 3 5 7 10 11 13 14 16 17 18 20 22 23 24 25 26 27 29 33 34 35 37 40 41 42 45 46 50 51 52 53 54 56 57 58 59 63 67 69 70 71 72 73 74 75 79 80 82 84 85 86 88 89 90 91 92 94 95 96 97 99 102 103 104 105 107 109 111 112 114 116 117 118 120 121 122 124 125 126 127 129 130 131 132 134 135 136 137 139 140 142 143 148 150 153
177.20 214 0.15 good
48.30 12 0.15 bad
52.30 38 0.18 bad
158.50 122 0.12 good
38.90 8 0.11 bad
82.50 25 0.09 bad
13.40 15 0.16 bad
27.50 9 0.09 bad
123.80 136 0.20 good
135.80 25 0.14 good
33.60 10 0.12 bad
24.10 7 0.28 bad
82.30 17 0.13 good
77.70 61 0.11 bad
122.20 32 0.06 good
74.80 23 0.11 bad
35.90 2 0.20 bad
62.70 32 0.19 bad
147.20 31 0.05 good
233.90 68 0.36 good
178.90 49 0.15 good
154.60 24 0.03 bad
713.10 254 0.21 good
51.30 106 0.28 bad
153.10 172 0.19 good
168.40 289 0.17 good
300.10 215 0.11 bad
380.50 93 0.10 bad
123.50 28 0.27 good
51.90 7 0.07 good
84.60 42 0.07 bad
76.10 446 0.42 bad
53.70 1 0.10 bad
13.00 9 0.29 good
40.40 13 0.13 good
293.40 551 0.18 bad
63.50 70 0.37 good
133.40 138 0.25 good
108.60 21 0.30 good
16.80 17 0.42 good
7.30 5 0.21 bad
55.40 2 0.20 bad
98.90 119 0.17 bad
390.00 180 0.35 good
68.60 8 0.17 bad
49.30 16 0.04 bad
39.60 8 0.10 good
131.20 94 0.10 bad
144.70 193 0.58 bad
183.00 3 0.22 bad
30.00 3 0.14 bad
87.20 55 0.10 good
129.90 53 0.26 bad
315.30 321 0.30 good
153.20 49 0.17 bad
50.40 4 0.07 bad
126.20 218 0.34 good
116.50 141 0.42 good
63.70 57 0.23 good
99.00 4 0.15 bad
34.10 100 0.17 good
22.20 7 0.13 good
181.90 253 0.17 bad
78.10 39 0.08 good
21.40 6 0.11 bad
150.50 5 0.09 bad
198.70 98 0.31 good
310.00 188 0.31 bad
101.10 34 0.10 bad
148.90 53 0.12 good
107.80 63 0.11 bad
31.70 218 0.60 bad
118.30 7 0.17 good
59.10 5 0.09 bad
92.20 112 0.11 bad
85.80 15 0.11 good
145.90 14 0.02 bad
79.20 126 0.25 bad
223.00 57 0.11 good
65.70 149 0.67 good
89.70 48 0.30 good
34.20 146 0.36 good
322.80 510 0.37 good
46.30 11 0.17 bad
195.70 5 0.06 good
237.20 131 0.13 good
179.50 168 0.18 good
335.20 293 0.26 bad
72.70 9 0.09 bad
448.70 303 0.38 good
130.30 206 0.22 good
43.40 7 0.05 bad
518.00 365 0.46 good
177.70 42 0.10 bad
209.90 54 0.08 bad
44.60 5 0.15 bad
73.20 50 0.12 good