TwoStarRate FiveStarRate Mode Class
102
1 2 3 4 5 7 8 9 10 11 12 13 14 15 16 17 18 19 20 21 24 25 26 27 28 29 30 31 34 38 40 41 42 43 44 45 46 49 51 52 54 55 56 58 59 60 61 63 64 65 66 69 70 71 73 75 76 77 78 79 80 81 82 83 84 87 88 89 91 97 98 101 102 103 109 110 111 112 113 115 119 120 123 124 125 126 127 131 134 136 137 138 139 142 143 144 145 147 148 150 152 153
0.08 0.25 8.00 good
0.10 0.15 6.00 bad
0.12 0.18 8.00 bad
0.09 0.10 6.00 bad
0.20 0.12 6.00 good
0.15 0.11 6.00 bad
0.16 0.21 6.00 bad
0.18 0.02 8.00 bad
0.26 0.09 8.00 bad
0.04 0.16 6.00 bad
0.08 0.20 6.00 bad
0.24 0.09 6.00 bad
0.14 0.20 2.00 good
0.13 0.23 6.00 bad
0.22 0.14 6.00 good
0.22 0.12 8.00 bad
0.17 0.28 10.00 bad
0.18 0.28 10.00 bad
0.20 0.13 2.00 good
0.37 0.04 4.00 bad
0.21 0.11 6.00 bad
0.20 0.20 2.00 bad
0.09 0.19 6.00 bad
0.17 0.05 2.00 good
0.11 0.27 8.00 bad
0.10 0.36 10.00 good
0.18 0.11 6.00 bad
0.30 0.09 6.00 good
0.30 0.03 6.00 bad
0.35 0.13 4.00 bad
0.12 0.19 8.00 good
0.14 0.17 6.00 good
0.17 0.11 2.00 bad
0.13 0.14 2.00 good
0.07 0.23 2.00 good
0.20 0.10 6.00 bad
0.07 0.27 8.00 good
0.10 0.10 6.00 bad
0.30 0.07 6.00 bad
0.04 0.42 10.00 bad
0.05 0.29 6.00 good
0.28 0.06 6.00 bad
0.20 0.13 6.00 good
0.05 0.37 10.00 good
0.21 0.25 10.00 good
0.21 0.23 10.00 bad
0.08 0.21 8.00 good
0.07 0.30 2.00 good
0.27 0.02 2.00 bad
0.28 0.07 6.00 bad
0.14 0.10 6.00 bad
0.05 0.21 8.00 bad
0.10 0.20 2.00 bad
0.12 0.17 8.00 bad
0.11 0.17 8.00 bad
0.10 0.10 6.00 good
0.07 0.24 8.00 good
0.07 0.37 10.00 bad
0.10 0.16 6.00 bad
0.19 0.10 2.00 bad
0.03 0.58 10.00 bad
0.08 0.13 6.00 bad
0.41 0.22 4.00 bad
0.17 0.22 6.00 bad
0.14 0.14 6.00 bad
0.09 0.27 10.00 bad
0.10 0.30 10.00 good
0.17 0.17 8.00 bad
0.08 0.34 10.00 good
0.03 0.13 8.00 good
0.08 0.29 8.00 good
0.10 0.27 10.00 bad
0.14 0.08 2.00 good
0.08 0.11 6.00 bad
0.14 0.10 6.00 bad
0.21 0.10 6.00 bad
0.16 0.12 8.00 good
0.20 0.11 6.00 bad
0.13 0.14 6.00 bad
0.19 0.07 6.00 bad
0.06 0.29 8.00 good
0.18 0.11 8.00 good
0.08 0.20 6.00 good
0.19 0.11 6.00 good
0.02 0.67 10.00 good
0.06 0.30 10.00 good
0.06 0.36 10.00 good
0.41 0.06 4.00 good
0.12 0.18 8.00 good
0.24 0.09 6.00 bad
0.05 0.38 10.00 good
0.10 0.18 2.00 bad
0.07 0.22 8.00 good
0.05 0.46 10.00 good
0.21 0.10 8.00 bad
0.25 0.09 6.00 bad
0.10 0.08 6.00 bad
0.22 0.02 2.00 good
0.03 0.08 2.00 bad
0.15 0.15 6.00 bad
0.19 0.09 2.00 good
0.22 0.12 6.00 good