BookScoreCount TwoStarRate ThreeStarRate Class
102
2 3 4 5 6 8 10 11 12 13 14 15 16 17 18 20 22 23 24 25 26 28 29 32 34 35 37 39 40 41 42 43 44 45 46 47 49 51 52 53 54 56 57 59 60 61 63 66 67 69 70 72 73 74 75 76 77 78 79 80 81 82 84 86 89 90 92 93 97 98 100 104 105 107 108 109 112 113 114 115 116 117 120 121 122 126 127 129 131 133 136 137 138 141 142 143 146 147 148 149 151 153
47 0.10 0.40 bad
129 0.12 0.27 bad
78 0.09 0.33 bad
439 0.20 0.26 good
187 0.14 0.21 good
177 0.16 0.30 bad
78 0.26 0.23 bad
51 0.04 0.40 bad
25 0.08 0.44 bad
48 0.24 0.39 bad
454 0.14 0.21 good
658 0.13 0.27 bad
119 0.22 0.23 good
36 0.22 0.20 bad
23 0.17 0.28 bad
112 0.20 0.15 good
159 0.15 0.40 bad
116 0.31 0.28 good
70 0.21 0.36 bad
11 0.20 0.20 bad
100 0.09 0.43 bad
263 0.11 0.25 bad
290 0.10 0.22 good
292 0.09 0.31 bad
97 0.30 0.39 bad
1909 0.12 0.18 good
216 0.03 0.20 bad
20 0.26 0.16 bad
495 0.12 0.24 good
670 0.14 0.34 good
686 0.17 0.26 bad
81 0.13 0.24 good
1885 0.07 0.11 good
299 0.20 0.30 bad
108 0.07 0.19 good
79 0.28 0.20 bad
72 0.10 0.39 bad
133 0.30 0.37 bad
1780 0.04 0.15 bad
22 0.33 0.14 bad
43 0.05 0.33 good
80 0.20 0.32 good
2109 0.07 0.21 bad
484 0.21 0.21 good
108 0.21 0.18 bad
86 0.08 0.25 good
91 0.07 0.12 good
21 0.14 0.43 bad
90 0.06 0.16 good
20 0.05 0.26 bad
51 0.10 0.04 bad
956 0.08 0.26 good
19 0.11 0.22 bad
46 0.22 0.36 bad
21 0.10 0.40 good
429 0.07 0.15 good
745 0.07 0.22 bad
217 0.10 0.33 bad
531 0.19 0.26 bad
714 0.03 0.13 bad
25 0.08 0.54 bad
31 0.41 0.20 bad
21 0.14 0.33 bad
222 0.03 0.30 bad
145 0.17 0.27 bad
16 0.13 0.20 bad
527 0.04 0.16 good
396 0.08 0.26 bad
39 0.03 0.26 good
2113 0.08 0.22 good
42 0.02 0.34 bad
25 0.31 0.34 bad
339 0.08 0.19 good
1184 0.12 0.15 bad
5393 0.02 0.10 good
88 0.14 0.36 bad
201 0.20 0.30 bad
136 0.13 0.36 bad
1114 0.02 0.09 bad
282 0.19 0.35 bad
19 0.12 0.42 good
34 0.11 0.45 bad
45 0.18 0.20 good
59 0.30 0.32 bad
385 0.10 0.28 bad
353 0.06 0.16 good
387 0.06 0.22 good
2063 0.07 0.16 good
31 0.41 0.13 good
23 0.13 0.33 bad
68 0.24 0.32 bad
1641 0.05 0.15 good
328 0.10 0.22 bad
83 0.03 0.19 bad
2366 0.05 0.15 good
153 0.21 0.22 bad
2356 0.09 0.27 good
208 0.22 0.19 good
1080 0.03 0.04 bad
674 0.18 0.23 good
638 0.07 0.16 bad
209 0.22 0.25 good