BookScore FiveStarRate Mode Class
96
0 2 3 6 7 9 14 16 17 18 19 20 23 24 26 27 29 30 31 32 33 34 36 37 38 40 42 44 45 47 49 51 52 53 54 57 58 59 60 65 66 68 69 71 72 75 76 77 79 81 85 89 90 91 96 97 98 102 103 104 105 106 107 108 110 111 112 114 115 117 118 119 120 122 123 124 126 127 129 130 131 133 134 136 137 138 141 142 143 144 145 147 148 149 150 153
6.4 0.15 8.00 good
6.4 0.15 6.00 bad
6.4 0.18 8.00 bad
6.0 0.23 2.00 good
5.8 0.11 6.00 bad
5.4 0.02 8.00 bad
5.9 0.20 2.00 good
5.7 0.14 6.00 good
5.6 0.12 8.00 bad
6.5 0.28 10.00 bad
6.7 0.28 10.00 bad
5.3 0.13 2.00 good
4.7 0.06 4.00 good
5.5 0.11 6.00 bad
6.5 0.19 6.00 bad
4.5 0.05 2.00 good
7.1 0.36 10.00 good
5.4 0.11 6.00 bad
5.8 0.09 6.00 good
6.8 0.13 8.00 bad
6.1 0.15 6.00 good
5.1 0.03 6.00 bad
6.7 0.19 8.00 bad
7.8 0.28 8.00 bad
5.9 0.13 4.00 bad
6.7 0.19 8.00 good
5.4 0.11 2.00 bad
5.4 0.23 2.00 good
5.8 0.10 6.00 bad
5.3 0.08 4.00 bad
5.9 0.10 6.00 bad
5.9 0.07 6.00 bad
7.9 0.42 10.00 bad
4.0 0.10 2.00 bad
7.0 0.29 6.00 good
6.2 0.18 8.00 bad
7.5 0.37 10.00 good
6.5 0.25 10.00 good
6.2 0.23 10.00 bad
4.8 0.07 6.00 bad
5.9 0.10 6.00 bad
6.8 0.22 8.00 bad
7.4 0.21 8.00 bad
6.1 0.17 8.00 bad
7.3 0.35 10.00 good
6.4 0.10 6.00 good
6.8 0.24 8.00 good
7.6 0.37 10.00 bad
5.2 0.10 2.00 bad
5.8 0.13 6.00 bad
5.2 0.10 2.00 good
6.4 0.17 8.00 bad
4.0 0.07 2.00 bad
7.2 0.34 10.00 good
6.7 0.17 8.00 good
6.5 0.13 8.00 good
7.3 0.29 8.00 good
5.3 0.08 2.00 good
6.6 0.11 6.00 bad
4.9 0.09 6.00 bad
7.4 0.31 8.00 good
6.0 0.16 6.00 good
6.4 0.31 10.00 bad
8.7 0.63 10.00 good
5.8 0.10 6.00 bad
5.8 0.12 8.00 good
5.4 0.11 6.00 bad
8.5 0.60 10.00 bad
5.5 0.07 6.00 bad
5.5 0.09 6.00 bad
6.5 0.11 6.00 bad
7.3 0.29 8.00 good
5.6 0.11 8.00 good
7.0 0.25 8.00 bad
7.0 0.20 6.00 good
5.6 0.11 6.00 good
6.4 0.30 10.00 good
7.4 0.36 10.00 good
7.3 0.37 10.00 good
5.7 0.17 6.00 bad
4.4 0.06 4.00 good
5.9 0.04 8.00 bad
6.5 0.18 8.00 good
4.8 0.09 6.00 bad
7.8 0.38 10.00 good
5.7 0.18 2.00 bad
6.9 0.15 8.00 bad
7.8 0.46 10.00 good
5.5 0.10 8.00 bad
5.4 0.09 6.00 bad
6.7 0.08 6.00 bad
3.9 0.02 2.00 good
3.3 0.08 2.00 bad
6.0 0.15 8.00 good
6.1 0.15 6.00 bad
5.7 0.12 6.00 good