BookWordCount TwoStarRate Median Class
101
0 1 4 9 11 12 13 14 15 16 20 21 23 25 26 27 28 29 30 32 34 35 36 37 39 40 41 42 43 44 47 50 51 52 55 56 61 62 64 65 67 69 70 71 73 75 76 77 78 80 82 85 86 87 88 89 91 92 94 95 96 99 100 102 103 104 105 106 108 109 110 111 112 113 114 115 116 117 118 120 121 123 124 125 126 127 129 130 134 135 137 140 143 145 146 148 149 150 151 152 153
177.20 0.15 6.00 good
289.90 0.08 8.00 good
139.00 0.09 6.00 bad
21.30 0.18 6.00 bad
13.40 0.04 6.00 bad
21.80 0.08 6.00 bad
27.50 0.24 6.00 bad
123.80 0.14 6.00 good
257.20 0.13 6.00 bad
135.80 0.22 6.00 good
82.30 0.20 4.00 good
74.10 0.37 4.00 bad
122.20 0.31 4.00 good
35.90 0.20 4.00 bad
62.70 0.09 6.00 bad
147.20 0.17 4.00 good
53.00 0.11 8.00 bad
233.90 0.10 8.00 good
150.70 0.18 6.00 bad
51.10 0.09 8.00 bad
154.60 0.30 6.00 bad
713.10 0.12 6.00 good
87.00 0.10 8.00 bad
51.30 0.03 8.00 bad
22.80 0.26 2.00 bad
153.10 0.12 8.00 good
168.40 0.14 6.00 good
300.10 0.17 6.00 bad
74.40 0.13 6.00 good
296.80 0.07 4.00 good
49.70 0.28 4.00 bad
51.90 0.28 6.00 good
84.60 0.30 6.00 bad
76.10 0.04 8.00 bad
106.40 0.28 6.00 bad
40.40 0.20 6.00 good
17.00 0.08 8.00 good
49.60 0.50 4.00 bad
54.40 0.27 4.00 bad
72.20 0.28 4.00 bad
16.80 0.06 8.00 good
7.30 0.05 8.00 bad
55.40 0.10 8.00 bad
98.90 0.12 6.00 bad
68.60 0.11 8.00 bad
39.60 0.10 6.00 good
46.20 0.07 8.00 good
1070.70 0.07 8.00 bad
70.00 0.10 6.00 bad
144.70 0.03 10.00 bad
183.00 0.41 4.00 bad
87.20 0.19 4.00 good
129.90 0.03 8.00 bad
112.10 0.09 6.00 bad
315.30 0.10 8.00 good
153.20 0.17 6.00 bad
126.20 0.08 8.00 good
116.50 0.04 8.00 good
63.70 0.11 8.00 good
99.00 0.23 6.00 bad
34.10 0.11 8.00 good
181.90 0.12 6.00 bad
59.90 0.02 8.00 bad
78.10 0.14 6.00 good
21.40 0.08 6.00 bad
150.50 0.31 4.00 bad
198.70 0.08 8.00 good
64.40 0.14 6.00 good
446.50 0.02 10.00 good
101.10 0.14 6.00 bad
133.50 0.21 6.00 bad
148.90 0.16 6.00 good
107.80 0.20 6.00 bad
247.80 0.13 6.00 bad
31.70 0.02 10.00 bad
119.20 0.19 6.00 bad
118.30 0.12 6.00 good
59.10 0.11 6.00 bad
92.20 0.11 6.00 bad
85.80 0.18 6.00 good
145.90 0.30 4.00 bad
153.40 0.08 6.00 good
223.00 0.19 6.00 good
65.70 0.02 10.00 good
89.70 0.06 8.00 good
34.20 0.06 8.00 good
322.80 0.07 8.00 good
46.30 0.13 6.00 bad
179.50 0.12 8.00 good
335.20 0.09 8.00 bad
448.70 0.05 8.00 good
43.40 0.30 8.00 bad
177.70 0.21 6.00 bad
62.30 0.10 6.00 bad
477.20 0.09 8.00 good
209.90 0.03 2.00 bad
382.10 0.18 6.00 good
44.60 0.15 6.00 bad
93.00 0.07 8.00 bad
163.50 0.19 6.00 good
73.20 0.22 6.00 good