BookScoreCount AddListCount FiveStarRate Class
96
1 2 4 5 6 8 9 11 13 15 17 18 19 20 21 22 23 24 25 26 27 29 31 36 37 38 39 42 45 46 47 48 49 51 52 53 54 55 58 63 66 67 69 70 73 74 75 77 79 81 84 88 89 90 91 92 93 95 97 99 100 101 102 103 104 105 106 107 108 110 111 112 113 115 116 117 120 121 122 125 130 131 132 134 135 136 137 138 141 142 143 145 146 147 150 151
967 492 0.25 good
47 12 0.15 bad
78 22 0.10 bad
439 122 0.12 good
187 42 0.23 good
177 53 0.21 bad
51 14 0.02 bad
51 15 0.16 bad
48 9 0.09 bad
658 204 0.23 bad
36 10 0.12 bad
23 7 0.28 bad
250 70 0.28 bad
112 17 0.13 good
44 12 0.04 bad
159 61 0.11 bad
116 32 0.06 good
70 23 0.11 bad
11 2 0.20 bad
100 32 0.19 bad
150 31 0.05 good
290 68 0.36 good
44 6 0.09 good
223 63 0.19 bad
216 106 0.28 bad
63 19 0.13 bad
20 1 0.00 bad
686 215 0.11 bad
299 93 0.10 bad
108 28 0.27 good
79 20 0.08 bad
1248 371 0.17 bad
72 13 0.10 bad
133 42 0.07 bad
1780 446 0.42 bad
22 1 0.10 bad
43 9 0.29 good
55 11 0.06 bad
461 70 0.37 good
91 21 0.30 good
21 2 0.10 bad
90 17 0.42 good
20 5 0.21 bad
51 2 0.20 bad
19 8 0.17 bad
46 16 0.04 bad
21 8 0.10 good
745 183 0.37 bad
531 94 0.10 bad
25 4 0.13 bad
21 3 0.14 bad
1636 321 0.30 good
145 49 0.17 bad
16 4 0.07 bad
654 218 0.34 good
527 141 0.42 good
396 121 0.21 bad
13 4 0.15 bad
39 7 0.13 good
942 253 0.17 bad
42 8 0.25 bad
219 65 0.27 bad
225 39 0.08 good
29 6 0.11 bad
25 5 0.09 bad
339 98 0.31 good
349 102 0.16 good
1184 188 0.31 bad
5393 1586 0.63 good
112 31 0.10 bad
182 53 0.12 good
201 63 0.11 bad
136 25 0.14 bad
282 76 0.07 bad
19 7 0.17 good
34 5 0.09 bad
45 15 0.11 good
59 14 0.02 bad
385 126 0.25 bad
768 149 0.67 good
82 11 0.17 bad
31 5 0.06 good
614 131 0.13 good
795 168 0.18 good
1310 293 0.26 bad
68 9 0.09 bad
1641 303 0.38 good
328 53 0.18 bad
83 19 0.15 bad
2366 365 0.46 good
153 42 0.10 bad
61 28 0.08 bad
2356 710 0.19 good
208 26 0.02 good
21 5 0.15 bad
638 125 0.37 bad