BookScoreCount TwoStarRate ThreeStarRate Class
100
0 1 2 4 6 8 9 12 13 16 17 19 20 21 22 24 27 30 31 32 33 37 38 39 40 42 45 46 48 49 50 51 52 53 54 55 59 66 67 68 69 70 71 72 73 75 77 78 81 84 85 86 88 90 91 92 94 95 96 98 100 101 102 104 107 108 109 110 111 112 113 114 116 118 119 120 121 122 123 124 127 129 130 133 134 135 136 137 139 141 142 143 144 145 146 147 148 149 152 153
568 0.15 0.28 good
967 0.08 0.23 good
47 0.10 0.40 bad
78 0.09 0.33 bad
187 0.14 0.21 good
177 0.16 0.30 bad
51 0.18 0.26 bad
25 0.08 0.44 bad
48 0.24 0.39 bad
119 0.22 0.23 good
36 0.22 0.20 bad
250 0.18 0.22 bad
112 0.20 0.15 good
44 0.37 0.16 bad
159 0.15 0.40 bad
70 0.21 0.36 bad
150 0.17 0.21 good
29 0.18 0.32 bad
44 0.30 0.33 good
292 0.09 0.31 bad
192 0.20 0.29 good
216 0.03 0.20 bad
63 0.35 0.27 bad
20 0.26 0.16 bad
495 0.12 0.24 good
686 0.17 0.26 bad
299 0.20 0.30 bad
108 0.07 0.19 good
1248 0.09 0.33 bad
72 0.10 0.39 bad
29 0.28 0.32 good
133 0.30 0.37 bad
1780 0.04 0.15 bad
22 0.33 0.14 bad
43 0.05 0.33 good
55 0.28 0.33 bad
484 0.21 0.21 good
21 0.14 0.43 bad
90 0.06 0.16 good
153 0.11 0.25 bad
20 0.05 0.26 bad
51 0.10 0.04 bad
248 0.12 0.25 bad
956 0.08 0.26 good
19 0.11 0.22 bad
21 0.10 0.40 good
745 0.07 0.22 bad
217 0.10 0.33 bad
25 0.08 0.54 bad
21 0.14 0.33 bad
356 0.19 0.15 good
222 0.03 0.30 bad
1636 0.10 0.18 good
16 0.13 0.20 bad
654 0.08 0.16 good
527 0.04 0.16 good
218 0.11 0.23 good
13 0.23 0.46 bad
188 0.11 0.28 good
2113 0.08 0.22 good
42 0.02 0.34 bad
219 0.10 0.26 bad
225 0.14 0.26 good
25 0.31 0.34 bad
1184 0.12 0.15 bad
5393 0.02 0.10 good
88 0.14 0.36 bad
112 0.21 0.28 bad
182 0.16 0.26 good
201 0.20 0.30 bad
136 0.13 0.36 bad
1114 0.02 0.09 bad
19 0.12 0.42 good
274 0.11 0.39 bad
1575 0.06 0.20 good
45 0.18 0.20 good
59 0.30 0.32 bad
385 0.10 0.28 bad
93 0.08 0.37 good
320 0.19 0.29 good
387 0.06 0.22 good
2063 0.07 0.16 good
82 0.13 0.28 bad
23 0.13 0.33 bad
795 0.12 0.21 good
1310 0.09 0.24 bad
68 0.24 0.32 bad
1641 0.05 0.15 good
1100 0.07 0.24 good
83 0.03 0.19 bad
2366 0.05 0.15 good
153 0.21 0.22 bad
364 0.25 0.27 bad
61 0.10 0.45 bad
2356 0.09 0.27 good
208 0.22 0.19 good
1080 0.03 0.04 bad
674 0.18 0.23 good
45 0.19 0.28 good
209 0.22 0.25 good