TwoStarRate Mode Median Class
96
0 1 2 4 5 10 14 15 16 17 18 22 25 26 27 28 29 30 31 34 35 36 39 41 42 43 44 45 46 48 49 51 52 53 54 55 56 57 58 59 62 63 65 67 68 70 72 73 77 78 79 80 81 82 84 86 88 89 91 93 95 97 98 100 101 104 105 107 109 110 111 112 113 118 119 121 122 123 124 125 127 128 129 130 132 136 137 138 139 140 141 142 143 147 150 152
0.15 8.00 6.00 good
0.08 8.00 8.00 good
0.10 6.00 6.00 bad
0.09 6.00 6.00 bad
0.20 6.00 6.00 good
0.26 8.00 6.00 bad
0.14 2.00 6.00 good
0.13 6.00 6.00 bad
0.22 6.00 6.00 good
0.22 8.00 6.00 bad
0.17 10.00 6.00 bad
0.15 6.00 6.00 bad
0.20 2.00 4.00 bad
0.09 6.00 6.00 bad
0.17 2.00 4.00 good
0.11 8.00 8.00 bad
0.10 10.00 8.00 good
0.18 6.00 6.00 bad
0.30 6.00 6.00 good
0.30 6.00 6.00 bad
0.12 2.00 6.00 good
0.10 8.00 8.00 bad
0.26 2.00 2.00 bad
0.14 6.00 6.00 good
0.17 2.00 6.00 bad
0.13 2.00 6.00 good
0.07 2.00 4.00 good
0.20 6.00 6.00 bad
0.07 8.00 8.00 good
0.09 8.00 6.00 bad
0.10 6.00 6.00 bad
0.30 6.00 6.00 bad
0.04 10.00 8.00 bad
0.33 2.00 4.00 bad
0.05 6.00 6.00 good
0.28 6.00 6.00 bad
0.20 6.00 6.00 good
0.07 8.00 6.00 bad
0.05 10.00 8.00 good
0.21 10.00 6.00 good
0.50 4.00 4.00 bad
0.07 2.00 6.00 good
0.28 6.00 4.00 bad
0.06 10.00 8.00 good
0.11 8.00 8.00 bad
0.10 2.00 8.00 bad
0.08 10.00 8.00 good
0.11 8.00 8.00 bad
0.07 10.00 8.00 bad
0.10 6.00 6.00 bad
0.19 2.00 6.00 bad
0.03 10.00 10.00 bad
0.08 6.00 6.00 bad
0.41 4.00 4.00 bad
0.14 6.00 6.00 bad
0.03 6.00 8.00 bad
0.10 10.00 8.00 good
0.17 8.00 6.00 bad
0.08 10.00 8.00 good
0.08 8.00 8.00 bad
0.23 6.00 6.00 bad
0.03 8.00 8.00 good
0.08 8.00 8.00 good
0.02 6.00 8.00 bad
0.10 10.00 8.00 bad
0.31 6.00 4.00 bad
0.08 8.00 8.00 good
0.12 10.00 6.00 bad
0.14 6.00 6.00 bad
0.21 6.00 6.00 bad
0.16 8.00 6.00 good
0.20 6.00 6.00 bad
0.13 6.00 6.00 bad
0.11 6.00 6.00 bad
0.06 8.00 8.00 good
0.30 6.00 4.00 bad
0.10 8.00 8.00 bad
0.08 6.00 6.00 good
0.19 6.00 6.00 good
0.02 10.00 10.00 good
0.06 10.00 8.00 good
0.08 10.00 8.00 good
0.07 10.00 8.00 good
0.13 6.00 6.00 bad
0.14 8.00 6.00 good
0.24 6.00 4.00 bad
0.05 10.00 8.00 good
0.10 2.00 6.00 bad
0.07 8.00 8.00 good
0.30 8.00 8.00 bad
0.03 8.00 8.00 bad
0.05 10.00 8.00 good
0.21 8.00 6.00 bad
0.22 2.00 4.00 good
0.15 6.00 6.00 bad
0.19 2.00 6.00 good