AddListCount Median Kurtosis Class
98
0 2 3 5 6 7 8 12 13 14 15 16 19 20 21 22 23 26 28 29 33 34 37 39 40 41 42 45 46 47 48 49 50 54 55 56 57 58 61 62 63 64 65 67 69 70 73 75 76 78 79 82 83 86 88 89 91 93 94 96 97 98 99 101 102 103 104 105 106 107 109 110 111 112 113 114 115 116 118 121 122 123 125 126 127 131 133 134 135 136 137 140 141 144 146 149 151 153
214 6.00 200.91 good
12 6.00 267.71 bad
38 6.00 155.27 bad
122 6.00 93.52 good
42 6.00 75.15 good
8 6.00 181.37 bad
53 6.00 196.73 bad
12 6.00 114.51 bad
9 6.00 156.17 bad
136 6.00 68.44 good
204 6.00 188.48 bad
25 6.00 87.54 good
70 6.00 181.41 bad
17 4.00 48.29 good
12 4.00 66.70 bad
61 6.00 468.11 bad
32 4.00 78.49 good
32 6.00 249.04 bad
73 8.00 418.19 bad
68 8.00 194.89 good
49 6.00 163.05 good
24 6.00 192.82 bad
106 8.00 948.64 bad
1 2.00 53.89 bad
172 8.00 227.23 good
289 6.00 389.04 good
215 6.00 74.29 bad
93 6.00 135.14 bad
28 8.00 218.67 good
20 4.00 85.63 bad
371 6.00 362.40 bad
13 6.00 155.38 bad
7 6.00 119.73 good
9 6.00 245.77 good
11 6.00 182.02 bad
13 6.00 74.03 good
551 6.00 94.54 bad
70 8.00 256.16 good
33 8.00 1104.85 good
3 4.00 199.64 bad
21 6.00 55.29 good
10 4.00 59.06 bad
22 4.00 77.07 bad
17 8.00 278.88 good
5 8.00 758.93 bad
2 8.00 49.13 bad
8 8.00 278.58 bad
8 6.00 344.01 good
110 8.00 159.36 good
57 6.00 147.32 bad
94 6.00 65.93 bad
3 4.00 87.78 bad
22 6.00 188.48 bad
53 8.00 249.84 bad
321 8.00 118.81 good
49 6.00 208.64 bad
218 8.00 191.97 good
121 8.00 288.02 bad
57 8.00 299.63 good
100 8.00 282.28 good
7 8.00 198.40 good
558 8.00 391.57 good
253 6.00 243.27 bad
65 8.00 286.97 bad
39 6.00 65.28 good
6 6.00 664.54 bad
5 4.00 92.39 bad
98 8.00 385.10 good
102 6.00 114.14 good
188 6.00 72.91 bad
34 6.00 170.95 bad
31 6.00 131.59 bad
53 6.00 113.09 good
63 6.00 84.03 bad
25 6.00 164.81 bad
218 10.00 875.52 bad
76 6.00 125.49 bad
7 6.00 138.45 good
112 6.00 387.39 bad
14 4.00 102.63 bad
126 8.00 313.76 bad
32 6.00 502.72 good
149 10.00 1797.82 good
48 8.00 76.64 good
146 8.00 319.05 good
5 4.00 58.14 good
1 6.00 194.01 bad
168 8.00 176.74 good
293 8.00 234.30 bad
9 4.00 63.17 bad
303 8.00 478.73 good
7 8.00 361.68 bad
19 8.00 311.51 bad
103 6.00 97.95 bad
710 8.00 402.15 good
178 6.00 113.50 good
125 8.00 105.22 bad
50 6.00 105.28 good