BookScoreCount ThreeStarRate Kurtosis Class
95
0 6 7 8 9 10 11 12 15 17 28 31 32 33 35 37 38 40 41 42 44 45 46 48 50 53 55 56 58 59 61 63 64 65 66 67 68 69 70 72 73 76 77 80 82 84 85 86 87 88 90 91 92 93 94 95 98 99 100 101 102 103 106 107 108 109 110 111 112 113 115 116 117 118 119 120 122 125 129 130 131 132 135 136 139 140 141 144 146 147 148 149 150 151 152
568 0.28 200.91 good
187 0.21 75.15 good
27 0.48 181.37 bad
177 0.30 196.73 bad
51 0.26 110.48 bad
78 0.23 143.84 bad
51 0.40 491.68 bad
25 0.44 114.51 bad
658 0.27 188.48 bad
36 0.20 80.31 bad
263 0.25 418.19 bad
44 0.33 211.54 good
292 0.31 404.81 bad
192 0.29 163.05 good
1909 0.18 41.11 good
216 0.20 948.64 bad
63 0.27 172.89 bad
495 0.24 227.23 good
670 0.34 389.04 good
686 0.26 74.29 bad
1885 0.11 29.34 good
299 0.30 135.14 bad
108 0.19 218.67 good
1248 0.33 362.40 bad
29 0.32 119.73 good
22 0.14 31.11 bad
55 0.33 182.02 bad
80 0.32 74.03 good
461 0.14 256.16 good
484 0.21 148.52 good
86 0.25 1104.85 good
91 0.12 55.29 good
45 0.21 59.06 bad
82 0.31 77.07 bad
21 0.43 204.65 bad
90 0.16 278.88 good
153 0.25 223.96 bad
20 0.26 758.93 bad
51 0.04 49.13 bad
956 0.26 259.41 good
19 0.22 278.58 bad
429 0.15 159.36 good
745 0.22 440.27 bad
714 0.13 599.56 bad
31 0.20 87.78 bad
21 0.33 116.65 bad
356 0.15 51.21 good
222 0.30 249.84 bad
182 0.23 95.46 bad
1636 0.18 118.81 good
16 0.20 25.57 bad
654 0.16 191.97 good
527 0.16 444.03 good
396 0.26 288.02 bad
218 0.23 299.63 good
13 0.46 128.84 bad
2113 0.22 391.57 good
942 0.34 243.27 bad
42 0.34 297.05 bad
219 0.26 286.97 bad
225 0.26 65.28 good
29 0.50 664.54 bad
349 0.27 114.14 good
1184 0.15 72.91 bad
5393 0.10 1238.93 good
88 0.36 170.95 bad
112 0.28 131.59 bad
182 0.26 113.09 good
201 0.30 84.03 bad
136 0.36 164.81 bad
282 0.35 125.49 bad
19 0.42 138.45 good
34 0.45 132.92 bad
274 0.39 387.39 bad
1575 0.20 297.36 good
45 0.20 75.21 good
385 0.28 313.76 bad
768 0.08 1797.82 good
2063 0.16 209.65 good
82 0.28 73.99 bad
31 0.13 58.14 good
614 0.25 212.10 good
1310 0.24 234.30 bad
68 0.32 63.17 bad
1100 0.24 304.97 good
21 0.07 361.68 bad
83 0.19 311.51 bad
364 0.27 97.95 bad
2356 0.27 402.15 good
208 0.19 40.59 good
1080 0.04 9.99 bad
674 0.23 113.50 good
21 0.35 158.29 bad
638 0.16 105.22 bad
45 0.28 62.68 good