TwoStarRate FiveStarRate Kurtosis Class
102
0 1 2 3 4 7 8 9 10 13 15 16 17 18 19 20 22 23 25 29 30 32 33 35 36 37 38 39 41 44 45 47 48 49 50 53 54 57 58 59 60 61 62 63 64 66 67 69 70 71 72 74 76 78 79 80 82 83 85 86 90 91 93 94 95 96 99 101 103 104 106 107 111 112 114 115 116 119 121 123 125 126 128 132 133 134 135 136 138 139 140 141 143 144 145 146 147 148 149 150 151 152
0.15 0.15 200.91 good
0.08 0.25 406.22 good
0.10 0.15 267.71 bad
0.12 0.18 155.27 bad
0.09 0.10 113.07 bad
0.15 0.11 181.37 bad
0.16 0.21 196.73 bad
0.18 0.02 110.48 bad
0.26 0.09 143.84 bad
0.24 0.09 156.17 bad
0.13 0.23 188.48 bad
0.22 0.14 87.54 good
0.22 0.12 80.31 bad
0.17 0.28 137.29 bad
0.18 0.28 181.41 bad
0.20 0.13 48.29 good
0.15 0.11 468.11 bad
0.31 0.06 78.49 good
0.20 0.20 28.01 bad
0.10 0.36 194.89 good
0.18 0.11 80.73 bad
0.09 0.13 404.81 bad
0.20 0.15 163.05 good
0.12 0.21 41.11 good
0.10 0.19 203.97 bad
0.03 0.28 948.64 bad
0.35 0.13 172.89 bad
0.26 0.00 53.89 bad
0.14 0.17 389.04 good
0.07 0.23 29.34 good
0.20 0.10 135.14 bad
0.28 0.08 85.63 bad
0.09 0.17 362.40 bad
0.10 0.10 155.38 bad
0.28 0.07 119.73 good
0.33 0.10 31.11 bad
0.05 0.29 245.77 good
0.07 0.18 94.54 bad
0.05 0.37 256.16 good
0.21 0.25 148.52 good
0.21 0.23 95.85 bad
0.08 0.21 1104.85 good
0.50 0.00 199.64 bad
0.07 0.30 55.29 good
0.27 0.02 59.06 bad
0.14 0.10 204.65 bad
0.06 0.42 278.88 good
0.05 0.21 758.93 bad
0.10 0.20 49.13 bad
0.12 0.17 106.33 bad
0.08 0.35 259.41 good
0.22 0.04 393.48 bad
0.07 0.24 159.36 good
0.10 0.16 147.32 bad
0.19 0.10 65.93 bad
0.03 0.58 599.56 bad
0.41 0.22 87.78 bad
0.17 0.22 188.48 bad
0.19 0.10 51.21 good
0.03 0.26 249.84 bad
0.13 0.07 25.57 bad
0.08 0.34 191.97 good
0.08 0.21 288.02 bad
0.11 0.23 299.63 good
0.23 0.15 128.84 bad
0.11 0.17 282.28 good
0.12 0.17 243.27 bad
0.10 0.27 286.97 bad
0.08 0.11 664.54 bad
0.31 0.09 92.39 bad
0.14 0.16 114.14 good
0.12 0.31 72.91 bad
0.16 0.12 113.09 good
0.20 0.11 84.03 bad
0.02 0.60 875.52 bad
0.19 0.07 125.49 bad
0.12 0.17 138.45 good
0.06 0.29 297.36 good
0.30 0.02 102.63 bad
0.08 0.20 502.72 good
0.02 0.67 1797.82 good
0.06 0.30 76.64 good
0.08 0.31 82.37 good
0.14 0.13 212.10 good
0.13 0.04 194.01 bad
0.12 0.18 176.74 good
0.09 0.26 234.30 bad
0.24 0.09 63.17 bad
0.10 0.18 56.35 bad
0.07 0.22 304.97 good
0.30 0.05 361.68 bad
0.03 0.15 311.51 bad
0.21 0.10 86.23 bad
0.25 0.09 97.95 bad
0.10 0.08 909.70 bad
0.09 0.19 402.15 good
0.22 0.02 40.59 good
0.03 0.08 9.99 bad
0.18 0.15 113.50 good
0.15 0.15 158.29 bad
0.07 0.37 105.22 bad
0.19 0.09 62.68 good