BookWordCount ThreeStarRate FiveStarRate Class
97
0 1 2 3 4 6 7 8 10 11 14 15 17 18 19 20 21 22 25 30 33 34 35 36 37 39 41 43 44 45 46 47 48 49 50 51 52 53 54 56 57 60 61 63 65 66 68 70 72 73 75 78 80 81 83 84 86 87 89 90 92 95 96 97 98 100 107 108 109 111 114 115 118 119 121 123 124 125 126 128 129 130 131 132 133 134 135 136 137 138 144 145 146 147 150 152 153
177.20 0.28 0.15 good
289.90 0.23 0.25 good
48.30 0.40 0.15 bad
52.30 0.27 0.18 bad
139.00 0.33 0.10 bad
59.60 0.21 0.23 good
38.90 0.48 0.11 bad
143.50 0.30 0.21 bad
82.50 0.23 0.09 bad
13.40 0.40 0.16 bad
123.80 0.21 0.20 good
257.20 0.27 0.23 bad
33.60 0.20 0.12 bad
24.10 0.28 0.28 bad
122.40 0.22 0.28 bad
82.30 0.15 0.13 good
74.10 0.16 0.04 bad
77.70 0.40 0.11 bad
35.90 0.20 0.20 bad
150.70 0.32 0.11 bad
178.90 0.29 0.15 good
154.60 0.39 0.03 bad
713.10 0.18 0.21 good
87.00 0.23 0.19 bad
51.30 0.20 0.28 bad
22.80 0.16 0.00 bad
168.40 0.34 0.17 good
74.40 0.24 0.14 good
296.80 0.11 0.23 good
380.50 0.30 0.10 bad
123.50 0.19 0.27 good
49.70 0.20 0.08 bad
281.40 0.33 0.17 bad
44.50 0.39 0.10 bad
51.90 0.32 0.07 good
84.60 0.37 0.07 bad
76.10 0.15 0.42 bad
53.70 0.14 0.10 bad
13.00 0.33 0.29 good
40.40 0.32 0.13 good
293.40 0.21 0.18 bad
45.10 0.18 0.23 bad
17.00 0.25 0.21 good
108.60 0.12 0.30 good
72.20 0.31 0.07 bad
34.80 0.43 0.10 bad
79.60 0.25 0.22 bad
55.40 0.04 0.20 bad
390.00 0.26 0.35 good
68.60 0.22 0.17 bad
39.60 0.40 0.10 good
70.00 0.33 0.16 bad
144.70 0.13 0.58 bad
87.70 0.54 0.13 bad
40.80 0.28 0.22 bad
30.00 0.33 0.14 bad
129.90 0.30 0.26 bad
112.10 0.23 0.27 bad
153.20 0.27 0.17 bad
50.40 0.20 0.07 bad
116.50 0.16 0.42 good
99.00 0.46 0.15 bad
34.10 0.28 0.17 good
22.20 0.26 0.13 good
170.60 0.22 0.29 good
59.90 0.34 0.25 bad
310.00 0.15 0.31 bad
446.50 0.10 0.63 good
101.10 0.36 0.10 bad
148.90 0.26 0.12 good
31.70 0.09 0.60 bad
119.20 0.35 0.07 bad
92.20 0.39 0.11 bad
427.70 0.20 0.29 good
145.90 0.32 0.02 bad
153.40 0.37 0.20 good
223.00 0.29 0.11 good
65.70 0.08 0.67 good
89.70 0.16 0.30 good
296.70 0.13 0.31 good
322.80 0.16 0.37 good
46.30 0.28 0.17 bad
195.70 0.13 0.06 good
237.20 0.25 0.13 good
145.80 0.33 0.04 bad
179.50 0.21 0.18 good
335.20 0.24 0.26 bad
72.70 0.32 0.09 bad
448.70 0.15 0.38 good
212.90 0.22 0.18 bad
319.70 0.27 0.09 bad
62.30 0.45 0.08 bad
477.20 0.27 0.19 good
154.00 0.19 0.02 good
44.60 0.35 0.15 bad
163.50 0.28 0.09 good
73.20 0.25 0.12 good