BookWordCount TwoStarRate Kurtosis Class
98
0 2 3 5 6 7 8 9 11 13 14 15 16 17 18 19 20 21 25 26 27 28 29 33 35 37 38 40 41 42 43 44 45 46 47 49 51 53 54 55 57 60 61 65 66 67 68 69 71 72 73 76 77 79 80 84 87 88 90 91 92 93 94 95 97 98 99 101 104 106 107 108 113 114 115 116 117 119 120 123 124 125 127 128 129 131 132 135 136 137 138 140 146 147 149 150 151 152
177.20 0.15 200.91 good
48.30 0.10 267.71 bad
52.30 0.12 155.27 bad
158.50 0.20 93.52 good
59.60 0.14 75.15 good
38.90 0.15 181.37 bad
143.50 0.16 196.73 bad
21.30 0.18 110.48 bad
13.40 0.04 491.68 bad
27.50 0.24 156.17 bad
123.80 0.14 68.44 good
257.20 0.13 188.48 bad
135.80 0.22 87.54 good
33.60 0.22 80.31 bad
24.10 0.17 137.29 bad
122.40 0.18 181.41 bad
82.30 0.20 48.29 good
74.10 0.37 66.70 bad
35.90 0.20 28.01 bad
62.70 0.09 249.04 bad
147.20 0.17 40.03 good
53.00 0.11 418.19 bad
233.90 0.10 194.89 good
178.90 0.20 163.05 good
713.10 0.12 41.11 good
51.30 0.03 948.64 bad
80.20 0.35 172.89 bad
153.10 0.12 227.23 good
168.40 0.14 389.04 good
300.10 0.17 74.29 bad
74.40 0.13 44.83 good
296.80 0.07 29.34 good
380.50 0.20 135.14 bad
123.50 0.07 218.67 good
49.70 0.28 85.63 bad
44.50 0.10 155.38 bad
84.60 0.30 339.26 bad
53.70 0.33 31.11 bad
13.00 0.05 245.77 good
106.40 0.28 182.02 bad
293.40 0.07 94.54 bad
45.10 0.21 95.85 bad
17.00 0.08 1104.85 good
72.20 0.28 77.07 bad
34.80 0.14 204.65 bad
16.80 0.06 278.88 good
79.60 0.11 223.96 bad
7.30 0.05 758.93 bad
98.90 0.12 106.33 bad
390.00 0.08 259.41 good
68.60 0.11 278.58 bad
46.20 0.07 159.36 good
1070.70 0.07 440.27 bad
131.20 0.19 65.93 bad
144.70 0.03 599.56 bad
30.00 0.14 116.65 bad
112.10 0.09 95.46 bad
315.30 0.10 118.81 good
50.40 0.13 25.57 bad
126.20 0.08 191.97 good
116.50 0.04 444.03 good
90.50 0.08 288.02 bad
63.70 0.11 299.63 good
99.00 0.23 128.84 bad
22.20 0.03 198.40 good
170.60 0.08 391.57 good
181.90 0.12 243.27 bad
219.60 0.10 286.97 bad
150.50 0.31 92.39 bad
64.40 0.14 114.14 good
310.00 0.12 72.91 bad
446.50 0.02 1238.93 good
247.80 0.13 164.81 bad
31.70 0.02 875.52 bad
119.20 0.19 125.49 bad
118.30 0.12 138.45 good
59.10 0.11 132.92 bad
427.70 0.06 297.36 good
85.80 0.18 75.21 good
153.40 0.08 502.72 good
223.00 0.19 101.09 good
65.70 0.02 1797.82 good
34.20 0.06 319.05 good
296.70 0.08 82.37 good
322.80 0.07 209.65 good
195.70 0.41 58.14 good
237.20 0.14 212.10 good
335.20 0.09 234.30 bad
72.70 0.24 63.17 bad
448.70 0.05 478.73 good
212.90 0.10 56.35 bad
43.40 0.30 361.68 bad
477.20 0.09 402.15 good
154.00 0.22 40.59 good
382.10 0.18 113.50 good
44.60 0.15 158.29 bad
93.00 0.07 105.22 bad
163.50 0.19 62.68 good