BookWordCount AddListCount Kurtosis Class
98
1 6 7 8 11 12 14 17 18 19 20 24 26 27 30 31 34 36 37 38 39 40 41 43 44 45 47 48 51 52 53 56 59 60 61 62 63 64 65 66 68 69 71 72 74 75 79 80 82 83 84 85 86 88 90 91 92 93 94 95 96 97 98 100 101 102 103 104 107 108 109 114 115 118 120 121 122 123 124 127 129 131 134 135 136 139 140 142 143 144 145 146 147 148 149 150 152 153
289.90 492 406.22 good
59.60 42 75.15 good
38.90 8 181.37 bad
143.50 53 196.73 bad
13.40 15 491.68 bad
21.80 12 114.51 bad
123.80 136 68.44 good
33.60 10 80.31 bad
24.10 7 137.29 bad
122.40 70 181.41 bad
82.30 17 48.29 good
74.80 23 114.10 bad
62.70 32 249.04 bad
147.20 31 40.03 good
150.70 9 80.73 bad
78.00 6 211.54 good
154.60 24 192.82 bad
87.00 63 203.97 bad
51.30 106 948.64 bad
80.20 19 172.89 bad
22.80 1 53.89 bad
153.10 172 227.23 good
168.40 289 389.04 good
74.40 18 44.83 good
296.80 242 29.34 good
380.50 93 135.14 bad
49.70 20 85.63 bad
281.40 371 362.40 bad
84.60 42 339.26 bad
76.10 446 453.60 bad
53.70 1 31.11 bad
40.40 13 74.03 good
133.40 138 148.52 good
45.10 19 95.85 bad
17.00 33 1104.85 good
49.60 3 199.64 bad
108.60 21 55.29 good
54.40 10 59.06 bad
72.20 22 77.07 bad
34.80 2 204.65 bad
79.60 45 223.96 bad
7.30 5 758.93 bad
98.90 119 106.33 bad
390.00 180 259.41 good
49.30 16 393.48 bad
39.60 8 344.01 good
131.20 94 65.93 bad
144.70 193 599.56 bad
183.00 3 87.78 bad
40.80 22 188.48 bad
30.00 3 116.65 bad
87.20 55 51.21 good
129.90 53 249.84 bad
315.30 321 118.81 good
50.40 4 25.57 bad
126.20 218 191.97 good
116.50 141 444.03 good
90.50 121 288.02 bad
63.70 57 299.63 good
99.00 4 128.84 bad
34.10 100 282.28 good
22.20 7 198.40 good
170.60 558 391.57 good
59.90 8 297.05 bad
219.60 65 286.97 bad
78.10 39 65.28 good
21.40 6 664.54 bad
150.50 5 92.39 bad
310.00 188 72.91 bad
446.50 1586 1238.93 good
101.10 34 170.95 bad
31.70 218 875.52 bad
119.20 76 125.49 bad
92.20 112 387.39 bad
85.80 15 75.21 good
145.90 14 102.63 bad
79.20 126 313.76 bad
153.40 32 502.72 good
223.00 57 101.09 good
34.20 146 319.05 good
322.80 510 209.65 good
195.70 5 58.14 good
179.50 168 176.74 good
335.20 293 234.30 bad
72.70 9 63.17 bad
130.30 206 304.97 good
43.40 7 361.68 bad
518.00 365 364.52 good
177.70 42 86.23 bad
319.70 103 97.95 bad
62.30 28 909.70 bad
477.20 710 402.15 good
154.00 26 40.59 good
209.90 54 9.99 bad
382.10 178 113.50 good
44.60 5 158.29 bad
163.50 12 62.68 good
73.20 50 105.28 good