BookWordCount BookScore Mode Class
96
0 2 3 7 8 9 12 14 15 19 21 23 24 27 28 32 33 34 36 37 38 39 40 41 42 43 44 46 48 49 51 52 53 54 55 57 60 61 63 64 67 71 73 74 75 77 81 82 83 84 85 86 87 88 90 91 92 93 95 96 97 98 99 100 103 105 106 111 112 113 116 117 118 119 123 124 125 126 128 129 130 131 132 134 135 138 140 141 142 144 145 146 149 150 151 153
177.20 6.4 8.00 good
48.30 6.4 6.00 bad
52.30 6.4 8.00 bad
38.90 5.8 6.00 bad
143.50 6.5 6.00 bad
21.30 5.4 8.00 bad
21.80 6.0 6.00 bad
123.80 5.9 2.00 good
257.20 6.6 6.00 bad
122.40 6.7 10.00 bad
74.10 4.6 4.00 bad
122.20 4.7 4.00 good
74.80 5.5 6.00 bad
147.20 4.5 2.00 good
53.00 7.2 8.00 bad
51.10 6.8 8.00 bad
178.90 6.1 6.00 good
154.60 5.1 6.00 bad
87.00 6.7 8.00 bad
51.30 7.8 8.00 bad
80.20 5.9 4.00 bad
22.80 3.5 2.00 bad
153.10 6.7 8.00 good
168.40 6.7 6.00 good
300.10 5.4 2.00 bad
74.40 5.1 2.00 good
296.80 5.4 2.00 good
123.50 7.1 8.00 good
281.40 6.8 8.00 bad
44.50 5.9 6.00 bad
84.60 5.9 6.00 bad
76.10 7.9 10.00 bad
53.70 4.0 2.00 bad
13.00 7.0 6.00 good
106.40 5.6 6.00 bad
293.40 6.2 8.00 bad
45.10 6.2 10.00 bad
17.00 7.5 8.00 good
108.60 6.2 2.00 good
54.40 4.4 2.00 bad
16.80 7.6 10.00 good
98.90 6.1 8.00 bad
68.60 6.8 8.00 bad
49.30 6.1 6.00 bad
39.60 6.4 6.00 good
1070.70 7.6 10.00 bad
87.70 5.8 6.00 bad
183.00 5.6 4.00 bad
40.80 6.6 6.00 bad
30.00 5.9 6.00 bad
87.20 5.2 2.00 good
129.90 7.0 6.00 bad
112.10 6.4 10.00 bad
315.30 6.7 10.00 good
50.40 4.0 2.00 bad
126.20 7.2 10.00 good
116.50 7.8 10.00 good
90.50 6.9 8.00 bad
99.00 5.5 6.00 bad
34.10 6.7 8.00 good
22.20 6.5 8.00 good
170.60 7.3 8.00 good
181.90 6.5 6.00 bad
59.90 7.0 6.00 bad
21.40 6.6 6.00 bad
198.70 7.4 8.00 good
64.40 6.0 6.00 good
148.90 5.8 8.00 good
107.80 5.4 6.00 bad
247.80 6.1 6.00 bad
118.30 6.0 6.00 good
59.10 5.5 6.00 bad
92.20 6.5 6.00 bad
427.70 7.3 8.00 good
153.40 7.0 6.00 good
223.00 5.6 6.00 good
65.70 8.9 10.00 good
89.70 6.4 10.00 good
296.70 6.5 10.00 good
322.80 7.3 10.00 good
46.30 5.7 6.00 bad
195.70 4.4 4.00 good
237.20 6.4 8.00 good
179.50 6.5 8.00 good
335.20 7.0 8.00 bad
212.90 5.7 2.00 bad
43.40 6.4 8.00 bad
25.10 6.9 8.00 bad
518.00 7.8 10.00 good
319.70 5.4 6.00 bad
62.30 6.7 6.00 bad
477.20 7.0 8.00 good
382.10 6.0 8.00 good
44.60 6.1 6.00 bad
93.00 6.8 10.00 bad
73.20 5.7 6.00 good