ThreeStarRate Mode Kurtosis Class
105
2 3 4 5 6 7 8 10 11 16 19 20 21 22 23 24 27 29 30 32 33 34 35 36 37 38 40 41 44 45 47 48 49 50 52 54 55 56 58 59 64 65 66 68 70 71 72 73 76 78 79 80 81 82 83 85 86 87 88 89 92 93 95 97 98 99 100 101 102 103 104 106 107 108 109 110 111 114 115 117 119 121 123 124 125 130 132 133 135 136 137 138 139 140 141 142 144 145 147 148 149 150 151 152 153
0.40 6.00 267.71 bad
0.27 8.00 155.27 bad
0.33 6.00 113.07 bad
0.26 6.00 93.52 good
0.21 2.00 75.15 good
0.48 6.00 181.37 bad
0.30 6.00 196.73 bad
0.23 8.00 143.84 bad
0.40 6.00 491.68 bad
0.23 6.00 87.54 good
0.22 10.00 181.41 bad
0.15 2.00 48.29 good
0.16 4.00 66.70 bad
0.40 6.00 468.11 bad
0.28 4.00 78.49 good
0.36 6.00 114.10 bad
0.21 2.00 40.03 good
0.22 10.00 194.89 good
0.32 6.00 80.73 bad
0.31 8.00 404.81 bad
0.29 6.00 163.05 good
0.39 6.00 192.82 bad
0.18 2.00 41.11 good
0.23 8.00 203.97 bad
0.20 8.00 948.64 bad
0.27 4.00 172.89 bad
0.24 8.00 227.23 good
0.34 6.00 389.04 good
0.11 2.00 29.34 good
0.30 6.00 135.14 bad
0.20 4.00 85.63 bad
0.33 8.00 362.40 bad
0.39 6.00 155.38 bad
0.32 6.00 119.73 good
0.15 10.00 453.60 bad
0.33 6.00 245.77 good
0.33 6.00 182.02 bad
0.32 6.00 74.03 good
0.14 10.00 256.16 good
0.21 10.00 148.52 good
0.21 2.00 59.06 bad
0.31 6.00 77.07 bad
0.43 6.00 204.65 bad
0.25 8.00 223.96 bad
0.04 2.00 49.13 bad
0.25 8.00 106.33 bad
0.26 10.00 259.41 good
0.22 8.00 278.58 bad
0.15 8.00 159.36 good
0.33 6.00 147.32 bad
0.26 2.00 65.93 bad
0.13 10.00 599.56 bad
0.54 6.00 173.53 bad
0.20 4.00 87.78 bad
0.28 6.00 188.48 bad
0.15 2.00 51.21 good
0.30 6.00 249.84 bad
0.23 10.00 95.46 bad
0.18 10.00 118.81 good
0.27 8.00 208.64 bad
0.16 10.00 444.03 good
0.26 8.00 288.02 bad
0.46 6.00 128.84 bad
0.26 8.00 198.40 good
0.22 8.00 391.57 good
0.34 6.00 243.27 bad
0.34 6.00 297.05 bad
0.26 10.00 286.97 bad
0.26 2.00 65.28 good
0.50 6.00 664.54 bad
0.34 6.00 92.39 bad
0.27 6.00 114.14 good
0.15 10.00 72.91 bad
0.10 10.00 1238.93 good
0.36 6.00 170.95 bad
0.28 6.00 131.59 bad
0.26 8.00 113.09 good
0.09 10.00 875.52 bad
0.35 6.00 125.49 bad
0.45 6.00 132.92 bad
0.20 8.00 297.36 good
0.32 6.00 102.63 bad
0.37 6.00 502.72 good
0.29 6.00 101.09 good
0.08 10.00 1797.82 good
0.28 6.00 73.99 bad
0.25 8.00 212.10 good
0.33 8.00 194.01 bad
0.24 8.00 234.30 bad
0.32 6.00 63.17 bad
0.15 10.00 478.73 good
0.22 2.00 56.35 bad
0.24 8.00 304.97 good
0.07 8.00 361.68 bad
0.19 8.00 311.51 bad
0.15 10.00 364.52 good
0.27 6.00 97.95 bad
0.45 6.00 909.70 bad
0.19 2.00 40.59 good
0.04 2.00 9.99 bad
0.23 8.00 113.50 good
0.35 6.00 158.29 bad
0.16 10.00 105.22 bad
0.28 2.00 62.68 good
0.25 6.00 105.28 good