BookScore AddListCount Kurtosis Class
100
1 2 3 4 5 6 7 8 9 10 12 13 15 16 17 19 20 21 22 24 25 26 27 29 31 32 34 35 36 38 41 45 47 48 49 50 51 52 53 54 55 56 59 60 62 63 64 65 66 67 68 69 71 72 75 76 77 80 81 82 83 84 87 89 90 91 92 93 94 95 96 97 100 101 104 105 106 108 111 114 115 122 123 124 130 131 132 134 136 137 139 140 141 144 145 147 149 150 151 153
7.2 492 406.22 good
6.4 12 267.71 bad
6.4 38 155.27 bad
5.8 22 113.07 bad
5.6 122 93.52 good
6.0 42 75.15 good
5.8 8 181.37 bad
6.5 53 196.73 bad
5.4 14 110.48 bad
5.8 25 143.84 bad
6.0 12 114.51 bad
5.5 9 156.17 bad
6.6 204 188.48 bad
5.7 25 87.54 good
5.6 10 80.31 bad
6.7 70 181.41 bad
5.3 17 48.29 good
4.6 12 66.70 bad
6.5 61 468.11 bad
5.5 23 114.10 bad
4.8 2 28.01 bad
6.5 32 249.04 bad
4.5 31 40.03 good
7.1 68 194.89 good
5.8 6 211.54 good
6.8 111 404.81 bad
5.1 24 192.82 bad
5.5 254 41.11 good
6.7 63 203.97 bad
5.9 19 172.89 bad
6.7 289 389.04 good
5.8 93 135.14 bad
5.3 20 85.63 bad
6.8 371 362.40 bad
5.9 13 155.38 bad
5.3 7 119.73 good
5.9 42 339.26 bad
7.9 446 453.60 bad
4.0 1 31.11 bad
7.0 9 245.77 good
5.6 11 182.02 bad
5.3 13 74.03 good
6.5 138 148.52 good
6.2 19 95.85 bad
5.3 3 199.64 bad
6.2 21 55.29 good
4.4 10 59.06 bad
4.8 22 77.07 bad
5.9 2 204.65 bad
7.6 17 278.88 good
6.8 45 223.96 bad
7.4 5 758.93 bad
6.1 119 106.33 bad
7.3 180 259.41 good
6.4 8 344.01 good
6.8 110 159.36 good
7.6 183 440.27 bad
8.3 193 599.56 bad
5.8 4 173.53 bad
5.6 3 87.78 bad
6.6 22 188.48 bad
5.9 3 116.65 bad
6.4 65 95.46 bad
6.4 49 208.64 bad
4.0 4 25.57 bad
7.2 218 191.97 good
7.8 141 444.03 good
6.9 121 288.02 bad
7.0 57 299.63 good
5.5 4 128.84 bad
6.7 100 282.28 good
6.5 7 198.40 good
7.0 8 297.05 bad
7.1 65 286.97 bad
4.9 5 92.39 bad
7.4 98 385.10 good
6.0 102 114.14 good
8.7 1586 1238.93 good
5.8 53 113.09 good
8.5 218 875.52 bad
5.5 76 125.49 bad
7.0 126 313.76 bad
7.0 32 502.72 good
5.6 57 101.09 good
5.7 11 73.99 bad
4.4 5 58.14 good
6.4 131 212.10 good
6.5 168 176.74 good
4.8 9 63.17 bad
7.8 303 478.73 good
7.0 206 304.97 good
6.4 7 361.68 bad
6.9 19 311.51 bad
5.4 103 97.95 bad
6.7 28 909.70 bad
3.9 26 40.59 good
6.0 178 113.50 good
6.1 5 158.29 bad
6.8 125 105.22 bad
5.7 50 105.28 good