TwoStarRate ThreeStarRate Mode Class
102
0 1 4 5 8 9 10 12 13 14 16 18 19 20 23 24 25 26 28 30 32 37 38 39 40 42 43 44 45 46 47 48 50 51 52 53 55 56 57 58 59 61 63 64 65 66 67 69 70 71 72 73 74 75 76 77 78 79 80 83 86 88 90 92 93 95 96 97 98 99 101 104 105 107 111 112 114 115 117 118 119 120 121 122 123 124 125 126 127 128 129 130 131 133 135 136 142 143 144 146 149 153
0.15 0.28 8.00 good
0.08 0.23 8.00 good
0.09 0.33 6.00 bad
0.20 0.26 6.00 good
0.16 0.30 6.00 bad
0.18 0.26 8.00 bad
0.26 0.23 8.00 bad
0.08 0.44 6.00 bad
0.24 0.39 6.00 bad
0.14 0.21 2.00 good
0.22 0.23 6.00 good
0.17 0.28 10.00 bad
0.18 0.22 10.00 bad
0.20 0.15 2.00 good
0.31 0.28 4.00 good
0.21 0.36 6.00 bad
0.20 0.20 2.00 bad
0.09 0.43 6.00 bad
0.11 0.25 8.00 bad
0.18 0.32 6.00 bad
0.09 0.31 8.00 bad
0.03 0.20 8.00 bad
0.35 0.27 4.00 bad
0.26 0.16 2.00 bad
0.12 0.24 8.00 good
0.17 0.26 2.00 bad
0.13 0.24 2.00 good
0.07 0.11 2.00 good
0.20 0.30 6.00 bad
0.07 0.19 8.00 good
0.28 0.20 4.00 bad
0.09 0.33 8.00 bad
0.28 0.32 6.00 good
0.30 0.37 6.00 bad
0.04 0.15 10.00 bad
0.33 0.14 2.00 bad
0.28 0.33 6.00 bad
0.20 0.32 6.00 good
0.07 0.21 8.00 bad
0.05 0.14 10.00 good
0.21 0.21 10.00 good
0.08 0.25 8.00 good
0.07 0.12 2.00 good
0.27 0.21 2.00 bad
0.28 0.31 6.00 bad
0.14 0.43 6.00 bad
0.06 0.16 10.00 good
0.05 0.26 8.00 bad
0.10 0.04 2.00 bad
0.12 0.25 8.00 bad
0.08 0.26 10.00 good
0.11 0.22 8.00 bad
0.22 0.36 6.00 bad
0.10 0.40 6.00 good
0.07 0.15 8.00 good
0.07 0.22 10.00 bad
0.10 0.33 6.00 bad
0.19 0.26 2.00 bad
0.03 0.13 10.00 bad
0.17 0.28 6.00 bad
0.03 0.30 6.00 bad
0.10 0.18 10.00 good
0.13 0.20 2.00 bad
0.04 0.16 10.00 good
0.08 0.26 8.00 bad
0.23 0.46 6.00 bad
0.11 0.28 8.00 good
0.03 0.26 8.00 good
0.08 0.22 8.00 good
0.12 0.34 6.00 bad
0.10 0.26 10.00 bad
0.31 0.34 6.00 bad
0.08 0.19 8.00 good
0.12 0.15 10.00 bad
0.16 0.26 8.00 good
0.20 0.30 6.00 bad
0.02 0.09 10.00 bad
0.19 0.35 6.00 bad
0.11 0.45 6.00 bad
0.11 0.39 6.00 bad
0.06 0.20 8.00 good
0.18 0.20 8.00 good
0.30 0.32 6.00 bad
0.10 0.28 8.00 bad
0.08 0.37 6.00 good
0.19 0.29 6.00 good
0.02 0.08 10.00 good
0.06 0.16 10.00 good
0.06 0.22 10.00 good
0.08 0.13 10.00 good
0.07 0.16 10.00 good
0.13 0.28 6.00 bad
0.41 0.13 4.00 good
0.13 0.33 8.00 bad
0.09 0.24 8.00 bad
0.24 0.32 6.00 bad
0.05 0.15 10.00 good
0.21 0.22 8.00 bad
0.25 0.27 6.00 bad
0.09 0.27 8.00 good
0.18 0.23 8.00 good
0.22 0.25 6.00 good