BookScore FourStarRate Mode Class
95
0 1 4 5 7 8 10 11 14 15 16 17 18 19 21 22 23 24 25 26 27 30 31 36 37 38 39 44 45 47 48 49 51 52 53 56 57 59 61 62 65 69 71 72 73 74 75 76 78 79 80 81 82 83 84 85 88 89 93 94 96 98 102 103 105 106 109 110 113 114 115 116 117 119 121 122 124 125 126 127 128 129 130 134 135 136 138 139 141 142 146 147 148 150 153
6.4 0.30 8.00 good
7.2 0.36 8.00 good
5.8 0.25 6.00 bad
5.6 0.21 6.00 good
5.8 0.11 6.00 bad
6.5 0.22 6.00 bad
5.8 0.27 8.00 bad
6.9 0.32 6.00 bad
5.9 0.19 2.00 good
6.6 0.25 6.00 bad
5.7 0.20 6.00 good
5.6 0.23 8.00 bad
6.5 0.14 10.00 bad
6.7 0.22 10.00 bad
4.6 0.14 4.00 bad
6.5 0.28 6.00 bad
4.7 0.08 4.00 good
5.5 0.13 6.00 bad
4.8 0.00 2.00 bad
6.5 0.18 6.00 bad
4.5 0.15 2.00 good
5.4 0.14 6.00 bad
5.8 0.19 6.00 good
6.7 0.34 8.00 bad
7.8 0.44 8.00 bad
5.9 0.17 4.00 bad
3.5 0.05 2.00 bad
5.4 0.16 2.00 good
5.8 0.23 6.00 bad
5.3 0.22 4.00 bad
6.8 0.33 8.00 bad
5.9 0.23 6.00 bad
5.9 0.21 6.00 bad
7.9 0.30 10.00 bad
4.0 0.00 2.00 bad
5.3 0.10 6.00 good
6.2 0.29 8.00 bad
6.5 0.21 10.00 good
7.5 0.44 8.00 good
5.3 0.34 4.00 bad
4.8 0.07 6.00 bad
7.4 0.42 8.00 bad
6.1 0.25 8.00 bad
7.3 0.20 10.00 good
6.8 0.39 8.00 bad
6.1 0.31 6.00 bad
6.4 0.30 6.00 good
6.8 0.36 8.00 good
6.2 0.24 6.00 bad
5.2 0.17 2.00 bad
8.3 0.19 10.00 bad
5.8 0.08 6.00 bad
5.6 0.05 4.00 bad
6.6 0.22 6.00 bad
5.9 0.19 6.00 bad
5.2 0.24 2.00 good
6.7 0.23 10.00 good
6.4 0.28 8.00 bad
6.9 0.34 8.00 bad
7.0 0.33 8.00 good
6.7 0.33 8.00 good
7.3 0.33 8.00 good
5.3 0.21 2.00 good
6.6 0.26 6.00 bad
7.4 0.33 8.00 good
6.0 0.24 6.00 good
6.0 0.24 6.00 bad
5.8 0.24 6.00 bad
6.1 0.21 6.00 bad
8.5 0.23 10.00 bad
5.5 0.19 6.00 bad
6.0 0.12 6.00 good
5.5 0.14 6.00 bad
7.3 0.33 8.00 good
4.5 0.08 6.00 bad
7.0 0.29 8.00 bad
5.6 0.20 6.00 good
8.9 0.20 10.00 good
6.4 0.21 10.00 good
7.4 0.26 10.00 good
6.5 0.23 10.00 good
7.3 0.26 10.00 good
5.7 0.16 6.00 bad
6.5 0.34 8.00 good
7.0 0.29 8.00 bad
4.8 0.05 6.00 bad
5.7 0.19 2.00 bad
7.0 0.36 8.00 good
6.9 0.49 8.00 bad
7.8 0.24 10.00 good
7.0 0.37 8.00 good
3.9 0.09 2.00 good
3.3 0.06 2.00 bad
6.1 0.20 6.00 bad
5.7 0.22 6.00 good