FiveStarRate Median Kurtosis Class
99
0 1 2 3 4 5 6 7 8 10 14 16 17 18 20 21 22 23 24 26 27 28 31 33 34 36 37 38 40 41 42 46 47 48 50 51 53 55 56 57 59 61 62 63 64 67 69 70 71 72 75 76 77 78 79 80 83 84 85 86 87 89 90 91 93 95 96 98 99 100 102 104 106 107 110 111 114 115 117 119 123 124 125 126 127 132 133 134 136 138 139 140 141 143 144 149 150 152 153
0.15 6.00 200.91 good
0.25 8.00 406.22 good
0.15 6.00 267.71 bad
0.18 6.00 155.27 bad
0.10 6.00 113.07 bad
0.12 6.00 93.52 good
0.23 6.00 75.15 good
0.11 6.00 181.37 bad
0.21 6.00 196.73 bad
0.09 6.00 143.84 bad
0.20 6.00 68.44 good
0.14 6.00 87.54 good
0.12 6.00 80.31 bad
0.28 6.00 137.29 bad
0.13 4.00 48.29 good
0.04 4.00 66.70 bad
0.11 6.00 468.11 bad
0.06 4.00 78.49 good
0.11 6.00 114.10 bad
0.19 6.00 249.04 bad
0.05 4.00 40.03 good
0.27 8.00 418.19 bad
0.09 6.00 211.54 good
0.15 6.00 163.05 good
0.03 6.00 192.82 bad
0.19 8.00 203.97 bad
0.28 8.00 948.64 bad
0.13 6.00 172.89 bad
0.19 8.00 227.23 good
0.17 6.00 389.04 good
0.11 6.00 74.29 bad
0.27 8.00 218.67 good
0.08 4.00 85.63 bad
0.17 6.00 362.40 bad
0.07 6.00 119.73 good
0.07 6.00 339.26 bad
0.10 4.00 31.11 bad
0.06 6.00 182.02 bad
0.13 6.00 74.03 good
0.18 6.00 94.54 bad
0.25 6.00 148.52 good
0.21 8.00 1104.85 good
0.00 4.00 199.64 bad
0.30 6.00 55.29 good
0.02 4.00 59.06 bad
0.42 8.00 278.88 good
0.21 8.00 758.93 bad
0.20 8.00 49.13 bad
0.17 6.00 106.33 bad
0.35 8.00 259.41 good
0.10 6.00 344.01 good
0.24 8.00 159.36 good
0.37 8.00 440.27 bad
0.16 6.00 147.32 bad
0.10 6.00 65.93 bad
0.58 10.00 599.56 bad
0.22 6.00 188.48 bad
0.14 6.00 116.65 bad
0.10 4.00 51.21 good
0.26 8.00 249.84 bad
0.27 6.00 95.46 bad
0.17 6.00 208.64 bad
0.07 2.00 25.57 bad
0.34 8.00 191.97 good
0.21 8.00 288.02 bad
0.15 6.00 128.84 bad
0.17 8.00 282.28 good
0.29 8.00 391.57 good
0.17 6.00 243.27 bad
0.25 8.00 297.05 bad
0.08 6.00 65.28 good
0.09 4.00 92.39 bad
0.16 6.00 114.14 good
0.31 6.00 72.91 bad
0.10 6.00 131.59 bad
0.12 6.00 113.09 good
0.60 10.00 875.52 bad
0.07 6.00 125.49 bad
0.09 6.00 132.92 bad
0.29 8.00 297.36 good
0.20 6.00 502.72 good
0.11 6.00 101.09 good
0.67 10.00 1797.82 good
0.30 8.00 76.64 good
0.36 8.00 319.05 good
0.13 6.00 212.10 good
0.04 6.00 194.01 bad
0.18 8.00 176.74 good
0.09 4.00 63.17 bad
0.18 6.00 56.35 bad
0.22 8.00 304.97 good
0.05 8.00 361.68 bad
0.15 8.00 311.51 bad
0.10 6.00 86.23 bad
0.09 6.00 97.95 bad
0.15 6.00 113.50 good
0.15 6.00 158.29 bad
0.09 6.00 62.68 good
0.12 6.00 105.28 good