BookWordCount FiveStarRate Kurtosis Class
96
2 4 5 6 8 10 11 12 15 16 17 19 20 21 22 24 25 26 27 30 32 34 36 37 39 40 42 43 44 45 47 48 50 52 53 55 56 58 61 62 63 64 65 69 72 74 77 78 79 82 83 84 86 88 89 90 91 92 93 94 96 99 100 101 102 105 107 109 110 112 117 118 119 120 122 123 124 126 127 128 129 130 131 132 134 136 138 139 140 141 143 145 146 148 150 153
48.30 0.15 267.71 bad
139.00 0.10 113.07 bad
158.50 0.12 93.52 good
59.60 0.23 75.15 good
143.50 0.21 196.73 bad
82.50 0.09 143.84 bad
13.40 0.16 491.68 bad
21.80 0.20 114.51 bad
257.20 0.23 188.48 bad
135.80 0.14 87.54 good
33.60 0.12 80.31 bad
122.40 0.28 181.41 bad
82.30 0.13 48.29 good
74.10 0.04 66.70 bad
77.70 0.11 468.11 bad
74.80 0.11 114.10 bad
35.90 0.20 28.01 bad
62.70 0.19 249.04 bad
147.20 0.05 40.03 good
150.70 0.11 80.73 bad
51.10 0.13 404.81 bad
154.60 0.03 192.82 bad
87.00 0.19 203.97 bad
51.30 0.28 948.64 bad
22.80 0.00 53.89 bad
153.10 0.19 227.23 good
300.10 0.11 74.29 bad
74.40 0.14 44.83 good
296.80 0.23 29.34 good
380.50 0.10 135.14 bad
49.70 0.08 85.63 bad
281.40 0.17 362.40 bad
51.90 0.07 119.73 good
76.10 0.42 453.60 bad
53.70 0.10 31.11 bad
106.40 0.06 182.02 bad
40.40 0.13 74.03 good
63.50 0.37 256.16 good
17.00 0.21 1104.85 good
49.60 0.00 199.64 bad
108.60 0.30 55.29 good
54.40 0.02 59.06 bad
72.20 0.07 77.07 bad
7.30 0.21 758.93 bad
390.00 0.35 259.41 good
49.30 0.04 393.48 bad
1070.70 0.37 440.27 bad
70.00 0.16 147.32 bad
131.20 0.10 65.93 bad
183.00 0.22 87.78 bad
40.80 0.22 188.48 bad
30.00 0.14 116.65 bad
129.90 0.26 249.84 bad
315.30 0.30 118.81 good
153.20 0.17 208.64 bad
50.40 0.07 25.57 bad
126.20 0.34 191.97 good
116.50 0.42 444.03 good
90.50 0.21 288.02 bad
63.70 0.23 299.63 good
34.10 0.17 282.28 good
181.90 0.17 243.27 bad
59.90 0.25 297.05 bad
219.60 0.27 286.97 bad
78.10 0.08 65.28 good
198.70 0.31 385.10 good
310.00 0.31 72.91 bad
101.10 0.10 170.95 bad
133.50 0.10 131.59 bad
107.80 0.11 84.03 bad
59.10 0.09 132.92 bad
92.20 0.11 387.39 bad
427.70 0.29 297.36 good
85.80 0.11 75.21 good
79.20 0.25 313.76 bad
153.40 0.20 502.72 good
223.00 0.11 101.09 good
89.70 0.30 76.64 good
34.20 0.36 319.05 good
296.70 0.31 82.37 good
322.80 0.37 209.65 good
46.30 0.17 73.99 bad
195.70 0.06 58.14 good
237.20 0.13 212.10 good
179.50 0.18 176.74 good
72.70 0.09 63.17 bad
212.90 0.18 56.35 bad
130.30 0.22 304.97 good
43.40 0.05 361.68 bad
25.10 0.15 311.51 bad
177.70 0.10 86.23 bad
62.30 0.08 909.70 bad
477.20 0.19 402.15 good
209.90 0.08 9.99 bad
44.60 0.15 158.29 bad
73.20 0.12 105.28 good