BookWordCount TwoStarRate Kurtosis Class
100
0 1 2 3 5 8 10 13 14 15 16 17 18 19 22 24 25 26 27 28 29 30 31 32 33 34 35 36 37 38 39 40 41 43 45 46 48 50 51 53 55 56 58 60 64 66 68 69 70 71 72 75 76 77 78 80 81 84 85 88 89 92 94 95 96 98 101 103 104 106 107 108 110 112 113 114 116 119 120 121 122 123 124 125 127 128 130 132 133 134 135 136 137 139 142 146 148 149 151 153
177.20 0.15 200.91 good
289.90 0.08 406.22 good
48.30 0.10 267.71 bad
52.30 0.12 155.27 bad
158.50 0.20 93.52 good
143.50 0.16 196.73 bad
82.50 0.26 143.84 bad
27.50 0.24 156.17 bad
123.80 0.14 68.44 good
257.20 0.13 188.48 bad
135.80 0.22 87.54 good
33.60 0.22 80.31 bad
24.10 0.17 137.29 bad
122.40 0.18 181.41 bad
77.70 0.15 468.11 bad
74.80 0.21 114.10 bad
35.90 0.20 28.01 bad
62.70 0.09 249.04 bad
147.20 0.17 40.03 good
53.00 0.11 418.19 bad
233.90 0.10 194.89 good
150.70 0.18 80.73 bad
78.00 0.30 211.54 good
51.10 0.09 404.81 bad
178.90 0.20 163.05 good
154.60 0.30 192.82 bad
713.10 0.12 41.11 good
87.00 0.10 203.97 bad
51.30 0.03 948.64 bad
80.20 0.35 172.89 bad
22.80 0.26 53.89 bad
153.10 0.12 227.23 good
168.40 0.14 389.04 good
74.40 0.13 44.83 good
380.50 0.20 135.14 bad
123.50 0.07 218.67 good
281.40 0.09 362.40 bad
51.90 0.28 119.73 good
84.60 0.30 339.26 bad
53.70 0.33 31.11 bad
106.40 0.28 182.02 bad
40.40 0.20 74.03 good
63.50 0.05 256.16 good
45.10 0.21 95.85 bad
54.40 0.27 59.06 bad
34.80 0.14 204.65 bad
79.60 0.11 223.96 bad
7.30 0.05 758.93 bad
55.40 0.10 49.13 bad
98.90 0.12 106.33 bad
390.00 0.08 259.41 good
39.60 0.10 344.01 good
46.20 0.07 159.36 good
1070.70 0.07 440.27 bad
70.00 0.10 147.32 bad
144.70 0.03 599.56 bad
87.70 0.08 173.53 bad
30.00 0.14 116.65 bad
87.20 0.19 51.21 good
315.30 0.10 118.81 good
153.20 0.17 208.64 bad
116.50 0.04 444.03 good
63.70 0.11 299.63 good
99.00 0.23 128.84 bad
34.10 0.11 282.28 good
170.60 0.08 391.57 good
219.60 0.10 286.97 bad
21.40 0.08 664.54 bad
150.50 0.31 92.39 bad
64.40 0.14 114.14 good
310.00 0.12 72.91 bad
446.50 0.02 1238.93 good
133.50 0.21 131.59 bad
107.80 0.20 84.03 bad
247.80 0.13 164.81 bad
31.70 0.02 875.52 bad
118.30 0.12 138.45 good
427.70 0.06 297.36 good
85.80 0.18 75.21 good
145.90 0.30 102.63 bad
79.20 0.10 313.76 bad
153.40 0.08 502.72 good
223.00 0.19 101.09 good
65.70 0.02 1797.82 good
34.20 0.06 319.05 good
296.70 0.08 82.37 good
46.30 0.13 73.99 bad
237.20 0.14 212.10 good
145.80 0.13 194.01 bad
179.50 0.12 176.74 good
335.20 0.09 234.30 bad
72.70 0.24 63.17 bad
448.70 0.05 478.73 good
130.30 0.07 304.97 good
518.00 0.05 364.52 good
477.20 0.09 402.15 good
209.90 0.03 9.99 bad
382.10 0.18 113.50 good
93.00 0.07 105.22 bad
73.20 0.22 105.28 good