FourStarRate FiveStarRate Kurtosis Class
87
0 1 2 4 6 9 11 13 14 15 16 17 18 20 21 22 25 27 30 32 34 35 36 38 39 40 41 44 46 51 52 54 55 58 59 60 61 65 66 68 70 71 72 73 74 75 79 81 82 84 86 88 90 91 92 93 96 98 99 101 102 105 106 107 109 110 113 114 116 121 124 127 128 131 132 133 134 135 137 140 142 143 144 145 147 148 149
0.30 0.15 200.91 good
0.36 0.25 406.22 good
0.24 0.15 267.71 bad
0.25 0.10 113.07 bad
0.18 0.23 75.15 good
0.30 0.02 110.48 bad
0.32 0.16 491.68 bad
0.13 0.09 156.17 bad
0.19 0.20 68.44 good
0.25 0.23 188.48 bad
0.20 0.14 87.54 good
0.23 0.12 80.31 bad
0.14 0.28 137.29 bad
0.20 0.13 48.29 good
0.14 0.04 66.70 bad
0.28 0.11 468.11 bad
0.00 0.20 28.01 bad
0.15 0.05 40.03 good
0.14 0.11 80.73 bad
0.39 0.13 404.81 bad
0.13 0.03 192.82 bad
0.14 0.21 41.11 good
0.34 0.19 203.97 bad
0.17 0.13 172.89 bad
0.05 0.00 53.89 bad
0.33 0.19 227.23 good
0.29 0.17 389.04 good
0.16 0.23 29.34 good
0.33 0.27 218.67 good
0.21 0.07 339.26 bad
0.30 0.42 453.60 bad
0.21 0.29 245.77 good
0.20 0.06 182.02 bad
0.30 0.37 256.16 good
0.21 0.25 148.52 good
0.20 0.23 95.85 bad
0.44 0.21 1104.85 good
0.07 0.07 77.07 bad
0.19 0.10 204.65 bad
0.30 0.22 223.96 bad
0.32 0.20 49.13 bad
0.25 0.17 106.33 bad
0.20 0.35 259.41 good
0.39 0.17 278.58 bad
0.31 0.04 393.48 bad
0.30 0.10 344.01 good
0.17 0.10 65.93 bad
0.08 0.13 173.53 bad
0.05 0.22 87.78 bad
0.19 0.14 116.65 bad
0.27 0.26 249.84 bad
0.23 0.30 118.81 good
0.07 0.07 25.57 bad
0.28 0.34 191.97 good
0.29 0.42 444.03 good
0.34 0.21 288.02 bad
0.33 0.17 282.28 good
0.33 0.29 391.57 good
0.26 0.17 243.27 bad
0.27 0.27 286.97 bad
0.21 0.08 65.28 good
0.33 0.31 385.10 good
0.24 0.16 114.14 good
0.17 0.31 72.91 bad
0.24 0.10 170.95 bad
0.24 0.10 131.59 bad
0.21 0.14 164.81 bad
0.23 0.60 875.52 bad
0.12 0.17 138.45 good
0.08 0.02 102.63 bad
0.20 0.11 101.09 good
0.26 0.36 319.05 good
0.23 0.31 82.37 good
0.11 0.06 58.14 good
0.35 0.13 212.10 good
0.33 0.04 194.01 bad
0.34 0.18 176.74 good
0.29 0.26 234.30 bad
0.33 0.38 478.73 good
0.54 0.05 361.68 bad
0.24 0.46 364.52 good
0.24 0.10 86.23 bad
0.18 0.09 97.95 bad
0.33 0.08 909.70 bad
0.09 0.02 40.59 good
0.06 0.08 9.99 bad
0.26 0.15 113.50 good