BookWordCount ThreeStarRate FourStarRate Class
94
1 2 3 4 6 7 8 9 10 11 15 18 20 21 23 25 26 27 30 31 32 33 35 36 37 38 39 42 43 44 48 55 56 57 58 60 61 66 70 73 74 75 77 78 80 81 84 85 87 88 89 92 93 94 95 96 97 98 99 100 101 102 103 106 107 108 109 110 112 113 114 115 116 120 122 123 125 128 129 130 131 133 134 136 137 138 142 144 145 146 150 151 152 153
289.90 0.23 0.36 good
48.30 0.40 0.24 bad
52.30 0.27 0.27 bad
139.00 0.33 0.25 bad
59.60 0.21 0.18 good
38.90 0.48 0.11 bad
143.50 0.30 0.22 bad
21.30 0.26 0.30 bad
82.50 0.23 0.27 bad
13.40 0.40 0.32 bad
257.20 0.27 0.25 bad
24.10 0.28 0.14 bad
82.30 0.15 0.20 good
74.10 0.16 0.14 bad
122.20 0.28 0.08 good
35.90 0.20 0.00 bad
62.70 0.43 0.18 bad
147.20 0.21 0.15 good
150.70 0.32 0.14 bad
78.00 0.33 0.19 good
51.10 0.31 0.39 bad
178.90 0.29 0.23 good
713.10 0.18 0.14 good
87.00 0.23 0.34 bad
51.30 0.20 0.44 bad
80.20 0.27 0.17 bad
22.80 0.16 0.05 bad
300.10 0.26 0.20 bad
74.40 0.24 0.14 good
296.80 0.11 0.16 good
281.40 0.33 0.33 bad
106.40 0.33 0.20 bad
40.40 0.32 0.10 good
293.40 0.21 0.29 bad
63.50 0.14 0.30 good
45.10 0.18 0.20 bad
17.00 0.25 0.44 good
34.80 0.43 0.19 bad
55.40 0.04 0.32 bad
68.60 0.22 0.39 bad
49.30 0.36 0.31 bad
39.60 0.40 0.30 good
1070.70 0.22 0.27 bad
70.00 0.33 0.24 bad
144.70 0.13 0.19 bad
87.70 0.54 0.08 bad
30.00 0.33 0.19 bad
87.20 0.15 0.24 good
112.10 0.23 0.19 bad
315.30 0.18 0.23 good
153.20 0.27 0.28 bad
116.50 0.16 0.29 good
90.50 0.26 0.34 bad
63.70 0.23 0.33 good
99.00 0.46 0.00 bad
34.10 0.28 0.33 good
22.20 0.26 0.40 good
170.60 0.22 0.33 good
181.90 0.34 0.26 bad
59.90 0.34 0.27 bad
219.60 0.26 0.27 bad
78.10 0.26 0.21 good
21.40 0.50 0.26 bad
64.40 0.27 0.24 good
310.00 0.15 0.17 bad
446.50 0.10 0.20 good
101.10 0.36 0.24 bad
133.50 0.28 0.24 bad
107.80 0.30 0.15 bad
247.80 0.36 0.21 bad
31.70 0.09 0.23 bad
119.20 0.35 0.19 bad
118.30 0.42 0.12 good
85.80 0.20 0.25 good
79.20 0.28 0.29 bad
153.40 0.37 0.30 good
65.70 0.08 0.20 good
296.70 0.13 0.23 good
322.80 0.16 0.26 good
46.30 0.28 0.16 bad
195.70 0.13 0.11 good
145.80 0.33 0.33 bad
179.50 0.21 0.34 good
72.70 0.32 0.05 bad
448.70 0.15 0.33 good
212.90 0.22 0.19 bad
518.00 0.15 0.24 good
319.70 0.27 0.18 bad
62.30 0.45 0.33 bad
477.20 0.27 0.37 good
44.60 0.35 0.20 bad
93.00 0.16 0.19 bad
163.50 0.28 0.14 good
73.20 0.25 0.22 good