TwoStarRate FourStarRate Median Class
91
0 1 3 6 7 8 9 10 11 14 19 20 22 24 26 29 30 32 33 34 35 36 38 39 41 44 46 49 51 56 57 58 59 61 62 63 65 67 68 69 70 72 73 75 76 77 79 80 81 84 86 87 88 91 92 94 96 97 98 99 100 102 103 104 106 112 113 114 115 116 117 118 120 121 122 125 129 130 131 134 139 140 142 143 145 146 147 149 150 152 153
0.15 0.30 6.00 good
0.08 0.36 8.00 good
0.12 0.27 6.00 bad
0.14 0.18 6.00 good
0.15 0.11 6.00 bad
0.16 0.22 6.00 bad
0.18 0.30 6.00 bad
0.26 0.27 6.00 bad
0.04 0.32 6.00 bad
0.14 0.19 6.00 good
0.18 0.22 6.00 bad
0.20 0.20 4.00 good
0.15 0.28 6.00 bad
0.21 0.13 6.00 bad
0.09 0.18 6.00 bad
0.10 0.20 8.00 good
0.18 0.14 6.00 bad
0.09 0.39 8.00 bad
0.20 0.23 6.00 good
0.30 0.13 6.00 bad
0.12 0.14 6.00 good
0.10 0.34 8.00 bad
0.35 0.17 6.00 bad
0.26 0.05 2.00 bad
0.14 0.29 6.00 good
0.07 0.16 4.00 good
0.07 0.33 8.00 good
0.10 0.23 6.00 bad
0.30 0.21 6.00 bad
0.20 0.10 6.00 good
0.07 0.29 6.00 bad
0.05 0.30 8.00 good
0.21 0.21 6.00 good
0.08 0.44 8.00 good
0.50 0.34 4.00 bad
0.07 0.20 6.00 good
0.28 0.07 4.00 bad
0.06 0.25 8.00 good
0.11 0.30 8.00 bad
0.05 0.42 8.00 bad
0.10 0.32 8.00 bad
0.08 0.20 8.00 good
0.11 0.39 8.00 bad
0.10 0.30 6.00 good
0.07 0.36 8.00 good
0.07 0.27 8.00 bad
0.19 0.17 6.00 bad
0.03 0.19 10.00 bad
0.08 0.08 6.00 bad
0.14 0.19 6.00 bad
0.03 0.27 8.00 bad
0.09 0.19 6.00 bad
0.10 0.23 8.00 good
0.08 0.28 8.00 good
0.04 0.29 8.00 good
0.11 0.33 8.00 good
0.11 0.33 8.00 good
0.03 0.40 8.00 good
0.08 0.33 8.00 good
0.12 0.26 6.00 bad
0.02 0.27 8.00 bad
0.14 0.21 6.00 good
0.08 0.26 6.00 bad
0.31 0.04 4.00 bad
0.14 0.24 6.00 good
0.20 0.15 6.00 bad
0.13 0.21 6.00 bad
0.02 0.23 10.00 bad
0.19 0.19 6.00 bad
0.12 0.12 6.00 good
0.11 0.14 6.00 bad
0.11 0.30 6.00 bad
0.18 0.25 6.00 good
0.30 0.08 4.00 bad
0.10 0.29 8.00 bad
0.02 0.20 10.00 good
0.07 0.26 8.00 good
0.13 0.16 6.00 bad
0.41 0.11 4.00 good
0.12 0.34 8.00 good
0.07 0.36 8.00 good
0.30 0.54 8.00 bad
0.05 0.24 8.00 good
0.21 0.24 6.00 bad
0.10 0.33 6.00 bad
0.09 0.37 8.00 good
0.22 0.09 4.00 good
0.18 0.26 6.00 good
0.15 0.20 6.00 bad
0.19 0.14 6.00 good
0.22 0.22 6.00 good