BookScoreCount TwoStarRate Kurtosis Class
93
1 2 3 7 9 10 11 16 19 20 23 24 26 28 30 31 32 33 35 36 37 39 43 44 46 48 50 52 53 54 56 58 59 61 62 64 66 67 69 70 72 73 74 75 76 80 81 83 84 86 87 89 90 91 93 94 96 97 100 101 102 104 106 108 109 110 111 112 114 115 116 117 118 119 120 122 124 125 126 127 129 131 132 135 138 139 140 142 144 146 148 149 152
967 0.08 406.22 good
47 0.10 267.71 bad
129 0.12 155.27 bad
27 0.15 181.37 bad
51 0.18 110.48 bad
78 0.26 143.84 bad
51 0.04 491.68 bad
119 0.22 87.54 good
250 0.18 181.41 bad
112 0.20 48.29 good
116 0.31 78.49 good
70 0.21 114.10 bad
100 0.09 249.04 bad
263 0.11 418.19 bad
29 0.18 80.73 bad
44 0.30 211.54 good
292 0.09 404.81 bad
192 0.20 163.05 good
1909 0.12 41.11 good
223 0.10 203.97 bad
216 0.03 948.64 bad
20 0.26 53.89 bad
81 0.13 44.83 good
1885 0.07 29.34 good
108 0.07 218.67 good
1248 0.09 362.40 bad
29 0.28 119.73 good
1780 0.04 453.60 bad
22 0.33 31.11 bad
43 0.05 245.77 good
80 0.20 74.03 good
461 0.05 256.16 good
484 0.21 148.52 good
86 0.08 1104.85 good
13 0.50 199.64 bad
45 0.27 59.06 bad
21 0.14 204.65 bad
90 0.06 278.88 good
20 0.05 758.93 bad
51 0.10 49.13 bad
956 0.08 259.41 good
19 0.11 278.58 bad
46 0.22 393.48 bad
21 0.10 344.01 good
429 0.07 159.36 good
714 0.03 599.56 bad
25 0.08 173.53 bad
104 0.17 188.48 bad
21 0.14 116.65 bad
222 0.03 249.84 bad
182 0.09 95.46 bad
145 0.17 208.64 bad
16 0.13 25.57 bad
654 0.08 191.97 good
396 0.08 288.02 bad
218 0.11 299.63 good
188 0.11 282.28 good
39 0.03 198.40 good
42 0.02 297.05 bad
219 0.10 286.97 bad
225 0.14 65.28 good
25 0.31 92.39 bad
349 0.14 114.14 good
5393 0.02 1238.93 good
88 0.14 170.95 bad
112 0.21 131.59 bad
182 0.16 113.09 good
201 0.20 84.03 bad
1114 0.02 875.52 bad
282 0.19 125.49 bad
19 0.12 138.45 good
34 0.11 132.92 bad
274 0.11 387.39 bad
1575 0.06 297.36 good
45 0.18 75.21 good
385 0.10 313.76 bad
320 0.19 101.09 good
768 0.02 1797.82 good
353 0.06 76.64 good
387 0.06 319.05 good
2063 0.07 209.65 good
31 0.41 58.14 good
614 0.14 212.10 good
1310 0.09 234.30 bad
328 0.10 56.35 bad
1100 0.07 304.97 good
21 0.30 361.68 bad
2366 0.05 364.52 good
364 0.25 97.95 bad
2356 0.09 402.15 good
1080 0.03 9.99 bad
674 0.18 113.50 good
45 0.19 62.68 good