TwoStarRate ThreeStarRate FiveStarRate Class
96
0 1 3 4 5 8 9 13 14 16 19 20 21 23 24 25 26 27 28 29 32 33 34 35 36 37 38 41 42 44 46 47 49 50 51 53 55 56 57 59 60 61 62 64 66 71 72 73 74 76 79 82 85 86 87 90 91 92 93 94 95 97 98 99 100 101 104 106 113 115 118 119 120 121 122 123 124 125 126 128 130 131 132 134 135 137 141 143 145 147 148 149 150 151 152 153
0.15 0.28 0.15 good
0.08 0.23 0.25 good
0.12 0.27 0.18 bad
0.09 0.33 0.10 bad
0.20 0.26 0.12 good
0.16 0.30 0.21 bad
0.18 0.26 0.02 bad
0.24 0.39 0.09 bad
0.14 0.21 0.20 good
0.22 0.23 0.14 good
0.18 0.22 0.28 bad
0.20 0.15 0.13 good
0.37 0.16 0.04 bad
0.31 0.28 0.06 good
0.21 0.36 0.11 bad
0.20 0.20 0.20 bad
0.09 0.43 0.19 bad
0.17 0.21 0.05 good
0.11 0.25 0.27 bad
0.10 0.22 0.36 good
0.09 0.31 0.13 bad
0.20 0.29 0.15 good
0.30 0.39 0.03 bad
0.12 0.18 0.21 good
0.10 0.23 0.19 bad
0.03 0.20 0.28 bad
0.35 0.27 0.13 bad
0.14 0.34 0.17 good
0.17 0.26 0.11 bad
0.07 0.11 0.23 good
0.07 0.19 0.27 good
0.28 0.20 0.08 bad
0.10 0.39 0.10 bad
0.28 0.32 0.07 good
0.30 0.37 0.07 bad
0.33 0.14 0.10 bad
0.28 0.33 0.06 bad
0.20 0.32 0.13 good
0.07 0.21 0.18 bad
0.21 0.21 0.25 good
0.21 0.18 0.23 bad
0.08 0.25 0.21 good
0.50 0.08 0.00 bad
0.27 0.21 0.02 bad
0.14 0.43 0.10 bad
0.12 0.25 0.17 bad
0.08 0.26 0.35 good
0.11 0.22 0.17 bad
0.22 0.36 0.04 bad
0.07 0.15 0.24 good
0.19 0.26 0.10 bad
0.41 0.20 0.22 bad
0.19 0.15 0.10 good
0.03 0.30 0.26 bad
0.09 0.23 0.27 bad
0.13 0.20 0.07 bad
0.08 0.16 0.34 good
0.04 0.16 0.42 good
0.08 0.26 0.21 bad
0.11 0.23 0.23 good
0.23 0.46 0.15 bad
0.03 0.26 0.13 good
0.08 0.22 0.29 good
0.12 0.34 0.17 bad
0.02 0.34 0.25 bad
0.10 0.26 0.27 bad
0.31 0.34 0.09 bad
0.14 0.27 0.16 good
0.13 0.36 0.14 bad
0.19 0.35 0.07 bad
0.11 0.39 0.11 bad
0.06 0.20 0.29 good
0.18 0.20 0.11 good
0.30 0.32 0.02 bad
0.10 0.28 0.25 bad
0.08 0.37 0.20 good
0.19 0.29 0.11 good
0.02 0.08 0.67 good
0.06 0.16 0.30 good
0.08 0.13 0.31 good
0.13 0.28 0.17 bad
0.41 0.13 0.06 good
0.14 0.25 0.13 good
0.12 0.21 0.18 good
0.09 0.24 0.26 bad
0.05 0.15 0.38 good
0.03 0.19 0.15 bad
0.21 0.22 0.10 bad
0.10 0.45 0.08 bad
0.22 0.19 0.02 good
0.03 0.04 0.08 bad
0.18 0.23 0.15 good
0.15 0.35 0.15 bad
0.07 0.16 0.37 bad
0.19 0.28 0.09 good
0.22 0.25 0.12 good