AddListCount Mode Median Class
99
0 1 4 5 6 7 8 9 10 11 13 15 16 18 19 20 21 22 23 24 25 26 27 29 31 32 35 37 38 42 43 44 46 47 48 50 51 52 54 60 61 63 64 65 67 68 70 71 72 73 74 76 78 79 81 82 85 86 87 88 89 90 92 93 97 98 102 104 105 106 108 111 113 114 115 121 122 123 124 126 127 128 130 133 135 137 139 140 141 142 143 144 146 147 148 149 150 151 153
214 8.00 6.00 good
492 8.00 8.00 good
22 6.00 6.00 bad
122 6.00 6.00 good
42 2.00 6.00 good
8 6.00 6.00 bad
53 6.00 6.00 bad
14 8.00 6.00 bad
25 8.00 6.00 bad
15 6.00 6.00 bad
9 6.00 6.00 bad
204 6.00 6.00 bad
25 6.00 6.00 good
7 10.00 6.00 bad
70 10.00 6.00 bad
17 2.00 4.00 good
12 4.00 4.00 bad
61 6.00 6.00 bad
32 4.00 4.00 good
23 6.00 6.00 bad
2 2.00 4.00 bad
32 6.00 6.00 bad
31 2.00 4.00 good
68 10.00 8.00 good
6 6.00 6.00 good
111 8.00 8.00 bad
254 2.00 6.00 good
106 8.00 8.00 bad
19 4.00 6.00 bad
215 2.00 6.00 bad
18 2.00 6.00 good
242 2.00 4.00 good
28 8.00 8.00 good
20 4.00 4.00 bad
371 8.00 6.00 bad
7 6.00 6.00 good
42 6.00 6.00 bad
446 10.00 8.00 bad
9 6.00 6.00 good
19 10.00 6.00 bad
33 8.00 8.00 good
21 2.00 6.00 good
10 2.00 4.00 bad
22 6.00 4.00 bad
17 10.00 8.00 good
45 8.00 8.00 bad
2 2.00 8.00 bad
119 8.00 6.00 bad
180 10.00 8.00 good
8 8.00 8.00 bad
16 6.00 6.00 bad
110 8.00 8.00 good
57 6.00 6.00 bad
94 2.00 6.00 bad
4 6.00 6.00 bad
3 4.00 4.00 bad
55 2.00 4.00 good
53 6.00 8.00 bad
65 10.00 6.00 bad
321 10.00 8.00 good
49 8.00 6.00 bad
4 2.00 2.00 bad
141 10.00 8.00 good
121 8.00 8.00 bad
7 8.00 8.00 good
558 8.00 8.00 good
39 2.00 6.00 good
5 6.00 4.00 bad
98 8.00 8.00 good
102 6.00 6.00 good
1586 10.00 10.00 good
53 8.00 6.00 good
25 6.00 6.00 bad
218 10.00 10.00 bad
76 6.00 6.00 bad
14 6.00 4.00 bad
126 8.00 8.00 bad
32 6.00 6.00 good
57 6.00 6.00 good
48 10.00 8.00 good
146 10.00 8.00 good
108 10.00 8.00 good
11 6.00 6.00 bad
1 8.00 6.00 bad
293 8.00 8.00 bad
303 10.00 8.00 good
206 8.00 8.00 good
7 8.00 8.00 bad
19 8.00 8.00 bad
365 10.00 8.00 good
42 8.00 6.00 bad
103 6.00 6.00 bad
710 8.00 8.00 good
26 2.00 4.00 good
54 2.00 2.00 bad
178 8.00 6.00 good
5 6.00 6.00 bad
125 10.00 8.00 bad
50 6.00 6.00 good