TwoStarRate FiveStarRate Mode Class
98
0 1 2 3 4 5 9 16 17 18 21 22 23 24 26 27 29 30 31 32 34 35 36 38 39 40 41 42 43 45 46 48 49 50 51 52 54 55 56 58 60 62 64 65 67 69 71 73 75 76 77 78 79 81 82 83 84 85 86 89 90 91 93 94 95 98 99 100 101 102 104 106 109 112 114 115 116 118 123 124 126 128 129 131 133 134 136 137 138 139 141 144 145 146 147 149 150 151
0.15 0.15 8.00 good
0.08 0.25 8.00 good
0.10 0.15 6.00 bad
0.12 0.18 8.00 bad
0.09 0.10 6.00 bad
0.20 0.12 6.00 good
0.18 0.02 8.00 bad
0.22 0.14 6.00 good
0.22 0.12 8.00 bad
0.17 0.28 10.00 bad
0.37 0.04 4.00 bad
0.15 0.11 6.00 bad
0.31 0.06 4.00 good
0.21 0.11 6.00 bad
0.09 0.19 6.00 bad
0.17 0.05 2.00 good
0.10 0.36 10.00 good
0.18 0.11 6.00 bad
0.30 0.09 6.00 good
0.09 0.13 8.00 bad
0.30 0.03 6.00 bad
0.12 0.21 2.00 good
0.10 0.19 8.00 bad
0.35 0.13 4.00 bad
0.26 0.00 2.00 bad
0.12 0.19 8.00 good
0.14 0.17 6.00 good
0.17 0.11 2.00 bad
0.13 0.14 2.00 good
0.20 0.10 6.00 bad
0.07 0.27 8.00 good
0.09 0.17 8.00 bad
0.10 0.10 6.00 bad
0.28 0.07 6.00 good
0.30 0.07 6.00 bad
0.04 0.42 10.00 bad
0.05 0.29 6.00 good
0.28 0.06 6.00 bad
0.20 0.13 6.00 good
0.05 0.37 10.00 good
0.21 0.23 10.00 bad
0.50 0.00 4.00 bad
0.27 0.02 2.00 bad
0.28 0.07 6.00 bad
0.06 0.42 10.00 good
0.05 0.21 8.00 bad
0.12 0.17 8.00 bad
0.11 0.17 8.00 bad
0.10 0.10 6.00 good
0.07 0.24 8.00 good
0.07 0.37 10.00 bad
0.10 0.16 6.00 bad
0.19 0.10 2.00 bad
0.08 0.13 6.00 bad
0.41 0.22 4.00 bad
0.17 0.22 6.00 bad
0.14 0.14 6.00 bad
0.19 0.10 2.00 good
0.03 0.26 6.00 bad
0.17 0.17 8.00 bad
0.13 0.07 2.00 bad
0.08 0.34 10.00 good
0.08 0.21 8.00 bad
0.11 0.23 8.00 good
0.23 0.15 6.00 bad
0.08 0.29 8.00 good
0.12 0.17 6.00 bad
0.02 0.25 6.00 bad
0.10 0.27 10.00 bad
0.14 0.08 2.00 good
0.31 0.09 6.00 bad
0.14 0.16 6.00 good
0.14 0.10 6.00 bad
0.20 0.11 6.00 bad
0.02 0.60 10.00 bad
0.19 0.07 6.00 bad
0.12 0.17 6.00 good
0.11 0.11 6.00 bad
0.08 0.20 6.00 good
0.19 0.11 6.00 good
0.06 0.30 10.00 good
0.08 0.31 10.00 good
0.07 0.37 10.00 good
0.41 0.06 4.00 good
0.13 0.04 8.00 bad
0.12 0.18 8.00 good
0.24 0.09 6.00 bad
0.05 0.38 10.00 good
0.10 0.18 2.00 bad
0.07 0.22 8.00 good
0.03 0.15 8.00 bad
0.25 0.09 6.00 bad
0.10 0.08 6.00 bad
0.09 0.19 8.00 good
0.22 0.02 2.00 good
0.18 0.15 8.00 good
0.15 0.15 6.00 bad
0.07 0.37 10.00 bad