BookWordCount FourStarRate Mode Class
95
4 5 6 7 8 9 10 11 13 14 16 18 20 21 22 23 24 25 28 29 30 33 34 37 38 39 40 42 43 44 45 46 48 51 52 53 54 55 57 58 60 63 64 65 67 68 69 71 72 74 77 79 81 84 85 86 87 88 90 91 94 96 97 98 102 105 106 109 110 111 112 115 117 121 122 123 125 126 127 128 129 131 132 133 134 138 139 142 143 145 147 148 151 152 153
139.00 0.25 6.00 bad
158.50 0.21 6.00 good
59.60 0.18 2.00 good
38.90 0.11 6.00 bad
143.50 0.22 6.00 bad
21.30 0.30 8.00 bad
82.50 0.27 8.00 bad
13.40 0.32 6.00 bad
27.50 0.13 6.00 bad
123.80 0.19 2.00 good
135.80 0.20 6.00 good
24.10 0.14 10.00 bad
82.30 0.20 2.00 good
74.10 0.14 4.00 bad
77.70 0.28 6.00 bad
122.20 0.08 4.00 good
74.80 0.13 6.00 bad
35.90 0.00 2.00 bad
53.00 0.31 8.00 bad
233.90 0.20 10.00 good
150.70 0.14 6.00 bad
178.90 0.23 6.00 good
154.60 0.13 6.00 bad
51.30 0.44 8.00 bad
80.20 0.17 4.00 bad
22.80 0.05 2.00 bad
153.10 0.33 8.00 good
300.10 0.20 2.00 bad
74.40 0.14 2.00 good
296.80 0.16 2.00 good
380.50 0.23 6.00 bad
123.50 0.33 8.00 good
281.40 0.33 8.00 bad
84.60 0.21 6.00 bad
76.10 0.30 10.00 bad
53.70 0.00 2.00 bad
13.00 0.21 6.00 good
106.40 0.20 6.00 bad
293.40 0.29 8.00 bad
63.50 0.30 10.00 good
45.10 0.20 10.00 bad
108.60 0.20 2.00 good
54.40 0.14 2.00 bad
72.20 0.07 6.00 bad
16.80 0.25 10.00 good
79.60 0.30 8.00 bad
7.30 0.42 8.00 bad
98.90 0.25 8.00 bad
390.00 0.20 10.00 good
49.30 0.31 6.00 bad
1070.70 0.27 10.00 bad
131.20 0.17 2.00 bad
87.70 0.08 6.00 bad
30.00 0.19 6.00 bad
87.20 0.24 2.00 good
129.90 0.27 6.00 bad
112.10 0.19 10.00 bad
315.30 0.23 10.00 good
50.40 0.07 2.00 bad
126.20 0.28 10.00 good
63.70 0.33 8.00 good
34.10 0.33 8.00 good
22.20 0.40 8.00 good
170.60 0.33 8.00 good
78.10 0.21 2.00 good
198.70 0.33 8.00 good
64.40 0.24 6.00 good
101.10 0.24 6.00 bad
133.50 0.24 6.00 bad
148.90 0.26 8.00 good
107.80 0.15 6.00 bad
119.20 0.19 6.00 bad
59.10 0.14 6.00 bad
145.90 0.08 6.00 bad
79.20 0.29 8.00 bad
153.40 0.30 6.00 good
65.70 0.20 10.00 good
89.70 0.21 10.00 good
34.20 0.26 10.00 good
296.70 0.23 10.00 good
322.80 0.26 10.00 good
195.70 0.11 4.00 good
237.20 0.35 8.00 good
145.80 0.33 8.00 bad
179.50 0.34 8.00 good
212.90 0.19 2.00 bad
130.30 0.36 8.00 good
518.00 0.24 10.00 good
177.70 0.24 8.00 bad
62.30 0.33 6.00 bad
154.00 0.09 2.00 good
209.90 0.06 2.00 bad
93.00 0.19 10.00 bad
163.50 0.14 2.00 good
73.20 0.22 6.00 good