BookWordCount ThreeStarRate Kurtosis Class
95
4 5 9 10 12 17 18 19 20 22 24 25 27 30 32 34 35 36 38 39 40 42 44 45 46 47 48 50 52 53 55 56 58 60 61 63 64 65 66 67 68 69 70 71 72 75 78 79 81 82 83 84 85 86 88 90 93 95 96 97 102 103 105 106 107 108 109 110 112 114 115 116 117 119 120 121 122 123 124 125 127 129 132 134 135 139 140 141 142 143 144 146 149 150 153
139.00 0.33 113.07 bad
158.50 0.26 93.52 good
21.30 0.26 110.48 bad
82.50 0.23 143.84 bad
21.80 0.44 114.51 bad
33.60 0.20 80.31 bad
24.10 0.28 137.29 bad
122.40 0.22 181.41 bad
82.30 0.15 48.29 good
77.70 0.40 468.11 bad
74.80 0.36 114.10 bad
35.90 0.20 28.01 bad
147.20 0.21 40.03 good
150.70 0.32 80.73 bad
51.10 0.31 404.81 bad
154.60 0.39 192.82 bad
713.10 0.18 41.11 good
87.00 0.23 203.97 bad
80.20 0.27 172.89 bad
22.80 0.16 53.89 bad
153.10 0.24 227.23 good
300.10 0.26 74.29 bad
296.80 0.11 29.34 good
380.50 0.30 135.14 bad
123.50 0.19 218.67 good
49.70 0.20 85.63 bad
281.40 0.33 362.40 bad
51.90 0.32 119.73 good
76.10 0.15 453.60 bad
53.70 0.14 31.11 bad
106.40 0.33 182.02 bad
40.40 0.32 74.03 good
63.50 0.14 256.16 good
45.10 0.18 95.85 bad
17.00 0.25 1104.85 good
108.60 0.12 55.29 good
54.40 0.21 59.06 bad
72.20 0.31 77.07 bad
34.80 0.43 204.65 bad
16.80 0.16 278.88 good
79.60 0.25 223.96 bad
7.30 0.26 758.93 bad
55.40 0.04 49.13 bad
98.90 0.25 106.33 bad
390.00 0.26 259.41 good
39.60 0.40 344.01 good
70.00 0.33 147.32 bad
131.20 0.26 65.93 bad
87.70 0.54 173.53 bad
183.00 0.20 87.78 bad
40.80 0.28 188.48 bad
30.00 0.33 116.65 bad
87.20 0.15 51.21 good
129.90 0.30 249.84 bad
315.30 0.18 118.81 good
50.40 0.20 25.57 bad
90.50 0.26 288.02 bad
99.00 0.46 128.84 bad
34.10 0.28 282.28 good
22.20 0.26 198.40 good
78.10 0.26 65.28 good
21.40 0.50 664.54 bad
198.70 0.19 385.10 good
64.40 0.27 114.14 good
310.00 0.15 72.91 bad
446.50 0.10 1238.93 good
101.10 0.36 170.95 bad
133.50 0.28 131.59 bad
107.80 0.30 84.03 bad
31.70 0.09 875.52 bad
119.20 0.35 125.49 bad
118.30 0.42 138.45 good
59.10 0.45 132.92 bad
427.70 0.20 297.36 good
85.80 0.20 75.21 good
145.90 0.32 102.63 bad
79.20 0.28 313.76 bad
153.40 0.37 502.72 good
223.00 0.29 101.09 good
65.70 0.08 1797.82 good
34.20 0.22 319.05 good
322.80 0.16 209.65 good
237.20 0.25 212.10 good
179.50 0.21 176.74 good
335.20 0.24 234.30 bad
130.30 0.24 304.97 good
43.40 0.07 361.68 bad
25.10 0.19 311.51 bad
518.00 0.15 364.52 good
177.70 0.22 86.23 bad
319.70 0.27 97.95 bad
477.20 0.27 402.15 good
382.10 0.23 113.50 good
44.60 0.35 158.29 bad
73.20 0.25 105.28 good