BookScoreCount FourStarRate FiveStarRate Class
96
2 3 4 5 6 7 9 10 12 13 14 15 16 17 20 21 22 23 25 26 27 28 30 31 32 33 35 38 39 40 45 53 54 55 56 57 58 59 62 64 65 66 67 68 69 72 75 79 82 85 86 87 88 89 90 91 92 93 94 95 96 97 100 101 102 104 105 108 110 111 112 113 114 116 117 118 119 120 121 122 123 124 128 130 132 139 140 141 143 145 146 149 150 151 152 153
47 0.24 0.15 bad
129 0.27 0.18 bad
78 0.25 0.10 bad
439 0.21 0.12 good
187 0.18 0.23 good
27 0.11 0.11 bad
51 0.30 0.02 bad
78 0.27 0.09 bad
25 0.08 0.20 bad
48 0.13 0.09 bad
454 0.19 0.20 good
658 0.25 0.23 bad
119 0.20 0.14 good
36 0.23 0.12 bad
112 0.20 0.13 good
44 0.14 0.04 bad
159 0.28 0.11 bad
116 0.08 0.06 good
11 0.00 0.20 bad
100 0.18 0.19 bad
150 0.15 0.05 good
263 0.31 0.27 bad
29 0.14 0.11 bad
44 0.19 0.09 good
292 0.39 0.13 bad
192 0.23 0.15 good
1909 0.14 0.21 good
63 0.17 0.13 bad
20 0.05 0.00 bad
495 0.33 0.19 good
299 0.23 0.10 bad
22 0.00 0.10 bad
43 0.21 0.29 good
55 0.20 0.06 bad
80 0.10 0.13 good
2109 0.29 0.18 bad
461 0.30 0.37 good
484 0.21 0.25 good
13 0.34 0.00 bad
45 0.14 0.02 bad
82 0.07 0.07 bad
21 0.19 0.10 bad
90 0.25 0.42 good
153 0.30 0.22 bad
20 0.42 0.21 bad
956 0.20 0.35 good
21 0.30 0.10 good
531 0.17 0.10 bad
31 0.05 0.22 bad
356 0.24 0.10 good
222 0.27 0.26 bad
182 0.19 0.27 bad
1636 0.23 0.30 good
145 0.28 0.17 bad
16 0.07 0.07 bad
654 0.28 0.34 good
527 0.29 0.42 good
396 0.34 0.21 bad
218 0.33 0.23 good
13 0.00 0.15 bad
188 0.33 0.17 good
39 0.40 0.13 good
42 0.27 0.25 bad
219 0.27 0.27 bad
225 0.21 0.08 good
25 0.04 0.09 bad
339 0.33 0.31 good
5393 0.20 0.63 good
112 0.24 0.10 bad
182 0.26 0.12 good
201 0.15 0.11 bad
136 0.21 0.14 bad
1114 0.23 0.60 bad
19 0.12 0.17 good
34 0.14 0.09 bad
274 0.30 0.11 bad
1575 0.33 0.29 good
45 0.25 0.11 good
59 0.08 0.02 bad
385 0.29 0.25 bad
93 0.30 0.20 good
320 0.20 0.11 good
607 0.23 0.31 good
82 0.16 0.17 bad
614 0.35 0.13 good
1100 0.36 0.22 good
21 0.54 0.05 bad
83 0.49 0.15 bad
153 0.24 0.10 bad
61 0.33 0.08 bad
2356 0.37 0.19 good
674 0.26 0.15 good
21 0.20 0.15 bad
638 0.19 0.37 bad
45 0.14 0.09 good
209 0.22 0.12 good