BookScoreCount ThreeStarRate Kurtosis Class
95
0 1 3 4 7 9 10 11 12 13 14 19 27 28 31 34 35 36 37 39 41 42 43 44 49 50 52 53 54 56 57 58 60 61 62 64 65 66 67 70 72 74 75 79 81 82 83 84 86 88 90 92 93 94 95 96 97 98 103 104 105 106 108 109 112 114 115 116 117 118 120 122 123 124 125 126 128 129 130 131 132 134 135 137 138 139 141 142 144 145 146 147 149 151 152
568 0.28 200.91 good
967 0.23 406.22 good
129 0.27 155.27 bad
78 0.33 113.07 bad
27 0.48 181.37 bad
51 0.26 110.48 bad
78 0.23 143.84 bad
51 0.40 491.68 bad
25 0.44 114.51 bad
48 0.39 156.17 bad
454 0.21 68.44 good
250 0.22 181.41 bad
150 0.21 40.03 good
263 0.25 418.19 bad
44 0.33 211.54 good
97 0.39 192.82 bad
1909 0.18 41.11 good
223 0.23 203.97 bad
216 0.20 948.64 bad
20 0.16 53.89 bad
670 0.34 389.04 good
686 0.26 74.29 bad
81 0.24 44.83 good
1885 0.11 29.34 good
72 0.39 155.38 bad
29 0.32 119.73 good
1780 0.15 453.60 bad
22 0.14 31.11 bad
43 0.33 245.77 good
80 0.32 74.03 good
2109 0.21 94.54 bad
461 0.14 256.16 good
108 0.18 95.85 bad
86 0.25 1104.85 good
13 0.08 199.64 bad
45 0.21 59.06 bad
82 0.31 77.07 bad
21 0.43 204.65 bad
90 0.16 278.88 good
51 0.04 49.13 bad
956 0.26 259.41 good
46 0.36 393.48 bad
21 0.40 344.01 good
531 0.26 65.93 bad
25 0.54 173.53 bad
31 0.20 87.78 bad
104 0.28 188.48 bad
21 0.33 116.65 bad
222 0.30 249.84 bad
1636 0.18 118.81 good
16 0.20 25.57 bad
527 0.16 444.03 good
396 0.26 288.02 bad
218 0.23 299.63 good
13 0.46 128.84 bad
188 0.28 282.28 good
39 0.26 198.40 good
2113 0.22 391.57 good
29 0.50 664.54 bad
25 0.34 92.39 bad
339 0.19 385.10 good
349 0.27 114.14 good
5393 0.10 1238.93 good
88 0.36 170.95 bad
201 0.30 84.03 bad
1114 0.09 875.52 bad
282 0.35 125.49 bad
19 0.42 138.45 good
34 0.45 132.92 bad
274 0.39 387.39 bad
45 0.20 75.21 good
385 0.28 313.76 bad
93 0.37 502.72 good
320 0.29 101.09 good
768 0.08 1797.82 good
353 0.16 76.64 good
607 0.13 82.37 good
2063 0.16 209.65 good
82 0.28 73.99 bad
31 0.13 58.14 good
614 0.25 212.10 good
795 0.21 176.74 good
1310 0.24 234.30 bad
1641 0.15 478.73 good
328 0.22 56.35 bad
1100 0.24 304.97 good
83 0.19 311.51 bad
2366 0.15 364.52 good
364 0.27 97.95 bad
61 0.45 909.70 bad
2356 0.27 402.15 good
208 0.19 40.59 good
674 0.23 113.50 good
638 0.16 105.22 bad
45 0.28 62.68 good