BookScore TwoStarRate FiveStarRate Class
90
0 2 7 8 9 11 12 13 14 15 16 17 18 19 20 22 23 25 26 27 28 29 30 33 35 36 37 40 41 42 44 45 47 48 51 53 55 56 57 59 60 61 63 70 71 73 74 75 77 78 80 81 82 83 87 88 92 95 97 98 99 101 102 103 105 106 107 109 112 114 115 117 118 123 125 126 127 128 129 131 132 133 134 137 141 142 144 145 146 148
6.4 0.15 0.15 good
6.4 0.10 0.15 bad
5.8 0.15 0.11 bad
6.5 0.16 0.21 bad
5.4 0.18 0.02 bad
6.9 0.04 0.16 bad
6.0 0.08 0.20 bad
5.5 0.24 0.09 bad
5.9 0.14 0.20 good
6.6 0.13 0.23 bad
5.7 0.22 0.14 good
5.6 0.22 0.12 bad
6.5 0.17 0.28 bad
6.7 0.18 0.28 bad
5.3 0.20 0.13 good
6.5 0.15 0.11 bad
4.7 0.31 0.06 good
4.8 0.20 0.20 bad
6.5 0.09 0.19 bad
4.5 0.17 0.05 good
7.2 0.11 0.27 bad
7.1 0.10 0.36 good
5.4 0.18 0.11 bad
6.1 0.20 0.15 good
5.5 0.12 0.21 good
6.7 0.10 0.19 bad
7.8 0.03 0.28 bad
6.7 0.12 0.19 good
6.7 0.14 0.17 good
5.4 0.17 0.11 bad
5.4 0.07 0.23 good
5.8 0.20 0.10 bad
5.3 0.28 0.08 bad
6.8 0.09 0.17 bad
5.9 0.30 0.07 bad
4.0 0.33 0.10 bad
5.6 0.28 0.06 bad
5.3 0.20 0.13 good
6.2 0.07 0.18 bad
6.5 0.21 0.25 good
6.2 0.21 0.23 bad
7.5 0.08 0.21 good
6.2 0.07 0.30 good
5.9 0.10 0.20 bad
6.1 0.12 0.17 bad
6.8 0.11 0.17 bad
6.1 0.22 0.04 bad
6.4 0.10 0.10 good
7.6 0.07 0.37 bad
6.2 0.10 0.16 bad
8.3 0.03 0.58 bad
5.8 0.08 0.13 bad
5.6 0.41 0.22 bad
6.6 0.17 0.22 bad
6.4 0.09 0.27 bad
6.7 0.10 0.30 good
7.8 0.04 0.42 good
5.5 0.23 0.15 bad
6.5 0.03 0.13 good
7.3 0.08 0.29 good
6.5 0.12 0.17 bad
7.1 0.10 0.27 bad
5.3 0.14 0.08 good
6.6 0.08 0.11 bad
7.4 0.08 0.31 good
6.0 0.14 0.16 good
6.4 0.12 0.31 bad
6.0 0.14 0.10 bad
5.4 0.20 0.11 bad
8.5 0.02 0.60 bad
5.5 0.19 0.07 bad
5.5 0.11 0.09 bad
6.5 0.11 0.11 bad
7.0 0.08 0.20 good
8.9 0.02 0.67 good
6.4 0.06 0.30 good
7.4 0.06 0.36 good
6.5 0.08 0.31 good
7.3 0.07 0.37 good
4.4 0.41 0.06 good
6.4 0.14 0.13 good
5.9 0.13 0.04 bad
6.5 0.12 0.18 good
7.8 0.05 0.38 good
6.9 0.03 0.15 bad
7.8 0.05 0.46 good
5.4 0.25 0.09 bad
6.7 0.10 0.08 bad
7.0 0.09 0.19 good
3.3 0.03 0.08 bad