AddListCount FourStarRate Mode Class
103
1 3 4 6 7 8 11 12 13 14 17 18 19 20 21 24 26 28 30 35 37 38 39 40 41 42 43 45 47 50 52 53 54 55 56 58 59 60 61 62 63 64 65 66 68 70 71 73 76 77 78 79 80 81 83 85 86 87 89 90 93 94 95 97 99 101 102 104 105 106 107 109 110 111 112 114 115 117 118 119 120 121 122 123 124 125 127 130 131 132 133 134 135 136 140 141 142 144 145 146 147 148 150
492 0.36 8.00 good
38 0.27 8.00 bad
22 0.25 6.00 bad
42 0.18 2.00 good
8 0.11 6.00 bad
53 0.22 6.00 bad
15 0.32 6.00 bad
12 0.08 6.00 bad
9 0.13 6.00 bad
136 0.19 2.00 good
10 0.23 8.00 bad
7 0.14 10.00 bad
70 0.22 10.00 bad
17 0.20 2.00 good
12 0.14 4.00 bad
23 0.13 6.00 bad
32 0.18 6.00 bad
73 0.31 8.00 bad
9 0.14 6.00 bad
254 0.14 2.00 good
106 0.44 8.00 bad
19 0.17 4.00 bad
1 0.05 2.00 bad
172 0.33 8.00 good
289 0.29 6.00 good
215 0.20 2.00 bad
18 0.14 2.00 good
93 0.23 6.00 bad
20 0.22 4.00 bad
7 0.14 6.00 good
446 0.30 10.00 bad
1 0.00 2.00 bad
9 0.21 6.00 good
11 0.20 6.00 bad
13 0.10 6.00 good
70 0.30 10.00 good
138 0.21 10.00 good
19 0.20 10.00 bad
33 0.44 8.00 good
3 0.34 4.00 bad
21 0.20 2.00 good
10 0.14 2.00 bad
22 0.07 6.00 bad
2 0.19 6.00 bad
45 0.30 8.00 bad
2 0.32 2.00 bad
119 0.25 8.00 bad
8 0.39 8.00 bad
110 0.36 8.00 good
183 0.27 10.00 bad
57 0.24 6.00 bad
94 0.17 2.00 bad
193 0.19 10.00 bad
4 0.08 6.00 bad
22 0.22 6.00 bad
55 0.24 2.00 good
53 0.27 6.00 bad
65 0.19 10.00 bad
49 0.28 8.00 bad
4 0.07 2.00 bad
121 0.34 8.00 bad
57 0.33 8.00 good
4 0.00 6.00 bad
7 0.40 8.00 good
253 0.26 6.00 bad
65 0.27 10.00 bad
39 0.21 2.00 good
5 0.04 6.00 bad
98 0.33 8.00 good
102 0.24 6.00 good
188 0.17 10.00 bad
34 0.24 6.00 bad
31 0.24 6.00 bad
53 0.26 8.00 good
63 0.15 6.00 bad
218 0.23 10.00 bad
76 0.19 6.00 bad
5 0.14 6.00 bad
112 0.30 6.00 bad
274 0.33 8.00 good
15 0.25 8.00 good
14 0.08 6.00 bad
126 0.29 8.00 bad
32 0.30 6.00 good
57 0.20 6.00 good
149 0.20 10.00 good
146 0.26 10.00 good
11 0.16 6.00 bad
5 0.11 4.00 good
131 0.35 8.00 good
1 0.33 8.00 bad
168 0.34 8.00 good
293 0.29 8.00 bad
9 0.05 6.00 bad
7 0.54 8.00 bad
19 0.49 8.00 bad
365 0.24 10.00 good
103 0.18 6.00 bad
28 0.33 6.00 bad
710 0.37 8.00 good
26 0.09 2.00 good
54 0.06 2.00 bad
5 0.20 6.00 bad