BookWordCount AddListCount Median Class
98
0 1 2 4 5 6 7 11 12 13 14 15 17 18 21 22 23 24 29 31 32 33 34 35 36 37 39 40 41 42 43 44 45 48 53 54 55 56 57 58 62 63 64 66 67 69 70 71 72 73 74 75 76 77 78 80 83 84 85 86 87 89 90 92 94 96 97 99 100 102 103 104 107 108 109 110 111 112 114 115 123 126 128 130 131 132 133 135 137 139 140 141 142 143 147 149 151 152
177.20 214 6.00 good
289.90 492 8.00 good
48.30 12 6.00 bad
139.00 22 6.00 bad
158.50 122 6.00 good
59.60 42 6.00 good
38.90 8 6.00 bad
13.40 15 6.00 bad
21.80 12 6.00 bad
27.50 9 6.00 bad
123.80 136 6.00 good
257.20 204 6.00 bad
33.60 10 6.00 bad
24.10 7 6.00 bad
74.10 12 4.00 bad
77.70 61 6.00 bad
122.20 32 4.00 good
74.80 23 6.00 bad
233.90 68 8.00 good
78.00 6 6.00 good
51.10 111 8.00 bad
178.90 49 6.00 good
154.60 24 6.00 bad
713.10 254 6.00 good
87.00 63 8.00 bad
51.30 106 8.00 bad
22.80 1 2.00 bad
153.10 172 8.00 good
168.40 289 6.00 good
300.10 215 6.00 bad
74.40 18 6.00 good
296.80 242 4.00 good
380.50 93 6.00 bad
281.40 371 6.00 bad
53.70 1 4.00 bad
13.00 9 6.00 good
106.40 11 6.00 bad
40.40 13 6.00 good
293.40 551 6.00 bad
63.50 70 8.00 good
49.60 3 4.00 bad
108.60 21 6.00 good
54.40 10 4.00 bad
34.80 2 6.00 bad
16.80 17 8.00 good
7.30 5 8.00 bad
55.40 2 8.00 bad
98.90 119 6.00 bad
390.00 180 8.00 good
68.60 8 8.00 bad
49.30 16 6.00 bad
39.60 8 6.00 good
46.20 110 8.00 good
1070.70 183 8.00 bad
70.00 57 6.00 bad
144.70 193 10.00 bad
40.80 22 6.00 bad
30.00 3 6.00 bad
87.20 55 4.00 good
129.90 53 8.00 bad
112.10 65 6.00 bad
153.20 49 6.00 bad
50.40 4 2.00 bad
116.50 141 8.00 good
63.70 57 8.00 good
34.10 100 8.00 good
22.20 7 8.00 good
181.90 253 6.00 bad
59.90 8 8.00 bad
78.10 39 6.00 good
21.40 6 6.00 bad
150.50 5 4.00 bad
310.00 188 6.00 bad
446.50 1586 10.00 good
101.10 34 6.00 bad
133.50 31 6.00 bad
148.90 53 6.00 good
107.80 63 6.00 bad
31.70 218 10.00 bad
119.20 76 6.00 bad
153.40 32 6.00 good
89.70 48 8.00 good
296.70 108 8.00 good
46.30 11 6.00 bad
195.70 5 4.00 good
237.20 131 6.00 good
145.80 1 6.00 bad
335.20 293 8.00 bad
448.70 303 8.00 good
130.30 206 8.00 good
43.40 7 8.00 bad
25.10 19 8.00 bad
518.00 365 8.00 good
177.70 42 6.00 bad
154.00 26 4.00 good
382.10 178 6.00 good
93.00 125 8.00 bad
163.50 12 6.00 good