AddListCount ThreeStarRate Mode Class
99
1 2 3 5 6 7 8 9 10 11 12 13 15 18 19 20 21 22 23 24 26 27 28 29 30 31 32 33 35 38 39 40 41 42 43 44 45 46 47 48 49 52 56 57 58 62 66 68 69 72 75 77 82 85 86 88 89 91 92 93 94 95 96 97 98 99 100 101 102 103 104 105 106 107 108 109 112 113 114 118 120 122 123 125 130 131 133 134 135 137 140 143 144 145 146 147 151 152 153
492 0.23 8.00 good
12 0.40 6.00 bad
38 0.27 8.00 bad
122 0.26 6.00 good
42 0.21 2.00 good
8 0.48 6.00 bad
53 0.30 6.00 bad
14 0.26 8.00 bad
25 0.23 8.00 bad
15 0.40 6.00 bad
12 0.44 6.00 bad
9 0.39 6.00 bad
204 0.27 6.00 bad
7 0.28 10.00 bad
70 0.22 10.00 bad
17 0.15 2.00 good
12 0.16 4.00 bad
61 0.40 6.00 bad
32 0.28 4.00 good
23 0.36 6.00 bad
32 0.43 6.00 bad
31 0.21 2.00 good
73 0.25 8.00 bad
68 0.22 10.00 good
9 0.32 6.00 bad
6 0.33 6.00 good
111 0.31 8.00 bad
49 0.29 6.00 good
254 0.18 2.00 good
19 0.27 4.00 bad
1 0.16 2.00 bad
172 0.24 8.00 good
289 0.34 6.00 good
215 0.26 2.00 bad
18 0.24 2.00 good
242 0.11 2.00 good
93 0.30 6.00 bad
28 0.19 8.00 good
20 0.20 4.00 bad
371 0.33 8.00 bad
13 0.39 6.00 bad
446 0.15 10.00 bad
13 0.32 6.00 good
551 0.21 8.00 bad
70 0.14 10.00 good
3 0.08 4.00 bad
2 0.43 6.00 bad
45 0.25 8.00 bad
5 0.26 8.00 bad
180 0.26 10.00 good
8 0.40 6.00 good
183 0.22 10.00 bad
3 0.20 4.00 bad
55 0.15 2.00 good
53 0.30 6.00 bad
321 0.18 10.00 good
49 0.27 8.00 bad
218 0.16 10.00 good
141 0.16 10.00 good
121 0.26 8.00 bad
57 0.23 8.00 good
4 0.46 6.00 bad
100 0.28 8.00 good
7 0.26 8.00 good
558 0.22 8.00 good
253 0.34 6.00 bad
8 0.34 6.00 bad
65 0.26 10.00 bad
39 0.26 2.00 good
6 0.50 6.00 bad
5 0.34 6.00 bad
98 0.19 8.00 good
102 0.27 6.00 good
188 0.15 10.00 bad
1586 0.10 10.00 good
34 0.36 6.00 bad
63 0.30 6.00 bad
25 0.36 6.00 bad
218 0.09 10.00 bad
112 0.39 6.00 bad
15 0.20 8.00 good
126 0.28 8.00 bad
32 0.37 6.00 good
149 0.08 10.00 good
11 0.28 6.00 bad
5 0.13 4.00 good
1 0.33 8.00 bad
168 0.21 8.00 good
293 0.24 8.00 bad
303 0.15 10.00 good
7 0.07 8.00 bad
42 0.22 8.00 bad
103 0.27 6.00 bad
28 0.45 6.00 bad
710 0.27 8.00 good
26 0.19 2.00 good
125 0.16 10.00 bad
12 0.28 2.00 good
50 0.25 6.00 good