BookWordCount BookScoreCount Kurtosis Class
95
1 3 4 5 7 8 9 11 12 14 15 16 17 18 20 22 24 25 26 27 28 29 30 31 32 34 35 36 40 41 42 43 45 47 48 49 55 56 58 60 61 65 66 69 70 71 72 73 74 75 76 79 81 82 83 84 87 88 90 92 93 96 97 98 99 103 104 105 106 108 109 113 115 116 121 122 125 126 129 130 132 133 134 137 138 140 141 142 143 146 148 149 150 151 152
289.90 967 406.22 good
52.30 129 155.27 bad
139.00 78 113.07 bad
158.50 439 93.52 good
38.90 27 181.37 bad
143.50 177 196.73 bad
21.30 51 110.48 bad
13.40 51 491.68 bad
21.80 25 114.51 bad
123.80 454 68.44 good
257.20 658 188.48 bad
135.80 119 87.54 good
33.60 36 80.31 bad
24.10 23 137.29 bad
82.30 112 48.29 good
77.70 159 468.11 bad
74.80 70 114.10 bad
35.90 11 28.01 bad
62.70 100 249.04 bad
147.20 150 40.03 good
53.00 263 418.19 bad
233.90 290 194.89 good
150.70 29 80.73 bad
78.00 44 211.54 good
51.10 292 404.81 bad
154.60 97 192.82 bad
713.10 1909 41.11 good
87.00 223 203.97 bad
153.10 495 227.23 good
168.40 670 389.04 good
300.10 686 74.29 bad
74.40 81 44.83 good
380.50 299 135.14 bad
49.70 79 85.63 bad
281.40 1248 362.40 bad
44.50 72 155.38 bad
106.40 55 182.02 bad
40.40 80 74.03 good
63.50 461 256.16 good
45.10 108 95.85 bad
17.00 86 1104.85 good
72.20 82 77.07 bad
34.80 21 204.65 bad
7.30 20 758.93 bad
55.40 51 49.13 bad
98.90 248 106.33 bad
390.00 956 259.41 good
68.60 19 278.58 bad
49.30 46 393.48 bad
39.60 21 344.01 good
46.20 429 159.36 good
131.20 531 65.93 bad
87.70 25 173.53 bad
183.00 31 87.78 bad
40.80 104 188.48 bad
30.00 21 116.65 bad
112.10 182 95.46 bad
315.30 1636 118.81 good
50.40 16 25.57 bad
116.50 527 444.03 good
90.50 396 288.02 bad
34.10 188 282.28 good
22.20 39 198.40 good
170.60 2113 391.57 good
181.90 942 243.27 bad
21.40 29 664.54 bad
150.50 25 92.39 bad
198.70 339 385.10 good
64.40 349 114.14 good
446.50 5393 1238.93 good
101.10 88 170.95 bad
247.80 136 164.81 bad
119.20 282 125.49 bad
118.30 19 138.45 good
145.90 59 102.63 bad
79.20 385 313.76 bad
65.70 768 1797.82 good
89.70 353 76.64 good
322.80 2063 209.65 good
46.30 82 73.99 bad
237.20 614 212.10 good
145.80 23 194.01 bad
179.50 795 176.74 good
448.70 1641 478.73 good
212.90 328 56.35 bad
43.40 21 361.68 bad
25.10 83 311.51 bad
518.00 2366 364.52 good
177.70 153 86.23 bad
477.20 2356 402.15 good
209.90 1080 9.99 bad
382.10 674 113.50 good
44.60 21 158.29 bad
93.00 638 105.22 bad
163.50 45 62.68 good