AddListCount TwoStarRate FourStarRate Class
96
0 1 2 3 4 5 6 7 8 9 10 12 13 15 16 18 20 21 27 28 29 33 34 35 37 38 39 40 41 42 43 46 47 48 49 50 52 54 56 57 59 60 61 62 63 64 68 71 72 73 76 77 79 80 81 82 86 89 92 95 97 98 100 101 102 106 107 109 110 111 112 113 115 118 119 120 124 126 127 130 132 133 135 136 137 138 140 142 143 145 148 149 150 151 152 153
214 0.15 0.30 good
492 0.08 0.36 good
12 0.10 0.24 bad
38 0.12 0.27 bad
22 0.09 0.25 bad
122 0.20 0.21 good
42 0.14 0.18 good
8 0.15 0.11 bad
53 0.16 0.22 bad
14 0.18 0.30 bad
25 0.26 0.27 bad
12 0.08 0.08 bad
9 0.24 0.13 bad
204 0.13 0.25 bad
25 0.22 0.20 good
7 0.17 0.14 bad
17 0.20 0.20 good
12 0.37 0.14 bad
31 0.17 0.15 good
73 0.11 0.31 bad
68 0.10 0.20 good
49 0.20 0.23 good
24 0.30 0.13 bad
254 0.12 0.14 good
106 0.03 0.44 bad
19 0.35 0.17 bad
1 0.26 0.05 bad
172 0.12 0.33 good
289 0.14 0.29 good
215 0.17 0.20 bad
18 0.13 0.14 good
28 0.07 0.33 good
20 0.28 0.22 bad
371 0.09 0.33 bad
13 0.10 0.23 bad
7 0.28 0.14 good
446 0.04 0.30 bad
9 0.05 0.21 good
13 0.20 0.10 good
551 0.07 0.29 bad
138 0.21 0.21 good
19 0.21 0.20 bad
33 0.08 0.44 good
3 0.50 0.34 bad
21 0.07 0.20 good
10 0.27 0.14 bad
45 0.11 0.30 bad
119 0.12 0.25 bad
180 0.08 0.20 good
8 0.11 0.39 bad
110 0.07 0.36 good
183 0.07 0.27 bad
94 0.19 0.17 bad
193 0.03 0.19 bad
4 0.08 0.08 bad
3 0.41 0.05 bad
53 0.03 0.27 bad
49 0.17 0.28 bad
141 0.04 0.29 good
4 0.23 0.00 bad
7 0.03 0.40 good
558 0.08 0.33 good
8 0.02 0.27 bad
65 0.10 0.27 bad
39 0.14 0.21 good
102 0.14 0.24 good
188 0.12 0.17 bad
34 0.14 0.24 bad
31 0.21 0.24 bad
53 0.16 0.26 good
63 0.20 0.15 bad
25 0.13 0.21 bad
76 0.19 0.19 bad
112 0.11 0.30 bad
274 0.06 0.33 good
15 0.18 0.25 good
57 0.19 0.20 good
48 0.06 0.21 good
146 0.06 0.26 good
11 0.13 0.16 bad
131 0.14 0.35 good
1 0.13 0.33 bad
293 0.09 0.29 bad
9 0.24 0.05 bad
303 0.05 0.33 good
53 0.10 0.19 bad
7 0.30 0.54 bad
365 0.05 0.24 good
42 0.21 0.24 bad
28 0.10 0.33 bad
54 0.03 0.06 bad
178 0.18 0.26 good
5 0.15 0.20 bad
125 0.07 0.19 bad
12 0.19 0.14 good
50 0.22 0.22 good