BookWordCount Mode Kurtosis Class
96
0 1 2 4 8 9 10 13 14 15 16 19 21 22 24 25 26 27 28 30 31 35 36 38 39 41 42 45 47 48 49 50 51 53 55 56 57 58 59 60 63 64 66 67 69 71 72 74 76 82 83 86 87 89 93 95 96 97 99 100 101 102 104 106 107 109 110 111 112 113 114 117 118 119 121 125 127 128 131 132 133 134 135 137 138 139 140 142 143 145 147 148 149 150 152 153
177.20 8.00 200.91 good
289.90 8.00 406.22 good
48.30 6.00 267.71 bad
139.00 6.00 113.07 bad
143.50 6.00 196.73 bad
21.30 8.00 110.48 bad
82.50 8.00 143.84 bad
27.50 6.00 156.17 bad
123.80 2.00 68.44 good
257.20 6.00 188.48 bad
135.80 6.00 87.54 good
122.40 10.00 181.41 bad
74.10 4.00 66.70 bad
77.70 6.00 468.11 bad
74.80 6.00 114.10 bad
35.90 2.00 28.01 bad
62.70 6.00 249.04 bad
147.20 2.00 40.03 good
53.00 8.00 418.19 bad
150.70 6.00 80.73 bad
78.00 6.00 211.54 good
713.10 2.00 41.11 good
87.00 8.00 203.97 bad
80.20 4.00 172.89 bad
22.80 2.00 53.89 bad
168.40 6.00 389.04 good
300.10 2.00 74.29 bad
380.50 6.00 135.14 bad
49.70 4.00 85.63 bad
281.40 8.00 362.40 bad
44.50 6.00 155.38 bad
51.90 6.00 119.73 good
84.60 6.00 339.26 bad
53.70 2.00 31.11 bad
106.40 6.00 182.02 bad
40.40 6.00 74.03 good
293.40 8.00 94.54 bad
63.50 10.00 256.16 good
133.40 10.00 148.52 good
45.10 10.00 95.85 bad
108.60 2.00 55.29 good
54.40 2.00 59.06 bad
34.80 6.00 204.65 bad
16.80 10.00 278.88 good
7.30 8.00 758.93 bad
98.90 8.00 106.33 bad
390.00 10.00 259.41 good
49.30 6.00 393.48 bad
46.20 8.00 159.36 good
183.00 4.00 87.78 bad
40.80 6.00 188.48 bad
129.90 6.00 249.84 bad
112.10 10.00 95.46 bad
153.20 8.00 208.64 bad
90.50 8.00 288.02 bad
99.00 6.00 128.84 bad
34.10 8.00 282.28 good
22.20 8.00 198.40 good
181.90 6.00 243.27 bad
59.90 6.00 297.05 bad
219.60 10.00 286.97 bad
78.10 2.00 65.28 good
150.50 6.00 92.39 bad
64.40 6.00 114.14 good
310.00 10.00 72.91 bad
101.10 6.00 170.95 bad
133.50 6.00 131.59 bad
148.90 8.00 113.09 good
107.80 6.00 84.03 bad
247.80 6.00 164.81 bad
31.70 10.00 875.52 bad
59.10 6.00 132.92 bad
92.20 6.00 387.39 bad
427.70 8.00 297.36 good
145.90 6.00 102.63 bad
65.70 10.00 1797.82 good
34.20 10.00 319.05 good
296.70 10.00 82.37 good
195.70 4.00 58.14 good
237.20 8.00 212.10 good
145.80 8.00 194.01 bad
179.50 8.00 176.74 good
335.20 8.00 234.30 bad
448.70 10.00 478.73 good
212.90 2.00 56.35 bad
130.30 8.00 304.97 good
43.40 8.00 361.68 bad
518.00 10.00 364.52 good
177.70 8.00 86.23 bad
62.30 6.00 909.70 bad
154.00 2.00 40.59 good
209.90 2.00 9.99 bad
382.10 8.00 113.50 good
44.60 6.00 158.29 bad
163.50 2.00 62.68 good
73.20 6.00 105.28 good