AddListCount FiveStarRate Median Class
91
0 1 3 6 7 9 10 11 12 16 17 18 21 23 24 25 27 29 30 31 33 34 35 36 37 38 41 43 44 45 47 48 51 52 54 55 56 57 59 60 61 63 64 67 69 70 71 72 73 74 78 79 80 82 84 86 87 89 96 97 98 102 103 104 105 106 109 113 114 116 118 122 124 125 126 127 130 131 133 134 136 137 138 141 142 143 144 145 146 149 152
214 0.15 6.00 good
492 0.25 8.00 good
38 0.18 6.00 bad
42 0.23 6.00 good
8 0.11 6.00 bad
14 0.02 6.00 bad
25 0.09 6.00 bad
15 0.16 6.00 bad
12 0.20 6.00 bad
25 0.14 6.00 good
10 0.12 6.00 bad
7 0.28 6.00 bad
12 0.04 4.00 bad
32 0.06 4.00 good
23 0.11 6.00 bad
2 0.20 4.00 bad
31 0.05 4.00 good
68 0.36 8.00 good
9 0.11 6.00 bad
6 0.09 6.00 good
49 0.15 6.00 good
24 0.03 6.00 bad
254 0.21 6.00 good
63 0.19 8.00 bad
106 0.28 8.00 bad
19 0.13 6.00 bad
289 0.17 6.00 good
18 0.14 6.00 good
242 0.23 4.00 good
93 0.10 6.00 bad
20 0.08 4.00 bad
371 0.17 6.00 bad
42 0.07 6.00 bad
446 0.42 8.00 bad
9 0.29 6.00 good
11 0.06 6.00 bad
13 0.13 6.00 good
551 0.18 6.00 bad
138 0.25 6.00 good
19 0.23 6.00 bad
33 0.21 8.00 good
21 0.30 6.00 good
10 0.02 4.00 bad
17 0.42 8.00 good
5 0.21 8.00 bad
2 0.20 8.00 bad
119 0.17 6.00 bad
180 0.35 8.00 good
8 0.17 8.00 bad
16 0.04 6.00 bad
57 0.16 6.00 bad
94 0.10 6.00 bad
193 0.58 10.00 bad
3 0.22 4.00 bad
3 0.14 6.00 bad
53 0.26 8.00 bad
65 0.27 6.00 bad
49 0.17 6.00 bad
100 0.17 8.00 good
7 0.13 8.00 good
558 0.29 8.00 good
39 0.08 6.00 good
6 0.11 6.00 bad
5 0.09 4.00 bad
98 0.31 8.00 good
102 0.16 6.00 good
34 0.10 6.00 bad
25 0.14 6.00 bad
218 0.60 10.00 bad
7 0.17 6.00 good
112 0.11 6.00 bad
126 0.25 8.00 bad
57 0.11 6.00 good
149 0.67 10.00 good
48 0.30 8.00 good
146 0.36 8.00 good
11 0.17 6.00 bad
5 0.06 4.00 good
1 0.04 6.00 bad
168 0.18 8.00 good
9 0.09 4.00 bad
303 0.38 8.00 good
53 0.18 6.00 bad
19 0.15 8.00 bad
365 0.46 8.00 good
42 0.10 6.00 bad
103 0.09 6.00 bad
28 0.08 6.00 bad
710 0.19 8.00 good
178 0.15 6.00 good
12 0.09 6.00 good