BookScoreCount FiveStarRate Median Class
98
4 5 6 9 12 14 15 17 18 20 21 22 24 26 27 28 29 30 34 36 37 39 40 41 42 43 44 45 46 47 48 50 51 52 53 56 57 58 59 60 61 62 64 66 67 68 69 71 72 73 74 75 76 77 78 80 82 84 85 86 89 90 91 92 93 94 95 96 103 104 105 106 108 109 110 112 115 116 118 122 125 126 127 129 132 133 137 138 140 141 142 145 146 147 149 150 151 153
78 0.10 6.00 bad
439 0.12 6.00 good
187 0.23 6.00 good
51 0.02 6.00 bad
25 0.20 6.00 bad
454 0.20 6.00 good
658 0.23 6.00 bad
36 0.12 6.00 bad
23 0.28 6.00 bad
112 0.13 4.00 good
44 0.04 4.00 bad
159 0.11 6.00 bad
70 0.11 6.00 bad
100 0.19 6.00 bad
150 0.05 4.00 good
263 0.27 8.00 bad
290 0.36 8.00 good
29 0.11 6.00 bad
97 0.03 6.00 bad
223 0.19 8.00 bad
216 0.28 8.00 bad
20 0.00 2.00 bad
495 0.19 8.00 good
670 0.17 6.00 good
686 0.11 6.00 bad
81 0.14 6.00 good
1885 0.23 4.00 good
299 0.10 6.00 bad
108 0.27 8.00 good
79 0.08 4.00 bad
1248 0.17 6.00 bad
29 0.07 6.00 good
133 0.07 6.00 bad
1780 0.42 8.00 bad
22 0.10 4.00 bad
80 0.13 6.00 good
2109 0.18 6.00 bad
461 0.37 8.00 good
484 0.25 6.00 good
108 0.23 6.00 bad
86 0.21 8.00 good
13 0.00 4.00 bad
45 0.02 4.00 bad
21 0.10 6.00 bad
90 0.42 8.00 good
153 0.22 8.00 bad
20 0.21 8.00 bad
248 0.17 6.00 bad
956 0.35 8.00 good
19 0.17 8.00 bad
46 0.04 6.00 bad
21 0.10 6.00 good
429 0.24 8.00 good
745 0.37 8.00 bad
217 0.16 6.00 bad
714 0.58 10.00 bad
31 0.22 4.00 bad
21 0.14 6.00 bad
356 0.10 4.00 good
222 0.26 8.00 bad
145 0.17 6.00 bad
16 0.07 2.00 bad
654 0.34 8.00 good
527 0.42 8.00 good
396 0.21 8.00 bad
218 0.23 8.00 good
13 0.15 6.00 bad
188 0.17 8.00 good
29 0.11 6.00 bad
25 0.09 4.00 bad
339 0.31 8.00 good
349 0.16 6.00 good
5393 0.63 10.00 good
88 0.10 6.00 bad
112 0.10 6.00 bad
201 0.11 6.00 bad
282 0.07 6.00 bad
19 0.17 6.00 good
274 0.11 6.00 bad
385 0.25 8.00 bad
768 0.67 10.00 good
353 0.30 8.00 good
387 0.36 8.00 good
2063 0.37 8.00 good
614 0.13 6.00 good
23 0.04 6.00 bad
1641 0.38 8.00 good
328 0.18 6.00 bad
21 0.05 8.00 bad
83 0.15 8.00 bad
2366 0.46 8.00 good
61 0.08 6.00 bad
2356 0.19 8.00 good
208 0.02 4.00 good
674 0.15 6.00 good
21 0.15 6.00 bad
638 0.37 8.00 bad
209 0.12 6.00 good