BookScore AddListCount Mode Class
97
0 1 2 4 5 6 7 8 9 10 11 13 14 15 16 17 18 19 21 22 23 24 25 27 29 31 32 33 34 36 37 38 39 40 41 42 45 46 49 50 51 52 54 55 56 59 60 61 65 67 68 69 71 72 73 74 76 77 78 79 84 85 86 87 89 92 93 99 102 104 105 108 109 110 113 114 115 116 118 119 121 123 124 125 129 131 134 135 137 139 140 141 142 148 149 151 152
6.4 214 8.00 good
7.2 492 8.00 good
6.4 12 6.00 bad
5.8 22 6.00 bad
5.6 122 6.00 good
6.0 42 2.00 good
5.8 8 6.00 bad
6.5 53 6.00 bad
5.4 14 8.00 bad
5.8 25 8.00 bad
6.9 15 6.00 bad
5.5 9 6.00 bad
5.9 136 2.00 good
6.6 204 6.00 bad
5.7 25 6.00 good
5.6 10 8.00 bad
6.5 7 10.00 bad
6.7 70 10.00 bad
4.6 12 4.00 bad
6.5 61 6.00 bad
4.7 32 4.00 good
5.5 23 6.00 bad
4.8 2 2.00 bad
4.5 31 2.00 good
7.1 68 10.00 good
5.8 6 6.00 good
6.8 111 8.00 bad
6.1 49 6.00 good
5.1 24 6.00 bad
6.7 63 8.00 bad
7.8 106 8.00 bad
5.9 19 4.00 bad
3.5 1 2.00 bad
6.7 172 8.00 good
6.7 289 6.00 good
5.4 215 2.00 bad
5.8 93 6.00 bad
7.1 28 8.00 good
5.9 13 6.00 bad
5.3 7 6.00 good
5.9 42 6.00 bad
7.9 446 10.00 bad
7.0 9 6.00 good
5.6 11 6.00 bad
5.3 13 6.00 good
6.5 138 10.00 good
6.2 19 10.00 bad
7.5 33 8.00 good
4.8 22 6.00 bad
7.6 17 10.00 good
6.8 45 8.00 bad
7.4 5 8.00 bad
6.1 119 8.00 bad
7.3 180 10.00 good
6.8 8 8.00 bad
6.1 16 6.00 bad
6.8 110 8.00 good
7.6 183 10.00 bad
6.2 57 6.00 bad
5.2 94 2.00 bad
5.9 3 6.00 bad
5.2 55 2.00 good
7.0 53 6.00 bad
6.4 65 10.00 bad
6.4 49 8.00 bad
7.8 141 10.00 good
6.9 121 8.00 bad
6.5 253 6.00 bad
5.3 39 2.00 good
4.9 5 6.00 bad
7.4 98 8.00 good
8.7 1586 10.00 good
6.0 34 6.00 bad
5.8 31 6.00 bad
6.1 25 6.00 bad
8.5 218 10.00 bad
5.5 76 6.00 bad
6.0 7 6.00 good
6.5 112 6.00 bad
7.3 274 8.00 good
4.5 14 6.00 bad
7.0 32 6.00 good
5.6 57 6.00 good
8.9 149 10.00 good
7.3 510 10.00 good
4.4 5 4.00 good
6.5 168 8.00 good
7.0 293 8.00 bad
7.8 303 10.00 good
7.0 206 8.00 good
6.4 7 8.00 bad
6.9 19 8.00 bad
7.8 365 10.00 good
3.3 54 2.00 bad
6.0 178 8.00 good
6.8 125 10.00 bad
5.1 12 2.00 good