BookScore FourStarRate Mode Class
91
0 2 4 5 6 7 8 9 12 13 14 18 21 24 25 26 29 30 31 33 34 35 36 39 40 41 46 47 49 51 52 54 56 57 58 59 60 63 65 67 69 70 77 78 81 82 83 84 86 87 88 90 91 92 93 94 95 96 98 100 101 102 103 107 109 111 117 118 119 120 121 122 123 124 126 127 130 133 134 135 137 141 142 143 144 146 147 148 150 151 152
6.4 0.30 8.00 good
6.4 0.24 6.00 bad
5.8 0.25 6.00 bad
5.6 0.21 6.00 good
6.0 0.18 2.00 good
5.8 0.11 6.00 bad
6.5 0.22 6.00 bad
5.4 0.30 8.00 bad
6.0 0.08 6.00 bad
5.5 0.13 6.00 bad
5.9 0.19 2.00 good
6.5 0.14 10.00 bad
4.6 0.14 4.00 bad
5.5 0.13 6.00 bad
4.8 0.00 2.00 bad
6.5 0.18 6.00 bad
7.1 0.20 10.00 good
5.4 0.14 6.00 bad
5.8 0.19 6.00 good
6.1 0.23 6.00 good
5.1 0.13 6.00 bad
5.5 0.14 2.00 good
6.7 0.34 8.00 bad
3.5 0.05 2.00 bad
6.7 0.33 8.00 good
6.7 0.29 6.00 good
7.1 0.33 8.00 good
5.3 0.22 4.00 bad
5.9 0.23 6.00 bad
5.9 0.21 6.00 bad
7.9 0.30 10.00 bad
7.0 0.21 6.00 good
5.3 0.10 6.00 good
6.2 0.29 8.00 bad
7.5 0.30 10.00 good
6.5 0.21 10.00 good
6.2 0.20 10.00 bad
6.2 0.20 2.00 good
4.8 0.07 6.00 bad
7.6 0.25 10.00 good
7.4 0.42 8.00 bad
5.9 0.32 2.00 bad
7.6 0.27 10.00 bad
6.2 0.24 6.00 bad
5.8 0.08 6.00 bad
5.6 0.05 4.00 bad
6.6 0.22 6.00 bad
5.9 0.19 6.00 bad
7.0 0.27 6.00 bad
6.4 0.19 10.00 bad
6.7 0.23 10.00 good
4.0 0.07 2.00 bad
7.2 0.28 10.00 good
7.8 0.29 10.00 good
6.9 0.34 8.00 bad
7.0 0.33 8.00 good
5.5 0.00 6.00 bad
6.7 0.33 8.00 good
7.3 0.33 8.00 good
7.0 0.27 6.00 bad
7.1 0.27 10.00 bad
5.3 0.21 2.00 good
6.6 0.26 6.00 bad
6.4 0.17 10.00 bad
6.0 0.24 6.00 bad
5.8 0.26 8.00 good
5.5 0.14 6.00 bad
6.5 0.30 6.00 bad
7.3 0.33 8.00 good
5.6 0.25 8.00 good
4.5 0.08 6.00 bad
7.0 0.29 8.00 bad
7.0 0.30 6.00 good
5.6 0.20 6.00 good
6.4 0.21 10.00 good
7.4 0.26 10.00 good
5.7 0.16 6.00 bad
5.9 0.33 8.00 bad
6.5 0.34 8.00 good
7.0 0.29 8.00 bad
7.8 0.33 10.00 good
6.9 0.49 8.00 bad
7.8 0.24 10.00 good
5.5 0.24 8.00 bad
5.4 0.18 6.00 bad
7.0 0.37 8.00 good
3.9 0.09 2.00 good
3.3 0.06 2.00 bad
6.1 0.20 6.00 bad
6.8 0.19 10.00 bad
5.1 0.14 2.00 good