BookScoreCount FiveStarRate Mode Class
96
0 2 6 8 9 12 14 15 17 18 20 21 22 23 25 26 29 30 31 32 33 34 35 37 39 41 42 43 44 45 47 48 49 50 52 53 54 56 57 59 61 62 64 65 66 69 70 71 75 76 78 79 80 81 84 86 89 90 91 92 94 95 98 100 101 102 103 106 111 115 116 117 119 120 121 122 123 124 126 128 129 130 131 133 135 136 137 138 140 141 142 144 145 147 150 153
568 0.15 8.00 good
47 0.15 6.00 bad
187 0.23 2.00 good
177 0.21 6.00 bad
51 0.02 8.00 bad
25 0.20 6.00 bad
454 0.20 2.00 good
658 0.23 6.00 bad
36 0.12 8.00 bad
23 0.28 10.00 bad
112 0.13 2.00 good
44 0.04 4.00 bad
159 0.11 6.00 bad
116 0.06 4.00 good
11 0.20 2.00 bad
100 0.19 6.00 bad
290 0.36 10.00 good
29 0.11 6.00 bad
44 0.09 6.00 good
292 0.13 8.00 bad
192 0.15 6.00 good
97 0.03 6.00 bad
1909 0.21 2.00 good
216 0.28 8.00 bad
20 0.00 2.00 bad
670 0.17 6.00 good
686 0.11 2.00 bad
81 0.14 2.00 good
1885 0.23 2.00 good
299 0.10 6.00 bad
79 0.08 4.00 bad
1248 0.17 8.00 bad
72 0.10 6.00 bad
29 0.07 6.00 good
1780 0.42 10.00 bad
22 0.10 2.00 bad
43 0.29 6.00 good
80 0.13 6.00 good
2109 0.18 8.00 bad
484 0.25 10.00 good
86 0.21 8.00 good
13 0.00 4.00 bad
45 0.02 2.00 bad
82 0.07 6.00 bad
21 0.10 6.00 bad
20 0.21 8.00 bad
51 0.20 2.00 bad
248 0.17 8.00 bad
21 0.10 6.00 good
429 0.24 8.00 good
217 0.16 6.00 bad
531 0.10 2.00 bad
714 0.58 10.00 bad
25 0.13 6.00 bad
21 0.14 6.00 bad
222 0.26 6.00 bad
145 0.17 8.00 bad
16 0.07 2.00 bad
654 0.34 10.00 good
527 0.42 10.00 good
218 0.23 8.00 good
13 0.15 6.00 bad
2113 0.29 8.00 good
42 0.25 6.00 bad
219 0.27 10.00 bad
225 0.08 2.00 good
29 0.11 6.00 bad
349 0.16 6.00 good
182 0.12 8.00 good
282 0.07 6.00 bad
19 0.17 6.00 good
34 0.09 6.00 bad
1575 0.29 8.00 good
45 0.11 8.00 good
59 0.02 6.00 bad
385 0.25 8.00 bad
93 0.20 6.00 good
320 0.11 6.00 good
353 0.30 10.00 good
607 0.31 10.00 good
2063 0.37 10.00 good
82 0.17 6.00 bad
31 0.06 4.00 good
23 0.04 8.00 bad
1310 0.26 8.00 bad
68 0.09 6.00 bad
1641 0.38 10.00 good
328 0.18 2.00 bad
21 0.05 8.00 bad
83 0.15 8.00 bad
2366 0.46 10.00 good
364 0.09 6.00 bad
61 0.08 6.00 bad
208 0.02 2.00 good
21 0.15 6.00 bad
209 0.12 6.00 good