AddListCount FourStarRate Mode Class
92
0 1 2 3 4 8 10 11 13 14 17 19 21 23 24 25 26 27 28 29 30 35 36 37 38 39 40 43 45 46 47 48 52 54 55 56 57 58 62 63 65 67 68 69 70 71 72 73 75 77 78 79 80 81 84 85 87 89 91 92 93 94 96 100 103 104 105 107 112 113 116 119 121 123 125 126 128 129 131 133 134 135 136 137 138 140 144 146 147 149 151 152
214 0.30 8.00 good
492 0.36 8.00 good
12 0.24 6.00 bad
38 0.27 8.00 bad
22 0.25 6.00 bad
53 0.22 6.00 bad
25 0.27 8.00 bad
15 0.32 6.00 bad
9 0.13 6.00 bad
136 0.19 2.00 good
10 0.23 8.00 bad
70 0.22 10.00 bad
12 0.14 4.00 bad
32 0.08 4.00 good
23 0.13 6.00 bad
2 0.00 2.00 bad
32 0.18 6.00 bad
31 0.15 2.00 good
73 0.31 8.00 bad
68 0.20 10.00 good
9 0.14 6.00 bad
254 0.14 2.00 good
63 0.34 8.00 bad
106 0.44 8.00 bad
19 0.17 4.00 bad
1 0.05 2.00 bad
172 0.33 8.00 good
18 0.14 2.00 good
93 0.23 6.00 bad
28 0.33 8.00 good
20 0.22 4.00 bad
371 0.33 8.00 bad
446 0.30 10.00 bad
9 0.21 6.00 good
11 0.20 6.00 bad
13 0.10 6.00 good
551 0.29 8.00 bad
70 0.30 10.00 good
3 0.34 4.00 bad
21 0.20 2.00 good
22 0.07 6.00 bad
17 0.25 10.00 good
45 0.30 8.00 bad
5 0.42 8.00 bad
2 0.32 2.00 bad
119 0.25 8.00 bad
180 0.20 10.00 good
8 0.39 8.00 bad
8 0.30 6.00 good
183 0.27 10.00 bad
57 0.24 6.00 bad
94 0.17 2.00 bad
193 0.19 10.00 bad
4 0.08 6.00 bad
3 0.19 6.00 bad
55 0.24 2.00 good
65 0.19 10.00 bad
49 0.28 8.00 bad
218 0.28 10.00 good
141 0.29 10.00 good
121 0.34 8.00 bad
57 0.33 8.00 good
100 0.33 8.00 good
8 0.27 6.00 bad
6 0.26 6.00 bad
5 0.04 6.00 bad
98 0.33 8.00 good
188 0.17 10.00 bad
63 0.15 6.00 bad
25 0.21 6.00 bad
7 0.12 6.00 good
274 0.33 8.00 good
14 0.08 6.00 bad
32 0.30 6.00 good
149 0.20 10.00 good
48 0.21 10.00 good
108 0.23 10.00 good
510 0.26 10.00 good
5 0.11 4.00 good
1 0.33 8.00 bad
168 0.34 8.00 good
293 0.29 8.00 bad
9 0.05 6.00 bad
303 0.33 10.00 good
53 0.19 2.00 bad
7 0.54 8.00 bad
103 0.18 6.00 bad
710 0.37 8.00 good
26 0.09 2.00 good
178 0.26 8.00 good
125 0.19 10.00 bad
12 0.14 2.00 good