AddListCount ThreeStarRate FiveStarRate Class
93
2 3 4 6 8 9 10 11 12 16 17 18 19 20 22 23 24 27 29 30 31 32 35 36 37 38 41 42 43 44 45 46 51 52 54 55 56 57 58 60 61 63 64 66 69 70 72 73 75 76 77 82 83 84 85 87 88 90 94 97 98 100 102 103 104 105 107 109 110 111 112 114 117 119 120 122 123 124 125 127 128 129 131 134 135 136 139 145 146 147 148 149 150
12 0.40 0.15 bad
38 0.27 0.18 bad
22 0.33 0.10 bad
42 0.21 0.23 good
53 0.30 0.21 bad
14 0.26 0.02 bad
25 0.23 0.09 bad
15 0.40 0.16 bad
12 0.44 0.20 bad
25 0.23 0.14 good
10 0.20 0.12 bad
7 0.28 0.28 bad
70 0.22 0.28 bad
17 0.15 0.13 good
61 0.40 0.11 bad
32 0.28 0.06 good
23 0.36 0.11 bad
31 0.21 0.05 good
68 0.22 0.36 good
9 0.32 0.11 bad
6 0.33 0.09 good
111 0.31 0.13 bad
254 0.18 0.21 good
63 0.23 0.19 bad
106 0.20 0.28 bad
19 0.27 0.13 bad
289 0.34 0.17 good
215 0.26 0.11 bad
18 0.24 0.14 good
242 0.11 0.23 good
93 0.30 0.10 bad
28 0.19 0.27 good
42 0.37 0.07 bad
446 0.15 0.42 bad
9 0.33 0.29 good
11 0.33 0.06 bad
13 0.32 0.13 good
551 0.21 0.18 bad
70 0.14 0.37 good
19 0.18 0.23 bad
33 0.25 0.21 good
21 0.12 0.30 good
10 0.21 0.02 bad
2 0.43 0.10 bad
5 0.26 0.21 bad
2 0.04 0.20 bad
180 0.26 0.35 good
8 0.22 0.17 bad
8 0.40 0.10 good
110 0.15 0.24 good
183 0.22 0.37 bad
3 0.20 0.22 bad
22 0.28 0.22 bad
3 0.33 0.14 bad
55 0.15 0.10 good
65 0.23 0.27 bad
321 0.18 0.30 good
4 0.20 0.07 bad
57 0.23 0.23 good
7 0.26 0.13 good
558 0.22 0.29 good
8 0.34 0.25 bad
39 0.26 0.08 good
6 0.50 0.11 bad
5 0.34 0.09 bad
98 0.19 0.31 good
188 0.15 0.31 bad
34 0.36 0.10 bad
31 0.28 0.10 bad
53 0.26 0.12 good
63 0.30 0.11 bad
218 0.09 0.60 bad
5 0.45 0.09 bad
274 0.20 0.29 good
15 0.20 0.11 good
126 0.28 0.25 bad
32 0.37 0.20 good
57 0.29 0.11 good
149 0.08 0.67 good
146 0.22 0.36 good
108 0.13 0.31 good
510 0.16 0.37 good
5 0.13 0.06 good
168 0.21 0.18 good
293 0.24 0.26 bad
9 0.32 0.09 bad
206 0.24 0.22 good
28 0.45 0.08 bad
710 0.27 0.19 good
26 0.19 0.02 good
54 0.04 0.08 bad
178 0.23 0.15 good
5 0.35 0.15 bad