TwoStarRate ThreeStarRate FiveStarRate Class
97
1 2 3 5 6 7 8 9 10 11 12 16 18 19 20 22 25 26 28 30 31 32 34 35 36 37 40 41 42 44 45 46 47 48 49 50 53 54 55 56 58 59 62 63 64 66 67 68 69 70 71 72 73 74 75 77 79 80 81 82 83 85 87 90 91 94 95 101 102 103 104 105 107 109 113 115 118 119 121 122 123 124 127 130 131 132 133 135 136 138 139 141 143 145 146 150 151
0.08 0.23 0.25 good
0.10 0.40 0.15 bad
0.12 0.27 0.18 bad
0.20 0.26 0.12 good
0.14 0.21 0.23 good
0.15 0.48 0.11 bad
0.16 0.30 0.21 bad
0.18 0.26 0.02 bad
0.26 0.23 0.09 bad
0.04 0.40 0.16 bad
0.08 0.44 0.20 bad
0.22 0.23 0.14 good
0.17 0.28 0.28 bad
0.18 0.22 0.28 bad
0.20 0.15 0.13 good
0.15 0.40 0.11 bad
0.20 0.20 0.20 bad
0.09 0.43 0.19 bad
0.11 0.25 0.27 bad
0.18 0.32 0.11 bad
0.30 0.33 0.09 good
0.09 0.31 0.13 bad
0.30 0.39 0.03 bad
0.12 0.18 0.21 good
0.10 0.23 0.19 bad
0.03 0.20 0.28 bad
0.12 0.24 0.19 good
0.14 0.34 0.17 good
0.17 0.26 0.11 bad
0.07 0.11 0.23 good
0.20 0.30 0.10 bad
0.07 0.19 0.27 good
0.28 0.20 0.08 bad
0.09 0.33 0.17 bad
0.10 0.39 0.10 bad
0.28 0.32 0.07 good
0.33 0.14 0.10 bad
0.05 0.33 0.29 good
0.28 0.33 0.06 bad
0.20 0.32 0.13 good
0.05 0.14 0.37 good
0.21 0.21 0.25 good
0.50 0.08 0.00 bad
0.07 0.12 0.30 good
0.27 0.21 0.02 bad
0.14 0.43 0.10 bad
0.06 0.16 0.42 good
0.11 0.25 0.22 bad
0.05 0.26 0.21 bad
0.10 0.04 0.20 bad
0.12 0.25 0.17 bad
0.08 0.26 0.35 good
0.11 0.22 0.17 bad
0.22 0.36 0.04 bad
0.10 0.40 0.10 good
0.07 0.22 0.37 bad
0.19 0.26 0.10 bad
0.03 0.13 0.58 bad
0.08 0.54 0.13 bad
0.41 0.20 0.22 bad
0.17 0.28 0.22 bad
0.19 0.15 0.10 good
0.09 0.23 0.27 bad
0.13 0.20 0.07 bad
0.08 0.16 0.34 good
0.11 0.23 0.23 good
0.23 0.46 0.15 bad
0.10 0.26 0.27 bad
0.14 0.26 0.08 good
0.08 0.50 0.11 bad
0.31 0.34 0.09 bad
0.08 0.19 0.31 good
0.12 0.15 0.31 bad
0.14 0.36 0.10 bad
0.13 0.36 0.14 bad
0.19 0.35 0.07 bad
0.11 0.39 0.11 bad
0.06 0.20 0.29 good
0.30 0.32 0.02 bad
0.10 0.28 0.25 bad
0.08 0.37 0.20 good
0.19 0.29 0.11 good
0.06 0.22 0.36 good
0.13 0.28 0.17 bad
0.41 0.13 0.06 good
0.14 0.25 0.13 good
0.13 0.33 0.04 bad
0.09 0.24 0.26 bad
0.24 0.32 0.09 bad
0.10 0.22 0.18 bad
0.07 0.24 0.22 good
0.03 0.19 0.15 bad
0.21 0.22 0.10 bad
0.10 0.45 0.08 bad
0.09 0.27 0.19 good
0.15 0.35 0.15 bad
0.07 0.16 0.37 bad