BookWordCount BookScoreCount FourStarRate Class
91
1 4 7 8 11 14 15 17 18 20 21 22 23 26 28 30 31 32 33 34 38 40 42 43 46 47 49 51 52 53 54 55 56 57 59 61 62 64 65 67 68 69 70 71 72 73 76 77 79 80 82 83 84 85 86 87 88 91 93 95 98 101 103 104 105 107 108 110 111 120 122 124 127 128 129 131 132 134 135 137 138 141 142 143 144 147 148 149 150 151 153
289.90 967 0.36 good
139.00 78 0.25 bad
38.90 27 0.11 bad
143.50 177 0.22 bad
13.40 51 0.32 bad
123.80 454 0.19 good
257.20 658 0.25 bad
33.60 36 0.23 bad
24.10 23 0.14 bad
82.30 112 0.20 good
74.10 44 0.14 bad
77.70 159 0.28 bad
122.20 116 0.08 good
62.70 100 0.18 bad
53.00 263 0.31 bad
150.70 29 0.14 bad
78.00 44 0.19 good
51.10 292 0.39 bad
178.90 192 0.23 good
154.60 97 0.13 bad
80.20 63 0.17 bad
153.10 495 0.33 good
300.10 686 0.20 bad
74.40 81 0.14 good
123.50 108 0.33 good
49.70 79 0.22 bad
44.50 72 0.23 bad
84.60 133 0.21 bad
76.10 1780 0.30 bad
53.70 22 0.00 bad
13.00 43 0.21 good
106.40 55 0.20 bad
40.40 80 0.10 good
293.40 2109 0.29 bad
133.40 484 0.21 good
17.00 86 0.44 good
49.60 13 0.34 bad
54.40 45 0.14 bad
72.20 82 0.07 bad
16.80 90 0.25 good
79.60 153 0.30 bad
7.30 20 0.42 bad
55.40 51 0.32 bad
98.90 248 0.25 bad
390.00 956 0.20 good
68.60 19 0.39 bad
46.20 429 0.36 good
1070.70 745 0.27 bad
131.20 531 0.17 bad
144.70 714 0.19 bad
183.00 31 0.05 bad
40.80 104 0.22 bad
30.00 21 0.19 bad
87.20 356 0.24 good
129.90 222 0.27 bad
112.10 182 0.19 bad
315.30 1636 0.23 good
126.20 654 0.28 good
90.50 396 0.34 bad
99.00 13 0.00 bad
170.60 2113 0.33 good
219.60 219 0.27 bad
21.40 29 0.26 bad
150.50 25 0.04 bad
198.70 339 0.33 good
310.00 1184 0.17 bad
446.50 5393 0.20 good
133.50 112 0.24 bad
148.90 182 0.26 good
85.80 45 0.25 good
79.20 385 0.29 bad
223.00 320 0.20 good
34.20 387 0.26 good
296.70 607 0.23 good
322.80 2063 0.26 good
195.70 31 0.11 good
237.20 614 0.35 good
179.50 795 0.34 good
335.20 1310 0.29 bad
448.70 1641 0.33 good
212.90 328 0.19 bad
25.10 83 0.49 bad
518.00 2366 0.24 good
177.70 153 0.24 bad
319.70 364 0.18 bad
154.00 208 0.09 good
209.90 1080 0.06 bad
382.10 674 0.26 good
44.60 21 0.20 bad
93.00 638 0.19 bad
73.20 209 0.22 good