TwoStarRate FourStarRate Median Class
91
0 3 4 5 8 11 13 15 17 18 20 22 24 26 30 31 32 33 34 35 36 37 38 39 40 41 43 47 48 49 50 51 52 53 54 56 57 58 63 64 65 69 70 71 73 74 75 76 77 78 79 82 84 85 86 87 88 89 92 94 95 97 99 100 103 108 110 111 114 115 116 117 118 120 121 122 123 124 125 129 130 134 137 139 140 142 144 145 147 150 151
0.15 0.30 6.00 good
0.12 0.27 6.00 bad
0.09 0.25 6.00 bad
0.20 0.21 6.00 good
0.16 0.22 6.00 bad
0.04 0.32 6.00 bad
0.24 0.13 6.00 bad
0.13 0.25 6.00 bad
0.22 0.23 6.00 bad
0.17 0.14 6.00 bad
0.20 0.20 4.00 good
0.15 0.28 6.00 bad
0.21 0.13 6.00 bad
0.09 0.18 6.00 bad
0.18 0.14 6.00 bad
0.30 0.19 6.00 good
0.09 0.39 8.00 bad
0.20 0.23 6.00 good
0.30 0.13 6.00 bad
0.12 0.14 6.00 good
0.10 0.34 8.00 bad
0.03 0.44 8.00 bad
0.35 0.17 6.00 bad
0.26 0.05 2.00 bad
0.12 0.33 8.00 good
0.14 0.29 6.00 good
0.13 0.14 6.00 good
0.28 0.22 4.00 bad
0.09 0.33 6.00 bad
0.10 0.23 6.00 bad
0.28 0.14 6.00 good
0.30 0.21 6.00 bad
0.04 0.30 8.00 bad
0.33 0.00 4.00 bad
0.05 0.21 6.00 good
0.20 0.10 6.00 good
0.07 0.29 6.00 bad
0.05 0.30 8.00 good
0.07 0.20 6.00 good
0.27 0.14 4.00 bad
0.28 0.07 4.00 bad
0.05 0.42 8.00 bad
0.10 0.32 8.00 bad
0.12 0.25 6.00 bad
0.11 0.39 8.00 bad
0.22 0.31 6.00 bad
0.10 0.30 6.00 good
0.07 0.36 8.00 good
0.07 0.27 8.00 bad
0.10 0.24 6.00 bad
0.19 0.17 6.00 bad
0.41 0.05 4.00 bad
0.14 0.19 6.00 bad
0.19 0.24 4.00 good
0.03 0.27 8.00 bad
0.09 0.19 6.00 bad
0.10 0.23 8.00 good
0.17 0.28 6.00 bad
0.04 0.29 8.00 good
0.11 0.33 8.00 good
0.23 0.00 6.00 bad
0.03 0.40 8.00 good
0.12 0.26 6.00 bad
0.02 0.27 8.00 bad
0.08 0.26 6.00 bad
0.02 0.20 10.00 good
0.21 0.24 6.00 bad
0.16 0.26 6.00 good
0.02 0.23 10.00 bad
0.19 0.19 6.00 bad
0.12 0.12 6.00 good
0.11 0.14 6.00 bad
0.11 0.30 6.00 bad
0.18 0.25 6.00 good
0.30 0.08 4.00 bad
0.10 0.29 8.00 bad
0.08 0.30 6.00 good
0.19 0.20 6.00 good
0.02 0.20 10.00 good
0.07 0.26 8.00 good
0.13 0.16 6.00 bad
0.12 0.34 8.00 good
0.05 0.33 8.00 good
0.07 0.36 8.00 good
0.30 0.54 8.00 bad
0.05 0.24 8.00 good
0.25 0.18 6.00 bad
0.10 0.33 6.00 bad
0.22 0.09 4.00 good
0.15 0.20 6.00 bad
0.07 0.19 8.00 bad