BookScore BookScoreCount FiveStarRate Class
96
0 4 5 9 12 13 14 16 18 19 20 22 23 24 26 27 28 29 30 32 33 34 37 38 39 40 41 42 43 44 45 48 49 53 54 55 56 58 59 60 61 62 63 64 67 75 76 78 80 81 82 83 85 86 88 89 90 92 94 96 97 100 102 103 105 106 107 110 112 113 115 118 120 122 125 126 127 129 130 131 132 134 135 138 139 140 141 142 143 144 145 147 148 149 150 152
6.4 568 0.15 good
5.8 78 0.10 bad
5.6 439 0.12 good
5.4 51 0.02 bad
6.0 25 0.20 bad
5.5 48 0.09 bad
5.9 454 0.20 good
5.7 119 0.14 good
6.5 23 0.28 bad
6.7 250 0.28 bad
5.3 112 0.13 good
6.5 159 0.11 bad
4.7 116 0.06 good
5.5 70 0.11 bad
6.5 100 0.19 bad
4.5 150 0.05 good
7.2 263 0.27 bad
7.1 290 0.36 good
5.4 29 0.11 bad
6.8 292 0.13 bad
6.1 192 0.15 good
5.1 97 0.03 bad
7.8 216 0.28 bad
5.9 63 0.13 bad
3.5 20 0.00 bad
6.7 495 0.19 good
6.7 670 0.17 good
5.4 686 0.11 bad
5.1 81 0.14 good
5.4 1885 0.23 good
5.8 299 0.10 bad
6.8 1248 0.17 bad
5.9 72 0.10 bad
4.0 22 0.10 bad
7.0 43 0.29 good
5.6 55 0.06 bad
5.3 80 0.13 good
7.5 461 0.37 good
6.5 484 0.25 good
6.2 108 0.23 bad
7.5 86 0.21 good
5.3 13 0.00 bad
6.2 91 0.30 good
4.4 45 0.02 bad
7.6 90 0.42 good
6.4 21 0.10 good
6.8 429 0.24 good
6.2 217 0.16 bad
8.3 714 0.58 bad
5.8 25 0.13 bad
5.6 31 0.22 bad
6.6 104 0.22 bad
5.2 356 0.10 good
7.0 222 0.26 bad
6.7 1636 0.30 good
6.4 145 0.17 bad
4.0 16 0.07 bad
7.8 527 0.42 good
7.0 218 0.23 good
6.7 188 0.17 good
6.5 39 0.13 good
7.0 42 0.25 bad
5.3 225 0.08 good
6.6 29 0.11 bad
7.4 339 0.31 good
6.0 349 0.16 good
6.4 1184 0.31 bad
5.8 112 0.10 bad
5.4 201 0.11 bad
6.1 136 0.14 bad
5.5 282 0.07 bad
6.5 274 0.11 bad
5.6 45 0.11 good
7.0 385 0.25 bad
8.9 768 0.67 good
6.4 353 0.30 good
7.4 387 0.36 good
7.3 2063 0.37 good
5.7 82 0.17 bad
4.4 31 0.06 good
6.4 614 0.13 good
6.5 795 0.18 good
7.0 1310 0.26 bad
5.7 328 0.18 bad
7.0 1100 0.22 good
6.4 21 0.05 bad
6.9 83 0.15 bad
7.8 2366 0.46 good
5.5 153 0.10 bad
5.4 364 0.09 bad
6.7 61 0.08 bad
3.9 208 0.02 good
3.3 1080 0.08 bad
6.0 674 0.15 good
6.1 21 0.15 bad
5.1 45 0.09 good