BookWordCount BookScoreCount Mode Class
95
2 5 7 8 11 13 14 16 17 19 21 22 23 24 29 31 32 33 34 36 37 38 39 40 41 46 48 49 51 52 53 55 58 59 60 61 62 63 64 65 67 68 72 73 75 77 78 79 81 83 85 86 87 88 89 90 92 94 96 97 98 100 103 104 105 106 107 108 109 110 111 112 114 115 116 118 120 124 126 127 128 130 134 135 139 141 142 144 145 146 147 148 149 152 153
48.30 47 6.00 bad
158.50 439 6.00 good
38.90 27 6.00 bad
143.50 177 6.00 bad
13.40 51 6.00 bad
27.50 48 6.00 bad
123.80 454 2.00 good
135.80 119 6.00 good
33.60 36 8.00 bad
122.40 250 10.00 bad
74.10 44 4.00 bad
77.70 159 6.00 bad
122.20 116 4.00 good
74.80 70 6.00 bad
233.90 290 10.00 good
78.00 44 6.00 good
51.10 292 8.00 bad
178.90 192 6.00 good
154.60 97 6.00 bad
87.00 223 8.00 bad
51.30 216 8.00 bad
80.20 63 4.00 bad
22.80 20 2.00 bad
153.10 495 8.00 good
168.40 670 6.00 good
123.50 108 8.00 good
281.40 1248 8.00 bad
44.50 72 6.00 bad
84.60 133 6.00 bad
76.10 1780 10.00 bad
53.70 22 2.00 bad
106.40 55 6.00 bad
63.50 461 10.00 good
133.40 484 10.00 good
45.10 108 10.00 bad
17.00 86 8.00 good
49.60 13 4.00 bad
108.60 91 2.00 good
54.40 45 2.00 bad
72.20 82 6.00 bad
16.80 90 10.00 good
79.60 153 8.00 bad
390.00 956 10.00 good
68.60 19 8.00 bad
39.60 21 6.00 good
1070.70 745 10.00 bad
70.00 217 6.00 bad
131.20 531 2.00 bad
87.70 25 6.00 bad
40.80 104 6.00 bad
87.20 356 2.00 good
129.90 222 6.00 bad
112.10 182 10.00 bad
315.30 1636 10.00 good
153.20 145 8.00 bad
50.40 16 2.00 bad
116.50 527 10.00 good
63.70 218 8.00 good
34.10 188 8.00 good
22.20 39 8.00 good
170.60 2113 8.00 good
59.90 42 6.00 bad
21.40 29 6.00 bad
150.50 25 6.00 bad
198.70 339 8.00 good
64.40 349 6.00 good
310.00 1184 10.00 bad
446.50 5393 10.00 good
101.10 88 6.00 bad
133.50 112 6.00 bad
148.90 182 8.00 good
107.80 201 6.00 bad
31.70 1114 10.00 bad
119.20 282 6.00 bad
118.30 19 6.00 good
92.20 274 6.00 bad
85.80 45 8.00 good
223.00 320 6.00 good
89.70 353 10.00 good
34.20 387 10.00 good
296.70 607 10.00 good
46.30 82 6.00 bad
179.50 795 8.00 good
335.20 1310 8.00 bad
130.30 1100 8.00 good
25.10 83 8.00 bad
518.00 2366 10.00 good
319.70 364 6.00 bad
62.30 61 6.00 bad
477.20 2356 8.00 good
154.00 208 2.00 good
209.90 1080 2.00 bad
382.10 674 8.00 good
163.50 45 2.00 good
73.20 209 6.00 good