TwoStarRate Mode Kurtosis Class
101
1 4 8 9 11 12 13 16 17 18 19 20 21 22 25 26 27 28 30 31 32 33 34 36 37 41 45 46 47 48 49 50 51 52 54 55 56 58 59 60 65 66 67 68 69 71 72 74 75 77 78 80 82 83 86 87 89 90 91 92 93 94 96 97 99 101 102 106 107 108 109 111 112 115 116 118 119 121 122 123 124 126 129 131 133 134 135 136 137 138 140 142 143 145 146 147 148 149 151 152 153
0.08 8.00 406.22 good
0.09 6.00 113.07 bad
0.16 6.00 196.73 bad
0.18 8.00 110.48 bad
0.04 6.00 491.68 bad
0.08 6.00 114.51 bad
0.24 6.00 156.17 bad
0.22 6.00 87.54 good
0.22 8.00 80.31 bad
0.17 10.00 137.29 bad
0.18 10.00 181.41 bad
0.20 2.00 48.29 good
0.37 4.00 66.70 bad
0.15 6.00 468.11 bad
0.20 2.00 28.01 bad
0.09 6.00 249.04 bad
0.17 2.00 40.03 good
0.11 8.00 418.19 bad
0.18 6.00 80.73 bad
0.30 6.00 211.54 good
0.09 8.00 404.81 bad
0.20 6.00 163.05 good
0.30 6.00 192.82 bad
0.10 8.00 203.97 bad
0.03 8.00 948.64 bad
0.14 6.00 389.04 good
0.20 6.00 135.14 bad
0.07 8.00 218.67 good
0.28 4.00 85.63 bad
0.09 8.00 362.40 bad
0.10 6.00 155.38 bad
0.28 6.00 119.73 good
0.30 6.00 339.26 bad
0.04 10.00 453.60 bad
0.05 6.00 245.77 good
0.28 6.00 182.02 bad
0.20 6.00 74.03 good
0.05 10.00 256.16 good
0.21 10.00 148.52 good
0.21 10.00 95.85 bad
0.28 6.00 77.07 bad
0.14 6.00 204.65 bad
0.06 10.00 278.88 good
0.11 8.00 223.96 bad
0.05 8.00 758.93 bad
0.12 8.00 106.33 bad
0.08 10.00 259.41 good
0.22 6.00 393.48 bad
0.10 6.00 344.01 good
0.07 10.00 440.27 bad
0.10 6.00 147.32 bad
0.03 10.00 599.56 bad
0.41 4.00 87.78 bad
0.17 6.00 188.48 bad
0.03 6.00 249.84 bad
0.09 10.00 95.46 bad
0.17 8.00 208.64 bad
0.13 2.00 25.57 bad
0.08 10.00 191.97 good
0.04 10.00 444.03 good
0.08 8.00 288.02 bad
0.11 8.00 299.63 good
0.11 8.00 282.28 good
0.03 8.00 198.40 good
0.12 6.00 243.27 bad
0.10 10.00 286.97 bad
0.14 2.00 65.28 good
0.14 6.00 114.14 good
0.12 10.00 72.91 bad
0.02 10.00 1238.93 good
0.14 6.00 170.95 bad
0.16 8.00 113.09 good
0.20 6.00 84.03 bad
0.19 6.00 125.49 bad
0.12 6.00 138.45 good
0.11 6.00 387.39 bad
0.06 8.00 297.36 good
0.30 6.00 102.63 bad
0.10 8.00 313.76 bad
0.08 6.00 502.72 good
0.19 6.00 101.09 good
0.06 10.00 76.64 good
0.07 10.00 209.65 good
0.41 4.00 58.14 good
0.13 8.00 194.01 bad
0.12 8.00 176.74 good
0.09 8.00 234.30 bad
0.24 6.00 63.17 bad
0.05 10.00 478.73 good
0.10 2.00 56.35 bad
0.30 8.00 361.68 bad
0.05 10.00 364.52 good
0.21 8.00 86.23 bad
0.10 6.00 909.70 bad
0.09 8.00 402.15 good
0.22 2.00 40.59 good
0.03 2.00 9.99 bad
0.18 8.00 113.50 good
0.07 10.00 105.22 bad
0.19 2.00 62.68 good
0.22 6.00 105.28 good