BookScore TwoStarRate FourStarRate Class
106
0 1 2 4 7 9 10 12 13 15 16 18 19 20 22 23 27 28 34 35 36 37 38 39 42 43 45 47 49 50 51 52 53 54 55 58 59 60 64 66 68 69 70 71 73 74 75 77 78 80 82 84 86 87 88 91 93 94 95 97 98 100 101 102 103 104 105 108 109 110 111 113 115 116 117 118 120 121 123 124 125 126 127 128 129 131 132 133 134 135 136 138 139 140 141 142 143 144 145 146 147 149 150 151 152 153
6.4 0.15 0.30 good
7.2 0.08 0.36 good
6.4 0.10 0.24 bad
5.8 0.09 0.25 bad
5.8 0.15 0.11 bad
5.4 0.18 0.30 bad
5.8 0.26 0.27 bad
6.0 0.08 0.08 bad
5.5 0.24 0.13 bad
6.6 0.13 0.25 bad
5.7 0.22 0.20 good
6.5 0.17 0.14 bad
6.7 0.18 0.22 bad
5.3 0.20 0.20 good
6.5 0.15 0.28 bad
4.7 0.31 0.08 good
4.5 0.17 0.15 good
7.2 0.11 0.31 bad
5.1 0.30 0.13 bad
5.5 0.12 0.14 good
6.7 0.10 0.34 bad
7.8 0.03 0.44 bad
5.9 0.35 0.17 bad
3.5 0.26 0.05 bad
5.4 0.17 0.20 bad
5.1 0.13 0.14 good
5.8 0.20 0.23 bad
5.3 0.28 0.22 bad
5.9 0.10 0.23 bad
5.3 0.28 0.14 good
5.9 0.30 0.21 bad
7.9 0.04 0.30 bad
4.0 0.33 0.00 bad
7.0 0.05 0.21 good
5.6 0.28 0.20 bad
7.5 0.05 0.30 good
6.5 0.21 0.21 good
6.2 0.21 0.20 bad
4.4 0.27 0.14 bad
5.9 0.14 0.19 bad
6.8 0.11 0.30 bad
7.4 0.05 0.42 bad
5.9 0.10 0.32 bad
6.1 0.12 0.25 bad
6.8 0.11 0.39 bad
6.1 0.22 0.31 bad
6.4 0.10 0.30 good
7.6 0.07 0.27 bad
6.2 0.10 0.24 bad
8.3 0.03 0.19 bad
5.6 0.41 0.05 bad
5.9 0.14 0.19 bad
7.0 0.03 0.27 bad
6.4 0.09 0.19 bad
6.7 0.10 0.23 good
7.2 0.08 0.28 good
6.9 0.08 0.34 bad
7.0 0.11 0.33 good
5.5 0.23 0.00 bad
6.5 0.03 0.40 good
7.3 0.08 0.33 good
7.0 0.02 0.27 bad
7.1 0.10 0.27 bad
5.3 0.14 0.21 good
6.6 0.08 0.26 bad
4.9 0.31 0.04 bad
7.4 0.08 0.33 good
8.7 0.02 0.20 good
6.0 0.14 0.24 bad
5.8 0.21 0.24 bad
5.8 0.16 0.26 good
6.1 0.13 0.21 bad
5.5 0.19 0.19 bad
6.0 0.12 0.12 good
5.5 0.11 0.14 bad
6.5 0.11 0.30 bad
5.6 0.18 0.25 good
4.5 0.30 0.08 bad
7.0 0.08 0.30 good
5.6 0.19 0.20 good
8.9 0.02 0.20 good
6.4 0.06 0.21 good
7.4 0.06 0.26 good
6.5 0.08 0.23 good
7.3 0.07 0.26 good
4.4 0.41 0.11 good
6.4 0.14 0.35 good
5.9 0.13 0.33 bad
6.5 0.12 0.34 good
7.0 0.09 0.29 bad
4.8 0.24 0.05 bad
5.7 0.10 0.19 bad
7.0 0.07 0.36 good
6.4 0.30 0.54 bad
6.9 0.03 0.49 bad
7.8 0.05 0.24 good
5.5 0.21 0.24 bad
5.4 0.25 0.18 bad
6.7 0.10 0.33 bad
7.0 0.09 0.37 good
3.9 0.22 0.09 good
6.0 0.18 0.26 good
6.1 0.15 0.20 bad
6.8 0.07 0.19 bad
5.1 0.19 0.14 good
5.7 0.22 0.22 good