BookWordCount ThreeStarRate FourStarRate Class
98
0 1 2 3 5 6 7 8 9 10 11 12 13 14 18 20 21 22 23 24 25 26 27 28 29 30 31 32 35 38 41 42 45 47 51 52 53 54 55 57 58 59 61 64 65 68 69 70 74 75 76 78 79 80 81 83 84 92 94 95 97 98 99 100 101 102 103 104 105 108 110 111 112 113 118 121 123 125 126 127 128 129 130 132 133 134 135 136 138 139 142 143 145 146 148 149 151 153
177.20 0.28 0.30 good
289.90 0.23 0.36 good
48.30 0.40 0.24 bad
52.30 0.27 0.27 bad
158.50 0.26 0.21 good
59.60 0.21 0.18 good
38.90 0.48 0.11 bad
143.50 0.30 0.22 bad
21.30 0.26 0.30 bad
82.50 0.23 0.27 bad
13.40 0.40 0.32 bad
21.80 0.44 0.08 bad
27.50 0.39 0.13 bad
123.80 0.21 0.19 good
24.10 0.28 0.14 bad
82.30 0.15 0.20 good
74.10 0.16 0.14 bad
77.70 0.40 0.28 bad
122.20 0.28 0.08 good
74.80 0.36 0.13 bad
35.90 0.20 0.00 bad
62.70 0.43 0.18 bad
147.20 0.21 0.15 good
53.00 0.25 0.31 bad
233.90 0.22 0.20 good
150.70 0.32 0.14 bad
78.00 0.33 0.19 good
51.10 0.31 0.39 bad
713.10 0.18 0.14 good
80.20 0.27 0.17 bad
168.40 0.34 0.29 good
300.10 0.26 0.20 bad
380.50 0.30 0.23 bad
49.70 0.20 0.22 bad
84.60 0.37 0.21 bad
76.10 0.15 0.30 bad
53.70 0.14 0.00 bad
13.00 0.33 0.21 good
106.40 0.33 0.20 bad
293.40 0.21 0.29 bad
63.50 0.14 0.30 good
133.40 0.21 0.21 good
17.00 0.25 0.44 good
54.40 0.21 0.14 bad
72.20 0.31 0.07 bad
79.60 0.25 0.30 bad
7.30 0.26 0.42 bad
55.40 0.04 0.32 bad
49.30 0.36 0.31 bad
39.60 0.40 0.30 good
46.20 0.15 0.36 good
70.00 0.33 0.24 bad
131.20 0.26 0.17 bad
144.70 0.13 0.19 bad
87.70 0.54 0.08 bad
40.80 0.28 0.22 bad
30.00 0.33 0.19 bad
116.50 0.16 0.29 good
63.70 0.23 0.33 good
99.00 0.46 0.00 bad
22.20 0.26 0.40 good
170.60 0.22 0.33 good
181.90 0.34 0.26 bad
59.90 0.34 0.27 bad
219.60 0.26 0.27 bad
78.10 0.26 0.21 good
21.40 0.50 0.26 bad
150.50 0.34 0.04 bad
198.70 0.19 0.33 good
446.50 0.10 0.20 good
133.50 0.28 0.24 bad
148.90 0.26 0.26 good
107.80 0.30 0.15 bad
247.80 0.36 0.21 bad
92.20 0.39 0.30 bad
145.90 0.32 0.08 bad
153.40 0.37 0.30 good
65.70 0.08 0.20 good
89.70 0.16 0.21 good
34.20 0.22 0.26 good
296.70 0.13 0.23 good
322.80 0.16 0.26 good
46.30 0.28 0.16 bad
237.20 0.25 0.35 good
145.80 0.33 0.33 bad
179.50 0.21 0.34 good
335.20 0.24 0.29 bad
72.70 0.32 0.05 bad
212.90 0.22 0.19 bad
130.30 0.24 0.36 good
518.00 0.15 0.24 good
177.70 0.22 0.24 bad
62.30 0.45 0.33 bad
477.20 0.27 0.37 good
209.90 0.04 0.06 bad
382.10 0.23 0.26 good
93.00 0.16 0.19 bad
73.20 0.25 0.22 good