BookScore Mode Median Class
97
0 2 5 7 8 9 10 11 12 13 14 17 18 19 21 22 23 28 29 32 33 38 41 45 46 48 49 51 52 53 54 55 57 58 60 61 62 63 64 66 67 69 70 71 72 73 74 75 76 77 80 81 82 88 89 91 92 93 94 95 96 98 99 102 103 104 105 106 107 108 109 110 112 113 114 118 119 121 123 124 125 128 129 130 134 135 136 137 140 142 143 144 145 146 147 148 150
6.4 8.00 6.00 good
6.4 6.00 6.00 bad
5.6 6.00 6.00 good
5.8 6.00 6.00 bad
6.5 6.00 6.00 bad
5.4 8.00 6.00 bad
5.8 8.00 6.00 bad
6.9 6.00 6.00 bad
6.0 6.00 6.00 bad
5.5 6.00 6.00 bad
5.9 2.00 6.00 good
5.6 8.00 6.00 bad
6.5 10.00 6.00 bad
6.7 10.00 6.00 bad
4.6 4.00 4.00 bad
6.5 6.00 6.00 bad
4.7 4.00 4.00 good
7.2 8.00 8.00 bad
7.1 10.00 8.00 good
6.8 8.00 8.00 bad
6.1 6.00 6.00 good
5.9 4.00 6.00 bad
6.7 6.00 6.00 good
5.8 6.00 6.00 bad
7.1 8.00 8.00 good
6.8 8.00 6.00 bad
5.9 6.00 6.00 bad
5.9 6.00 6.00 bad
7.9 10.00 8.00 bad
4.0 2.00 4.00 bad
7.0 6.00 6.00 good
5.6 6.00 6.00 bad
6.2 8.00 6.00 bad
7.5 10.00 8.00 good
6.2 10.00 6.00 bad
7.5 8.00 8.00 good
5.3 4.00 4.00 bad
6.2 2.00 6.00 good
4.4 2.00 4.00 bad
5.9 6.00 6.00 bad
7.6 10.00 8.00 good
7.4 8.00 8.00 bad
5.9 2.00 8.00 bad
6.1 8.00 6.00 bad
7.3 10.00 8.00 good
6.8 8.00 8.00 bad
6.1 6.00 6.00 bad
6.4 6.00 6.00 good
6.8 8.00 8.00 good
7.6 10.00 8.00 bad
8.3 10.00 10.00 bad
5.8 6.00 6.00 bad
5.6 4.00 4.00 bad
6.7 10.00 8.00 good
6.4 8.00 6.00 bad
7.2 10.00 8.00 good
7.8 10.00 8.00 good
6.9 8.00 8.00 bad
7.0 8.00 8.00 good
5.5 6.00 6.00 bad
6.7 8.00 8.00 good
7.3 8.00 8.00 good
6.5 6.00 6.00 bad
5.3 2.00 6.00 good
6.6 6.00 6.00 bad
4.9 6.00 4.00 bad
7.4 8.00 8.00 good
6.0 6.00 6.00 good
6.4 10.00 6.00 bad
8.7 10.00 10.00 good
6.0 6.00 6.00 bad
5.8 6.00 6.00 bad
5.4 6.00 6.00 bad
6.1 6.00 6.00 bad
8.5 10.00 10.00 bad
6.5 6.00 6.00 bad
7.3 8.00 8.00 good
4.5 6.00 4.00 bad
7.0 6.00 6.00 good
5.6 6.00 6.00 good
8.9 10.00 10.00 good
6.5 10.00 8.00 good
7.3 10.00 8.00 good
5.7 6.00 6.00 bad
6.5 8.00 8.00 good
7.0 8.00 8.00 bad
4.8 6.00 4.00 bad
7.8 10.00 8.00 good
6.4 8.00 8.00 bad
7.8 10.00 8.00 good
5.5 8.00 6.00 bad
5.4 6.00 6.00 bad
6.7 6.00 6.00 bad
7.0 8.00 8.00 good
3.9 2.00 4.00 good
3.3 2.00 2.00 bad
6.1 6.00 6.00 bad