BookScore ThreeStarRate FiveStarRate Class
94
0 2 4 6 8 9 14 19 20 24 25 27 28 32 33 36 39 40 41 42 46 48 50 51 52 53 54 55 56 57 59 61 62 63 65 66 67 68 69 70 73 74 75 76 81 82 83 85 86 87 90 91 93 97 98 99 101 102 103 105 106 108 110 111 114 115 116 117 119 120 122 124 125 126 127 129 130 132 134 135 136 139 140 141 142 143 144 145 146 147 148 149 151 153
6.4 0.28 0.15 good
6.4 0.40 0.15 bad
5.8 0.33 0.10 bad
6.0 0.21 0.23 good
6.5 0.30 0.21 bad
5.4 0.26 0.02 bad
5.9 0.21 0.20 good
6.7 0.22 0.28 bad
5.3 0.15 0.13 good
5.5 0.36 0.11 bad
4.8 0.20 0.20 bad
4.5 0.21 0.05 good
7.2 0.25 0.27 bad
6.8 0.31 0.13 bad
6.1 0.29 0.15 good
6.7 0.23 0.19 bad
3.5 0.16 0.00 bad
6.7 0.24 0.19 good
6.7 0.34 0.17 good
5.4 0.26 0.11 bad
7.1 0.19 0.27 good
6.8 0.33 0.17 bad
5.3 0.32 0.07 good
5.9 0.37 0.07 bad
7.9 0.15 0.42 bad
4.0 0.14 0.10 bad
7.0 0.33 0.29 good
5.6 0.33 0.06 bad
5.3 0.32 0.13 good
6.2 0.21 0.18 bad
6.5 0.21 0.25 good
7.5 0.25 0.21 good
5.3 0.08 0.00 bad
6.2 0.12 0.30 good
4.8 0.31 0.07 bad
5.9 0.43 0.10 bad
7.6 0.16 0.42 good
6.8 0.25 0.22 bad
7.4 0.26 0.21 bad
5.9 0.04 0.20 bad
6.8 0.22 0.17 bad
6.1 0.36 0.04 bad
6.4 0.40 0.10 good
6.8 0.15 0.24 good
5.8 0.54 0.13 bad
5.6 0.20 0.22 bad
6.6 0.28 0.22 bad
5.2 0.15 0.10 good
7.0 0.30 0.26 bad
6.4 0.23 0.27 bad
4.0 0.20 0.07 bad
7.2 0.16 0.34 good
6.9 0.26 0.21 bad
6.5 0.26 0.13 good
7.3 0.22 0.29 good
6.5 0.34 0.17 bad
7.1 0.26 0.27 bad
5.3 0.26 0.08 good
6.6 0.50 0.11 bad
7.4 0.19 0.31 good
6.0 0.27 0.16 good
8.7 0.10 0.63 good
5.8 0.28 0.10 bad
5.8 0.26 0.12 good
8.5 0.09 0.60 bad
5.5 0.35 0.07 bad
6.0 0.42 0.17 good
5.5 0.45 0.09 bad
7.3 0.20 0.29 good
5.6 0.20 0.11 good
7.0 0.28 0.25 bad
5.6 0.29 0.11 good
8.9 0.08 0.67 good
6.4 0.16 0.30 good
7.4 0.22 0.36 good
7.3 0.16 0.37 good
5.7 0.28 0.17 bad
6.4 0.25 0.13 good
6.5 0.21 0.18 good
7.0 0.24 0.26 bad
4.8 0.32 0.09 bad
7.0 0.24 0.22 good
6.4 0.07 0.05 bad
6.9 0.19 0.15 bad
7.8 0.15 0.46 good
5.5 0.22 0.10 bad
5.4 0.27 0.09 bad
6.7 0.45 0.08 bad
7.0 0.27 0.19 good
3.9 0.19 0.02 good
3.3 0.04 0.08 bad
6.0 0.23 0.15 good
6.8 0.16 0.37 bad
5.7 0.25 0.12 good