BookWordCount BookScoreCount Kurtosis Class
94
0 2 4 5 6 7 8 10 11 12 14 15 16 17 19 21 25 26 28 31 33 34 35 37 39 40 41 42 43 46 48 49 52 53 55 57 58 59 60 61 62 63 67 68 69 72 75 76 77 78 79 80 83 84 85 88 93 95 98 100 101 103 104 105 107 109 110 112 114 115 117 122 124 126 127 128 129 130 131 132 133 134 135 136 137 138 140 142 143 144 147 149 150 152
177.20 568 200.91 good
48.30 47 267.71 bad
139.00 78 113.07 bad
158.50 439 93.52 good
59.60 187 75.15 good
38.90 27 181.37 bad
143.50 177 196.73 bad
82.50 78 143.84 bad
13.40 51 491.68 bad
21.80 25 114.51 bad
123.80 454 68.44 good
257.20 658 188.48 bad
135.80 119 87.54 good
33.60 36 80.31 bad
122.40 250 181.41 bad
74.10 44 66.70 bad
35.90 11 28.01 bad
62.70 100 249.04 bad
53.00 263 418.19 bad
78.00 44 211.54 good
178.90 192 163.05 good
154.60 97 192.82 bad
713.10 1909 41.11 good
51.30 216 948.64 bad
22.80 20 53.89 bad
153.10 495 227.23 good
168.40 670 389.04 good
300.10 686 74.29 bad
74.40 81 44.83 good
123.50 108 218.67 good
281.40 1248 362.40 bad
44.50 72 155.38 bad
76.10 1780 453.60 bad
53.70 22 31.11 bad
106.40 55 182.02 bad
293.40 2109 94.54 bad
63.50 461 256.16 good
133.40 484 148.52 good
45.10 108 95.85 bad
17.00 86 1104.85 good
49.60 13 199.64 bad
108.60 91 55.29 good
16.80 90 278.88 good
79.60 153 223.96 bad
7.30 20 758.93 bad
390.00 956 259.41 good
39.60 21 344.01 good
46.20 429 159.36 good
1070.70 745 440.27 bad
70.00 217 147.32 bad
131.20 531 65.93 bad
144.70 714 599.56 bad
40.80 104 188.48 bad
30.00 21 116.65 bad
87.20 356 51.21 good
315.30 1636 118.81 good
90.50 396 288.02 bad
99.00 13 128.84 bad
170.60 2113 391.57 good
59.90 42 297.05 bad
219.60 219 286.97 bad
21.40 29 664.54 bad
150.50 25 92.39 bad
198.70 339 385.10 good
310.00 1184 72.91 bad
101.10 88 170.95 bad
133.50 112 131.59 bad
107.80 201 84.03 bad
31.70 1114 875.52 bad
119.20 282 125.49 bad
59.10 34 132.92 bad
79.20 385 313.76 bad
223.00 320 101.09 good
89.70 353 76.64 good
34.20 387 319.05 good
296.70 607 82.37 good
322.80 2063 209.65 good
46.30 82 73.99 bad
195.70 31 58.14 good
237.20 614 212.10 good
145.80 23 194.01 bad
179.50 795 176.74 good
335.20 1310 234.30 bad
72.70 68 63.17 bad
448.70 1641 478.73 good
212.90 328 56.35 bad
43.40 21 361.68 bad
518.00 2366 364.52 good
177.70 153 86.23 bad
319.70 364 97.95 bad
154.00 208 40.59 good
382.10 674 113.50 good
44.60 21 158.29 bad
163.50 45 62.68 good