BookScoreCount FiveStarRate Mode Class
98
1 2 4 9 12 13 15 16 17 19 20 21 22 24 25 29 30 31 32 33 35 36 37 39 40 41 42 43 44 46 48 55 56 58 60 61 64 65 66 67 70 71 72 74 75 77 78 79 80 83 85 87 90 92 93 96 97 98 99 102 104 105 106 108 109 110 111 112 114 115 116 117 119 120 121 122 123 124 125 126 127 128 129 131 134 136 141 142 143 145 146 147 148 149 150 151 152 153
967 0.25 8.00 good
47 0.15 6.00 bad
78 0.10 6.00 bad
51 0.02 8.00 bad
25 0.20 6.00 bad
48 0.09 6.00 bad
658 0.23 6.00 bad
119 0.14 6.00 good
36 0.12 8.00 bad
250 0.28 10.00 bad
112 0.13 2.00 good
44 0.04 4.00 bad
159 0.11 6.00 bad
70 0.11 6.00 bad
11 0.20 2.00 bad
290 0.36 10.00 good
29 0.11 6.00 bad
44 0.09 6.00 good
292 0.13 8.00 bad
192 0.15 6.00 good
1909 0.21 2.00 good
223 0.19 8.00 bad
216 0.28 8.00 bad
20 0.00 2.00 bad
495 0.19 8.00 good
670 0.17 6.00 good
686 0.11 2.00 bad
81 0.14 2.00 good
1885 0.23 2.00 good
108 0.27 8.00 good
1248 0.17 8.00 bad
55 0.06 6.00 bad
80 0.13 6.00 good
461 0.37 10.00 good
108 0.23 10.00 bad
86 0.21 8.00 good
45 0.02 2.00 bad
82 0.07 6.00 bad
21 0.10 6.00 bad
90 0.42 10.00 good
51 0.20 2.00 bad
248 0.17 8.00 bad
956 0.35 10.00 good
46 0.04 6.00 bad
21 0.10 6.00 good
745 0.37 10.00 bad
217 0.16 6.00 bad
531 0.10 2.00 bad
714 0.58 10.00 bad
104 0.22 6.00 bad
356 0.10 2.00 good
182 0.27 10.00 bad
16 0.07 2.00 bad
527 0.42 10.00 good
396 0.21 8.00 bad
188 0.17 8.00 good
39 0.13 8.00 good
2113 0.29 8.00 good
942 0.17 6.00 bad
225 0.08 2.00 good
25 0.09 6.00 bad
339 0.31 8.00 good
349 0.16 6.00 good
5393 0.63 10.00 good
88 0.10 6.00 bad
112 0.10 6.00 bad
182 0.12 8.00 good
201 0.11 6.00 bad
1114 0.60 10.00 bad
282 0.07 6.00 bad
19 0.17 6.00 good
34 0.09 6.00 bad
1575 0.29 8.00 good
45 0.11 8.00 good
59 0.02 6.00 bad
385 0.25 8.00 bad
93 0.20 6.00 good
320 0.11 6.00 good
768 0.67 10.00 good
353 0.30 10.00 good
387 0.36 10.00 good
607 0.31 10.00 good
2063 0.37 10.00 good
31 0.06 4.00 good
795 0.18 8.00 good
68 0.09 6.00 bad
83 0.15 8.00 bad
2366 0.46 10.00 good
153 0.10 8.00 bad
61 0.08 6.00 bad
2356 0.19 8.00 good
208 0.02 2.00 good
1080 0.08 2.00 bad
674 0.15 8.00 good
21 0.15 6.00 bad
638 0.37 10.00 bad
45 0.09 2.00 good
209 0.12 6.00 good