AddListCount TwoStarRate Mode Class
95
0 5 6 9 11 12 16 17 18 22 23 25 28 29 32 33 35 37 40 41 42 43 44 46 48 50 51 53 54 55 56 57 58 59 62 63 64 65 66 67 72 74 75 76 78 79 80 82 84 85 86 87 88 89 91 95 96 98 100 101 103 104 107 108 109 110 112 113 114 115 116 117 118 119 121 124 125 126 128 131 132 133 134 135 136 137 138 139 140 141 144 150 151 152 153
214 0.15 8.00 good
122 0.20 6.00 good
42 0.14 2.00 good
14 0.18 8.00 bad
15 0.04 6.00 bad
12 0.08 6.00 bad
25 0.22 6.00 good
10 0.22 8.00 bad
7 0.17 10.00 bad
61 0.15 6.00 bad
32 0.31 4.00 good
2 0.20 2.00 bad
73 0.11 8.00 bad
68 0.10 10.00 good
111 0.09 8.00 bad
49 0.20 6.00 good
254 0.12 2.00 good
106 0.03 8.00 bad
172 0.12 8.00 good
289 0.14 6.00 good
215 0.17 2.00 bad
18 0.13 2.00 good
242 0.07 2.00 good
28 0.07 8.00 good
371 0.09 8.00 bad
7 0.28 6.00 good
42 0.30 6.00 bad
1 0.33 2.00 bad
9 0.05 6.00 good
11 0.28 6.00 bad
13 0.20 6.00 good
551 0.07 8.00 bad
70 0.05 10.00 good
138 0.21 10.00 good
3 0.50 4.00 bad
21 0.07 2.00 good
10 0.27 2.00 bad
22 0.28 6.00 bad
2 0.14 6.00 bad
17 0.06 10.00 good
180 0.08 10.00 good
16 0.22 6.00 bad
8 0.10 6.00 good
110 0.07 8.00 good
57 0.10 6.00 bad
94 0.19 2.00 bad
193 0.03 10.00 bad
3 0.41 4.00 bad
3 0.14 6.00 bad
55 0.19 2.00 good
53 0.03 6.00 bad
65 0.09 10.00 bad
321 0.10 10.00 good
49 0.17 8.00 bad
218 0.08 10.00 good
4 0.23 6.00 bad
100 0.11 8.00 good
558 0.08 8.00 good
8 0.02 6.00 bad
65 0.10 10.00 bad
6 0.08 6.00 bad
5 0.31 6.00 bad
188 0.12 10.00 bad
1586 0.02 10.00 good
34 0.14 6.00 bad
31 0.21 6.00 bad
63 0.20 6.00 bad
25 0.13 6.00 bad
218 0.02 10.00 bad
76 0.19 6.00 bad
7 0.12 6.00 good
5 0.11 6.00 bad
112 0.11 6.00 bad
274 0.06 8.00 good
14 0.30 6.00 bad
57 0.19 6.00 good
149 0.02 10.00 good
48 0.06 10.00 good
108 0.08 10.00 good
5 0.41 4.00 good
131 0.14 8.00 good
1 0.13 8.00 bad
168 0.12 8.00 good
293 0.09 8.00 bad
9 0.24 6.00 bad
303 0.05 10.00 good
53 0.10 2.00 bad
206 0.07 8.00 good
7 0.30 8.00 bad
19 0.03 8.00 bad
103 0.25 6.00 bad
5 0.15 6.00 bad
125 0.07 10.00 bad
12 0.19 2.00 good
50 0.22 6.00 good