TwoStarRate FourStarRate Mode Class
96
3 4 5 6 7 8 10 12 14 15 16 17 18 19 21 22 29 30 32 34 35 37 38 39 47 48 50 51 52 53 54 56 58 60 61 62 63 64 65 67 68 69 70 71 72 73 74 76 78 79 82 83 84 85 86 91 93 95 96 97 98 101 103 106 107 108 109 110 111 112 113 114 115 116 118 119 122 124 128 129 131 132 133 135 138 139 140 141 142 145 146 147 149 150 151 153
0.12 0.27 8.00 bad
0.09 0.25 6.00 bad
0.20 0.21 6.00 good
0.14 0.18 2.00 good
0.15 0.11 6.00 bad
0.16 0.22 6.00 bad
0.26 0.27 8.00 bad
0.08 0.08 6.00 bad
0.14 0.19 2.00 good
0.13 0.25 6.00 bad
0.22 0.20 6.00 good
0.22 0.23 8.00 bad
0.17 0.14 10.00 bad
0.18 0.22 10.00 bad
0.37 0.14 4.00 bad
0.15 0.28 6.00 bad
0.10 0.20 10.00 good
0.18 0.14 6.00 bad
0.09 0.39 8.00 bad
0.30 0.13 6.00 bad
0.12 0.14 2.00 good
0.03 0.44 8.00 bad
0.35 0.17 4.00 bad
0.26 0.05 2.00 bad
0.28 0.22 4.00 bad
0.09 0.33 8.00 bad
0.28 0.14 6.00 good
0.30 0.21 6.00 bad
0.04 0.30 10.00 bad
0.33 0.00 2.00 bad
0.05 0.21 6.00 good
0.20 0.10 6.00 good
0.05 0.30 10.00 good
0.21 0.20 10.00 bad
0.08 0.44 8.00 good
0.50 0.34 4.00 bad
0.07 0.20 2.00 good
0.27 0.14 2.00 bad
0.28 0.07 6.00 bad
0.06 0.25 10.00 good
0.11 0.30 8.00 bad
0.05 0.42 8.00 bad
0.10 0.32 2.00 bad
0.12 0.25 8.00 bad
0.08 0.20 10.00 good
0.11 0.39 8.00 bad
0.22 0.31 6.00 bad
0.07 0.36 8.00 good
0.10 0.24 6.00 bad
0.19 0.17 2.00 bad
0.41 0.05 4.00 bad
0.17 0.22 6.00 bad
0.14 0.19 6.00 bad
0.19 0.24 2.00 good
0.03 0.27 6.00 bad
0.08 0.28 10.00 good
0.08 0.34 8.00 bad
0.23 0.00 6.00 bad
0.11 0.33 8.00 good
0.03 0.40 8.00 good
0.08 0.33 8.00 good
0.10 0.27 10.00 bad
0.08 0.26 6.00 bad
0.14 0.24 6.00 good
0.12 0.17 10.00 bad
0.02 0.20 10.00 good
0.14 0.24 6.00 bad
0.21 0.24 6.00 bad
0.16 0.26 8.00 good
0.20 0.15 6.00 bad
0.13 0.21 6.00 bad
0.02 0.23 10.00 bad
0.19 0.19 6.00 bad
0.12 0.12 6.00 good
0.11 0.30 6.00 bad
0.06 0.33 8.00 good
0.10 0.29 8.00 bad
0.19 0.20 6.00 good
0.08 0.23 10.00 good
0.07 0.26 10.00 good
0.41 0.11 4.00 good
0.14 0.35 8.00 good
0.13 0.33 8.00 bad
0.09 0.29 8.00 bad
0.10 0.19 2.00 bad
0.07 0.36 8.00 good
0.30 0.54 8.00 bad
0.03 0.49 8.00 bad
0.05 0.24 10.00 good
0.10 0.33 6.00 bad
0.09 0.37 8.00 good
0.22 0.09 2.00 good
0.18 0.26 8.00 good
0.15 0.20 6.00 bad
0.07 0.19 10.00 bad
0.22 0.22 6.00 good