BookWordCount BookScore FourStarRate Class
96
0 5 6 7 9 10 12 15 16 17 18 20 22 26 27 28 29 30 31 36 39 42 45 48 49 50 51 52 54 56 57 61 62 64 65 66 67 68 69 70 71 72 73 74 75 78 80 83 84 86 87 89 90 92 93 94 96 97 98 99 100 102 103 106 107 108 111 112 115 116 117 118 119 120 121 126 127 128 130 131 132 135 136 137 138 139 141 142 145 146 147 148 149 151 152 153
177.20 6.4 0.30 good
158.50 5.6 0.21 good
59.60 6.0 0.18 good
38.90 5.8 0.11 bad
21.30 5.4 0.30 bad
82.50 5.8 0.27 bad
21.80 6.0 0.08 bad
257.20 6.6 0.25 bad
135.80 5.7 0.20 good
33.60 5.6 0.23 bad
24.10 6.5 0.14 bad
82.30 5.3 0.20 good
77.70 6.5 0.28 bad
62.70 6.5 0.18 bad
147.20 4.5 0.15 good
53.00 7.2 0.31 bad
233.90 7.1 0.20 good
150.70 5.4 0.14 bad
78.00 5.8 0.19 good
87.00 6.7 0.34 bad
22.80 3.5 0.05 bad
300.10 5.4 0.20 bad
380.50 5.8 0.23 bad
281.40 6.8 0.33 bad
44.50 5.9 0.23 bad
51.90 5.3 0.14 good
84.60 5.9 0.21 bad
76.10 7.9 0.30 bad
13.00 7.0 0.21 good
40.40 5.3 0.10 good
293.40 6.2 0.29 bad
17.00 7.5 0.44 good
49.60 5.3 0.34 bad
54.40 4.4 0.14 bad
72.20 4.8 0.07 bad
34.80 5.9 0.19 bad
16.80 7.6 0.25 good
79.60 6.8 0.30 bad
7.30 7.4 0.42 bad
55.40 5.9 0.32 bad
98.90 6.1 0.25 bad
390.00 7.3 0.20 good
68.60 6.8 0.39 bad
49.30 6.1 0.31 bad
39.60 6.4 0.30 good
70.00 6.2 0.24 bad
144.70 8.3 0.19 bad
40.80 6.6 0.22 bad
30.00 5.9 0.19 bad
129.90 7.0 0.27 bad
112.10 6.4 0.19 bad
153.20 6.4 0.28 bad
50.40 4.0 0.07 bad
116.50 7.8 0.29 good
90.50 6.9 0.34 bad
63.70 7.0 0.33 good
34.10 6.7 0.33 good
22.20 6.5 0.40 good
170.60 7.3 0.33 good
181.90 6.5 0.26 bad
59.90 7.0 0.27 bad
78.10 5.3 0.21 good
21.40 6.6 0.26 bad
64.40 6.0 0.24 good
310.00 6.4 0.17 bad
446.50 8.7 0.20 good
148.90 5.8 0.26 good
107.80 5.4 0.15 bad
119.20 5.5 0.19 bad
118.30 6.0 0.12 good
59.10 5.5 0.14 bad
92.20 6.5 0.30 bad
427.70 7.3 0.33 good
85.80 5.6 0.25 good
145.90 4.5 0.08 bad
89.70 6.4 0.21 good
34.20 7.4 0.26 good
296.70 6.5 0.23 good
46.30 5.7 0.16 bad
195.70 4.4 0.11 good
237.20 6.4 0.35 good
335.20 7.0 0.29 bad
72.70 4.8 0.05 bad
448.70 7.8 0.33 good
212.90 5.7 0.19 bad
130.30 7.0 0.36 good
25.10 6.9 0.49 bad
518.00 7.8 0.24 good
62.30 6.7 0.33 bad
477.20 7.0 0.37 good
154.00 3.9 0.09 good
209.90 3.3 0.06 bad
382.10 6.0 0.26 good
93.00 6.8 0.19 bad
163.50 5.1 0.14 good
73.20 5.7 0.22 good