BookWordCount BookScoreCount TwoStarRate Class
101
0 1 2 5 6 7 9 10 11 13 14 15 18 19 23 26 29 30 31 32 34 35 36 37 39 40 41 42 43 44 45 50 51 52 54 56 57 58 61 62 63 64 67 68 69 71 72 74 75 76 77 79 80 81 82 83 84 85 86 87 88 89 90 91 93 94 95 99 100 103 105 106 109 110 113 117 119 121 122 124 125 126 127 128 129 130 131 132 135 136 137 138 139 140 141 143 146 147 150 152 153
177.20 568 0.15 good
289.90 967 0.08 good
48.30 47 0.10 bad
158.50 439 0.20 good
59.60 187 0.14 good
38.90 27 0.15 bad
21.30 51 0.18 bad
82.50 78 0.26 bad
13.40 51 0.04 bad
27.50 48 0.24 bad
123.80 454 0.14 good
257.20 658 0.13 bad
24.10 23 0.17 bad
122.40 250 0.18 bad
122.20 116 0.31 good
62.70 100 0.09 bad
233.90 290 0.10 good
150.70 29 0.18 bad
78.00 44 0.30 good
51.10 292 0.09 bad
154.60 97 0.30 bad
713.10 1909 0.12 good
87.00 223 0.10 bad
51.30 216 0.03 bad
22.80 20 0.26 bad
153.10 495 0.12 good
168.40 670 0.14 good
300.10 686 0.17 bad
74.40 81 0.13 good
296.80 1885 0.07 good
380.50 299 0.20 bad
51.90 29 0.28 good
84.60 133 0.30 bad
76.10 1780 0.04 bad
13.00 43 0.05 good
40.40 80 0.20 good
293.40 2109 0.07 bad
63.50 461 0.05 good
17.00 86 0.08 good
49.60 13 0.50 bad
108.60 91 0.07 good
54.40 45 0.27 bad
16.80 90 0.06 good
79.60 153 0.11 bad
7.30 20 0.05 bad
98.90 248 0.12 bad
390.00 956 0.08 good
49.30 46 0.22 bad
39.60 21 0.10 good
46.20 429 0.07 good
1070.70 745 0.07 bad
131.20 531 0.19 bad
144.70 714 0.03 bad
87.70 25 0.08 bad
183.00 31 0.41 bad
40.80 104 0.17 bad
30.00 21 0.14 bad
87.20 356 0.19 good
129.90 222 0.03 bad
112.10 182 0.09 bad
315.30 1636 0.10 good
153.20 145 0.17 bad
50.40 16 0.13 bad
126.20 654 0.08 good
90.50 396 0.08 bad
63.70 218 0.11 good
99.00 13 0.23 bad
181.90 942 0.12 bad
59.90 42 0.02 bad
21.40 29 0.08 bad
198.70 339 0.08 good
64.40 349 0.14 good
101.10 88 0.14 bad
133.50 112 0.21 bad
247.80 136 0.13 bad
59.10 34 0.11 bad
427.70 1575 0.06 good
145.90 59 0.30 bad
79.20 385 0.10 bad
223.00 320 0.19 good
65.70 768 0.02 good
89.70 353 0.06 good
34.20 387 0.06 good
296.70 607 0.08 good
322.80 2063 0.07 good
46.30 82 0.13 bad
195.70 31 0.41 good
237.20 614 0.14 good
335.20 1310 0.09 bad
72.70 68 0.24 bad
448.70 1641 0.05 good
212.90 328 0.10 bad
130.30 1100 0.07 good
43.40 21 0.30 bad
25.10 83 0.03 bad
177.70 153 0.21 bad
477.20 2356 0.09 good
154.00 208 0.22 good
44.60 21 0.15 bad
163.50 45 0.19 good
73.20 209 0.22 good