AddListCount FiveStarRate Kurtosis Class
103
1 2 3 5 6 7 11 13 15 16 18 19 20 21 22 23 24 25 27 28 29 30 32 33 34 37 40 41 42 43 44 47 48 49 51 55 58 59 60 62 64 66 67 68 69 70 72 74 75 80 81 83 84 85 86 87 88 89 90 91 92 95 96 97 98 100 102 103 105 106 108 109 110 111 112 113 114 116 118 119 120 121 122 123 124 125 127 129 131 132 133 134 136 137 138 140 142 143 146 149 150 151 152
492 0.25 406.22 good
12 0.15 267.71 bad
38 0.18 155.27 bad
122 0.12 93.52 good
42 0.23 75.15 good
8 0.11 181.37 bad
15 0.16 491.68 bad
9 0.09 156.17 bad
204 0.23 188.48 bad
25 0.14 87.54 good
7 0.28 137.29 bad
70 0.28 181.41 bad
17 0.13 48.29 good
12 0.04 66.70 bad
61 0.11 468.11 bad
32 0.06 78.49 good
23 0.11 114.10 bad
2 0.20 28.01 bad
31 0.05 40.03 good
73 0.27 418.19 bad
68 0.36 194.89 good
9 0.11 80.73 bad
111 0.13 404.81 bad
49 0.15 163.05 good
24 0.03 192.82 bad
106 0.28 948.64 bad
172 0.19 227.23 good
289 0.17 389.04 good
215 0.11 74.29 bad
18 0.14 44.83 good
242 0.23 29.34 good
20 0.08 85.63 bad
371 0.17 362.40 bad
13 0.10 155.38 bad
42 0.07 339.26 bad
11 0.06 182.02 bad
70 0.37 256.16 good
138 0.25 148.52 good
19 0.23 95.85 bad
3 0.00 199.64 bad
10 0.02 59.06 bad
2 0.10 204.65 bad
17 0.42 278.88 good
45 0.22 223.96 bad
5 0.21 758.93 bad
2 0.20 49.13 bad
180 0.35 259.41 good
16 0.04 393.48 bad
8 0.10 344.01 good
193 0.58 599.56 bad
4 0.13 173.53 bad
22 0.22 188.48 bad
3 0.14 116.65 bad
55 0.10 51.21 good
53 0.26 249.84 bad
65 0.27 95.46 bad
321 0.30 118.81 good
49 0.17 208.64 bad
4 0.07 25.57 bad
218 0.34 191.97 good
141 0.42 444.03 good
4 0.15 128.84 bad
100 0.17 282.28 good
7 0.13 198.40 good
558 0.29 391.57 good
8 0.25 297.05 bad
39 0.08 65.28 good
6 0.11 664.54 bad
98 0.31 385.10 good
102 0.16 114.14 good
1586 0.63 1238.93 good
34 0.10 170.95 bad
31 0.10 131.59 bad
53 0.12 113.09 good
63 0.11 84.03 bad
25 0.14 164.81 bad
218 0.60 875.52 bad
7 0.17 138.45 good
112 0.11 387.39 bad
274 0.29 297.36 good
15 0.11 75.21 good
14 0.02 102.63 bad
126 0.25 313.76 bad
32 0.20 502.72 good
57 0.11 101.09 good
149 0.67 1797.82 good
146 0.36 319.05 good
510 0.37 209.65 good
5 0.06 58.14 good
131 0.13 212.10 good
1 0.04 194.01 bad
168 0.18 176.74 good
9 0.09 63.17 bad
303 0.38 478.73 good
53 0.18 56.35 bad
7 0.05 361.68 bad
365 0.46 364.52 good
42 0.10 86.23 bad
710 0.19 402.15 good
178 0.15 113.50 good
5 0.15 158.29 bad
125 0.37 105.22 bad
12 0.09 62.68 good