AddListCount FiveStarRate Mode Class
98
1 2 3 4 5 7 8 9 10 11 12 13 15 20 21 23 24 25 26 31 33 34 35 36 38 40 42 43 44 45 48 49 50 54 57 59 60 61 62 64 67 68 69 70 71 72 73 75 77 78 79 80 81 82 83 84 88 90 91 92 93 94 96 97 98 100 102 106 107 108 110 111 114 115 117 118 120 122 123 124 125 126 127 128 129 130 133 139 140 142 143 145 147 148 149 150 152 153
492 0.25 8.00 good
12 0.15 6.00 bad
38 0.18 8.00 bad
22 0.10 6.00 bad
122 0.12 6.00 good
8 0.11 6.00 bad
53 0.21 6.00 bad
14 0.02 8.00 bad
25 0.09 8.00 bad
15 0.16 6.00 bad
12 0.20 6.00 bad
9 0.09 6.00 bad
204 0.23 6.00 bad
17 0.13 2.00 good
12 0.04 4.00 bad
32 0.06 4.00 good
23 0.11 6.00 bad
2 0.20 2.00 bad
32 0.19 6.00 bad
6 0.09 6.00 good
49 0.15 6.00 good
24 0.03 6.00 bad
254 0.21 2.00 good
63 0.19 8.00 bad
19 0.13 4.00 bad
172 0.19 8.00 good
215 0.11 2.00 bad
18 0.14 2.00 good
242 0.23 2.00 good
93 0.10 6.00 bad
371 0.17 8.00 bad
13 0.10 6.00 bad
7 0.07 6.00 good
9 0.29 6.00 good
551 0.18 8.00 bad
138 0.25 10.00 good
19 0.23 10.00 bad
33 0.21 8.00 good
3 0.00 4.00 bad
10 0.02 2.00 bad
17 0.42 10.00 good
45 0.22 8.00 bad
5 0.21 8.00 bad
2 0.20 2.00 bad
119 0.17 8.00 bad
180 0.35 10.00 good
8 0.17 8.00 bad
8 0.10 6.00 good
183 0.37 10.00 bad
57 0.16 6.00 bad
94 0.10 2.00 bad
193 0.58 10.00 bad
4 0.13 6.00 bad
3 0.22 4.00 bad
22 0.22 6.00 bad
3 0.14 6.00 bad
321 0.30 10.00 good
4 0.07 2.00 bad
218 0.34 10.00 good
141 0.42 10.00 good
121 0.21 8.00 bad
57 0.23 8.00 good
100 0.17 8.00 good
7 0.13 8.00 good
558 0.29 8.00 good
8 0.25 6.00 bad
39 0.08 2.00 good
102 0.16 6.00 good
188 0.31 10.00 bad
1586 0.63 10.00 good
31 0.10 6.00 bad
53 0.12 8.00 good
218 0.60 10.00 bad
76 0.07 6.00 bad
5 0.09 6.00 bad
112 0.11 6.00 bad
15 0.11 8.00 good
126 0.25 8.00 bad
32 0.20 6.00 good
57 0.11 6.00 good
149 0.67 10.00 good
48 0.30 10.00 good
146 0.36 10.00 good
108 0.31 10.00 good
510 0.37 10.00 good
11 0.17 6.00 bad
1 0.04 8.00 bad
206 0.22 8.00 good
7 0.05 8.00 bad
365 0.46 10.00 good
42 0.10 8.00 bad
28 0.08 6.00 bad
26 0.02 2.00 good
54 0.08 2.00 bad
178 0.15 8.00 good
5 0.15 6.00 bad
12 0.09 2.00 good
50 0.12 6.00 good