BookScore BookScoreCount Kurtosis Class
104
0 1 2 3 4 5 6 8 11 13 14 16 19 22 23 24 25 26 27 28 29 30 31 32 36 38 39 41 42 43 44 46 48 49 51 52 53 55 57 58 60 61 63 64 65 66 67 68 69 71 72 73 75 76 79 80 81 83 84 85 87 88 89 90 91 92 99 104 105 106 107 108 109 110 111 113 115 116 118 119 120 121 122 124 125 126 127 129 130 131 132 133 134 137 139 140 141 144 145 146 147 148 149 151
6.4 568 200.91 good
7.2 967 406.22 good
6.4 47 267.71 bad
6.4 129 155.27 bad
5.8 78 113.07 bad
5.6 439 93.52 good
6.0 187 75.15 good
6.5 177 196.73 bad
6.9 51 491.68 bad
5.5 48 156.17 bad
5.9 454 68.44 good
5.7 119 87.54 good
6.7 250 181.41 bad
6.5 159 468.11 bad
4.7 116 78.49 good
5.5 70 114.10 bad
4.8 11 28.01 bad
6.5 100 249.04 bad
4.5 150 40.03 good
7.2 263 418.19 bad
7.1 290 194.89 good
5.4 29 80.73 bad
5.8 44 211.54 good
6.8 292 404.81 bad
6.7 223 203.97 bad
5.9 63 172.89 bad
3.5 20 53.89 bad
6.7 670 389.04 good
5.4 686 74.29 bad
5.1 81 44.83 good
5.4 1885 29.34 good
7.1 108 218.67 good
6.8 1248 362.40 bad
5.9 72 155.38 bad
5.9 133 339.26 bad
7.9 1780 453.60 bad
4.0 22 31.11 bad
5.6 55 182.02 bad
6.2 2109 94.54 bad
7.5 461 256.16 good
6.2 108 95.85 bad
7.5 86 1104.85 good
6.2 91 55.29 good
4.4 45 59.06 bad
4.8 82 77.07 bad
5.9 21 204.65 bad
7.6 90 278.88 good
6.8 153 223.96 bad
7.4 20 758.93 bad
6.1 248 106.33 bad
7.3 956 259.41 good
6.8 19 278.58 bad
6.4 21 344.01 good
6.8 429 159.36 good
5.2 531 65.93 bad
8.3 714 599.56 bad
5.8 25 173.53 bad
6.6 104 188.48 bad
5.9 21 116.65 bad
5.2 356 51.21 good
6.4 182 95.46 bad
6.7 1636 118.81 good
6.4 145 208.64 bad
4.0 16 25.57 bad
7.2 654 191.97 good
7.8 527 444.03 good
6.5 942 243.27 bad
4.9 25 92.39 bad
7.4 339 385.10 good
6.0 349 114.14 good
6.4 1184 72.91 bad
8.7 5393 1238.93 good
6.0 88 170.95 bad
5.8 112 131.59 bad
5.8 182 113.09 good
6.1 136 164.81 bad
5.5 282 125.49 bad
6.0 19 138.45 good
6.5 274 387.39 bad
7.3 1575 297.36 good
5.6 45 75.21 good
4.5 59 102.63 bad
7.0 385 313.76 bad
5.6 320 101.09 good
8.9 768 1797.82 good
6.4 353 76.64 good
7.4 387 319.05 good
7.3 2063 209.65 good
5.7 82 73.99 bad
4.4 31 58.14 good
6.4 614 212.10 good
5.9 23 194.01 bad
6.5 795 176.74 good
7.8 1641 478.73 good
7.0 1100 304.97 good
6.4 21 361.68 bad
6.9 83 311.51 bad
5.4 364 97.95 bad
6.7 61 909.70 bad
7.0 2356 402.15 good
3.9 208 40.59 good
3.3 1080 9.99 bad
6.0 674 113.50 good
6.8 638 105.22 bad