AddListCount TwoStarRate FiveStarRate Class
97
0 1 2 4 5 7 8 9 11 12 13 14 15 16 18 19 25 26 27 29 31 32 33 39 41 42 43 45 47 48 49 50 51 52 53 55 56 57 59 62 63 66 68 69 70 71 74 75 79 80 81 83 84 86 87 88 90 91 92 93 95 96 97 99 100 103 104 105 106 107 108 109 110 111 112 113 114 115 118 119 120 123 125 127 128 130 135 136 138 140 141 144 146 149 150 151 152
214 0.15 0.15 good
492 0.08 0.25 good
12 0.10 0.15 bad
22 0.09 0.10 bad
122 0.20 0.12 good
8 0.15 0.11 bad
53 0.16 0.21 bad
14 0.18 0.02 bad
15 0.04 0.16 bad
12 0.08 0.20 bad
9 0.24 0.09 bad
136 0.14 0.20 good
204 0.13 0.23 bad
25 0.22 0.14 good
7 0.17 0.28 bad
70 0.18 0.28 bad
2 0.20 0.20 bad
32 0.09 0.19 bad
31 0.17 0.05 good
68 0.10 0.36 good
6 0.30 0.09 good
111 0.09 0.13 bad
49 0.20 0.15 good
1 0.26 0.00 bad
289 0.14 0.17 good
215 0.17 0.11 bad
18 0.13 0.14 good
93 0.20 0.10 bad
20 0.28 0.08 bad
371 0.09 0.17 bad
13 0.10 0.10 bad
7 0.28 0.07 good
42 0.30 0.07 bad
446 0.04 0.42 bad
1 0.33 0.10 bad
11 0.28 0.06 bad
13 0.20 0.13 good
551 0.07 0.18 bad
138 0.21 0.25 good
3 0.50 0.00 bad
21 0.07 0.30 good
2 0.14 0.10 bad
45 0.11 0.22 bad
5 0.05 0.21 bad
2 0.10 0.20 bad
119 0.12 0.17 bad
16 0.22 0.04 bad
8 0.10 0.10 good
94 0.19 0.10 bad
193 0.03 0.58 bad
4 0.08 0.13 bad
22 0.17 0.22 bad
3 0.14 0.14 bad
53 0.03 0.26 bad
65 0.09 0.27 bad
321 0.10 0.30 good
4 0.13 0.07 bad
218 0.08 0.34 good
141 0.04 0.42 good
121 0.08 0.21 bad
4 0.23 0.15 bad
100 0.11 0.17 good
7 0.03 0.13 good
253 0.12 0.17 bad
8 0.02 0.25 bad
6 0.08 0.11 bad
5 0.31 0.09 bad
98 0.08 0.31 good
102 0.14 0.16 good
188 0.12 0.31 bad
1586 0.02 0.63 good
34 0.14 0.10 bad
31 0.21 0.10 bad
53 0.16 0.12 good
63 0.20 0.11 bad
25 0.13 0.14 bad
218 0.02 0.60 bad
76 0.19 0.07 bad
112 0.11 0.11 bad
274 0.06 0.29 good
15 0.18 0.11 good
32 0.08 0.20 good
149 0.02 0.67 good
146 0.06 0.36 good
108 0.08 0.31 good
11 0.13 0.17 bad
293 0.09 0.26 bad
9 0.24 0.09 bad
53 0.10 0.18 bad
7 0.30 0.05 bad
19 0.03 0.15 bad
103 0.25 0.09 bad
710 0.09 0.19 good
178 0.18 0.15 good
5 0.15 0.15 bad
125 0.07 0.37 bad
12 0.19 0.09 good