AddListCount Mode Kurtosis Class
99
0 2 3 4 5 7 8 9 13 16 17 19 21 22 23 24 25 26 27 30 32 34 35 39 41 44 45 46 47 50 52 54 56 57 60 61 64 65 66 68 69 70 71 72 73 74 76 77 78 79 82 83 84 85 87 88 91 92 93 94 98 99 100 101 103 106 109 110 111 112 114 118 119 122 123 127 128 129 130 131 132 133 134 135 136 137 138 139 140 141 143 145 147 148 149 150 151 152 153
214 8.00 200.91 good
12 6.00 267.71 bad
38 8.00 155.27 bad
22 6.00 113.07 bad
122 6.00 93.52 good
8 6.00 181.37 bad
53 6.00 196.73 bad
14 8.00 110.48 bad
9 6.00 156.17 bad
25 6.00 87.54 good
10 8.00 80.31 bad
70 10.00 181.41 bad
12 4.00 66.70 bad
61 6.00 468.11 bad
32 4.00 78.49 good
23 6.00 114.10 bad
2 2.00 28.01 bad
32 6.00 249.04 bad
31 2.00 40.03 good
9 6.00 80.73 bad
111 8.00 404.81 bad
24 6.00 192.82 bad
254 2.00 41.11 good
1 2.00 53.89 bad
289 6.00 389.04 good
242 2.00 29.34 good
93 6.00 135.14 bad
28 8.00 218.67 good
20 4.00 85.63 bad
7 6.00 119.73 good
446 10.00 453.60 bad
9 6.00 245.77 good
13 6.00 74.03 good
551 8.00 94.54 bad
19 10.00 95.85 bad
33 8.00 1104.85 good
10 2.00 59.06 bad
22 6.00 77.07 bad
2 6.00 204.65 bad
45 8.00 223.96 bad
5 8.00 758.93 bad
2 2.00 49.13 bad
119 8.00 106.33 bad
180 10.00 259.41 good
8 8.00 278.58 bad
16 6.00 393.48 bad
110 8.00 159.36 good
183 10.00 440.27 bad
57 6.00 147.32 bad
94 2.00 65.93 bad
3 4.00 87.78 bad
22 6.00 188.48 bad
3 6.00 116.65 bad
55 2.00 51.21 good
65 10.00 95.46 bad
321 10.00 118.81 good
218 10.00 191.97 good
141 10.00 444.03 good
121 8.00 288.02 bad
57 8.00 299.63 good
558 8.00 391.57 good
253 6.00 243.27 bad
8 6.00 297.05 bad
65 10.00 286.97 bad
6 6.00 664.54 bad
102 6.00 114.14 good
34 6.00 170.95 bad
31 6.00 131.59 bad
53 8.00 113.09 good
63 6.00 84.03 bad
218 10.00 875.52 bad
112 6.00 387.39 bad
274 8.00 297.36 good
126 8.00 313.76 bad
32 6.00 502.72 good
146 10.00 319.05 good
108 10.00 82.37 good
510 10.00 209.65 good
11 6.00 73.99 bad
5 4.00 58.14 good
131 8.00 212.10 good
1 8.00 194.01 bad
168 8.00 176.74 good
293 8.00 234.30 bad
9 6.00 63.17 bad
303 10.00 478.73 good
53 2.00 56.35 bad
206 8.00 304.97 good
7 8.00 361.68 bad
19 8.00 311.51 bad
42 8.00 86.23 bad
28 6.00 909.70 bad
26 2.00 40.59 good
54 2.00 9.99 bad
178 8.00 113.50 good
5 6.00 158.29 bad
125 10.00 105.22 bad
12 2.00 62.68 good
50 6.00 105.28 good