ThreeStarRate Mode Kurtosis Class
98
1 2 4 10 11 12 13 14 15 16 18 19 20 21 23 25 27 28 31 32 33 34 36 37 38 40 42 43 46 48 50 51 52 54 55 57 58 59 60 63 64 65 66 67 68 70 71 72 73 74 75 76 77 78 80 81 86 87 89 90 91 92 94 95 96 98 100 101 102 105 106 108 114 115 116 118 119 121 124 126 127 128 129 130 131 132 133 135 136 139 142 143 145 146 147 148 151 153
0.23 8.00 406.22 good
0.40 6.00 267.71 bad
0.33 6.00 113.07 bad
0.23 8.00 143.84 bad
0.40 6.00 491.68 bad
0.44 6.00 114.51 bad
0.39 6.00 156.17 bad
0.21 2.00 68.44 good
0.27 6.00 188.48 bad
0.23 6.00 87.54 good
0.28 10.00 137.29 bad
0.22 10.00 181.41 bad
0.15 2.00 48.29 good
0.16 4.00 66.70 bad
0.28 4.00 78.49 good
0.20 2.00 28.01 bad
0.21 2.00 40.03 good
0.25 8.00 418.19 bad
0.33 6.00 211.54 good
0.31 8.00 404.81 bad
0.29 6.00 163.05 good
0.39 6.00 192.82 bad
0.23 8.00 203.97 bad
0.20 8.00 948.64 bad
0.27 4.00 172.89 bad
0.24 8.00 227.23 good
0.26 2.00 74.29 bad
0.24 2.00 44.83 good
0.19 8.00 218.67 good
0.33 8.00 362.40 bad
0.32 6.00 119.73 good
0.37 6.00 339.26 bad
0.15 10.00 453.60 bad
0.33 6.00 245.77 good
0.33 6.00 182.02 bad
0.21 8.00 94.54 bad
0.14 10.00 256.16 good
0.21 10.00 148.52 good
0.18 10.00 95.85 bad
0.12 2.00 55.29 good
0.21 2.00 59.06 bad
0.31 6.00 77.07 bad
0.43 6.00 204.65 bad
0.16 10.00 278.88 good
0.25 8.00 223.96 bad
0.04 2.00 49.13 bad
0.25 8.00 106.33 bad
0.26 10.00 259.41 good
0.22 8.00 278.58 bad
0.36 6.00 393.48 bad
0.40 6.00 344.01 good
0.15 8.00 159.36 good
0.22 10.00 440.27 bad
0.33 6.00 147.32 bad
0.13 10.00 599.56 bad
0.54 6.00 173.53 bad
0.30 6.00 249.84 bad
0.23 10.00 95.46 bad
0.27 8.00 208.64 bad
0.20 2.00 25.57 bad
0.16 10.00 191.97 good
0.16 10.00 444.03 good
0.23 8.00 299.63 good
0.46 6.00 128.84 bad
0.28 8.00 282.28 good
0.22 8.00 391.57 good
0.34 6.00 297.05 bad
0.26 10.00 286.97 bad
0.26 2.00 65.28 good
0.19 8.00 385.10 good
0.27 6.00 114.14 good
0.10 10.00 1238.93 good
0.09 10.00 875.52 bad
0.35 6.00 125.49 bad
0.42 6.00 138.45 good
0.39 6.00 387.39 bad
0.20 8.00 297.36 good
0.32 6.00 102.63 bad
0.29 6.00 101.09 good
0.16 10.00 76.64 good
0.22 10.00 319.05 good
0.13 10.00 82.37 good
0.16 10.00 209.65 good
0.28 6.00 73.99 bad
0.13 4.00 58.14 good
0.25 8.00 212.10 good
0.33 8.00 194.01 bad
0.24 8.00 234.30 bad
0.32 6.00 63.17 bad
0.24 8.00 304.97 good
0.15 10.00 364.52 good
0.22 8.00 86.23 bad
0.45 6.00 909.70 bad
0.27 8.00 402.15 good
0.19 2.00 40.59 good
0.04 2.00 9.99 bad
0.16 10.00 105.22 bad
0.25 6.00 105.28 good