AddListCount TwoStarRate Mode Class
97
1 2 3 5 6 7 14 16 18 19 20 21 23 24 25 26 27 28 29 30 31 33 34 35 37 39 41 42 43 44 46 48 49 50 51 52 55 56 57 59 61 66 67 68 70 72 73 74 76 78 79 80 81 83 84 88 89 90 92 93 94 95 97 98 99 100 101 102 103 106 107 108 109 110 111 113 116 118 122 123 125 127 130 132 134 135 136 138 139 141 142 144 145 146 147 149 152
492 0.08 8.00 good
12 0.10 6.00 bad
38 0.12 8.00 bad
122 0.20 6.00 good
42 0.14 2.00 good
8 0.15 6.00 bad
136 0.14 2.00 good
25 0.22 6.00 good
7 0.17 10.00 bad
70 0.18 10.00 bad
17 0.20 2.00 good
12 0.37 4.00 bad
32 0.31 4.00 good
23 0.21 6.00 bad
2 0.20 2.00 bad
32 0.09 6.00 bad
31 0.17 2.00 good
73 0.11 8.00 bad
68 0.10 10.00 good
9 0.18 6.00 bad
6 0.30 6.00 good
49 0.20 6.00 good
24 0.30 6.00 bad
254 0.12 2.00 good
106 0.03 8.00 bad
1 0.26 2.00 bad
289 0.14 6.00 good
215 0.17 2.00 bad
18 0.13 2.00 good
242 0.07 2.00 good
28 0.07 8.00 good
371 0.09 8.00 bad
13 0.10 6.00 bad
7 0.28 6.00 good
42 0.30 6.00 bad
446 0.04 10.00 bad
11 0.28 6.00 bad
13 0.20 6.00 good
551 0.07 8.00 bad
138 0.21 10.00 good
33 0.08 8.00 good
2 0.14 6.00 bad
17 0.06 10.00 good
45 0.11 8.00 bad
2 0.10 2.00 bad
180 0.08 10.00 good
8 0.11 8.00 bad
16 0.22 6.00 bad
110 0.07 8.00 good
57 0.10 6.00 bad
94 0.19 2.00 bad
193 0.03 10.00 bad
4 0.08 6.00 bad
22 0.17 6.00 bad
3 0.14 6.00 bad
321 0.10 10.00 good
49 0.17 8.00 bad
4 0.13 2.00 bad
141 0.04 10.00 good
121 0.08 8.00 bad
57 0.11 8.00 good
4 0.23 6.00 bad
7 0.03 8.00 good
558 0.08 8.00 good
253 0.12 6.00 bad
8 0.02 6.00 bad
65 0.10 10.00 bad
39 0.14 2.00 good
6 0.08 6.00 bad
102 0.14 6.00 good
188 0.12 10.00 bad
1586 0.02 10.00 good
34 0.14 6.00 bad
31 0.21 6.00 bad
53 0.16 8.00 good
25 0.13 6.00 bad
7 0.12 6.00 good
112 0.11 6.00 bad
126 0.10 8.00 bad
32 0.08 6.00 good
149 0.02 10.00 good
146 0.06 10.00 good
11 0.13 6.00 bad
131 0.14 8.00 good
168 0.12 8.00 good
293 0.09 8.00 bad
9 0.24 6.00 bad
53 0.10 2.00 bad
206 0.07 8.00 good
19 0.03 8.00 bad
365 0.05 10.00 good
103 0.25 6.00 bad
28 0.10 6.00 bad
710 0.09 8.00 good
26 0.22 2.00 good
178 0.18 8.00 good
12 0.19 2.00 good