BookWordCount FourStarRate FiveStarRate Class
94
0 1 4 10 12 15 16 17 18 20 21 22 23 24 25 26 27 28 31 32 34 36 37 38 40 41 42 44 47 50 51 52 53 54 55 56 57 58 59 60 61 63 64 66 67 68 69 71 72 73 74 75 76 80 81 82 83 84 87 89 91 92 97 101 103 106 107 113 115 117 118 119 120 121 123 124 126 127 128 129 130 131 132 133 135 138 139 140 141 143 144 146 147 153
177.20 0.30 0.15 good
289.90 0.36 0.25 good
139.00 0.25 0.10 bad
82.50 0.27 0.09 bad
21.80 0.08 0.20 bad
257.20 0.25 0.23 bad
135.80 0.20 0.14 good
33.60 0.23 0.12 bad
24.10 0.14 0.28 bad
82.30 0.20 0.13 good
74.10 0.14 0.04 bad
77.70 0.28 0.11 bad
122.20 0.08 0.06 good
74.80 0.13 0.11 bad
35.90 0.00 0.20 bad
62.70 0.18 0.19 bad
147.20 0.15 0.05 good
53.00 0.31 0.27 bad
78.00 0.19 0.09 good
51.10 0.39 0.13 bad
154.60 0.13 0.03 bad
87.00 0.34 0.19 bad
51.30 0.44 0.28 bad
80.20 0.17 0.13 bad
153.10 0.33 0.19 good
168.40 0.29 0.17 good
300.10 0.20 0.11 bad
296.80 0.16 0.23 good
49.70 0.22 0.08 bad
51.90 0.14 0.07 good
84.60 0.21 0.07 bad
76.10 0.30 0.42 bad
53.70 0.00 0.10 bad
13.00 0.21 0.29 good
106.40 0.20 0.06 bad
40.40 0.10 0.13 good
293.40 0.29 0.18 bad
63.50 0.30 0.37 good
133.40 0.21 0.25 good
45.10 0.20 0.23 bad
17.00 0.44 0.21 good
108.60 0.20 0.30 good
54.40 0.14 0.02 bad
34.80 0.19 0.10 bad
16.80 0.25 0.42 good
79.60 0.30 0.22 bad
7.30 0.42 0.21 bad
98.90 0.25 0.17 bad
390.00 0.20 0.35 good
68.60 0.39 0.17 bad
49.30 0.31 0.04 bad
39.60 0.30 0.10 good
46.20 0.36 0.24 good
144.70 0.19 0.58 bad
87.70 0.08 0.13 bad
183.00 0.05 0.22 bad
40.80 0.22 0.22 bad
30.00 0.19 0.14 bad
112.10 0.19 0.27 bad
153.20 0.28 0.17 bad
126.20 0.28 0.34 good
116.50 0.29 0.42 good
22.20 0.40 0.13 good
219.60 0.27 0.27 bad
21.40 0.26 0.11 bad
64.40 0.24 0.16 good
310.00 0.17 0.31 bad
247.80 0.21 0.14 bad
119.20 0.19 0.07 bad
59.10 0.14 0.09 bad
92.20 0.30 0.11 bad
427.70 0.33 0.29 good
85.80 0.25 0.11 good
145.90 0.08 0.02 bad
153.40 0.30 0.20 good
223.00 0.20 0.11 good
89.70 0.21 0.30 good
34.20 0.26 0.36 good
296.70 0.23 0.31 good
322.80 0.26 0.37 good
46.30 0.16 0.17 bad
195.70 0.11 0.06 good
237.20 0.35 0.13 good
145.80 0.33 0.04 bad
335.20 0.29 0.26 bad
212.90 0.19 0.18 bad
130.30 0.36 0.22 good
43.40 0.54 0.05 bad
25.10 0.49 0.15 bad
177.70 0.24 0.10 bad
319.70 0.18 0.09 bad
477.20 0.37 0.19 good
154.00 0.09 0.02 good
73.20 0.22 0.12 good