BookWordCount Mode Kurtosis Class
95
0 1 2 5 6 7 8 9 12 13 14 15 17 19 21 22 25 26 30 31 33 34 36 39 40 41 44 46 49 50 51 52 53 54 56 57 59 64 65 69 70 71 72 73 75 76 77 78 79 80 81 82 83 84 86 88 89 91 93 94 99 100 101 103 104 105 108 109 110 112 114 115 117 121 122 123 124 125 126 127 128 129 134 136 139 141 143 144 146 147 148 149 150 151 153
177.20 8.00 200.91 good
289.90 8.00 406.22 good
48.30 6.00 267.71 bad
158.50 6.00 93.52 good
59.60 2.00 75.15 good
38.90 6.00 181.37 bad
143.50 6.00 196.73 bad
21.30 8.00 110.48 bad
21.80 6.00 114.51 bad
27.50 6.00 156.17 bad
123.80 2.00 68.44 good
257.20 6.00 188.48 bad
33.60 8.00 80.31 bad
122.40 10.00 181.41 bad
74.10 4.00 66.70 bad
77.70 6.00 468.11 bad
35.90 2.00 28.01 bad
62.70 6.00 249.04 bad
150.70 6.00 80.73 bad
78.00 6.00 211.54 good
178.90 6.00 163.05 good
154.60 6.00 192.82 bad
87.00 8.00 203.97 bad
22.80 2.00 53.89 bad
153.10 8.00 227.23 good
168.40 6.00 389.04 good
296.80 2.00 29.34 good
123.50 8.00 218.67 good
44.50 6.00 155.38 bad
51.90 6.00 119.73 good
84.60 6.00 339.26 bad
76.10 10.00 453.60 bad
53.70 2.00 31.11 bad
13.00 6.00 245.77 good
40.40 6.00 74.03 good
293.40 8.00 94.54 bad
133.40 10.00 148.52 good
54.40 2.00 59.06 bad
72.20 6.00 77.07 bad
7.30 8.00 758.93 bad
55.40 2.00 49.13 bad
98.90 8.00 106.33 bad
390.00 10.00 259.41 good
68.60 8.00 278.58 bad
39.60 6.00 344.01 good
46.20 8.00 159.36 good
1070.70 10.00 440.27 bad
70.00 6.00 147.32 bad
131.20 2.00 65.93 bad
144.70 10.00 599.56 bad
87.70 6.00 173.53 bad
183.00 4.00 87.78 bad
40.80 6.00 188.48 bad
30.00 6.00 116.65 bad
129.90 6.00 249.84 bad
315.30 10.00 118.81 good
153.20 8.00 208.64 bad
126.20 10.00 191.97 good
90.50 8.00 288.02 bad
63.70 8.00 299.63 good
181.90 6.00 243.27 bad
59.90 6.00 297.05 bad
219.60 10.00 286.97 bad
21.40 6.00 664.54 bad
150.50 6.00 92.39 bad
198.70 8.00 385.10 good
446.50 10.00 1238.93 good
101.10 6.00 170.95 bad
133.50 6.00 131.59 bad
107.80 6.00 84.03 bad
31.70 10.00 875.52 bad
119.20 6.00 125.49 bad
59.10 6.00 132.92 bad
145.90 6.00 102.63 bad
79.20 8.00 313.76 bad
153.40 6.00 502.72 good
223.00 6.00 101.09 good
65.70 10.00 1797.82 good
89.70 10.00 76.64 good
34.20 10.00 319.05 good
296.70 10.00 82.37 good
322.80 10.00 209.65 good
179.50 8.00 176.74 good
72.70 6.00 63.17 bad
130.30 8.00 304.97 good
25.10 8.00 311.51 bad
177.70 8.00 86.23 bad
319.70 6.00 97.95 bad
477.20 8.00 402.15 good
154.00 2.00 40.59 good
209.90 2.00 9.99 bad
382.10 8.00 113.50 good
44.60 6.00 158.29 bad
93.00 10.00 105.22 bad
73.20 6.00 105.28 good