BookWordCount ThreeStarRate Median Class
104
0 1 3 4 5 6 7 8 9 10 11 12 15 16 17 18 19 21 22 23 24 25 27 29 33 34 36 37 38 41 43 44 46 47 48 49 50 52 53 54 57 58 59 61 63 65 67 68 69 72 73 77 78 79 80 81 82 83 85 86 87 89 91 93 96 97 98 99 100 101 103 106 108 109 111 112 113 114 116 120 121 122 123 125 126 129 130 131 132 133 135 136 138 139 140 141 143 144 145 147 148 149 150 151
177.20 0.28 6.00 good
289.90 0.23 8.00 good
52.30 0.27 6.00 bad
139.00 0.33 6.00 bad
158.50 0.26 6.00 good
59.60 0.21 6.00 good
38.90 0.48 6.00 bad
143.50 0.30 6.00 bad
21.30 0.26 6.00 bad
82.50 0.23 6.00 bad
13.40 0.40 6.00 bad
21.80 0.44 6.00 bad
257.20 0.27 6.00 bad
135.80 0.23 6.00 good
33.60 0.20 6.00 bad
24.10 0.28 6.00 bad
122.40 0.22 6.00 bad
74.10 0.16 4.00 bad
77.70 0.40 6.00 bad
122.20 0.28 4.00 good
74.80 0.36 6.00 bad
35.90 0.20 4.00 bad
147.20 0.21 4.00 good
233.90 0.22 8.00 good
178.90 0.29 6.00 good
154.60 0.39 6.00 bad
87.00 0.23 8.00 bad
51.30 0.20 8.00 bad
80.20 0.27 6.00 bad
168.40 0.34 6.00 good
74.40 0.24 6.00 good
296.80 0.11 4.00 good
123.50 0.19 8.00 good
49.70 0.20 4.00 bad
281.40 0.33 6.00 bad
44.50 0.39 6.00 bad
51.90 0.32 6.00 good
76.10 0.15 8.00 bad
53.70 0.14 4.00 bad
13.00 0.33 6.00 good
293.40 0.21 6.00 bad
63.50 0.14 8.00 good
133.40 0.21 6.00 good
17.00 0.25 8.00 good
108.60 0.12 6.00 good
72.20 0.31 4.00 bad
16.80 0.16 8.00 good
79.60 0.25 8.00 bad
7.30 0.26 8.00 bad
390.00 0.26 8.00 good
68.60 0.22 8.00 bad
1070.70 0.22 8.00 bad
70.00 0.33 6.00 bad
131.20 0.26 6.00 bad
144.70 0.13 10.00 bad
87.70 0.54 6.00 bad
183.00 0.20 4.00 bad
40.80 0.28 6.00 bad
87.20 0.15 4.00 good
129.90 0.30 8.00 bad
112.10 0.23 6.00 bad
153.20 0.27 6.00 bad
126.20 0.16 8.00 good
90.50 0.26 8.00 bad
34.10 0.28 8.00 good
22.20 0.26 8.00 good
170.60 0.22 8.00 good
181.90 0.34 6.00 bad
59.90 0.34 8.00 bad
219.60 0.26 8.00 bad
21.40 0.50 6.00 bad
64.40 0.27 6.00 good
446.50 0.10 10.00 good
101.10 0.36 6.00 bad
148.90 0.26 6.00 good
107.80 0.30 6.00 bad
247.80 0.36 6.00 bad
31.70 0.09 10.00 bad
118.30 0.42 6.00 good
85.80 0.20 6.00 good
145.90 0.32 4.00 bad
79.20 0.28 8.00 bad
153.40 0.37 6.00 good
65.70 0.08 10.00 good
89.70 0.16 8.00 good
322.80 0.16 8.00 good
46.30 0.28 6.00 bad
195.70 0.13 4.00 good
237.20 0.25 6.00 good
145.80 0.33 6.00 bad
335.20 0.24 8.00 bad
72.70 0.32 4.00 bad
212.90 0.22 6.00 bad
130.30 0.24 8.00 good
43.40 0.07 8.00 bad
25.10 0.19 8.00 bad
177.70 0.22 6.00 bad
319.70 0.27 6.00 bad
62.30 0.45 6.00 bad
154.00 0.19 4.00 good
209.90 0.04 2.00 bad
382.10 0.23 6.00 good
44.60 0.35 6.00 bad
93.00 0.16 8.00 bad