BookScore Median Kurtosis Class
104
0 1 2 3 4 6 7 8 10 12 13 14 15 16 17 18 19 20 21 22 23 24 25 27 29 30 33 36 38 39 41 42 44 46 47 48 49 50 51 52 53 55 56 57 60 61 62 63 64 67 68 71 74 76 77 78 79 82 83 84 86 87 88 89 90 91 94 95 96 98 99 100 104 105 107 108 109 111 113 114 117 121 123 124 125 126 129 131 133 134 135 136 137 139 141 142 143 144 145 147 148 149 150 152
6.4 6.00 200.91 good
7.2 8.00 406.22 good
6.4 6.00 267.71 bad
6.4 6.00 155.27 bad
5.8 6.00 113.07 bad
6.0 6.00 75.15 good
5.8 6.00 181.37 bad
6.5 6.00 196.73 bad
5.8 6.00 143.84 bad
6.0 6.00 114.51 bad
5.5 6.00 156.17 bad
5.9 6.00 68.44 good
6.6 6.00 188.48 bad
5.7 6.00 87.54 good
5.6 6.00 80.31 bad
6.5 6.00 137.29 bad
6.7 6.00 181.41 bad
5.3 4.00 48.29 good
4.6 4.00 66.70 bad
6.5 6.00 468.11 bad
4.7 4.00 78.49 good
5.5 6.00 114.10 bad
4.8 4.00 28.01 bad
4.5 4.00 40.03 good
7.1 8.00 194.89 good
5.4 6.00 80.73 bad
6.1 6.00 163.05 good
6.7 8.00 203.97 bad
5.9 6.00 172.89 bad
3.5 2.00 53.89 bad
6.7 6.00 389.04 good
5.4 6.00 74.29 bad
5.4 4.00 29.34 good
7.1 8.00 218.67 good
5.3 4.00 85.63 bad
6.8 6.00 362.40 bad
5.9 6.00 155.38 bad
5.3 6.00 119.73 good
5.9 6.00 339.26 bad
7.9 8.00 453.60 bad
4.0 4.00 31.11 bad
5.6 6.00 182.02 bad
5.3 6.00 74.03 good
6.2 6.00 94.54 bad
6.2 6.00 95.85 bad
7.5 8.00 1104.85 good
5.3 4.00 199.64 bad
6.2 6.00 55.29 good
4.4 4.00 59.06 bad
7.6 8.00 278.88 good
6.8 8.00 223.96 bad
6.1 6.00 106.33 bad
6.1 6.00 393.48 bad
6.8 8.00 159.36 good
7.6 8.00 440.27 bad
6.2 6.00 147.32 bad
5.2 6.00 65.93 bad
5.6 4.00 87.78 bad
6.6 6.00 188.48 bad
5.9 6.00 116.65 bad
7.0 8.00 249.84 bad
6.4 6.00 95.46 bad
6.7 8.00 118.81 good
6.4 6.00 208.64 bad
4.0 2.00 25.57 bad
7.2 8.00 191.97 good
7.0 8.00 299.63 good
5.5 6.00 128.84 bad
6.7 8.00 282.28 good
7.3 8.00 391.57 good
6.5 6.00 243.27 bad
7.0 8.00 297.05 bad
4.9 4.00 92.39 bad
7.4 8.00 385.10 good
6.4 6.00 72.91 bad
8.7 10.00 1238.93 good
6.0 6.00 170.95 bad
5.8 6.00 113.09 good
6.1 6.00 164.81 bad
8.5 10.00 875.52 bad
5.5 6.00 132.92 bad
4.5 4.00 102.63 bad
7.0 6.00 502.72 good
5.6 6.00 101.09 good
8.9 10.00 1797.82 good
6.4 8.00 76.64 good
7.3 8.00 209.65 good
4.4 4.00 58.14 good
5.9 6.00 194.01 bad
6.5 8.00 176.74 good
7.0 8.00 234.30 bad
4.8 4.00 63.17 bad
7.8 8.00 478.73 good
7.0 8.00 304.97 good
6.9 8.00 311.51 bad
7.8 8.00 364.52 good
5.5 6.00 86.23 bad
5.4 6.00 97.95 bad
6.7 6.00 909.70 bad
3.9 4.00 40.59 good
3.3 2.00 9.99 bad
6.0 6.00 113.50 good
6.1 6.00 158.29 bad
5.1 6.00 62.68 good