BookScore AddListCount Mode Class
97
3 4 6 7 8 9 11 12 13 14 15 17 18 20 21 22 25 27 28 30 32 33 34 36 37 38 39 40 44 45 46 47 48 49 51 54 56 57 59 60 61 62 64 65 66 67 69 73 74 75 76 77 78 80 81 83 84 85 87 89 90 91 92 93 95 96 97 101 103 104 107 108 112 113 115 119 121 124 125 130 132 133 134 135 136 140 141 142 143 145 147 148 149 150 151 152 153
6.4 38 8.00 bad
5.8 22 6.00 bad
6.0 42 2.00 good
5.8 8 6.00 bad
6.5 53 6.00 bad
5.4 14 8.00 bad
6.9 15 6.00 bad
6.0 12 6.00 bad
5.5 9 6.00 bad
5.9 136 2.00 good
6.6 204 6.00 bad
5.6 10 8.00 bad
6.5 7 10.00 bad
5.3 17 2.00 good
4.6 12 4.00 bad
6.5 61 6.00 bad
4.8 2 2.00 bad
4.5 31 2.00 good
7.2 73 8.00 bad
5.4 9 6.00 bad
6.8 111 8.00 bad
6.1 49 6.00 good
5.1 24 6.00 bad
6.7 63 8.00 bad
7.8 106 8.00 bad
5.9 19 4.00 bad
3.5 1 2.00 bad
6.7 172 8.00 good
5.4 242 2.00 good
5.8 93 6.00 bad
7.1 28 8.00 good
5.3 20 4.00 bad
6.8 371 8.00 bad
5.9 13 6.00 bad
5.9 42 6.00 bad
7.0 9 6.00 good
5.3 13 6.00 good
6.2 551 8.00 bad
6.5 138 10.00 good
6.2 19 10.00 bad
7.5 33 8.00 good
5.3 3 4.00 bad
4.4 10 2.00 bad
4.8 22 6.00 bad
5.9 2 6.00 bad
7.6 17 10.00 good
7.4 5 8.00 bad
6.8 8 8.00 bad
6.1 16 6.00 bad
6.4 8 6.00 good
6.8 110 8.00 good
7.6 183 10.00 bad
6.2 57 6.00 bad
8.3 193 10.00 bad
5.8 4 6.00 bad
6.6 22 6.00 bad
5.9 3 6.00 bad
5.2 55 2.00 good
6.4 65 10.00 bad
6.4 49 8.00 bad
4.0 4 2.00 bad
7.2 218 10.00 good
7.8 141 10.00 good
6.9 121 8.00 bad
5.5 4 6.00 bad
6.7 100 8.00 good
6.5 7 8.00 good
7.1 65 10.00 bad
6.6 6 6.00 bad
4.9 5 6.00 bad
6.4 188 10.00 bad
8.7 1586 10.00 good
5.4 63 6.00 bad
6.1 25 6.00 bad
5.5 76 6.00 bad
7.3 274 8.00 good
4.5 14 6.00 bad
5.6 57 6.00 good
8.9 149 10.00 good
5.7 11 6.00 bad
6.4 131 8.00 good
5.9 1 8.00 bad
6.5 168 8.00 good
7.0 293 8.00 bad
4.8 9 6.00 bad
6.4 7 8.00 bad
6.9 19 8.00 bad
7.8 365 10.00 good
5.5 42 8.00 bad
6.7 28 6.00 bad
3.9 26 2.00 good
3.3 54 2.00 bad
6.0 178 8.00 good
6.1 5 6.00 bad
6.8 125 10.00 bad
5.1 12 2.00 good
5.7 50 6.00 good