TwoStarRate FourStarRate Mode Class
100
1 2 3 4 6 7 8 9 10 15 16 17 19 22 23 28 29 30 31 32 33 34 36 38 39 40 41 42 43 44 46 47 48 49 50 51 53 54 55 56 57 59 61 64 65 66 68 70 71 72 75 76 77 78 80 82 83 85 86 87 88 89 90 94 100 102 103 104 105 109 111 113 114 115 116 117 118 119 121 124 125 126 128 129 132 133 134 137 138 139 141 143 144 147 148 149 150 151 152 153
0.08 0.36 8.00 good
0.10 0.24 6.00 bad
0.12 0.27 8.00 bad
0.09 0.25 6.00 bad
0.14 0.18 2.00 good
0.15 0.11 6.00 bad
0.16 0.22 6.00 bad
0.18 0.30 8.00 bad
0.26 0.27 8.00 bad
0.13 0.25 6.00 bad
0.22 0.20 6.00 good
0.22 0.23 8.00 bad
0.18 0.22 10.00 bad
0.15 0.28 6.00 bad
0.31 0.08 4.00 good
0.11 0.31 8.00 bad
0.10 0.20 10.00 good
0.18 0.14 6.00 bad
0.30 0.19 6.00 good
0.09 0.39 8.00 bad
0.20 0.23 6.00 good
0.30 0.13 6.00 bad
0.10 0.34 8.00 bad
0.35 0.17 4.00 bad
0.26 0.05 2.00 bad
0.12 0.33 8.00 good
0.14 0.29 6.00 good
0.17 0.20 2.00 bad
0.13 0.14 2.00 good
0.07 0.16 2.00 good
0.07 0.33 8.00 good
0.28 0.22 4.00 bad
0.09 0.33 8.00 bad
0.10 0.23 6.00 bad
0.28 0.14 6.00 good
0.30 0.21 6.00 bad
0.33 0.00 2.00 bad
0.05 0.21 6.00 good
0.28 0.20 6.00 bad
0.20 0.10 6.00 good
0.07 0.29 8.00 bad
0.21 0.21 10.00 good
0.08 0.44 8.00 good
0.27 0.14 2.00 bad
0.28 0.07 6.00 bad
0.14 0.19 6.00 bad
0.11 0.30 8.00 bad
0.10 0.32 2.00 bad
0.12 0.25 8.00 bad
0.08 0.20 10.00 good
0.10 0.30 6.00 good
0.07 0.36 8.00 good
0.07 0.27 10.00 bad
0.10 0.24 6.00 bad
0.03 0.19 10.00 bad
0.41 0.05 4.00 bad
0.17 0.22 6.00 bad
0.19 0.24 2.00 good
0.03 0.27 6.00 bad
0.09 0.19 10.00 bad
0.10 0.23 10.00 good
0.17 0.28 8.00 bad
0.13 0.07 2.00 bad
0.11 0.33 8.00 good
0.02 0.27 6.00 bad
0.14 0.21 2.00 good
0.08 0.26 6.00 bad
0.31 0.04 6.00 bad
0.08 0.33 8.00 good
0.14 0.24 6.00 bad
0.16 0.26 8.00 good
0.13 0.21 6.00 bad
0.02 0.23 10.00 bad
0.19 0.19 6.00 bad
0.12 0.12 6.00 good
0.11 0.14 6.00 bad
0.11 0.30 6.00 bad
0.06 0.33 8.00 good
0.30 0.08 6.00 bad
0.19 0.20 6.00 good
0.02 0.20 10.00 good
0.06 0.21 10.00 good
0.08 0.23 10.00 good
0.07 0.26 10.00 good
0.14 0.35 8.00 good
0.13 0.33 8.00 bad
0.12 0.34 8.00 good
0.05 0.33 10.00 good
0.10 0.19 2.00 bad
0.07 0.36 8.00 good
0.03 0.49 8.00 bad
0.21 0.24 8.00 bad
0.25 0.18 6.00 bad
0.22 0.09 2.00 good
0.03 0.06 2.00 bad
0.18 0.26 8.00 good
0.15 0.20 6.00 bad
0.07 0.19 10.00 bad
0.19 0.14 2.00 good
0.22 0.22 6.00 good