TwoStarRate FiveStarRate Mode Class
103
0 1 2 3 4 5 7 8 10 11 12 13 17 18 20 21 22 23 24 25 26 27 28 30 32 34 35 37 38 40 41 42 43 44 45 49 51 52 53 54 56 57 59 61 62 63 64 67 68 70 71 73 75 76 78 79 80 82 84 86 91 92 93 94 95 96 97 98 99 100 101 102 103 104 105 106 107 108 109 111 112 115 116 117 118 120 121 122 125 126 129 130 132 135 137 138 140 141 144 146 147 150 151
0.15 0.15 8.00 good
0.08 0.25 8.00 good
0.10 0.15 6.00 bad
0.12 0.18 8.00 bad
0.09 0.10 6.00 bad
0.20 0.12 6.00 good
0.15 0.11 6.00 bad
0.16 0.21 6.00 bad
0.26 0.09 8.00 bad
0.04 0.16 6.00 bad
0.08 0.20 6.00 bad
0.24 0.09 6.00 bad
0.22 0.12 8.00 bad
0.17 0.28 10.00 bad
0.20 0.13 2.00 good
0.37 0.04 4.00 bad
0.15 0.11 6.00 bad
0.31 0.06 4.00 good
0.21 0.11 6.00 bad
0.20 0.20 2.00 bad
0.09 0.19 6.00 bad
0.17 0.05 2.00 good
0.11 0.27 8.00 bad
0.18 0.11 6.00 bad
0.09 0.13 8.00 bad
0.30 0.03 6.00 bad
0.12 0.21 2.00 good
0.03 0.28 8.00 bad
0.35 0.13 4.00 bad
0.12 0.19 8.00 good
0.14 0.17 6.00 good
0.17 0.11 2.00 bad
0.13 0.14 2.00 good
0.07 0.23 2.00 good
0.20 0.10 6.00 bad
0.10 0.10 6.00 bad
0.30 0.07 6.00 bad
0.04 0.42 10.00 bad
0.33 0.10 2.00 bad
0.05 0.29 6.00 good
0.20 0.13 6.00 good
0.07 0.18 8.00 bad
0.21 0.25 10.00 good
0.08 0.21 8.00 good
0.50 0.00 4.00 bad
0.07 0.30 2.00 good
0.27 0.02 2.00 bad
0.06 0.42 10.00 good
0.11 0.22 8.00 bad
0.10 0.20 2.00 bad
0.12 0.17 8.00 bad
0.11 0.17 8.00 bad
0.10 0.10 6.00 good
0.07 0.24 8.00 good
0.10 0.16 6.00 bad
0.19 0.10 2.00 bad
0.03 0.58 10.00 bad
0.41 0.22 4.00 bad
0.14 0.14 6.00 bad
0.03 0.26 6.00 bad
0.08 0.34 10.00 good
0.04 0.42 10.00 good
0.08 0.21 8.00 bad
0.11 0.23 8.00 good
0.23 0.15 6.00 bad
0.11 0.17 8.00 good
0.03 0.13 8.00 good
0.08 0.29 8.00 good
0.12 0.17 6.00 bad
0.02 0.25 6.00 bad
0.10 0.27 10.00 bad
0.14 0.08 2.00 good
0.08 0.11 6.00 bad
0.31 0.09 6.00 bad
0.08 0.31 8.00 good
0.14 0.16 6.00 good
0.12 0.31 10.00 bad
0.02 0.63 10.00 good
0.14 0.10 6.00 bad
0.16 0.12 8.00 good
0.20 0.11 6.00 bad
0.19 0.07 6.00 bad
0.12 0.17 6.00 good
0.11 0.09 6.00 bad
0.11 0.11 6.00 bad
0.18 0.11 8.00 good
0.30 0.02 6.00 bad
0.10 0.25 8.00 bad
0.02 0.67 10.00 good
0.06 0.30 10.00 good
0.07 0.37 10.00 good
0.13 0.17 6.00 bad
0.14 0.13 8.00 good
0.09 0.26 8.00 bad
0.05 0.38 10.00 good
0.10 0.18 2.00 bad
0.30 0.05 8.00 bad
0.03 0.15 8.00 bad
0.25 0.09 6.00 bad
0.09 0.19 8.00 good
0.22 0.02 2.00 good
0.15 0.15 6.00 bad
0.07 0.37 10.00 bad