ThreeStarRate Mode Median Class
92
2 4 6 8 9 10 11 12 13 14 16 17 18 20 21 22 25 26 28 29 30 31 32 34 35 39 40 43 44 46 47 48 51 52 53 56 61 63 64 66 67 68 69 72 73 74 77 79 80 81 83 86 87 88 89 90 92 93 94 98 99 100 103 104 105 106 110 111 112 115 117 118 119 121 125 126 127 129 132 133 135 136 137 138 139 141 144 146 147 149 151 153
0.40 6.00 6.00 bad
0.33 6.00 6.00 bad
0.21 2.00 6.00 good
0.30 6.00 6.00 bad
0.26 8.00 6.00 bad
0.23 8.00 6.00 bad
0.40 6.00 6.00 bad
0.44 6.00 6.00 bad
0.39 6.00 6.00 bad
0.21 2.00 6.00 good
0.23 6.00 6.00 good
0.20 8.00 6.00 bad
0.28 10.00 6.00 bad
0.15 2.00 4.00 good
0.16 4.00 4.00 bad
0.40 6.00 6.00 bad
0.20 2.00 4.00 bad
0.43 6.00 6.00 bad
0.25 8.00 8.00 bad
0.22 10.00 8.00 good
0.32 6.00 6.00 bad
0.33 6.00 6.00 good
0.31 8.00 8.00 bad
0.39 6.00 6.00 bad
0.18 2.00 6.00 good
0.16 2.00 2.00 bad
0.24 8.00 8.00 good
0.24 2.00 6.00 good
0.11 2.00 4.00 good
0.19 8.00 8.00 good
0.20 4.00 4.00 bad
0.33 8.00 6.00 bad
0.37 6.00 6.00 bad
0.15 10.00 8.00 bad
0.14 2.00 4.00 bad
0.32 6.00 6.00 good
0.25 8.00 8.00 good
0.12 2.00 6.00 good
0.21 2.00 4.00 bad
0.43 6.00 6.00 bad
0.16 10.00 8.00 good
0.25 8.00 8.00 bad
0.26 8.00 8.00 bad
0.26 10.00 8.00 good
0.22 8.00 8.00 bad
0.36 6.00 6.00 bad
0.22 10.00 8.00 bad
0.26 2.00 6.00 bad
0.13 10.00 10.00 bad
0.54 6.00 6.00 bad
0.28 6.00 6.00 bad
0.30 6.00 8.00 bad
0.23 10.00 6.00 bad
0.18 10.00 8.00 good
0.27 8.00 6.00 bad
0.20 2.00 2.00 bad
0.16 10.00 8.00 good
0.26 8.00 8.00 bad
0.23 8.00 8.00 good
0.22 8.00 8.00 good
0.34 6.00 6.00 bad
0.34 6.00 8.00 bad
0.50 6.00 6.00 bad
0.34 6.00 4.00 bad
0.19 8.00 8.00 good
0.27 6.00 6.00 good
0.28 6.00 6.00 bad
0.26 8.00 6.00 good
0.30 6.00 6.00 bad
0.35 6.00 6.00 bad
0.45 6.00 6.00 bad
0.39 6.00 6.00 bad
0.20 8.00 8.00 good
0.32 6.00 4.00 bad
0.08 10.00 10.00 good
0.16 10.00 8.00 good
0.22 10.00 8.00 good
0.16 10.00 8.00 good
0.25 8.00 6.00 good
0.33 8.00 6.00 bad
0.24 8.00 8.00 bad
0.32 6.00 4.00 bad
0.15 10.00 8.00 good
0.22 2.00 6.00 bad
0.24 8.00 8.00 good
0.19 8.00 8.00 bad
0.27 6.00 6.00 bad
0.27 8.00 8.00 good
0.19 2.00 4.00 good
0.23 8.00 6.00 good
0.16 10.00 8.00 bad
0.25 6.00 6.00 good