BookWordCount BookScore Kurtosis Class
104
0 1 2 5 6 7 9 10 11 12 13 14 16 17 19 20 21 22 23 26 27 29 30 32 33 34 36 37 38 41 42 43 44 47 48 51 55 56 57 58 59 60 62 64 65 66 67 68 69 70 71 72 73 74 75 76 78 80 81 82 83 84 85 86 87 88 89 91 92 93 94 96 97 99 104 105 106 107 108 109 111 112 115 117 118 121 123 125 127 128 130 132 135 137 140 144 145 146 147 149 150 151 152 153
177.20 6.4 200.91 good
289.90 7.2 406.22 good
48.30 6.4 267.71 bad
158.50 5.6 93.52 good
59.60 6.0 75.15 good
38.90 5.8 181.37 bad
21.30 5.4 110.48 bad
82.50 5.8 143.84 bad
13.40 6.9 491.68 bad
21.80 6.0 114.51 bad
27.50 5.5 156.17 bad
123.80 5.9 68.44 good
135.80 5.7 87.54 good
33.60 5.6 80.31 bad
122.40 6.7 181.41 bad
82.30 5.3 48.29 good
74.10 4.6 66.70 bad
77.70 6.5 468.11 bad
122.20 4.7 78.49 good
62.70 6.5 249.04 bad
147.20 4.5 40.03 good
233.90 7.1 194.89 good
150.70 5.4 80.73 bad
51.10 6.8 404.81 bad
178.90 6.1 163.05 good
154.60 5.1 192.82 bad
87.00 6.7 203.97 bad
51.30 7.8 948.64 bad
80.20 5.9 172.89 bad
168.40 6.7 389.04 good
300.10 5.4 74.29 bad
74.40 5.1 44.83 good
296.80 5.4 29.34 good
49.70 5.3 85.63 bad
281.40 6.8 362.40 bad
84.60 5.9 339.26 bad
106.40 5.6 182.02 bad
40.40 5.3 74.03 good
293.40 6.2 94.54 bad
63.50 7.5 256.16 good
133.40 6.5 148.52 good
45.10 6.2 95.85 bad
49.60 5.3 199.64 bad
54.40 4.4 59.06 bad
72.20 4.8 77.07 bad
34.80 5.9 204.65 bad
16.80 7.6 278.88 good
79.60 6.8 223.96 bad
7.30 7.4 758.93 bad
55.40 5.9 49.13 bad
98.90 6.1 106.33 bad
390.00 7.3 259.41 good
68.60 6.8 278.58 bad
49.30 6.1 393.48 bad
39.60 6.4 344.01 good
46.20 6.8 159.36 good
70.00 6.2 147.32 bad
144.70 8.3 599.56 bad
87.70 5.8 173.53 bad
183.00 5.6 87.78 bad
40.80 6.6 188.48 bad
30.00 5.9 116.65 bad
87.20 5.2 51.21 good
129.90 7.0 249.84 bad
112.10 6.4 95.46 bad
315.30 6.7 118.81 good
153.20 6.4 208.64 bad
126.20 7.2 191.97 good
116.50 7.8 444.03 good
90.50 6.9 288.02 bad
63.70 7.0 299.63 good
34.10 6.7 282.28 good
22.20 6.5 198.40 good
181.90 6.5 243.27 bad
150.50 4.9 92.39 bad
198.70 7.4 385.10 good
64.40 6.0 114.14 good
310.00 6.4 72.91 bad
446.50 8.7 1238.93 good
101.10 6.0 170.95 bad
148.90 5.8 113.09 good
107.80 5.4 84.03 bad
119.20 5.5 125.49 bad
59.10 5.5 132.92 bad
92.20 6.5 387.39 bad
145.90 4.5 102.63 bad
153.40 7.0 502.72 good
65.70 8.9 1797.82 good
34.20 7.4 319.05 good
296.70 6.5 82.37 good
46.30 5.7 73.99 bad
237.20 6.4 212.10 good
335.20 7.0 234.30 bad
448.70 7.8 478.73 good
43.40 6.4 361.68 bad
319.70 5.4 97.95 bad
62.30 6.7 909.70 bad
477.20 7.0 402.15 good
154.00 3.9 40.59 good
382.10 6.0 113.50 good
44.60 6.1 158.29 bad
93.00 6.8 105.22 bad
163.50 5.1 62.68 good
73.20 5.7 105.28 good