BookScoreCount FourStarRate Kurtosis Class
101
1 4 7 9 11 13 14 15 16 17 19 22 24 25 26 27 28 30 31 33 34 35 36 37 38 39 41 42 44 45 48 50 52 54 55 56 57 59 62 65 67 70 71 72 75 78 79 80 81 82 85 86 87 88 89 90 92 94 95 96 97 98 99 101 102 103 104 105 106 107 108 110 113 114 116 117 118 121 122 123 125 126 130 131 132 133 134 136 138 139 141 143 144 145 146 147 149 150 151 152 153
967 0.36 406.22 good
78 0.25 113.07 bad
27 0.11 181.37 bad
51 0.30 110.48 bad
51 0.32 491.68 bad
48 0.13 156.17 bad
454 0.19 68.44 good
658 0.25 188.48 bad
119 0.20 87.54 good
36 0.23 80.31 bad
250 0.22 181.41 bad
159 0.28 468.11 bad
70 0.13 114.10 bad
11 0.00 28.01 bad
100 0.18 249.04 bad
150 0.15 40.03 good
263 0.31 418.19 bad
29 0.14 80.73 bad
44 0.19 211.54 good
192 0.23 163.05 good
97 0.13 192.82 bad
1909 0.14 41.11 good
223 0.34 203.97 bad
216 0.44 948.64 bad
63 0.17 172.89 bad
20 0.05 53.89 bad
670 0.29 389.04 good
686 0.20 74.29 bad
1885 0.16 29.34 good
299 0.23 135.14 bad
1248 0.33 362.40 bad
29 0.14 119.73 good
1780 0.30 453.60 bad
43 0.21 245.77 good
55 0.20 182.02 bad
80 0.10 74.03 good
2109 0.29 94.54 bad
484 0.21 148.52 good
13 0.34 199.64 bad
82 0.07 77.07 bad
90 0.25 278.88 good
51 0.32 49.13 bad
248 0.25 106.33 bad
956 0.20 259.41 good
21 0.30 344.01 good
217 0.24 147.32 bad
531 0.17 65.93 bad
714 0.19 599.56 bad
25 0.08 173.53 bad
31 0.05 87.78 bad
356 0.24 51.21 good
222 0.27 249.84 bad
182 0.19 95.46 bad
1636 0.23 118.81 good
145 0.28 208.64 bad
16 0.07 25.57 bad
527 0.29 444.03 good
218 0.33 299.63 good
13 0.00 128.84 bad
188 0.33 282.28 good
39 0.40 198.40 good
2113 0.33 391.57 good
942 0.26 243.27 bad
219 0.27 286.97 bad
225 0.21 65.28 good
29 0.26 664.54 bad
25 0.04 92.39 bad
339 0.33 385.10 good
349 0.24 114.14 good
1184 0.17 72.91 bad
5393 0.20 1238.93 good
112 0.24 131.59 bad
136 0.21 164.81 bad
1114 0.23 875.52 bad
19 0.12 138.45 good
34 0.14 132.92 bad
274 0.30 387.39 bad
59 0.08 102.63 bad
385 0.29 313.76 bad
93 0.30 502.72 good
768 0.20 1797.82 good
353 0.21 76.64 good
82 0.16 73.99 bad
31 0.11 58.14 good
614 0.35 212.10 good
23 0.33 194.01 bad
795 0.34 176.74 good
68 0.05 63.17 bad
328 0.19 56.35 bad
1100 0.36 304.97 good
83 0.49 311.51 bad
153 0.24 86.23 bad
364 0.18 97.95 bad
61 0.33 909.70 bad
2356 0.37 402.15 good
208 0.09 40.59 good
674 0.26 113.50 good
21 0.20 158.29 bad
638 0.19 105.22 bad
45 0.14 62.68 good
209 0.22 105.28 good