BookWordCount FourStarRate Mode Class
105
2 4 5 7 12 13 14 15 16 20 21 22 23 24 26 28 29 31 32 33 34 35 37 38 39 41 43 45 46 48 50 51 52 53 56 57 59 60 61 62 63 64 67 68 72 73 74 75 76 77 79 80 81 82 84 85 86 87 88 89 91 94 95 96 97 98 99 100 101 102 103 104 105 106 107 108 110 111 112 114 115 116 118 119 120 121 122 123 125 128 130 131 133 139 140 141 142 144 145 146 147 148 149 150 151
48.30 0.24 6.00 bad
139.00 0.25 6.00 bad
158.50 0.21 6.00 good
38.90 0.11 6.00 bad
21.80 0.08 6.00 bad
27.50 0.13 6.00 bad
123.80 0.19 2.00 good
257.20 0.25 6.00 bad
135.80 0.20 6.00 good
82.30 0.20 2.00 good
74.10 0.14 4.00 bad
77.70 0.28 6.00 bad
122.20 0.08 4.00 good
74.80 0.13 6.00 bad
62.70 0.18 6.00 bad
53.00 0.31 8.00 bad
233.90 0.20 10.00 good
78.00 0.19 6.00 good
51.10 0.39 8.00 bad
178.90 0.23 6.00 good
154.60 0.13 6.00 bad
713.10 0.14 2.00 good
51.30 0.44 8.00 bad
80.20 0.17 4.00 bad
22.80 0.05 2.00 bad
168.40 0.29 6.00 good
74.40 0.14 2.00 good
380.50 0.23 6.00 bad
123.50 0.33 8.00 good
281.40 0.33 8.00 bad
51.90 0.14 6.00 good
84.60 0.21 6.00 bad
76.10 0.30 10.00 bad
53.70 0.00 2.00 bad
40.40 0.10 6.00 good
293.40 0.29 8.00 bad
133.40 0.21 10.00 good
45.10 0.20 10.00 bad
17.00 0.44 8.00 good
49.60 0.34 4.00 bad
108.60 0.20 2.00 good
54.40 0.14 2.00 bad
16.80 0.25 10.00 good
79.60 0.30 8.00 bad
390.00 0.20 10.00 good
68.60 0.39 8.00 bad
49.30 0.31 6.00 bad
39.60 0.30 6.00 good
46.20 0.36 8.00 good
1070.70 0.27 10.00 bad
131.20 0.17 2.00 bad
144.70 0.19 10.00 bad
87.70 0.08 6.00 bad
183.00 0.05 4.00 bad
30.00 0.19 6.00 bad
87.20 0.24 2.00 good
129.90 0.27 6.00 bad
112.10 0.19 10.00 bad
315.30 0.23 10.00 good
153.20 0.28 8.00 bad
126.20 0.28 10.00 good
63.70 0.33 8.00 good
99.00 0.00 6.00 bad
34.10 0.33 8.00 good
22.20 0.40 8.00 good
170.60 0.33 8.00 good
181.90 0.26 6.00 bad
59.90 0.27 6.00 bad
219.60 0.27 10.00 bad
78.10 0.21 2.00 good
21.40 0.26 6.00 bad
150.50 0.04 6.00 bad
198.70 0.33 8.00 good
64.40 0.24 6.00 good
310.00 0.17 10.00 bad
446.50 0.20 10.00 good
133.50 0.24 6.00 bad
148.90 0.26 8.00 good
107.80 0.15 6.00 bad
31.70 0.23 10.00 bad
119.20 0.19 6.00 bad
118.30 0.12 6.00 good
92.20 0.30 6.00 bad
427.70 0.33 8.00 good
85.80 0.25 8.00 good
145.90 0.08 6.00 bad
79.20 0.29 8.00 bad
153.40 0.30 6.00 good
65.70 0.20 10.00 good
296.70 0.23 10.00 good
46.30 0.16 6.00 bad
195.70 0.11 4.00 good
145.80 0.33 8.00 bad
130.30 0.36 8.00 good
43.40 0.54 8.00 bad
25.10 0.49 8.00 bad
518.00 0.24 10.00 good
319.70 0.18 6.00 bad
62.30 0.33 6.00 bad
477.20 0.37 8.00 good
154.00 0.09 2.00 good
209.90 0.06 2.00 bad
382.10 0.26 8.00 good
44.60 0.20 6.00 bad
93.00 0.19 10.00 bad