AddListCount TwoStarRate Mode Class
98
1 2 3 4 5 6 7 10 13 14 15 16 17 19 20 21 22 23 24 25 29 30 31 34 35 39 44 45 46 50 51 54 56 57 59 60 61 62 63 64 65 67 69 70 71 72 75 76 77 79 80 81 85 86 87 88 89 90 91 92 95 98 99 101 102 103 104 105 106 107 108 109 112 113 114 115 116 117 118 119 121 122 124 125 126 127 129 132 133 136 137 138 141 144 148 149 152 153
492 0.08 8.00 good
12 0.10 6.00 bad
38 0.12 8.00 bad
22 0.09 6.00 bad
122 0.20 6.00 good
42 0.14 2.00 good
8 0.15 6.00 bad
25 0.26 8.00 bad
9 0.24 6.00 bad
136 0.14 2.00 good
204 0.13 6.00 bad
25 0.22 6.00 good
10 0.22 8.00 bad
70 0.18 10.00 bad
17 0.20 2.00 good
12 0.37 4.00 bad
61 0.15 6.00 bad
32 0.31 4.00 good
23 0.21 6.00 bad
2 0.20 2.00 bad
68 0.10 10.00 good
9 0.18 6.00 bad
6 0.30 6.00 good
24 0.30 6.00 bad
254 0.12 2.00 good
1 0.26 2.00 bad
242 0.07 2.00 good
93 0.20 6.00 bad
28 0.07 8.00 good
7 0.28 6.00 good
42 0.30 6.00 bad
9 0.05 6.00 good
13 0.20 6.00 good
551 0.07 8.00 bad
138 0.21 10.00 good
19 0.21 10.00 bad
33 0.08 8.00 good
3 0.50 4.00 bad
21 0.07 2.00 good
10 0.27 2.00 bad
22 0.28 6.00 bad
17 0.06 10.00 good
5 0.05 8.00 bad
2 0.10 2.00 bad
119 0.12 8.00 bad
180 0.08 10.00 good
8 0.10 6.00 good
110 0.07 8.00 good
183 0.07 10.00 bad
94 0.19 2.00 bad
193 0.03 10.00 bad
4 0.08 6.00 bad
55 0.19 2.00 good
53 0.03 6.00 bad
65 0.09 10.00 bad
321 0.10 10.00 good
49 0.17 8.00 bad
4 0.13 2.00 bad
218 0.08 10.00 good
141 0.04 10.00 good
4 0.23 6.00 bad
558 0.08 8.00 good
253 0.12 6.00 bad
65 0.10 10.00 bad
39 0.14 2.00 good
6 0.08 6.00 bad
5 0.31 6.00 bad
98 0.08 8.00 good
102 0.14 6.00 good
188 0.12 10.00 bad
1586 0.02 10.00 good
34 0.14 6.00 bad
63 0.20 6.00 bad
25 0.13 6.00 bad
218 0.02 10.00 bad
76 0.19 6.00 bad
7 0.12 6.00 good
5 0.11 6.00 bad
112 0.11 6.00 bad
274 0.06 8.00 good
14 0.30 6.00 bad
126 0.10 8.00 bad
57 0.19 6.00 good
149 0.02 10.00 good
48 0.06 10.00 good
146 0.06 10.00 good
510 0.07 10.00 good
131 0.14 8.00 good
1 0.13 8.00 bad
9 0.24 6.00 bad
303 0.05 10.00 good
53 0.10 2.00 bad
19 0.03 8.00 bad
103 0.25 6.00 bad
54 0.03 2.00 bad
178 0.18 8.00 good
12 0.19 2.00 good
50 0.22 6.00 good