BookScore FourStarRate Mode Class
97
0 2 7 8 9 10 11 12 13 14 15 16 18 19 20 22 24 25 26 28 31 34 35 36 38 39 42 43 46 48 51 52 54 55 57 58 59 61 65 68 70 71 73 74 76 77 78 79 80 83 84 85 86 87 89 92 93 95 96 97 99 100 101 103 104 105 107 108 109 110 111 112 115 116 117 118 119 120 121 122 123 126 128 129 131 132 133 135 138 143 144 145 147 148 150 151 153
6.4 0.30 8.00 good
6.4 0.24 6.00 bad
5.8 0.11 6.00 bad
6.5 0.22 6.00 bad
5.4 0.30 8.00 bad
5.8 0.27 8.00 bad
6.9 0.32 6.00 bad
6.0 0.08 6.00 bad
5.5 0.13 6.00 bad
5.9 0.19 2.00 good
6.6 0.25 6.00 bad
5.7 0.20 6.00 good
6.5 0.14 10.00 bad
6.7 0.22 10.00 bad
5.3 0.20 2.00 good
6.5 0.28 6.00 bad
5.5 0.13 6.00 bad
4.8 0.00 2.00 bad
6.5 0.18 6.00 bad
7.2 0.31 8.00 bad
5.8 0.19 6.00 good
5.1 0.13 6.00 bad
5.5 0.14 2.00 good
6.7 0.34 8.00 bad
5.9 0.17 4.00 bad
3.5 0.05 2.00 bad
5.4 0.20 2.00 bad
5.1 0.14 2.00 good
7.1 0.33 8.00 good
6.8 0.33 8.00 bad
5.9 0.21 6.00 bad
7.9 0.30 10.00 bad
7.0 0.21 6.00 good
5.6 0.20 6.00 bad
6.2 0.29 8.00 bad
7.5 0.30 10.00 good
6.5 0.21 10.00 good
7.5 0.44 8.00 good
4.8 0.07 6.00 bad
6.8 0.30 8.00 bad
5.9 0.32 2.00 bad
6.1 0.25 8.00 bad
6.8 0.39 8.00 bad
6.1 0.31 6.00 bad
6.8 0.36 8.00 good
7.6 0.27 10.00 bad
6.2 0.24 6.00 bad
5.2 0.17 2.00 bad
8.3 0.19 10.00 bad
6.6 0.22 6.00 bad
5.9 0.19 6.00 bad
5.2 0.24 2.00 good
7.0 0.27 6.00 bad
6.4 0.19 10.00 bad
6.4 0.28 8.00 bad
7.8 0.29 10.00 good
6.9 0.34 8.00 bad
5.5 0.00 6.00 bad
6.7 0.33 8.00 good
6.5 0.40 8.00 good
6.5 0.26 6.00 bad
7.0 0.27 6.00 bad
7.1 0.27 10.00 bad
6.6 0.26 6.00 bad
4.9 0.04 6.00 bad
7.4 0.33 8.00 good
6.4 0.17 10.00 bad
8.7 0.20 10.00 good
6.0 0.24 6.00 bad
5.8 0.24 6.00 bad
5.8 0.26 8.00 good
5.4 0.15 6.00 bad
5.5 0.19 6.00 bad
6.0 0.12 6.00 good
5.5 0.14 6.00 bad
6.5 0.30 6.00 bad
7.3 0.33 8.00 good
5.6 0.25 8.00 good
4.5 0.08 6.00 bad
7.0 0.29 8.00 bad
7.0 0.30 6.00 good
6.4 0.21 10.00 good
6.5 0.23 10.00 good
7.3 0.26 10.00 good
4.4 0.11 4.00 good
6.4 0.35 8.00 good
5.9 0.33 8.00 bad
7.0 0.29 8.00 bad
5.7 0.19 2.00 bad
5.5 0.24 8.00 bad
5.4 0.18 6.00 bad
6.7 0.33 6.00 bad
3.9 0.09 2.00 good
3.3 0.06 2.00 bad
6.1 0.20 6.00 bad
6.8 0.19 10.00 bad
5.7 0.22 6.00 good