BookWordCount ThreeStarRate Kurtosis Class
100
1 5 6 8 9 10 12 14 16 18 19 20 22 23 26 28 30 33 34 35 36 37 38 41 42 43 45 46 47 48 49 51 52 53 54 55 56 58 60 61 62 64 65 66 67 68 69 71 72 74 75 77 79 80 81 82 83 84 86 87 88 89 91 92 93 94 95 97 98 102 103 105 106 107 108 109 112 113 116 117 118 120 121 122 123 126 129 130 131 132 133 134 137 139 140 146 147 151 152 153
289.90 0.23 406.22 good
158.50 0.26 93.52 good
59.60 0.21 75.15 good
143.50 0.30 196.73 bad
21.30 0.26 110.48 bad
82.50 0.23 143.84 bad
21.80 0.44 114.51 bad
123.80 0.21 68.44 good
135.80 0.23 87.54 good
24.10 0.28 137.29 bad
122.40 0.22 181.41 bad
82.30 0.15 48.29 good
77.70 0.40 468.11 bad
122.20 0.28 78.49 good
62.70 0.43 249.04 bad
53.00 0.25 418.19 bad
150.70 0.32 80.73 bad
178.90 0.29 163.05 good
154.60 0.39 192.82 bad
713.10 0.18 41.11 good
87.00 0.23 203.97 bad
51.30 0.20 948.64 bad
80.20 0.27 172.89 bad
168.40 0.34 389.04 good
300.10 0.26 74.29 bad
74.40 0.24 44.83 good
380.50 0.30 135.14 bad
123.50 0.19 218.67 good
49.70 0.20 85.63 bad
281.40 0.33 362.40 bad
44.50 0.39 155.38 bad
84.60 0.37 339.26 bad
76.10 0.15 453.60 bad
53.70 0.14 31.11 bad
13.00 0.33 245.77 good
106.40 0.33 182.02 bad
40.40 0.32 74.03 good
63.50 0.14 256.16 good
45.10 0.18 95.85 bad
17.00 0.25 1104.85 good
49.60 0.08 199.64 bad
54.40 0.21 59.06 bad
72.20 0.31 77.07 bad
34.80 0.43 204.65 bad
16.80 0.16 278.88 good
79.60 0.25 223.96 bad
7.30 0.26 758.93 bad
98.90 0.25 106.33 bad
390.00 0.26 259.41 good
49.30 0.36 393.48 bad
39.60 0.40 344.01 good
1070.70 0.22 440.27 bad
131.20 0.26 65.93 bad
144.70 0.13 599.56 bad
87.70 0.54 173.53 bad
183.00 0.20 87.78 bad
40.80 0.28 188.48 bad
30.00 0.33 116.65 bad
129.90 0.30 249.84 bad
112.10 0.23 95.46 bad
315.30 0.18 118.81 good
153.20 0.27 208.64 bad
126.20 0.16 191.97 good
116.50 0.16 444.03 good
90.50 0.26 288.02 bad
63.70 0.23 299.63 good
99.00 0.46 128.84 bad
22.20 0.26 198.40 good
170.60 0.22 391.57 good
78.10 0.26 65.28 good
21.40 0.50 664.54 bad
198.70 0.19 385.10 good
64.40 0.27 114.14 good
310.00 0.15 72.91 bad
446.50 0.10 1238.93 good
101.10 0.36 170.95 bad
107.80 0.30 84.03 bad
247.80 0.36 164.81 bad
118.30 0.42 138.45 good
59.10 0.45 132.92 bad
92.20 0.39 387.39 bad
85.80 0.20 75.21 good
145.90 0.32 102.63 bad
79.20 0.28 313.76 bad
153.40 0.37 502.72 good
89.70 0.16 76.64 good
322.80 0.16 209.65 good
46.30 0.28 73.99 bad
195.70 0.13 58.14 good
237.20 0.25 212.10 good
145.80 0.33 194.01 bad
179.50 0.21 176.74 good
448.70 0.15 478.73 good
130.30 0.24 304.97 good
43.40 0.07 361.68 bad
477.20 0.27 402.15 good
154.00 0.19 40.59 good
93.00 0.16 105.22 bad
163.50 0.28 62.68 good
73.20 0.25 105.28 good