AddListCount FourStarRate Median Class
93
0 2 3 5 6 7 8 9 10 11 13 14 16 20 21 23 24 25 26 27 28 31 32 37 39 40 41 42 43 44 45 46 51 53 56 58 61 64 66 68 69 71 72 73 74 76 78 81 82 85 86 88 90 93 94 95 96 99 100 101 102 104 105 106 107 109 110 112 113 115 116 118 122 123 124 125 127 128 131 132 133 134 137 138 139 140 141 143 147 148 149 152 153
214 0.30 6.00 good
12 0.24 6.00 bad
38 0.27 6.00 bad
122 0.21 6.00 good
42 0.18 6.00 good
8 0.11 6.00 bad
53 0.22 6.00 bad
14 0.30 6.00 bad
25 0.27 6.00 bad
15 0.32 6.00 bad
9 0.13 6.00 bad
136 0.19 6.00 good
25 0.20 6.00 good
17 0.20 4.00 good
12 0.14 4.00 bad
32 0.08 4.00 good
23 0.13 6.00 bad
2 0.00 4.00 bad
32 0.18 6.00 bad
31 0.15 4.00 good
73 0.31 8.00 bad
6 0.19 6.00 good
111 0.39 8.00 bad
106 0.44 8.00 bad
1 0.05 2.00 bad
172 0.33 8.00 good
289 0.29 6.00 good
215 0.20 6.00 bad
18 0.14 6.00 good
242 0.16 4.00 good
93 0.23 6.00 bad
28 0.33 8.00 good
42 0.21 6.00 bad
1 0.00 4.00 bad
13 0.10 6.00 good
70 0.30 8.00 good
33 0.44 8.00 good
10 0.14 4.00 bad
2 0.19 6.00 bad
45 0.30 8.00 bad
5 0.42 8.00 bad
119 0.25 6.00 bad
180 0.20 8.00 good
8 0.39 8.00 bad
16 0.31 6.00 bad
110 0.36 8.00 good
57 0.24 6.00 bad
4 0.08 6.00 bad
3 0.05 4.00 bad
55 0.24 4.00 good
53 0.27 8.00 bad
321 0.23 8.00 good
4 0.07 2.00 bad
121 0.34 8.00 bad
57 0.33 8.00 good
4 0.00 6.00 bad
100 0.33 8.00 good
253 0.26 6.00 bad
8 0.27 8.00 bad
65 0.27 8.00 bad
39 0.21 6.00 good
5 0.04 4.00 bad
98 0.33 8.00 good
102 0.24 6.00 good
188 0.17 6.00 bad
34 0.24 6.00 bad
31 0.24 6.00 bad
63 0.15 6.00 bad
25 0.21 6.00 bad
76 0.19 6.00 bad
7 0.12 6.00 good
112 0.30 6.00 bad
126 0.29 8.00 bad
32 0.30 6.00 good
57 0.20 6.00 good
149 0.20 10.00 good
146 0.26 8.00 good
108 0.23 8.00 good
5 0.11 4.00 good
131 0.35 6.00 good
1 0.33 6.00 bad
168 0.34 8.00 good
303 0.33 8.00 good
53 0.19 6.00 bad
206 0.36 8.00 good
7 0.54 8.00 bad
19 0.49 8.00 bad
42 0.24 6.00 bad
26 0.09 4.00 good
54 0.06 2.00 bad
178 0.26 6.00 good
12 0.14 6.00 good
50 0.22 6.00 good