BookScore ThreeStarRate FiveStarRate Class
98
0 1 3 4 6 7 8 9 10 11 14 15 17 18 19 21 23 24 25 26 29 30 33 34 35 36 37 38 39 44 48 50 51 52 53 54 57 61 62 63 66 70 71 73 74 75 77 80 82 83 84 86 89 91 93 94 97 98 99 101 103 104 105 106 107 108 110 112 116 117 118 119 120 122 123 124 125 126 127 128 129 130 131 132 133 135 136 137 139 140 141 142 144 146 148 149 151 153
6.4 0.28 0.15 good
7.2 0.23 0.25 good
6.4 0.27 0.18 bad
5.8 0.33 0.10 bad
6.0 0.21 0.23 good
5.8 0.48 0.11 bad
6.5 0.30 0.21 bad
5.4 0.26 0.02 bad
5.8 0.23 0.09 bad
6.9 0.40 0.16 bad
5.9 0.21 0.20 good
6.6 0.27 0.23 bad
5.6 0.20 0.12 bad
6.5 0.28 0.28 bad
6.7 0.22 0.28 bad
4.6 0.16 0.04 bad
4.7 0.28 0.06 good
5.5 0.36 0.11 bad
4.8 0.20 0.20 bad
6.5 0.43 0.19 bad
7.1 0.22 0.36 good
5.4 0.32 0.11 bad
6.1 0.29 0.15 good
5.1 0.39 0.03 bad
5.5 0.18 0.21 good
6.7 0.23 0.19 bad
7.8 0.20 0.28 bad
5.9 0.27 0.13 bad
3.5 0.16 0.00 bad
5.4 0.11 0.23 good
6.8 0.33 0.17 bad
5.3 0.32 0.07 good
5.9 0.37 0.07 bad
7.9 0.15 0.42 bad
4.0 0.14 0.10 bad
7.0 0.33 0.29 good
6.2 0.21 0.18 bad
7.5 0.25 0.21 good
5.3 0.08 0.00 bad
6.2 0.12 0.30 good
5.9 0.43 0.10 bad
5.9 0.04 0.20 bad
6.1 0.25 0.17 bad
6.8 0.22 0.17 bad
6.1 0.36 0.04 bad
6.4 0.40 0.10 good
7.6 0.22 0.37 bad
8.3 0.13 0.58 bad
5.6 0.20 0.22 bad
6.6 0.28 0.22 bad
5.9 0.33 0.14 bad
7.0 0.30 0.26 bad
6.4 0.27 0.17 bad
7.2 0.16 0.34 good
6.9 0.26 0.21 bad
7.0 0.23 0.23 good
6.5 0.26 0.13 good
7.3 0.22 0.29 good
6.5 0.34 0.17 bad
7.1 0.26 0.27 bad
6.6 0.50 0.11 bad
4.9 0.34 0.09 bad
7.4 0.19 0.31 good
6.0 0.27 0.16 good
6.4 0.15 0.31 bad
8.7 0.10 0.63 good
5.8 0.28 0.10 bad
5.4 0.30 0.11 bad
6.0 0.42 0.17 good
5.5 0.45 0.09 bad
6.5 0.39 0.11 bad
7.3 0.20 0.29 good
5.6 0.20 0.11 good
7.0 0.28 0.25 bad
7.0 0.37 0.20 good
5.6 0.29 0.11 good
8.9 0.08 0.67 good
6.4 0.16 0.30 good
7.4 0.22 0.36 good
6.5 0.13 0.31 good
7.3 0.16 0.37 good
5.7 0.28 0.17 bad
4.4 0.13 0.06 good
6.4 0.25 0.13 good
5.9 0.33 0.04 bad
7.0 0.24 0.26 bad
4.8 0.32 0.09 bad
7.8 0.15 0.38 good
7.0 0.24 0.22 good
6.4 0.07 0.05 bad
6.9 0.19 0.15 bad
7.8 0.15 0.46 good
5.4 0.27 0.09 bad
7.0 0.27 0.19 good
3.3 0.04 0.08 bad
6.0 0.23 0.15 good
6.8 0.16 0.37 bad
5.7 0.25 0.12 good