BookWordCount BookScoreCount AddListCount Class
100
2 3 4 5 7 8 9 11 14 16 18 19 20 21 22 23 25 26 27 28 29 31 38 39 41 43 44 45 46 48 49 50 53 54 55 56 58 59 60 62 64 65 66 67 69 70 71 73 75 77 78 80 81 82 83 84 89 92 93 94 96 98 99 100 102 103 105 107 108 109 111 113 114 116 117 118 121 123 124 125 126 127 128 129 130 131 132 133 135 138 139 140 141 143 145 146 149 150 152 153
48.30 47 12 bad
52.30 129 38 bad
139.00 78 22 bad
158.50 439 122 good
38.90 27 8 bad
143.50 177 53 bad
21.30 51 14 bad
13.40 51 15 bad
123.80 454 136 good
135.80 119 25 good
24.10 23 7 bad
122.40 250 70 bad
82.30 112 17 good
74.10 44 12 bad
77.70 159 61 bad
122.20 116 32 good
35.90 11 2 bad
62.70 100 32 bad
147.20 150 31 good
53.00 263 73 bad
233.90 290 68 good
78.00 44 6 good
80.20 63 19 bad
22.80 20 1 bad
168.40 670 289 good
74.40 81 18 good
296.80 1885 242 good
380.50 299 93 bad
123.50 108 28 good
281.40 1248 371 bad
44.50 72 13 bad
51.90 29 7 good
53.70 22 1 bad
13.00 43 9 good
106.40 55 11 bad
40.40 80 13 good
63.50 461 70 good
133.40 484 138 good
45.10 108 19 bad
49.60 13 3 bad
54.40 45 10 bad
72.20 82 22 bad
34.80 21 2 bad
16.80 90 17 good
7.30 20 5 bad
55.40 51 2 bad
98.90 248 119 bad
68.60 19 8 bad
39.60 21 8 good
1070.70 745 183 bad
70.00 217 57 bad
144.70 714 193 bad
87.70 25 4 bad
183.00 31 3 bad
40.80 104 22 bad
30.00 21 3 bad
153.20 145 49 bad
116.50 527 141 good
90.50 396 121 bad
63.70 218 57 good
34.10 188 100 good
170.60 2113 558 good
181.90 942 253 bad
59.90 42 8 bad
78.10 225 39 good
21.40 29 6 bad
198.70 339 98 good
310.00 1184 188 bad
446.50 5393 1586 good
101.10 88 34 bad
148.90 182 53 good
247.80 136 25 bad
31.70 1114 218 bad
118.30 19 7 good
59.10 34 5 bad
92.20 274 112 bad
145.90 59 14 bad
153.40 93 32 good
223.00 320 57 good
65.70 768 149 good
89.70 353 48 good
34.20 387 146 good
296.70 607 108 good
322.80 2063 510 good
46.30 82 11 bad
195.70 31 5 good
237.20 614 131 good
145.80 23 1 bad
335.20 1310 293 bad
212.90 328 53 bad
130.30 1100 206 good
43.40 21 7 bad
25.10 83 19 bad
177.70 153 42 bad
62.30 61 28 bad
477.20 2356 710 good
382.10 674 178 good
44.60 21 5 bad
163.50 45 12 good
73.20 209 50 good