BookScore TwoStarRate Kurtosis Class
95
0 2 3 4 5 8 10 11 12 13 16 17 18 19 20 22 23 27 28 30 31 32 33 34 37 38 41 42 43 44 47 48 49 50 52 54 56 58 60 64 65 67 68 69 70 71 72 73 74 76 77 79 80 81 82 83 85 86 90 91 94 97 100 101 102 105 106 107 110 111 112 113 114 118 119 120 121 122 123 124 126 128 132 134 135 136 137 138 140 141 147 148 150 151 152
6.4 0.15 200.91 good
6.4 0.10 267.71 bad
6.4 0.12 155.27 bad
5.8 0.09 113.07 bad
5.6 0.20 93.52 good
6.5 0.16 196.73 bad
5.8 0.26 143.84 bad
6.9 0.04 491.68 bad
6.0 0.08 114.51 bad
5.5 0.24 156.17 bad
5.7 0.22 87.54 good
5.6 0.22 80.31 bad
6.5 0.17 137.29 bad
6.7 0.18 181.41 bad
5.3 0.20 48.29 good
6.5 0.15 468.11 bad
4.7 0.31 78.49 good
4.5 0.17 40.03 good
7.2 0.11 418.19 bad
5.4 0.18 80.73 bad
5.8 0.30 211.54 good
6.8 0.09 404.81 bad
6.1 0.20 163.05 good
5.1 0.30 192.82 bad
7.8 0.03 948.64 bad
5.9 0.35 172.89 bad
6.7 0.14 389.04 good
5.4 0.17 74.29 bad
5.1 0.13 44.83 good
5.4 0.07 29.34 good
5.3 0.28 85.63 bad
6.8 0.09 362.40 bad
5.9 0.10 155.38 bad
5.3 0.28 119.73 good
7.9 0.04 453.60 bad
7.0 0.05 245.77 good
5.3 0.20 74.03 good
7.5 0.05 256.16 good
6.2 0.21 95.85 bad
4.4 0.27 59.06 bad
4.8 0.28 77.07 bad
7.6 0.06 278.88 good
6.8 0.11 223.96 bad
7.4 0.05 758.93 bad
5.9 0.10 49.13 bad
6.1 0.12 106.33 bad
7.3 0.08 259.41 good
6.8 0.11 278.58 bad
6.1 0.22 393.48 bad
6.8 0.07 159.36 good
7.6 0.07 440.27 bad
5.2 0.19 65.93 bad
8.3 0.03 599.56 bad
5.8 0.08 173.53 bad
5.6 0.41 87.78 bad
6.6 0.17 188.48 bad
5.2 0.19 51.21 good
7.0 0.03 249.84 bad
4.0 0.13 25.57 bad
7.2 0.08 191.97 good
7.0 0.11 299.63 good
6.5 0.03 198.40 good
7.0 0.02 297.05 bad
7.1 0.10 286.97 bad
5.3 0.14 65.28 good
7.4 0.08 385.10 good
6.0 0.14 114.14 good
6.4 0.12 72.91 bad
5.8 0.21 131.59 bad
5.8 0.16 113.09 good
5.4 0.20 84.03 bad
6.1 0.13 164.81 bad
8.5 0.02 875.52 bad
6.5 0.11 387.39 bad
7.3 0.06 297.36 good
5.6 0.18 75.21 good
4.5 0.30 102.63 bad
7.0 0.10 313.76 bad
7.0 0.08 502.72 good
5.6 0.19 101.09 good
6.4 0.06 76.64 good
6.5 0.08 82.37 good
6.4 0.14 212.10 good
6.5 0.12 176.74 good
7.0 0.09 234.30 bad
4.8 0.24 63.17 bad
7.8 0.05 478.73 good
5.7 0.10 56.35 bad
6.4 0.30 361.68 bad
6.9 0.03 311.51 bad
3.9 0.22 40.59 good
3.3 0.03 9.99 bad
6.1 0.15 158.29 bad
6.8 0.07 105.22 bad
5.1 0.19 62.68 good