TwoStarRate FourStarRate Kurtosis Class
95
1 2 4 6 8 9 12 13 14 15 16 19 21 22 23 24 25 26 28 30 33 34 35 36 38 39 40 41 43 44 46 47 49 51 52 53 54 56 57 58 59 60 62 64 66 69 70 71 74 75 76 81 82 83 87 88 89 91 92 94 95 98 101 103 105 107 109 112 113 114 115 116 117 118 119 123 126 127 128 130 132 134 135 137 138 140 141 143 144 145 147 148 151 152 153
0.08 0.36 406.22 good
0.10 0.24 267.71 bad
0.09 0.25 113.07 bad
0.14 0.18 75.15 good
0.16 0.22 196.73 bad
0.18 0.30 110.48 bad
0.08 0.08 114.51 bad
0.24 0.13 156.17 bad
0.14 0.19 68.44 good
0.13 0.25 188.48 bad
0.22 0.20 87.54 good
0.18 0.22 181.41 bad
0.37 0.14 66.70 bad
0.15 0.28 468.11 bad
0.31 0.08 78.49 good
0.21 0.13 114.10 bad
0.20 0.00 28.01 bad
0.09 0.18 249.04 bad
0.11 0.31 418.19 bad
0.18 0.14 80.73 bad
0.20 0.23 163.05 good
0.30 0.13 192.82 bad
0.12 0.14 41.11 good
0.10 0.34 203.97 bad
0.35 0.17 172.89 bad
0.26 0.05 53.89 bad
0.12 0.33 227.23 good
0.14 0.29 389.04 good
0.13 0.14 44.83 good
0.07 0.16 29.34 good
0.07 0.33 218.67 good
0.28 0.22 85.63 bad
0.10 0.23 155.38 bad
0.30 0.21 339.26 bad
0.04 0.30 453.60 bad
0.33 0.00 31.11 bad
0.05 0.21 245.77 good
0.20 0.10 74.03 good
0.07 0.29 94.54 bad
0.05 0.30 256.16 good
0.21 0.21 148.52 good
0.21 0.20 95.85 bad
0.50 0.34 199.64 bad
0.27 0.14 59.06 bad
0.14 0.19 204.65 bad
0.05 0.42 758.93 bad
0.10 0.32 49.13 bad
0.12 0.25 106.33 bad
0.22 0.31 393.48 bad
0.10 0.30 344.01 good
0.07 0.36 159.36 good
0.08 0.08 173.53 bad
0.41 0.05 87.78 bad
0.17 0.22 188.48 bad
0.09 0.19 95.46 bad
0.10 0.23 118.81 good
0.17 0.28 208.64 bad
0.08 0.28 191.97 good
0.04 0.29 444.03 good
0.11 0.33 299.63 good
0.23 0.00 128.84 bad
0.08 0.33 391.57 good
0.10 0.27 286.97 bad
0.08 0.26 664.54 bad
0.08 0.33 385.10 good
0.12 0.17 72.91 bad
0.14 0.24 170.95 bad
0.20 0.15 84.03 bad
0.13 0.21 164.81 bad
0.02 0.23 875.52 bad
0.19 0.19 125.49 bad
0.12 0.12 138.45 good
0.11 0.14 132.92 bad
0.11 0.30 387.39 bad
0.06 0.33 297.36 good
0.08 0.30 502.72 good
0.06 0.21 76.64 good
0.06 0.26 319.05 good
0.08 0.23 82.37 good
0.13 0.16 73.99 bad
0.14 0.35 212.10 good
0.12 0.34 176.74 good
0.09 0.29 234.30 bad
0.05 0.33 478.73 good
0.10 0.19 56.35 bad
0.30 0.54 361.68 bad
0.03 0.49 311.51 bad
0.21 0.24 86.23 bad
0.25 0.18 97.95 bad
0.10 0.33 909.70 bad
0.22 0.09 40.59 good
0.03 0.06 9.99 bad
0.07 0.19 105.22 bad
0.19 0.14 62.68 good
0.22 0.22 105.28 good