BookScore TwoStarRate FourStarRate Class
96
2 3 6 7 8 9 11 15 16 17 18 19 20 24 25 27 28 29 31 32 33 34 36 37 40 41 42 43 45 46 48 49 50 51 53 56 57 59 61 62 64 65 66 68 69 70 71 72 73 74 75 76 77 78 82 83 85 86 87 89 90 91 92 94 96 97 99 101 102 106 107 109 110 117 118 119 120 121 124 126 127 128 132 133 137 138 139 140 142 144 147 148 149 150 152 153
6.4 0.10 0.24 bad
6.4 0.12 0.27 bad
6.0 0.14 0.18 good
5.8 0.15 0.11 bad
6.5 0.16 0.22 bad
5.4 0.18 0.30 bad
6.9 0.04 0.32 bad
6.6 0.13 0.25 bad
5.7 0.22 0.20 good
5.6 0.22 0.23 bad
6.5 0.17 0.14 bad
6.7 0.18 0.22 bad
5.3 0.20 0.20 good
5.5 0.21 0.13 bad
4.8 0.20 0.00 bad
4.5 0.17 0.15 good
7.2 0.11 0.31 bad
7.1 0.10 0.20 good
5.8 0.30 0.19 good
6.8 0.09 0.39 bad
6.1 0.20 0.23 good
5.1 0.30 0.13 bad
6.7 0.10 0.34 bad
7.8 0.03 0.44 bad
6.7 0.12 0.33 good
6.7 0.14 0.29 good
5.4 0.17 0.20 bad
5.1 0.13 0.14 good
5.8 0.20 0.23 bad
7.1 0.07 0.33 good
6.8 0.09 0.33 bad
5.9 0.10 0.23 bad
5.3 0.28 0.14 good
5.9 0.30 0.21 bad
4.0 0.33 0.00 bad
5.3 0.20 0.10 good
6.2 0.07 0.29 bad
6.5 0.21 0.21 good
7.5 0.08 0.44 good
5.3 0.50 0.34 bad
4.4 0.27 0.14 bad
4.8 0.28 0.07 bad
5.9 0.14 0.19 bad
6.8 0.11 0.30 bad
7.4 0.05 0.42 bad
5.9 0.10 0.32 bad
6.1 0.12 0.25 bad
7.3 0.08 0.20 good
6.8 0.11 0.39 bad
6.1 0.22 0.31 bad
6.4 0.10 0.30 good
6.8 0.07 0.36 good
7.6 0.07 0.27 bad
6.2 0.10 0.24 bad
5.6 0.41 0.05 bad
6.6 0.17 0.22 bad
5.2 0.19 0.24 good
7.0 0.03 0.27 bad
6.4 0.09 0.19 bad
6.4 0.17 0.28 bad
4.0 0.13 0.07 bad
7.2 0.08 0.28 good
7.8 0.04 0.29 good
7.0 0.11 0.33 good
6.7 0.11 0.33 good
6.5 0.03 0.40 good
6.5 0.12 0.26 bad
7.1 0.10 0.27 bad
5.3 0.14 0.21 good
6.0 0.14 0.24 good
6.4 0.12 0.17 bad
6.0 0.14 0.24 bad
5.8 0.21 0.24 bad
5.5 0.11 0.14 bad
6.5 0.11 0.30 bad
7.3 0.06 0.33 good
5.6 0.18 0.25 good
4.5 0.30 0.08 bad
5.6 0.19 0.20 good
6.4 0.06 0.21 good
7.4 0.06 0.26 good
6.5 0.08 0.23 good
6.4 0.14 0.35 good
5.9 0.13 0.33 bad
7.8 0.05 0.33 good
5.7 0.10 0.19 bad
7.0 0.07 0.36 good
6.4 0.30 0.54 bad
7.8 0.05 0.24 good
5.4 0.25 0.18 bad
3.9 0.22 0.09 good
3.3 0.03 0.06 bad
6.0 0.18 0.26 good
6.1 0.15 0.20 bad
5.1 0.19 0.14 good
5.7 0.22 0.22 good