TwoStarRate Median Kurtosis Class
98
0 1 2 4 5 6 7 8 9 10 11 13 19 22 23 25 27 28 29 33 35 36 37 38 39 41 43 45 46 47 48 56 58 59 60 61 62 65 66 67 69 70 71 72 73 75 76 77 80 81 82 83 84 85 86 88 89 91 92 93 94 96 98 99 103 104 106 108 110 111 116 117 118 119 121 122 123 124 125 126 127 129 130 131 132 133 134 135 136 137 139 142 143 144 145 147 151 153
0.15 6.00 200.91 good
0.08 8.00 406.22 good
0.10 6.00 267.71 bad
0.09 6.00 113.07 bad
0.20 6.00 93.52 good
0.14 6.00 75.15 good
0.15 6.00 181.37 bad
0.16 6.00 196.73 bad
0.18 6.00 110.48 bad
0.26 6.00 143.84 bad
0.04 6.00 491.68 bad
0.24 6.00 156.17 bad
0.18 6.00 181.41 bad
0.15 6.00 468.11 bad
0.31 4.00 78.49 good
0.20 4.00 28.01 bad
0.17 4.00 40.03 good
0.11 8.00 418.19 bad
0.10 8.00 194.89 good
0.20 6.00 163.05 good
0.12 6.00 41.11 good
0.10 8.00 203.97 bad
0.03 8.00 948.64 bad
0.35 6.00 172.89 bad
0.26 2.00 53.89 bad
0.14 6.00 389.04 good
0.13 6.00 44.83 good
0.20 6.00 135.14 bad
0.07 8.00 218.67 good
0.28 4.00 85.63 bad
0.09 6.00 362.40 bad
0.20 6.00 74.03 good
0.05 8.00 256.16 good
0.21 6.00 148.52 good
0.21 6.00 95.85 bad
0.08 8.00 1104.85 good
0.50 4.00 199.64 bad
0.28 4.00 77.07 bad
0.14 6.00 204.65 bad
0.06 8.00 278.88 good
0.05 8.00 758.93 bad
0.10 8.00 49.13 bad
0.12 6.00 106.33 bad
0.08 8.00 259.41 good
0.11 8.00 278.58 bad
0.10 6.00 344.01 good
0.07 8.00 159.36 good
0.07 8.00 440.27 bad
0.03 10.00 599.56 bad
0.08 6.00 173.53 bad
0.41 4.00 87.78 bad
0.17 6.00 188.48 bad
0.14 6.00 116.65 bad
0.19 4.00 51.21 good
0.03 8.00 249.84 bad
0.10 8.00 118.81 good
0.17 6.00 208.64 bad
0.08 8.00 191.97 good
0.04 8.00 444.03 good
0.08 8.00 288.02 bad
0.11 8.00 299.63 good
0.11 8.00 282.28 good
0.08 8.00 391.57 good
0.12 6.00 243.27 bad
0.08 6.00 664.54 bad
0.31 4.00 92.39 bad
0.14 6.00 114.14 good
0.02 10.00 1238.93 good
0.21 6.00 131.59 bad
0.16 6.00 113.09 good
0.12 6.00 138.45 good
0.11 6.00 132.92 bad
0.11 6.00 387.39 bad
0.06 8.00 297.36 good
0.30 4.00 102.63 bad
0.10 8.00 313.76 bad
0.08 6.00 502.72 good
0.19 6.00 101.09 good
0.02 10.00 1797.82 good
0.06 8.00 76.64 good
0.06 8.00 319.05 good
0.07 8.00 209.65 good
0.13 6.00 73.99 bad
0.41 4.00 58.14 good
0.14 6.00 212.10 good
0.13 6.00 194.01 bad
0.12 8.00 176.74 good
0.09 8.00 234.30 bad
0.24 4.00 63.17 bad
0.05 8.00 478.73 good
0.07 8.00 304.97 good
0.05 8.00 364.52 good
0.21 6.00 86.23 bad
0.25 6.00 97.95 bad
0.10 6.00 909.70 bad
0.22 4.00 40.59 good
0.07 8.00 105.22 bad
0.22 6.00 105.28 good