BookScore FiveStarRate Mode Class
92
0 1 3 5 7 8 9 10 11 12 16 18 20 21 24 25 26 27 30 31 32 33 35 37 41 42 43 44 45 47 51 52 53 54 55 56 58 59 62 64 66 67 68 70 72 73 74 76 78 79 81 85 86 90 93 95 96 98 99 101 103 105 108 110 111 114 115 116 117 118 119 120 121 122 123 124 125 126 127 129 131 134 135 137 138 139 140 141 142 143 145 149
6.4 0.15 8.00 good
7.2 0.25 8.00 good
6.4 0.18 8.00 bad
5.6 0.12 6.00 good
5.8 0.11 6.00 bad
6.5 0.21 6.00 bad
5.4 0.02 8.00 bad
5.8 0.09 8.00 bad
6.9 0.16 6.00 bad
6.0 0.20 6.00 bad
5.7 0.14 6.00 good
6.5 0.28 10.00 bad
5.3 0.13 2.00 good
4.6 0.04 4.00 bad
5.5 0.11 6.00 bad
4.8 0.20 2.00 bad
6.5 0.19 6.00 bad
4.5 0.05 2.00 good
5.4 0.11 6.00 bad
5.8 0.09 6.00 good
6.8 0.13 8.00 bad
6.1 0.15 6.00 good
5.5 0.21 2.00 good
7.8 0.28 8.00 bad
6.7 0.17 6.00 good
5.4 0.11 2.00 bad
5.1 0.14 2.00 good
5.4 0.23 2.00 good
5.8 0.10 6.00 bad
5.3 0.08 4.00 bad
5.9 0.07 6.00 bad
7.9 0.42 10.00 bad
4.0 0.10 2.00 bad
7.0 0.29 6.00 good
5.6 0.06 6.00 bad
5.3 0.13 6.00 good
7.5 0.37 10.00 good
6.5 0.25 10.00 good
5.3 0.00 4.00 bad
4.4 0.02 2.00 bad
5.9 0.10 6.00 bad
7.6 0.42 10.00 good
6.8 0.22 8.00 bad
5.9 0.20 2.00 bad
7.3 0.35 10.00 good
6.8 0.17 8.00 bad
6.1 0.04 6.00 bad
6.8 0.24 8.00 good
6.2 0.16 6.00 bad
5.2 0.10 2.00 bad
5.8 0.13 6.00 bad
5.2 0.10 2.00 good
7.0 0.26 6.00 bad
4.0 0.07 2.00 bad
6.9 0.21 8.00 bad
5.5 0.15 6.00 bad
6.7 0.17 8.00 good
7.3 0.29 8.00 good
6.5 0.17 6.00 bad
7.1 0.27 10.00 bad
6.6 0.11 6.00 bad
7.4 0.31 8.00 good
8.7 0.63 10.00 good
5.8 0.10 6.00 bad
5.8 0.12 8.00 good
8.5 0.60 10.00 bad
5.5 0.07 6.00 bad
6.0 0.17 6.00 good
5.5 0.09 6.00 bad
6.5 0.11 6.00 bad
7.3 0.29 8.00 good
5.6 0.11 8.00 good
4.5 0.02 6.00 bad
7.0 0.25 8.00 bad
7.0 0.20 6.00 good
5.6 0.11 6.00 good
8.9 0.67 10.00 good
6.4 0.30 10.00 good
7.4 0.36 10.00 good
7.3 0.37 10.00 good
4.4 0.06 4.00 good
6.5 0.18 8.00 good
7.0 0.26 8.00 bad
7.8 0.38 10.00 good
5.7 0.18 2.00 bad
7.0 0.22 8.00 good
6.4 0.05 8.00 bad
6.9 0.15 8.00 bad
7.8 0.46 10.00 good
5.5 0.10 8.00 bad
6.7 0.08 6.00 bad
6.0 0.15 8.00 good