TwoStarRate ThreeStarRate Mode Class
100
1 2 4 6 7 8 9 11 12 13 15 16 17 18 19 21 22 23 24 26 27 28 29 30 31 32 34 36 37 39 43 44 45 47 49 50 51 53 54 55 56 57 58 60 62 63 64 65 66 68 69 71 74 75 78 79 81 84 85 88 91 93 94 95 96 98 99 101 102 105 106 107 108 110 111 112 113 114 115 116 118 119 120 121 125 126 127 128 129 131 133 135 136 142 146 147 148 149 150 153
0.08 0.23 8.00 good
0.10 0.40 6.00 bad
0.09 0.33 6.00 bad
0.14 0.21 2.00 good
0.15 0.48 6.00 bad
0.16 0.30 6.00 bad
0.18 0.26 8.00 bad
0.04 0.40 6.00 bad
0.08 0.44 6.00 bad
0.24 0.39 6.00 bad
0.13 0.27 6.00 bad
0.22 0.23 6.00 good
0.22 0.20 8.00 bad
0.17 0.28 10.00 bad
0.18 0.22 10.00 bad
0.37 0.16 4.00 bad
0.15 0.40 6.00 bad
0.31 0.28 4.00 good
0.21 0.36 6.00 bad
0.09 0.43 6.00 bad
0.17 0.21 2.00 good
0.11 0.25 8.00 bad
0.10 0.22 10.00 good
0.18 0.32 6.00 bad
0.30 0.33 6.00 good
0.09 0.31 8.00 bad
0.30 0.39 6.00 bad
0.10 0.23 8.00 bad
0.03 0.20 8.00 bad
0.26 0.16 2.00 bad
0.13 0.24 2.00 good
0.07 0.11 2.00 good
0.20 0.30 6.00 bad
0.28 0.20 4.00 bad
0.10 0.39 6.00 bad
0.28 0.32 6.00 good
0.30 0.37 6.00 bad
0.33 0.14 2.00 bad
0.05 0.33 6.00 good
0.28 0.33 6.00 bad
0.20 0.32 6.00 good
0.07 0.21 8.00 bad
0.05 0.14 10.00 good
0.21 0.18 10.00 bad
0.50 0.08 4.00 bad
0.07 0.12 2.00 good
0.27 0.21 2.00 bad
0.28 0.31 6.00 bad
0.14 0.43 6.00 bad
0.11 0.25 8.00 bad
0.05 0.26 8.00 bad
0.12 0.25 8.00 bad
0.22 0.36 6.00 bad
0.10 0.40 6.00 good
0.10 0.33 6.00 bad
0.19 0.26 2.00 bad
0.08 0.54 6.00 bad
0.14 0.33 6.00 bad
0.19 0.15 2.00 good
0.10 0.18 10.00 good
0.08 0.16 10.00 good
0.08 0.26 8.00 bad
0.11 0.23 8.00 good
0.23 0.46 6.00 bad
0.11 0.28 8.00 good
0.08 0.22 8.00 good
0.12 0.34 6.00 bad
0.10 0.26 10.00 bad
0.14 0.26 2.00 good
0.08 0.19 8.00 good
0.14 0.27 6.00 good
0.12 0.15 10.00 bad
0.02 0.10 10.00 good
0.21 0.28 6.00 bad
0.16 0.26 8.00 good
0.20 0.30 6.00 bad
0.13 0.36 6.00 bad
0.02 0.09 10.00 bad
0.19 0.35 6.00 bad
0.12 0.42 6.00 good
0.11 0.39 6.00 bad
0.06 0.20 8.00 good
0.18 0.20 8.00 good
0.30 0.32 6.00 bad
0.02 0.08 10.00 good
0.06 0.16 10.00 good
0.06 0.22 10.00 good
0.08 0.13 10.00 good
0.07 0.16 10.00 good
0.41 0.13 4.00 good
0.13 0.33 8.00 bad
0.09 0.24 8.00 bad
0.24 0.32 6.00 bad
0.05 0.15 10.00 good
0.09 0.27 8.00 good
0.22 0.19 2.00 good
0.03 0.04 2.00 bad
0.18 0.23 8.00 good
0.15 0.35 6.00 bad
0.22 0.25 6.00 good