ThreeStarRate FiveStarRate Mode Class
97
0 1 4 5 10 11 17 18 20 25 26 28 30 31 33 35 36 37 39 40 41 42 43 45 46 49 51 52 53 56 57 58 59 60 61 63 64 65 66 67 68 69 70 72 73 74 75 76 77 78 79 81 83 84 85 87 88 90 92 94 96 97 98 99 100 101 103 105 107 108 110 111 112 115 118 119 120 121 122 123 124 125 126 128 132 136 137 139 140 144 146 147 148 149 150 151 152
0.28 0.15 8.00 good
0.23 0.25 8.00 good
0.33 0.10 6.00 bad
0.26 0.12 6.00 good
0.23 0.09 8.00 bad
0.40 0.16 6.00 bad
0.20 0.12 8.00 bad
0.28 0.28 10.00 bad
0.15 0.13 2.00 good
0.20 0.20 2.00 bad
0.43 0.19 6.00 bad
0.25 0.27 8.00 bad
0.32 0.11 6.00 bad
0.33 0.09 6.00 good
0.29 0.15 6.00 good
0.18 0.21 2.00 good
0.23 0.19 8.00 bad
0.20 0.28 8.00 bad
0.16 0.00 2.00 bad
0.24 0.19 8.00 good
0.34 0.17 6.00 good
0.26 0.11 2.00 bad
0.24 0.14 2.00 good
0.30 0.10 6.00 bad
0.19 0.27 8.00 good
0.39 0.10 6.00 bad
0.37 0.07 6.00 bad
0.15 0.42 10.00 bad
0.14 0.10 2.00 bad
0.32 0.13 6.00 good
0.21 0.18 8.00 bad
0.14 0.37 10.00 good
0.21 0.25 10.00 good
0.18 0.23 10.00 bad
0.25 0.21 8.00 good
0.12 0.30 2.00 good
0.21 0.02 2.00 bad
0.31 0.07 6.00 bad
0.43 0.10 6.00 bad
0.16 0.42 10.00 good
0.25 0.22 8.00 bad
0.26 0.21 8.00 bad
0.04 0.20 2.00 bad
0.26 0.35 10.00 good
0.22 0.17 8.00 bad
0.36 0.04 6.00 bad
0.40 0.10 6.00 good
0.15 0.24 8.00 good
0.22 0.37 10.00 bad
0.33 0.16 6.00 bad
0.26 0.10 2.00 bad
0.54 0.13 6.00 bad
0.28 0.22 6.00 bad
0.33 0.14 6.00 bad
0.15 0.10 2.00 good
0.23 0.27 10.00 bad
0.18 0.30 10.00 good
0.20 0.07 2.00 bad
0.16 0.42 10.00 good
0.23 0.23 8.00 good
0.28 0.17 8.00 good
0.26 0.13 8.00 good
0.22 0.29 8.00 good
0.34 0.17 6.00 bad
0.34 0.25 6.00 bad
0.26 0.27 10.00 bad
0.50 0.11 6.00 bad
0.19 0.31 8.00 good
0.15 0.31 10.00 bad
0.10 0.63 10.00 good
0.28 0.10 6.00 bad
0.26 0.12 8.00 good
0.30 0.11 6.00 bad
0.35 0.07 6.00 bad
0.39 0.11 6.00 bad
0.20 0.29 8.00 good
0.20 0.11 8.00 good
0.32 0.02 6.00 bad
0.28 0.25 8.00 bad
0.37 0.20 6.00 good
0.29 0.11 6.00 good
0.08 0.67 10.00 good
0.16 0.30 10.00 good
0.13 0.31 10.00 good
0.25 0.13 8.00 good
0.32 0.09 6.00 bad
0.15 0.38 10.00 good
0.24 0.22 8.00 good
0.07 0.05 8.00 bad
0.27 0.09 6.00 bad
0.27 0.19 8.00 good
0.19 0.02 2.00 good
0.04 0.08 2.00 bad
0.23 0.15 8.00 good
0.35 0.15 6.00 bad
0.16 0.37 10.00 bad
0.28 0.09 2.00 good