BookScore FourStarRate FiveStarRate Class
98
0 2 5 6 7 9 11 12 13 15 16 17 18 19 20 21 23 24 25 27 28 34 37 38 40 41 42 45 48 49 50 51 53 54 55 56 57 58 59 60 62 63 64 65 66 67 68 71 72 73 74 75 77 79 80 81 83 84 86 88 90 91 93 94 96 101 102 103 104 107 108 112 113 114 117 118 120 124 126 129 130 131 132 133 134 135 138 139 140 141 142 143 144 147 148 150 151 152
6.4 0.30 0.15 good
6.4 0.24 0.15 bad
5.6 0.21 0.12 good
6.0 0.18 0.23 good
5.8 0.11 0.11 bad
5.4 0.30 0.02 bad
6.9 0.32 0.16 bad
6.0 0.08 0.20 bad
5.5 0.13 0.09 bad
6.6 0.25 0.23 bad
5.7 0.20 0.14 good
5.6 0.23 0.12 bad
6.5 0.14 0.28 bad
6.7 0.22 0.28 bad
5.3 0.20 0.13 good
4.6 0.14 0.04 bad
4.7 0.08 0.06 good
5.5 0.13 0.11 bad
4.8 0.00 0.20 bad
4.5 0.15 0.05 good
7.2 0.31 0.27 bad
5.1 0.13 0.03 bad
7.8 0.44 0.28 bad
5.9 0.17 0.13 bad
6.7 0.33 0.19 good
6.7 0.29 0.17 good
5.4 0.20 0.11 bad
5.8 0.23 0.10 bad
6.8 0.33 0.17 bad
5.9 0.23 0.10 bad
5.3 0.14 0.07 good
5.9 0.21 0.07 bad
4.0 0.00 0.10 bad
7.0 0.21 0.29 good
5.6 0.20 0.06 bad
5.3 0.10 0.13 good
6.2 0.29 0.18 bad
7.5 0.30 0.37 good
6.5 0.21 0.25 good
6.2 0.20 0.23 bad
5.3 0.34 0.00 bad
6.2 0.20 0.30 good
4.4 0.14 0.02 bad
4.8 0.07 0.07 bad
5.9 0.19 0.10 bad
7.6 0.25 0.42 good
6.8 0.30 0.22 bad
6.1 0.25 0.17 bad
7.3 0.20 0.35 good
6.8 0.39 0.17 bad
6.1 0.31 0.04 bad
6.4 0.30 0.10 good
7.6 0.27 0.37 bad
5.2 0.17 0.10 bad
8.3 0.19 0.58 bad
5.8 0.08 0.13 bad
6.6 0.22 0.22 bad
5.9 0.19 0.14 bad
7.0 0.27 0.26 bad
6.7 0.23 0.30 good
4.0 0.07 0.07 bad
7.2 0.28 0.34 good
6.9 0.34 0.21 bad
7.0 0.33 0.23 good
6.7 0.33 0.17 good
7.1 0.27 0.27 bad
5.3 0.21 0.08 good
6.6 0.26 0.11 bad
4.9 0.04 0.09 bad
6.4 0.17 0.31 bad
8.7 0.20 0.63 good
5.4 0.15 0.11 bad
6.1 0.21 0.14 bad
8.5 0.23 0.60 bad
5.5 0.14 0.09 bad
6.5 0.30 0.11 bad
5.6 0.25 0.11 good
5.6 0.20 0.11 good
6.4 0.21 0.30 good
7.3 0.26 0.37 good
5.7 0.16 0.17 bad
4.4 0.11 0.06 good
6.4 0.35 0.13 good
5.9 0.33 0.04 bad
6.5 0.34 0.18 good
7.0 0.29 0.26 bad
5.7 0.19 0.18 bad
7.0 0.36 0.22 good
6.4 0.54 0.05 bad
6.9 0.49 0.15 bad
7.8 0.24 0.46 good
5.5 0.24 0.10 bad
5.4 0.18 0.09 bad
3.9 0.09 0.02 good
3.3 0.06 0.08 bad
6.1 0.20 0.15 bad
6.8 0.19 0.37 bad
5.1 0.14 0.09 good