AddListCount TwoStarRate Median Class
101
0 2 3 4 6 8 9 10 12 13 14 15 16 17 18 19 20 21 22 23 24 25 26 27 28 29 31 32 33 34 37 38 39 42 43 44 46 47 48 53 54 55 56 59 61 62 63 64 66 68 70 71 74 76 77 78 81 82 84 85 87 88 89 90 91 92 93 95 97 98 99 100 104 105 109 111 112 113 114 115 118 120 121 123 124 127 129 131 132 135 136 140 141 143 144 145 146 147 148 149 150
214 0.15 6.00 good
12 0.10 6.00 bad
38 0.12 6.00 bad
22 0.09 6.00 bad
42 0.14 6.00 good
53 0.16 6.00 bad
14 0.18 6.00 bad
25 0.26 6.00 bad
12 0.08 6.00 bad
9 0.24 6.00 bad
136 0.14 6.00 good
204 0.13 6.00 bad
25 0.22 6.00 good
10 0.22 6.00 bad
7 0.17 6.00 bad
70 0.18 6.00 bad
17 0.20 4.00 good
12 0.37 4.00 bad
61 0.15 6.00 bad
32 0.31 4.00 good
23 0.21 6.00 bad
2 0.20 4.00 bad
32 0.09 6.00 bad
31 0.17 4.00 good
73 0.11 8.00 bad
68 0.10 8.00 good
6 0.30 6.00 good
111 0.09 8.00 bad
49 0.20 6.00 good
24 0.30 6.00 bad
106 0.03 8.00 bad
19 0.35 6.00 bad
1 0.26 2.00 bad
215 0.17 6.00 bad
18 0.13 6.00 good
242 0.07 4.00 good
28 0.07 8.00 good
20 0.28 4.00 bad
371 0.09 6.00 bad
1 0.33 4.00 bad
9 0.05 6.00 good
11 0.28 6.00 bad
13 0.20 6.00 good
138 0.21 6.00 good
33 0.08 8.00 good
3 0.50 4.00 bad
21 0.07 6.00 good
10 0.27 4.00 bad
2 0.14 6.00 bad
45 0.11 8.00 bad
2 0.10 8.00 bad
119 0.12 6.00 bad
16 0.22 6.00 bad
110 0.07 8.00 good
183 0.07 8.00 bad
57 0.10 6.00 bad
4 0.08 6.00 bad
3 0.41 4.00 bad
3 0.14 6.00 bad
55 0.19 4.00 good
65 0.09 6.00 bad
321 0.10 8.00 good
49 0.17 6.00 bad
4 0.13 2.00 bad
218 0.08 8.00 good
141 0.04 8.00 good
121 0.08 8.00 bad
4 0.23 6.00 bad
7 0.03 8.00 good
558 0.08 8.00 good
253 0.12 6.00 bad
8 0.02 8.00 bad
5 0.31 4.00 bad
98 0.08 8.00 good
34 0.14 6.00 bad
53 0.16 6.00 good
63 0.20 6.00 bad
25 0.13 6.00 bad
218 0.02 10.00 bad
76 0.19 6.00 bad
112 0.11 6.00 bad
15 0.18 6.00 good
14 0.30 4.00 bad
32 0.08 6.00 good
57 0.19 6.00 good
146 0.06 8.00 good
510 0.07 8.00 good
5 0.41 4.00 good
131 0.14 6.00 good
293 0.09 8.00 bad
9 0.24 4.00 bad
7 0.30 8.00 bad
19 0.03 8.00 bad
42 0.21 6.00 bad
103 0.25 6.00 bad
28 0.10 6.00 bad
710 0.09 8.00 good
26 0.22 4.00 good
54 0.03 2.00 bad
178 0.18 6.00 good
5 0.15 6.00 bad