TwoStarRate FiveStarRate Kurtosis Class
101
0 2 3 4 5 6 7 8 10 11 12 14 16 17 20 21 23 24 26 27 28 29 30 35 37 39 40 41 42 43 47 49 50 51 54 55 56 57 58 59 60 61 65 66 70 72 73 74 76 77 78 81 82 84 86 88 89 90 91 92 93 94 95 96 97 98 100 105 106 110 112 113 114 116 118 120 121 122 123 124 125 126 128 131 132 134 135 137 138 139 140 141 142 143 144 145 146 147 148 149 150
0.15 0.15 200.91 good
0.10 0.15 267.71 bad
0.12 0.18 155.27 bad
0.09 0.10 113.07 bad
0.20 0.12 93.52 good
0.14 0.23 75.15 good
0.15 0.11 181.37 bad
0.16 0.21 196.73 bad
0.26 0.09 143.84 bad
0.04 0.16 491.68 bad
0.08 0.20 114.51 bad
0.14 0.20 68.44 good
0.22 0.14 87.54 good
0.22 0.12 80.31 bad
0.20 0.13 48.29 good
0.37 0.04 66.70 bad
0.31 0.06 78.49 good
0.21 0.11 114.10 bad
0.09 0.19 249.04 bad
0.17 0.05 40.03 good
0.11 0.27 418.19 bad
0.10 0.36 194.89 good
0.18 0.11 80.73 bad
0.12 0.21 41.11 good
0.03 0.28 948.64 bad
0.26 0.00 53.89 bad
0.12 0.19 227.23 good
0.14 0.17 389.04 good
0.17 0.11 74.29 bad
0.13 0.14 44.83 good
0.28 0.08 85.63 bad
0.10 0.10 155.38 bad
0.28 0.07 119.73 good
0.30 0.07 339.26 bad
0.05 0.29 245.77 good
0.28 0.06 182.02 bad
0.20 0.13 74.03 good
0.07 0.18 94.54 bad
0.05 0.37 256.16 good
0.21 0.25 148.52 good
0.21 0.23 95.85 bad
0.08 0.21 1104.85 good
0.28 0.07 77.07 bad
0.14 0.10 204.65 bad
0.10 0.20 49.13 bad
0.08 0.35 259.41 good
0.11 0.17 278.58 bad
0.22 0.04 393.48 bad
0.07 0.24 159.36 good
0.07 0.37 440.27 bad
0.10 0.16 147.32 bad
0.08 0.13 173.53 bad
0.41 0.22 87.78 bad
0.14 0.14 116.65 bad
0.03 0.26 249.84 bad
0.10 0.30 118.81 good
0.17 0.17 208.64 bad
0.13 0.07 25.57 bad
0.08 0.34 191.97 good
0.04 0.42 444.03 good
0.08 0.21 288.02 bad
0.11 0.23 299.63 good
0.23 0.15 128.84 bad
0.11 0.17 282.28 good
0.03 0.13 198.40 good
0.08 0.29 391.57 good
0.02 0.25 297.05 bad
0.08 0.31 385.10 good
0.14 0.16 114.14 good
0.21 0.10 131.59 bad
0.20 0.11 84.03 bad
0.13 0.14 164.81 bad
0.02 0.60 875.52 bad
0.12 0.17 138.45 good
0.11 0.11 387.39 bad
0.18 0.11 75.21 good
0.30 0.02 102.63 bad
0.10 0.25 313.76 bad
0.08 0.20 502.72 good
0.19 0.11 101.09 good
0.02 0.67 1797.82 good
0.06 0.30 76.64 good
0.08 0.31 82.37 good
0.41 0.06 58.14 good
0.14 0.13 212.10 good
0.12 0.18 176.74 good
0.09 0.26 234.30 bad
0.05 0.38 478.73 good
0.10 0.18 56.35 bad
0.07 0.22 304.97 good
0.30 0.05 361.68 bad
0.03 0.15 311.51 bad
0.05 0.46 364.52 good
0.21 0.10 86.23 bad
0.25 0.09 97.95 bad
0.10 0.08 909.70 bad
0.09 0.19 402.15 good
0.22 0.02 40.59 good
0.03 0.08 9.99 bad
0.18 0.15 113.50 good
0.15 0.15 158.29 bad