BookScoreCount AddListCount DispersionCoefficient Class
97
0 1 2 3 4 5 6 8 10 12 13 14 15 16 20 23 24 27 28 29 30 32 33 34 35 36 38 41 42 43 45 47 48 49 51 53 54 55 59 60 65 67 70 71 73 74 75 80 81 82 84 85 87 89 90 91 92 93 94 95 97 98 103 106 108 109 110 112 113 114 115 117 118 119 120 121 122 123 124 125 130 132 133 134 136 137 138 139 142 143 144 146 147 148 150 151 153
568 214 0.38 good
967 492 0.32 good
47 12 0.36 bad
129 38 0.41 good
78 22 0.44 bad
439 122 0.46 good
187 42 0.49 good
177 53 0.39 bad
78 25 0.42 bad
25 12 0.44 bad
48 9 0.41 bad
454 136 0.50 good
658 204 0.39 bad
119 25 0.47 good
112 17 0.55 good
116 32 0.48 good
70 23 0.44 bad
150 31 0.57 good
263 73 0.32 bad
290 68 0.39 good
29 9 0.48 bad
292 111 0.32 bad
192 49 0.40 good
97 24 0.39 bad
1909 254 0.57 good
223 63 0.38 good
63 19 0.40 bad
670 289 0.33 good
686 215 0.49 bad
81 18 0.56 good
299 93 0.42 bad
79 20 0.47 bad
1248 371 0.33 bad
72 13 0.41 bad
133 42 0.34 good
22 1 0.60 bad
43 9 0.37 good
55 11 0.39 bad
484 138 0.42 good
108 19 0.46 bad
82 22 0.48 bad
90 17 0.36 good
51 2 0.55 bad
248 119 0.45 bad
19 8 0.36 good
46 16 0.32 bad
21 8 0.34 good
714 193 0.30 bad
25 4 0.40 bad
31 3 0.47 bad
21 3 0.44 good
356 55 0.54 good
182 65 0.46 bad
145 49 0.38 bad
16 4 0.63 bad
654 218 0.39 good
527 141 0.32 good
396 121 0.35 bad
218 57 0.35 good
13 4 0.43 good
39 7 0.39 good
2113 558 0.33 good
29 6 0.29 bad
349 102 0.44 good
5393 1586 0.25 good
88 34 0.40 bad
112 31 0.43 bad
201 63 0.48 bad
136 25 0.40 bad
1114 218 0.27 bad
282 76 0.43 bad
34 5 0.42 bad
274 112 0.33 bad
1575 274 0.35 good
45 15 0.49 good
59 14 0.45 bad
385 126 0.35 bad
93 32 0.31 good
320 57 0.45 good
768 149 0.22 good
82 11 0.49 bad
614 131 0.38 good
23 1 0.39 bad
795 168 0.40 good
68 9 0.51 bad
1641 303 0.31 good
328 53 0.53 bad
1100 206 0.35 good
2366 365 0.33 good
153 42 0.47 bad
364 103 0.46 bad
2356 710 0.32 good
208 26 0.56 good
1080 54 0.80 bad
21 5 0.41 bad
638 125 0.45 bad
209 50 0.45 good