BookWordCount BookScore BookScoreCount AddListCount Mode Median StandardDeviation Quartile DispersionCoefficient Kurtosis Class
96
0.97 6.4 568 214 8.00 6.00 2.48 4.00 0.38 200.91 good
0.98 7.2 967 492 8.00 8.00 2.35 4.00 0.32 406.22 good
0.89 6.4 47 12 6.00 6.00 2.31 2.00 0.36 267.71 bad
0.90 6.4 129 38 8.00 6.00 2.62 4.00 0.41 155.27 good
0.96 5.8 78 22 6.00 6.00 2.57 4.00 0.44 113.07 bad
0.97 5.6 439 122 6.00 6.00 2.63 4.00 0.46 93.52 good
0.87 5.8 27 8 6.00 6.00 2.27 2.00 0.39 181.37 bad
0.96 6.5 177 53 6.00 6.00 2.52 4.00 0.39 196.73 bad
0.65 6.9 51 15 6.00 6.00 2.12 2.00 0.31 491.68 bad
0.77 6.0 25 12 6.00 6.00 2.65 4.00 0.44 114.51 bad
0.82 5.5 48 9 6.00 6.00 2.26 2.00 0.41 156.17 bad
0.96 5.7 119 25 6.00 6.00 2.68 4.00 0.47 87.54 good
0.96 6.7 250 70 10.00 6.00 2.70 6.00 0.40 181.41 bad
0.93 6.5 159 61 6.00 6.00 2.01 2.00 0.31 468.11 bad
0.96 4.7 116 32 4.00 4.00 2.25 4.00 0.48 78.49 good
0.93 5.5 70 23 6.00 6.00 2.44 2.00 0.44 114.10 bad
0.86 4.8 11 2 2.00 4.00 2.99 4.00 0.62 28.01 bad
0.92 6.5 100 32 6.00 6.00 2.37 2.00 0.37 249.04 bad
0.96 4.5 150 31 2.00 4.00 2.55 4.00 0.57 40.03 good
0.97 5.4 29 9 6.00 6.00 2.57 6.00 0.48 80.73 bad
0.90 6.8 292 111 8.00 8.00 2.21 2.00 0.32 404.81 bad
0.97 6.1 192 49 6.00 6.00 2.49 4.00 0.40 163.05 good
0.99 5.5 1909 254 2.00 6.00 3.12 6.00 0.57 41.11 good
0.94 6.7 223 63 8.00 8.00 2.56 2.00 0.38 203.97 good
0.78 3.5 20 1 2.00 2.00 1.81 2.00 0.52 53.89 bad
0.97 6.7 495 172 8.00 8.00 2.50 2.00 0.37 227.23 good
0.93 5.1 81 18 2.00 6.00 2.89 6.00 0.56 44.83 good
0.98 5.4 1885 242 2.00 4.00 3.33 6.00 0.62 29.34 good
0.90 5.3 29 7 6.00 6.00 2.27 2.00 0.44 119.73 good
0.94 5.9 133 42 6.00 6.00 1.99 4.00 0.34 339.26 good
0.93 7.9 1780 446 10.00 8.00 2.48 4.00 0.32 453.60 bad
0.90 4.0 22 1 2.00 4.00 2.42 2.00 0.60 31.11 bad
0.64 7.0 43 9 6.00 6.00 2.57 4.00 0.37 245.77 good
0.87 5.3 80 13 6.00 6.00 2.61 4.00 0.49 74.03 good
0.98 6.2 2109 551 8.00 6.00 2.85 4.00 0.46 94.54 bad
0.96 6.5 484 138 10.00 6.00 2.71 6.00 0.42 148.52 good
0.89 6.2 108 19 10.00 6.00 2.86 4.00 0.46 95.85 bad
0.72 7.5 86 33 8.00 8.00 1.89 2.00 0.25 1104.85 good
0.95 6.2 91 21 2.00 6.00 3.31 8.00 0.53 55.29 good
0.91 4.4 45 10 2.00 4.00 2.26 4.00 0.52 59.06 bad
0.93 4.8 82 22 6.00 4.00 2.31 4.00 0.48 77.07 bad
0.71 7.6 90 17 10.00 8.00 2.72 4.00 0.36 278.88 good
0.94 6.8 153 45 8.00 8.00 2.54 2.00 0.38 223.96 bad
0.91 5.9 51 2 2.00 8.00 3.21 6.00 0.55 49.13 bad
0.95 6.1 248 119 8.00 6.00 2.75 4.00 0.45 106.33 bad
0.99 7.3 956 180 10.00 8.00 2.60 4.00 0.36 259.41 good
0.89 6.8 429 110 8.00 8.00 2.79 4.00 0.41 159.36 good
1.00 7.6 745 183 10.00 8.00 2.42 4.00 0.32 440.27 good
0.93 6.2 217 57 6.00 6.00 2.60 4.00 0.42 147.32 bad
0.87 6.6 104 22 6.00 6.00 2.56 4.00 0.39 188.48 bad
0.94 5.2 356 55 2.00 4.00 2.82 6.00 0.54 51.21 good
0.95 6.4 182 65 10.00 6.00 2.97 6.00 0.46 95.46 bad
0.98 6.7 1636 321 10.00 8.00 2.94 6.00 0.44 118.81 good
0.96 7.2 654 218 10.00 8.00 2.82 4.00 0.39 191.97 good
0.94 6.9 396 121 8.00 8.00 2.44 2.00 0.35 288.02 bad
0.95 5.5 13 4 6.00 6.00 2.35 2.00 0.43 128.84 good
0.85 6.7 188 100 8.00 8.00 2.36 2.00 0.35 282.28 good
0.78 6.5 39 7 8.00 8.00 2.53 2.00 0.39 198.40 good
0.97 7.3 2113 558 8.00 8.00 2.40 4.00 0.33 391.57 good
0.97 6.5 942 253 6.00 6.00 2.39 2.00 0.37 243.27 bad
0.98 7.1 219 65 10.00 8.00 2.47 4.00 0.35 286.97 bad
0.93 5.3 225 39 2.00 6.00 2.63 6.00 0.51 65.28 good
0.97 4.9 25 5 6.00 4.00 2.29 2.00 0.46 92.39 bad
0.97 7.4 339 98 8.00 8.00 2.42 4.00 0.33 385.10 good
0.92 6.0 349 102 6.00 6.00 2.70 4.00 0.44 114.14 good
0.98 6.4 1184 188 10.00 6.00 3.13 6.00 0.50 72.91 bad
0.95 6.0 88 34 6.00 6.00 2.38 4.00 0.40 170.95 bad
0.96 5.8 112 31 6.00 6.00 2.46 4.00 0.43 131.59 bad
0.95 5.4 201 63 6.00 6.00 2.55 4.00 0.48 84.03 bad
0.98 6.1 136 25 6.00 6.00 2.45 4.00 0.40 164.81 bad
0.96 6.0 19 7 6.00 6.00 2.53 4.00 0.42 138.45 good
0.91 5.5 34 5 6.00 6.00 2.37 2.00 0.42 132.92 bad
0.99 7.3 1575 274 8.00 8.00 2.52 4.00 0.35 297.36 good
0.96 4.5 59 14 6.00 4.00 2.03 4.00 0.45 102.63 bad
0.93 7.0 385 126 8.00 8.00 2.44 4.00 0.35 313.76 bad
0.97 7.0 93 32 6.00 6.00 2.17 2.00 0.31 502.72 good
0.98 5.6 320 57 6.00 6.00 2.56 4.00 0.45 101.09 good
0.92 8.9 768 149 10.00 10.00 2.01 2.00 0.22 1797.82 good
0.85 7.4 387 146 10.00 8.00 2.56 4.00 0.34 319.05 good
0.98 6.5 607 108 10.00 8.00 3.15 8.00 0.48 82.37 good
0.98 7.3 2063 510 10.00 8.00 2.79 4.00 0.38 209.65 good
0.89 5.7 82 11 6.00 6.00 2.80 6.00 0.49 73.99 bad
0.97 4.4 31 5 4.00 4.00 2.33 4.00 0.52 58.14 good
0.96 5.9 23 1 8.00 6.00 2.28 4.00 0.39 194.01 bad
0.97 6.5 795 168 8.00 8.00 2.61 4.00 0.40 176.74 good
0.93 4.8 68 9 6.00 4.00 2.43 4.00 0.51 63.17 bad
0.99 7.8 1641 303 10.00 8.00 2.40 4.00 0.31 478.73 good
0.96 7.0 1100 206 8.00 8.00 2.44 2.00 0.35 304.97 good
0.88 6.4 21 7 8.00 8.00 2.18 4.00 0.33 361.68 bad
0.80 6.9 83 19 8.00 8.00 2.41 2.00 0.35 311.51 bad
0.97 5.5 153 42 8.00 6.00 2.62 4.00 0.47 86.23 bad
0.98 5.4 364 103 6.00 6.00 2.45 4.00 0.46 97.95 bad
0.92 6.7 61 28 6.00 6.00 1.74 2.00 0.26 909.70 bad
0.99 7.0 2356 710 8.00 8.00 2.27 2.00 0.32 402.15 good
0.97 5.1 45 12 2.00 6.00 2.58 4.00 0.51 62.68 good
0.93 5.7 209 50 6.00 6.00 2.58 4.00 0.45 105.28 good