FiveStarRate Median Quartile Class
99
0 1 4 5 6 7 9 10 11 14 17 18 22 23 24 26 27 28 31 32 35 36 37 38 40 41 42 43 44 45 46 49 50 51 56 58 59 60 61 62 63 64 65 66 68 69 71 74 75 80 81 83 84 85 86 87 88 89 90 91 92 93 94 96 100 103 104 106 107 108 109 110 111 112 113 117 118 120 121 122 124 125 126 127 129 131 132 133 134 136 139 140 141 142 143 147 148 151 153
0.15 6.00 4.00 good
0.25 8.00 4.00 good
0.10 6.00 4.00 bad
0.12 6.00 4.00 good
0.23 6.00 4.00 good
0.11 6.00 2.00 bad
0.02 6.00 4.00 bad
0.09 6.00 4.00 bad
0.16 6.00 2.00 bad
0.20 6.00 6.00 good
0.12 6.00 4.00 bad
0.28 6.00 6.00 bad
0.11 6.00 2.00 bad
0.06 4.00 4.00 good
0.11 6.00 2.00 bad
0.19 6.00 2.00 bad
0.05 4.00 4.00 good
0.27 8.00 4.00 bad
0.09 6.00 4.00 good
0.13 8.00 2.00 bad
0.21 6.00 6.00 good
0.19 8.00 2.00 bad
0.28 8.00 4.00 bad
0.13 6.00 4.00 bad
0.19 8.00 2.00 good
0.17 6.00 2.00 good
0.11 6.00 6.00 bad
0.14 6.00 6.00 good
0.23 4.00 6.00 good
0.10 6.00 4.00 bad
0.27 8.00 4.00 good
0.10 6.00 4.00 bad
0.07 6.00 2.00 good
0.07 6.00 4.00 bad
0.13 6.00 4.00 good
0.37 8.00 4.00 good
0.25 6.00 6.00 good
0.23 6.00 4.00 bad
0.21 8.00 2.00 good
0.00 4.00 4.00 bad
0.30 6.00 8.00 good
0.02 4.00 4.00 bad
0.07 4.00 4.00 bad
0.10 6.00 4.00 bad
0.22 8.00 2.00 bad
0.21 8.00 2.00 bad
0.17 6.00 4.00 bad
0.04 6.00 4.00 bad
0.10 6.00 2.00 good
0.58 10.00 2.00 bad
0.13 6.00 2.00 bad
0.22 6.00 4.00 bad
0.14 6.00 4.00 bad
0.10 4.00 6.00 good
0.26 8.00 4.00 bad
0.27 6.00 6.00 bad
0.30 8.00 6.00 good
0.17 6.00 4.00 bad
0.07 2.00 4.00 bad
0.34 8.00 4.00 good
0.42 8.00 4.00 good
0.21 8.00 2.00 bad
0.23 8.00 2.00 good
0.17 8.00 2.00 good
0.25 8.00 4.00 bad
0.11 6.00 2.00 bad
0.09 4.00 2.00 bad
0.16 6.00 4.00 good
0.31 6.00 6.00 bad
0.63 10.00 2.00 good
0.10 6.00 4.00 bad
0.10 6.00 4.00 bad
0.12 6.00 4.00 good
0.11 6.00 4.00 bad
0.14 6.00 4.00 bad
0.09 6.00 2.00 bad
0.11 6.00 2.00 bad
0.11 6.00 6.00 good
0.02 4.00 4.00 bad
0.25 8.00 4.00 bad
0.11 6.00 4.00 good
0.67 10.00 2.00 good
0.30 8.00 8.00 good
0.36 8.00 4.00 good
0.37 8.00 4.00 good
0.06 4.00 4.00 good
0.13 6.00 4.00 good
0.04 6.00 4.00 bad
0.18 8.00 4.00 good
0.09 4.00 4.00 bad
0.22 8.00 2.00 good
0.05 8.00 4.00 bad
0.15 8.00 2.00 bad
0.46 8.00 4.00 good
0.10 6.00 4.00 bad
0.02 4.00 4.00 good
0.08 2.00 0.00 bad
0.37 8.00 6.00 bad
0.12 6.00 4.00 good