ThreeStarRate Mode Quartile Class
99
0 1 2 3 5 6 7 8 9 10 11 12 15 16 18 20 21 22 24 25 28 30 31 32 35 36 41 42 45 46 48 50 51 54 55 58 60 63 64 67 69 71 72 73 74 75 76 77 79 80 81 83 84 85 86 87 88 90 91 92 93 94 96 99 100 101 103 106 109 110 115 116 119 120 121 122 123 125 126 127 128 132 133 134 135 136 137 139 142 143 145 146 147 148 149 150 151 152 153
0.28 8.00 4.00 good
0.23 8.00 4.00 good
0.40 6.00 2.00 bad
0.27 8.00 4.00 bad
0.26 6.00 4.00 good
0.21 2.00 4.00 good
0.48 6.00 2.00 bad
0.30 6.00 4.00 bad
0.26 8.00 4.00 bad
0.23 8.00 4.00 bad
0.40 6.00 2.00 bad
0.44 6.00 4.00 bad
0.27 6.00 4.00 bad
0.23 6.00 4.00 good
0.28 10.00 6.00 bad
0.15 2.00 6.00 good
0.16 4.00 4.00 bad
0.40 6.00 2.00 bad
0.36 6.00 2.00 bad
0.20 2.00 4.00 bad
0.25 8.00 4.00 bad
0.32 6.00 6.00 bad
0.33 6.00 4.00 good
0.31 8.00 2.00 bad
0.18 2.00 6.00 good
0.23 8.00 2.00 bad
0.34 6.00 2.00 good
0.26 2.00 6.00 bad
0.30 6.00 4.00 bad
0.19 8.00 4.00 good
0.33 8.00 2.00 bad
0.32 6.00 2.00 good
0.37 6.00 4.00 bad
0.33 6.00 4.00 good
0.33 6.00 4.00 bad
0.14 10.00 4.00 good
0.18 10.00 4.00 bad
0.12 2.00 8.00 good
0.21 2.00 4.00 bad
0.16 10.00 4.00 good
0.26 8.00 2.00 bad
0.25 8.00 4.00 bad
0.26 10.00 4.00 good
0.22 8.00 2.00 bad
0.36 6.00 4.00 bad
0.40 6.00 2.00 good
0.15 8.00 4.00 good
0.22 10.00 4.00 bad
0.26 2.00 6.00 bad
0.13 10.00 2.00 bad
0.54 6.00 2.00 bad
0.28 6.00 4.00 bad
0.33 6.00 4.00 bad
0.15 2.00 6.00 good
0.30 6.00 4.00 bad
0.23 10.00 6.00 bad
0.18 10.00 6.00 good
0.20 2.00 4.00 bad
0.16 10.00 4.00 good
0.16 10.00 4.00 good
0.26 8.00 2.00 bad
0.23 8.00 2.00 good
0.28 8.00 2.00 good
0.34 6.00 2.00 bad
0.34 6.00 4.00 bad
0.26 10.00 4.00 bad
0.50 6.00 2.00 bad
0.27 6.00 4.00 good
0.36 6.00 4.00 bad
0.28 6.00 4.00 bad
0.35 6.00 4.00 bad
0.42 6.00 4.00 good
0.20 8.00 4.00 good
0.20 8.00 6.00 good
0.32 6.00 4.00 bad
0.28 8.00 4.00 bad
0.37 6.00 2.00 good
0.08 10.00 2.00 good
0.16 10.00 8.00 good
0.22 10.00 4.00 good
0.13 10.00 8.00 good
0.25 8.00 4.00 good
0.33 8.00 4.00 bad
0.21 8.00 4.00 good
0.24 8.00 4.00 bad
0.32 6.00 4.00 bad
0.15 10.00 4.00 good
0.24 8.00 2.00 good
0.15 10.00 4.00 good
0.22 8.00 4.00 bad
0.45 6.00 2.00 bad
0.27 8.00 2.00 good
0.19 2.00 4.00 good
0.04 2.00 0.00 bad
0.23 8.00 4.00 good
0.35 6.00 4.00 bad
0.16 10.00 6.00 bad
0.28 2.00 4.00 good
0.25 6.00 4.00 good