AddListCount FiveStarRate Median Class
103
0 1 5 7 8 10 11 12 13 16 19 21 22 23 26 27 29 30 31 32 34 36 38 39 40 42 43 44 45 46 49 51 53 54 55 56 57 60 62 63 64 65 69 70 72 74 75 76 80 83 84 85 87 88 89 90 91 92 93 94 96 97 99 101 103 104 105 106 108 109 110 112 113 115 117 118 119 120 121 122 123 124 125 127 128 130 131 132 133 134 137 138 139 140 141 142 144 145 146 148 149 151 153
214 0.15 6.00 good
492 0.25 8.00 good
122 0.12 6.00 good
8 0.11 6.00 bad
53 0.21 6.00 bad
25 0.09 6.00 bad
15 0.16 6.00 bad
12 0.20 6.00 bad
9 0.09 6.00 bad
25 0.14 6.00 good
70 0.28 6.00 bad
12 0.04 4.00 bad
61 0.11 6.00 bad
32 0.06 4.00 good
32 0.19 6.00 bad
31 0.05 4.00 good
68 0.36 8.00 good
9 0.11 6.00 bad
6 0.09 6.00 good
111 0.13 8.00 bad
24 0.03 6.00 bad
63 0.19 8.00 bad
19 0.13 6.00 bad
1 0.00 2.00 bad
172 0.19 8.00 good
215 0.11 6.00 bad
18 0.14 6.00 good
242 0.23 4.00 good
93 0.10 6.00 bad
28 0.27 8.00 good
13 0.10 6.00 bad
42 0.07 6.00 bad
1 0.10 4.00 bad
9 0.29 6.00 good
11 0.06 6.00 bad
13 0.13 6.00 good
551 0.18 6.00 bad
19 0.23 6.00 bad
3 0.00 4.00 bad
21 0.30 6.00 good
10 0.02 4.00 bad
22 0.07 4.00 bad
5 0.21 8.00 bad
2 0.20 8.00 bad
180 0.35 8.00 good
16 0.04 6.00 bad
8 0.10 6.00 good
110 0.24 8.00 good
193 0.58 10.00 bad
22 0.22 6.00 bad
3 0.14 6.00 bad
55 0.10 4.00 good
65 0.27 6.00 bad
321 0.30 8.00 good
49 0.17 6.00 bad
4 0.07 2.00 bad
218 0.34 8.00 good
141 0.42 8.00 good
121 0.21 8.00 bad
57 0.23 8.00 good
100 0.17 8.00 good
7 0.13 8.00 good
253 0.17 6.00 bad
65 0.27 8.00 bad
6 0.11 6.00 bad
5 0.09 4.00 bad
98 0.31 8.00 good
102 0.16 6.00 good
1586 0.63 10.00 good
34 0.10 6.00 bad
31 0.10 6.00 bad
63 0.11 6.00 bad
25 0.14 6.00 bad
76 0.07 6.00 bad
5 0.09 6.00 bad
112 0.11 6.00 bad
274 0.29 8.00 good
15 0.11 6.00 good
14 0.02 4.00 bad
126 0.25 8.00 bad
32 0.20 6.00 good
57 0.11 6.00 good
149 0.67 10.00 good
146 0.36 8.00 good
108 0.31 8.00 good
11 0.17 6.00 bad
5 0.06 4.00 good
131 0.13 6.00 good
1 0.04 6.00 bad
168 0.18 8.00 good
303 0.38 8.00 good
53 0.18 6.00 bad
206 0.22 8.00 good
7 0.05 8.00 bad
19 0.15 8.00 bad
365 0.46 8.00 good
103 0.09 6.00 bad
28 0.08 6.00 bad
710 0.19 8.00 good
54 0.08 2.00 bad
178 0.15 6.00 good
125 0.37 8.00 bad
50 0.12 6.00 good