BookScoreCount Median Quartile Class
97
1 2 4 5 6 8 9 10 13 15 17 21 23 26 27 28 29 31 32 34 35 36 37 38 39 50 53 54 55 56 58 59 60 61 62 64 68 71 73 74 75 76 79 80 81 82 83 84 87 88 92 93 94 95 96 97 98 99 102 103 105 106 107 109 111 113 115 116 117 118 119 121 123 124 125 126 128 129 130 131 132 133 134 135 137 138 139 141 142 143 145 146 147 148 149 150 151
967 8.00 4.00 good
47 6.00 2.00 bad
78 6.00 4.00 bad
439 6.00 4.00 good
187 6.00 4.00 good
177 6.00 4.00 bad
51 6.00 4.00 bad
78 6.00 4.00 bad
48 6.00 2.00 bad
658 6.00 4.00 bad
36 6.00 4.00 bad
44 4.00 4.00 bad
116 4.00 4.00 good
100 6.00 2.00 bad
150 4.00 4.00 good
263 8.00 4.00 bad
290 8.00 4.00 good
44 6.00 4.00 good
292 8.00 2.00 bad
97 6.00 2.00 bad
1909 6.00 6.00 good
223 8.00 2.00 bad
216 8.00 4.00 bad
63 6.00 4.00 bad
20 2.00 2.00 bad
29 6.00 2.00 good
22 4.00 2.00 bad
43 6.00 4.00 good
55 6.00 4.00 bad
80 6.00 4.00 good
461 8.00 4.00 good
484 6.00 6.00 good
108 6.00 4.00 bad
86 8.00 2.00 good
13 4.00 4.00 bad
45 4.00 4.00 bad
153 8.00 2.00 bad
248 6.00 4.00 bad
19 8.00 2.00 bad
46 6.00 4.00 bad
21 6.00 2.00 good
429 8.00 4.00 good
531 6.00 6.00 bad
714 10.00 2.00 bad
25 6.00 2.00 bad
31 4.00 4.00 bad
104 6.00 4.00 bad
21 6.00 4.00 bad
182 6.00 6.00 bad
1636 8.00 6.00 good
527 8.00 4.00 good
396 8.00 2.00 bad
218 8.00 2.00 good
13 6.00 2.00 bad
188 8.00 2.00 good
39 8.00 2.00 good
2113 8.00 4.00 good
942 6.00 2.00 bad
225 6.00 6.00 good
29 6.00 2.00 bad
339 8.00 4.00 good
349 6.00 4.00 good
1184 6.00 6.00 bad
88 6.00 4.00 bad
182 6.00 4.00 good
136 6.00 4.00 bad
282 6.00 4.00 bad
19 6.00 4.00 good
34 6.00 2.00 bad
274 6.00 2.00 bad
1575 8.00 4.00 good
59 4.00 4.00 bad
93 6.00 2.00 good
320 6.00 4.00 good
768 10.00 2.00 good
353 8.00 8.00 good
607 8.00 8.00 good
2063 8.00 4.00 good
82 6.00 6.00 bad
31 4.00 4.00 good
614 6.00 4.00 good
23 6.00 4.00 bad
795 8.00 4.00 good
1310 8.00 4.00 bad
1641 8.00 4.00 good
328 6.00 6.00 bad
1100 8.00 2.00 good
83 8.00 2.00 bad
2366 8.00 4.00 good
153 6.00 4.00 bad
61 6.00 2.00 bad
2356 8.00 2.00 good
208 4.00 4.00 good
1080 2.00 0.00 bad
674 6.00 4.00 good
21 6.00 4.00 bad
638 8.00 6.00 bad