Mode Quartile Kurtosis Class
103
1 2 4 5 7 8 9 10 12 14 16 17 18 19 21 22 23 25 26 31 33 35 37 38 39 40 41 42 43 44 45 49 50 51 52 53 55 56 58 59 61 62 63 64 66 67 69 70 71 72 75 76 77 78 79 83 84 86 87 88 89 92 93 94 95 96 98 100 101 102 103 104 106 107 112 113 116 118 120 121 122 124 126 127 128 131 134 135 136 137 138 139 140 141 142 143 144 145 146 148 151 152 153
8.00 4.00 406.22 good
6.00 2.00 267.71 bad
6.00 4.00 113.07 bad
6.00 4.00 93.52 good
6.00 2.00 181.37 bad
6.00 4.00 196.73 bad
8.00 4.00 110.48 bad
8.00 4.00 143.84 bad
6.00 4.00 114.51 bad
2.00 6.00 68.44 good
6.00 4.00 87.54 good
8.00 4.00 80.31 bad
10.00 6.00 137.29 bad
10.00 6.00 181.41 bad
4.00 4.00 66.70 bad
6.00 2.00 468.11 bad
4.00 4.00 78.49 good
2.00 4.00 28.01 bad
6.00 2.00 249.04 bad
6.00 4.00 211.54 good
6.00 4.00 163.05 good
2.00 6.00 41.11 good
8.00 4.00 948.64 bad
4.00 4.00 172.89 bad
2.00 2.00 53.89 bad
8.00 2.00 227.23 good
6.00 2.00 389.04 good
2.00 6.00 74.29 bad
2.00 6.00 44.83 good
2.00 6.00 29.34 good
6.00 4.00 135.14 bad
6.00 4.00 155.38 bad
6.00 2.00 119.73 good
6.00 4.00 339.26 bad
10.00 4.00 453.60 bad
2.00 2.00 31.11 bad
6.00 4.00 182.02 bad
6.00 4.00 74.03 good
10.00 4.00 256.16 good
10.00 6.00 148.52 good
8.00 2.00 1104.85 good
4.00 4.00 199.64 bad
2.00 8.00 55.29 good
2.00 4.00 59.06 bad
6.00 4.00 204.65 bad
10.00 4.00 278.88 good
8.00 2.00 758.93 bad
2.00 6.00 49.13 bad
8.00 4.00 106.33 bad
10.00 4.00 259.41 good
6.00 2.00 344.01 good
8.00 4.00 159.36 good
10.00 4.00 440.27 bad
6.00 4.00 147.32 bad
2.00 6.00 65.93 bad
6.00 4.00 188.48 bad
6.00 4.00 116.65 bad
6.00 4.00 249.84 bad
10.00 6.00 95.46 bad
10.00 6.00 118.81 good
8.00 4.00 208.64 bad
10.00 4.00 444.03 good
8.00 2.00 288.02 bad
8.00 2.00 299.63 good
6.00 2.00 128.84 bad
8.00 2.00 282.28 good
8.00 4.00 391.57 good
6.00 4.00 297.05 bad
10.00 4.00 286.97 bad
2.00 6.00 65.28 good
6.00 2.00 664.54 bad
6.00 2.00 92.39 bad
6.00 4.00 114.14 good
10.00 6.00 72.91 bad
6.00 4.00 84.03 bad
6.00 4.00 164.81 bad
6.00 4.00 138.45 good
6.00 2.00 387.39 bad
8.00 6.00 75.21 good
6.00 4.00 102.63 bad
8.00 4.00 313.76 bad
6.00 4.00 101.09 good
10.00 8.00 76.64 good
10.00 4.00 319.05 good
10.00 8.00 82.37 good
4.00 4.00 58.14 good
8.00 4.00 176.74 good
8.00 4.00 234.30 bad
6.00 4.00 63.17 bad
10.00 4.00 478.73 good
2.00 6.00 56.35 bad
8.00 2.00 304.97 good
8.00 4.00 361.68 bad
8.00 2.00 311.51 bad
10.00 4.00 364.52 good
8.00 4.00 86.23 bad
6.00 4.00 97.95 bad
6.00 2.00 909.70 bad
8.00 2.00 402.15 good
2.00 0.00 9.99 bad
10.00 6.00 105.22 bad
2.00 4.00 62.68 good
6.00 4.00 105.28 good