BookScoreCount Median Kurtosis Class
95
2 4 5 7 10 11 12 13 14 15 18 19 21 22 24 25 26 27 28 29 30 31 32 33 34 35 36 44 50 52 53 54 55 56 58 60 62 63 64 66 68 69 75 77 78 79 81 82 83 84 86 87 88 90 91 92 93 94 95 96 98 101 103 104 105 106 107 109 113 115 116 117 118 119 120 125 126 127 129 130 131 133 135 136 139 140 141 144 145 146 147 148 149 152 153
47 6.00 267.71 bad
78 6.00 113.07 bad
439 6.00 93.52 good
27 6.00 181.37 bad
78 6.00 143.84 bad
51 6.00 491.68 bad
25 6.00 114.51 bad
48 6.00 156.17 bad
454 6.00 68.44 good
658 6.00 188.48 bad
23 6.00 137.29 bad
250 6.00 181.41 bad
44 4.00 66.70 bad
159 6.00 468.11 bad
70 6.00 114.10 bad
11 4.00 28.01 bad
100 6.00 249.04 bad
150 4.00 40.03 good
263 8.00 418.19 bad
290 8.00 194.89 good
29 6.00 80.73 bad
44 6.00 211.54 good
292 8.00 404.81 bad
192 6.00 163.05 good
97 6.00 192.82 bad
1909 6.00 41.11 good
223 8.00 203.97 bad
1885 4.00 29.34 good
29 6.00 119.73 good
1780 8.00 453.60 bad
22 4.00 31.11 bad
43 6.00 245.77 good
55 6.00 182.02 bad
80 6.00 74.03 good
461 8.00 256.16 good
108 6.00 95.85 bad
13 4.00 199.64 bad
91 6.00 55.29 good
45 4.00 59.06 bad
21 6.00 204.65 bad
153 8.00 223.96 bad
20 8.00 758.93 bad
21 6.00 344.01 good
745 8.00 440.27 bad
217 6.00 147.32 bad
531 6.00 65.93 bad
25 6.00 173.53 bad
31 4.00 87.78 bad
104 6.00 188.48 bad
21 6.00 116.65 bad
222 8.00 249.84 bad
182 6.00 95.46 bad
1636 8.00 118.81 good
16 2.00 25.57 bad
654 8.00 191.97 good
527 8.00 444.03 good
396 8.00 288.02 bad
218 8.00 299.63 good
13 6.00 128.84 bad
188 8.00 282.28 good
2113 8.00 391.57 good
219 8.00 286.97 bad
29 6.00 664.54 bad
25 4.00 92.39 bad
339 8.00 385.10 good
349 6.00 114.14 good
1184 6.00 72.91 bad
88 6.00 170.95 bad
136 6.00 164.81 bad
282 6.00 125.49 bad
19 6.00 138.45 good
34 6.00 132.92 bad
274 6.00 387.39 bad
1575 8.00 297.36 good
45 6.00 75.21 good
768 10.00 1797.82 good
353 8.00 76.64 good
387 8.00 319.05 good
2063 8.00 209.65 good
82 6.00 73.99 bad
31 4.00 58.14 good
23 6.00 194.01 bad
1310 8.00 234.30 bad
68 4.00 63.17 bad
1100 8.00 304.97 good
21 8.00 361.68 bad
83 8.00 311.51 bad
364 6.00 97.95 bad
61 6.00 909.70 bad
2356 8.00 402.15 good
208 4.00 40.59 good
1080 2.00 9.99 bad
674 6.00 113.50 good
45 6.00 62.68 good
209 6.00 105.28 good