TwoStarRate ThreeStarRate Median Class
95
0 1 6 8 9 10 11 12 13 14 16 17 18 22 23 24 26 28 30 32 33 34 35 36 37 38 41 42 45 51 52 53 55 57 58 59 60 61 64 65 66 69 70 71 72 73 77 79 82 84 85 88 89 91 94 95 96 97 98 99 100 101 102 106 107 109 110 112 113 114 115 116 121 123 124 125 126 127 129 130 131 132 133 135 138 140 141 142 143 145 146 147 149 152 153
0.15 0.28 6.00 good
0.08 0.23 8.00 good
0.14 0.21 6.00 good
0.16 0.30 6.00 bad
0.18 0.26 6.00 bad
0.26 0.23 6.00 bad
0.04 0.40 6.00 bad
0.08 0.44 6.00 bad
0.24 0.39 6.00 bad
0.14 0.21 6.00 good
0.22 0.23 6.00 good
0.22 0.20 6.00 bad
0.17 0.28 6.00 bad
0.15 0.40 6.00 bad
0.31 0.28 4.00 good
0.21 0.36 6.00 bad
0.09 0.43 6.00 bad
0.11 0.25 8.00 bad
0.18 0.32 6.00 bad
0.09 0.31 8.00 bad
0.20 0.29 6.00 good
0.30 0.39 6.00 bad
0.12 0.18 6.00 good
0.10 0.23 8.00 bad
0.03 0.20 8.00 bad
0.35 0.27 6.00 bad
0.14 0.34 6.00 good
0.17 0.26 6.00 bad
0.20 0.30 6.00 bad
0.30 0.37 6.00 bad
0.04 0.15 8.00 bad
0.33 0.14 4.00 bad
0.28 0.33 6.00 bad
0.07 0.21 6.00 bad
0.05 0.14 8.00 good
0.21 0.21 6.00 good
0.21 0.18 6.00 bad
0.08 0.25 8.00 good
0.27 0.21 4.00 bad
0.28 0.31 4.00 bad
0.14 0.43 6.00 bad
0.05 0.26 8.00 bad
0.10 0.04 8.00 bad
0.12 0.25 6.00 bad
0.08 0.26 8.00 good
0.11 0.22 8.00 bad
0.07 0.22 8.00 bad
0.19 0.26 6.00 bad
0.41 0.20 4.00 bad
0.14 0.33 6.00 bad
0.19 0.15 4.00 good
0.10 0.18 8.00 good
0.17 0.27 6.00 bad
0.08 0.16 8.00 good
0.11 0.23 8.00 good
0.23 0.46 6.00 bad
0.11 0.28 8.00 good
0.03 0.26 8.00 good
0.08 0.22 8.00 good
0.12 0.34 6.00 bad
0.02 0.34 8.00 bad
0.10 0.26 8.00 bad
0.14 0.26 6.00 good
0.14 0.27 6.00 good
0.12 0.15 6.00 bad
0.14 0.36 6.00 bad
0.21 0.28 6.00 bad
0.20 0.30 6.00 bad
0.13 0.36 6.00 bad
0.02 0.09 10.00 bad
0.19 0.35 6.00 bad
0.12 0.42 6.00 good
0.30 0.32 4.00 bad
0.08 0.37 6.00 good
0.19 0.29 6.00 good
0.02 0.08 10.00 good
0.06 0.16 8.00 good
0.06 0.22 8.00 good
0.07 0.16 8.00 good
0.13 0.28 6.00 bad
0.41 0.13 4.00 good
0.14 0.25 6.00 good
0.13 0.33 6.00 bad
0.09 0.24 8.00 bad
0.10 0.22 6.00 bad
0.30 0.07 8.00 bad
0.03 0.19 8.00 bad
0.05 0.15 8.00 good
0.21 0.22 6.00 bad
0.10 0.45 6.00 bad
0.09 0.27 8.00 good
0.22 0.19 4.00 good
0.18 0.23 6.00 good
0.19 0.28 6.00 good
0.22 0.25 6.00 good