BookWordCount FourStarRate Mode Class
101
0 3 5 9 10 11 12 14 18 19 20 22 23 24 25 26 28 29 30 31 32 33 34 36 39 40 41 42 44 45 47 48 49 52 53 56 59 60 61 62 63 64 65 67 69 70 71 72 73 74 75 78 79 81 85 86 87 89 90 91 92 93 94 98 99 100 101 103 104 106 107 108 112 114 117 118 119 120 121 122 125 126 127 128 129 130 131 135 136 137 138 139 140 141 144 146 147 148 149 151 153
177.20 0.30 8.00 good
52.30 0.27 8.00 bad
158.50 0.21 6.00 good
21.30 0.30 8.00 bad
82.50 0.27 8.00 bad
13.40 0.32 6.00 bad
21.80 0.08 6.00 bad
123.80 0.19 2.00 good
24.10 0.14 10.00 bad
122.40 0.22 10.00 bad
82.30 0.20 2.00 good
77.70 0.28 6.00 bad
122.20 0.08 4.00 good
74.80 0.13 6.00 bad
35.90 0.00 2.00 bad
62.70 0.18 6.00 bad
53.00 0.31 8.00 bad
233.90 0.20 10.00 good
150.70 0.14 6.00 bad
78.00 0.19 6.00 good
51.10 0.39 8.00 bad
178.90 0.23 6.00 good
154.60 0.13 6.00 bad
87.00 0.34 8.00 bad
22.80 0.05 2.00 bad
153.10 0.33 8.00 good
168.40 0.29 6.00 good
300.10 0.20 2.00 bad
296.80 0.16 2.00 good
380.50 0.23 6.00 bad
49.70 0.22 4.00 bad
281.40 0.33 8.00 bad
44.50 0.23 6.00 bad
76.10 0.30 10.00 bad
53.70 0.00 2.00 bad
40.40 0.10 6.00 good
133.40 0.21 10.00 good
45.10 0.20 10.00 bad
17.00 0.44 8.00 good
49.60 0.34 4.00 bad
108.60 0.20 2.00 good
54.40 0.14 2.00 bad
72.20 0.07 6.00 bad
16.80 0.25 10.00 good
7.30 0.42 8.00 bad
55.40 0.32 2.00 bad
98.90 0.25 8.00 bad
390.00 0.20 10.00 good
68.60 0.39 8.00 bad
49.30 0.31 6.00 bad
39.60 0.30 6.00 good
70.00 0.24 6.00 bad
131.20 0.17 2.00 bad
87.70 0.08 6.00 bad
87.20 0.24 2.00 good
129.90 0.27 6.00 bad
112.10 0.19 10.00 bad
153.20 0.28 8.00 bad
50.40 0.07 2.00 bad
126.20 0.28 10.00 good
116.50 0.29 10.00 good
90.50 0.34 8.00 bad
63.70 0.33 8.00 good
170.60 0.33 8.00 good
181.90 0.26 6.00 bad
59.90 0.27 6.00 bad
219.60 0.27 10.00 bad
21.40 0.26 6.00 bad
150.50 0.04 6.00 bad
64.40 0.24 6.00 good
310.00 0.17 10.00 bad
446.50 0.20 10.00 good
107.80 0.15 6.00 bad
31.70 0.23 10.00 bad
59.10 0.14 6.00 bad
92.20 0.30 6.00 bad
427.70 0.33 8.00 good
85.80 0.25 8.00 good
145.90 0.08 6.00 bad
79.20 0.29 8.00 bad
65.70 0.20 10.00 good
89.70 0.21 10.00 good
34.20 0.26 10.00 good
296.70 0.23 10.00 good
322.80 0.26 10.00 good
46.30 0.16 6.00 bad
195.70 0.11 4.00 good
335.20 0.29 8.00 bad
72.70 0.05 6.00 bad
448.70 0.33 10.00 good
212.90 0.19 2.00 bad
130.30 0.36 8.00 good
43.40 0.54 8.00 bad
25.10 0.49 8.00 bad
319.70 0.18 6.00 bad
477.20 0.37 8.00 good
154.00 0.09 2.00 good
209.90 0.06 2.00 bad
382.10 0.26 8.00 good
93.00 0.19 10.00 bad
73.20 0.22 6.00 good