BookWordCount ThreeStarRate Kurtosis Class
96
0 1 2 3 5 7 8 10 11 13 14 15 19 20 21 25 27 28 29 30 31 33 39 40 42 43 45 46 49 50 53 54 55 56 58 59 60 61 62 63 64 67 68 69 70 72 73 77 79 80 81 83 84 86 87 89 92 93 95 99 100 103 104 106 107 109 111 112 113 115 118 119 120 121 123 124 125 126 127 128 130 132 136 137 138 139 140 142 144 145 146 148 149 150 151 153
177.20 0.28 200.91 good
289.90 0.23 406.22 good
48.30 0.40 267.71 bad
52.30 0.27 155.27 bad
158.50 0.26 93.52 good
38.90 0.48 181.37 bad
143.50 0.30 196.73 bad
82.50 0.23 143.84 bad
13.40 0.40 491.68 bad
27.50 0.39 156.17 bad
123.80 0.21 68.44 good
257.20 0.27 188.48 bad
122.40 0.22 181.41 bad
82.30 0.15 48.29 good
74.10 0.16 66.70 bad
35.90 0.20 28.01 bad
147.20 0.21 40.03 good
53.00 0.25 418.19 bad
233.90 0.22 194.89 good
150.70 0.32 80.73 bad
78.00 0.33 211.54 good
178.90 0.29 163.05 good
22.80 0.16 53.89 bad
153.10 0.24 227.23 good
300.10 0.26 74.29 bad
74.40 0.24 44.83 good
380.50 0.30 135.14 bad
123.50 0.19 218.67 good
44.50 0.39 155.38 bad
51.90 0.32 119.73 good
53.70 0.14 31.11 bad
13.00 0.33 245.77 good
106.40 0.33 182.02 bad
40.40 0.32 74.03 good
63.50 0.14 256.16 good
133.40 0.21 148.52 good
45.10 0.18 95.85 bad
17.00 0.25 1104.85 good
49.60 0.08 199.64 bad
108.60 0.12 55.29 good
54.40 0.21 59.06 bad
16.80 0.16 278.88 good
79.60 0.25 223.96 bad
7.30 0.26 758.93 bad
55.40 0.04 49.13 bad
390.00 0.26 259.41 good
68.60 0.22 278.58 bad
1070.70 0.22 440.27 bad
131.20 0.26 65.93 bad
144.70 0.13 599.56 bad
87.70 0.54 173.53 bad
40.80 0.28 188.48 bad
30.00 0.33 116.65 bad
129.90 0.30 249.84 bad
112.10 0.23 95.46 bad
153.20 0.27 208.64 bad
116.50 0.16 444.03 good
90.50 0.26 288.02 bad
99.00 0.46 128.84 bad
181.90 0.34 243.27 bad
59.90 0.34 297.05 bad
21.40 0.50 664.54 bad
150.50 0.34 92.39 bad
64.40 0.27 114.14 good
310.00 0.15 72.91 bad
101.10 0.36 170.95 bad
148.90 0.26 113.09 good
107.80 0.30 84.03 bad
247.80 0.36 164.81 bad
119.20 0.35 125.49 bad
92.20 0.39 387.39 bad
427.70 0.20 297.36 good
85.80 0.20 75.21 good
145.90 0.32 102.63 bad
153.40 0.37 502.72 good
223.00 0.29 101.09 good
65.70 0.08 1797.82 good
89.70 0.16 76.64 good
34.20 0.22 319.05 good
296.70 0.13 82.37 good
46.30 0.28 73.99 bad
237.20 0.25 212.10 good
72.70 0.32 63.17 bad
448.70 0.15 478.73 good
212.90 0.22 56.35 bad
130.30 0.24 304.97 good
43.40 0.07 361.68 bad
518.00 0.15 364.52 good
319.70 0.27 97.95 bad
62.30 0.45 909.70 bad
477.20 0.27 402.15 good
209.90 0.04 9.99 bad
382.10 0.23 113.50 good
44.60 0.35 158.29 bad
93.00 0.16 105.22 bad
73.20 0.25 105.28 good