BookScoreCount TwoStarRate ThreeStarRate Class
93
0 2 3 5 6 7 8 11 12 15 16 18 19 20 22 24 29 32 34 35 39 42 44 48 49 50 53 54 55 56 57 58 59 60 62 67 69 70 71 73 74 75 76 77 79 80 81 82 84 87 89 90 91 92 93 94 95 96 97 98 99 100 102 105 106 109 112 114 115 118 120 121 122 125 126 127 128 129 130 131 132 134 135 136 137 138 141 146 147 150 151 152 153
568 0.15 0.28 good
47 0.10 0.40 bad
129 0.12 0.27 bad
439 0.20 0.26 good
187 0.14 0.21 good
27 0.15 0.48 bad
177 0.16 0.30 bad
51 0.04 0.40 bad
25 0.08 0.44 bad
658 0.13 0.27 bad
119 0.22 0.23 good
23 0.17 0.28 bad
250 0.18 0.22 bad
112 0.20 0.15 good
159 0.15 0.40 bad
70 0.21 0.36 bad
290 0.10 0.22 good
292 0.09 0.31 bad
97 0.30 0.39 bad
1909 0.12 0.18 good
20 0.26 0.16 bad
686 0.17 0.26 bad
1885 0.07 0.11 good
1248 0.09 0.33 bad
72 0.10 0.39 bad
29 0.28 0.32 good
22 0.33 0.14 bad
43 0.05 0.33 good
55 0.28 0.33 bad
80 0.20 0.32 good
2109 0.07 0.21 bad
461 0.05 0.14 good
484 0.21 0.21 good
108 0.21 0.18 bad
13 0.50 0.08 bad
90 0.06 0.16 good
20 0.05 0.26 bad
51 0.10 0.04 bad
248 0.12 0.25 bad
19 0.11 0.22 bad
46 0.22 0.36 bad
21 0.10 0.40 good
429 0.07 0.15 good
745 0.07 0.22 bad
531 0.19 0.26 bad
714 0.03 0.13 bad
25 0.08 0.54 bad
31 0.41 0.20 bad
21 0.14 0.33 bad
182 0.09 0.23 bad
145 0.17 0.27 bad
16 0.13 0.20 bad
654 0.08 0.16 good
527 0.04 0.16 good
396 0.08 0.26 bad
218 0.11 0.23 good
13 0.23 0.46 bad
188 0.11 0.28 good
39 0.03 0.26 good
2113 0.08 0.22 good
942 0.12 0.34 bad
42 0.02 0.34 bad
225 0.14 0.26 good
339 0.08 0.19 good
349 0.14 0.27 good
88 0.14 0.36 bad
201 0.20 0.30 bad
1114 0.02 0.09 bad
282 0.19 0.35 bad
274 0.11 0.39 bad
45 0.18 0.20 good
59 0.30 0.32 bad
385 0.10 0.28 bad
768 0.02 0.08 good
353 0.06 0.16 good
387 0.06 0.22 good
607 0.08 0.13 good
2063 0.07 0.16 good
82 0.13 0.28 bad
31 0.41 0.13 good
614 0.14 0.25 good
795 0.12 0.21 good
1310 0.09 0.24 bad
68 0.24 0.32 bad
1641 0.05 0.15 good
328 0.10 0.22 bad
83 0.03 0.19 bad
2356 0.09 0.27 good
208 0.22 0.19 good
21 0.15 0.35 bad
638 0.07 0.16 bad
45 0.19 0.28 good
209 0.22 0.25 good