BookScoreCount AddListCount Kurtosis Class
91
1 3 5 7 8 10 11 12 15 16 18 19 21 24 25 31 32 36 39 41 42 43 44 45 46 47 49 50 51 54 55 57 59 60 61 64 65 66 71 72 73 75 76 80 81 83 85 86 89 91 93 94 96 99 100 101 102 104 105 107 108 110 114 115 116 117 118 119 120 122 123 124 127 130 131 134 135 136 137 138 140 141 143 145 146 148 149 150 151 152 153
967 492 406.22 good
129 38 155.27 bad
439 122 93.52 good
27 8 181.37 bad
177 53 196.73 bad
78 25 143.84 bad
51 15 491.68 bad
25 12 114.51 bad
658 204 188.48 bad
119 25 87.54 good
23 7 137.29 bad
250 70 181.41 bad
44 12 66.70 bad
70 23 114.10 bad
11 2 28.01 bad
44 6 211.54 good
292 111 404.81 bad
223 63 203.97 bad
20 1 53.89 bad
670 289 389.04 good
686 215 74.29 bad
81 18 44.83 good
1885 242 29.34 good
299 93 135.14 bad
108 28 218.67 good
79 20 85.63 bad
72 13 155.38 bad
29 7 119.73 good
133 42 339.26 bad
43 9 245.77 good
55 11 182.02 bad
2109 551 94.54 bad
484 138 148.52 good
108 19 95.85 bad
86 33 1104.85 good
45 10 59.06 bad
82 22 77.07 bad
21 2 204.65 bad
248 119 106.33 bad
956 180 259.41 good
19 8 278.58 bad
21 8 344.01 good
429 110 159.36 good
714 193 599.56 bad
25 4 173.53 bad
104 22 188.48 bad
356 55 51.21 good
222 53 249.84 bad
145 49 208.64 bad
654 218 191.97 good
396 121 288.02 bad
218 57 299.63 good
188 100 282.28 good
942 253 243.27 bad
42 8 297.05 bad
219 65 286.97 bad
225 39 65.28 good
25 5 92.39 bad
339 98 385.10 good
1184 188 72.91 bad
5393 1586 1238.93 good
112 31 131.59 bad
1114 218 875.52 bad
282 76 125.49 bad
19 7 138.45 good
34 5 132.92 bad
274 112 387.39 bad
1575 274 297.36 good
45 15 75.21 good
385 126 313.76 bad
93 32 502.72 good
320 57 101.09 good
387 146 319.05 good
82 11 73.99 bad
31 5 58.14 good
795 168 176.74 good
1310 293 234.30 bad
68 9 63.17 bad
1641 303 478.73 good
328 53 56.35 bad
21 7 361.68 bad
83 19 311.51 bad
153 42 86.23 bad
61 28 909.70 bad
2356 710 402.15 good
1080 54 9.99 bad
674 178 113.50 good
21 5 158.29 bad
638 125 105.22 bad
45 12 62.68 good
209 50 105.28 good