BookWordCount AddListCount Quartile Class
103
0 1 3 4 5 8 9 11 12 13 14 15 17 18 23 24 25 26 28 29 30 32 33 34 35 39 41 42 43 44 45 46 48 49 50 51 52 54 57 59 60 62 64 65 66 67 68 69 70 73 74 75 76 78 79 80 81 83 85 86 87 89 91 93 94 95 96 97 98 99 100 102 103 105 108 110 111 112 113 114 115 117 118 120 121 122 125 126 128 130 132 134 135 136 138 140 142 143 147 148 151 152 153
177.20 214 4.00 good
289.90 492 4.00 good
52.30 38 4.00 bad
139.00 22 4.00 bad
158.50 122 4.00 good
143.50 53 4.00 bad
21.30 14 4.00 bad
13.40 15 2.00 bad
21.80 12 4.00 bad
27.50 9 2.00 bad
123.80 136 6.00 good
257.20 204 4.00 bad
33.60 10 4.00 bad
24.10 7 6.00 bad
122.20 32 4.00 good
74.80 23 2.00 bad
35.90 2 4.00 bad
62.70 32 2.00 bad
53.00 73 4.00 bad
233.90 68 4.00 good
150.70 9 6.00 bad
51.10 111 2.00 bad
178.90 49 4.00 good
154.60 24 2.00 bad
713.10 254 6.00 good
22.80 1 2.00 bad
168.40 289 2.00 good
300.10 215 6.00 bad
74.40 18 6.00 good
296.80 242 6.00 good
380.50 93 4.00 bad
123.50 28 4.00 good
281.40 371 2.00 bad
44.50 13 4.00 bad
51.90 7 2.00 good
84.60 42 4.00 bad
76.10 446 4.00 bad
13.00 9 4.00 good
293.40 551 4.00 bad
133.40 138 6.00 good
45.10 19 4.00 bad
49.60 3 4.00 bad
54.40 10 4.00 bad
72.20 22 4.00 bad
34.80 2 4.00 bad
16.80 17 4.00 good
79.60 45 2.00 bad
7.30 5 2.00 bad
55.40 2 6.00 bad
68.60 8 2.00 bad
49.30 16 4.00 bad
39.60 8 2.00 good
46.20 110 4.00 good
70.00 57 4.00 bad
131.20 94 6.00 bad
144.70 193 2.00 bad
87.70 4 2.00 bad
40.80 22 4.00 bad
87.20 55 6.00 good
129.90 53 4.00 bad
112.10 65 6.00 bad
153.20 49 4.00 bad
126.20 218 4.00 good
90.50 121 2.00 bad
63.70 57 2.00 good
99.00 4 2.00 bad
34.10 100 2.00 good
22.20 7 2.00 good
170.60 558 4.00 good
181.90 253 2.00 bad
59.90 8 4.00 bad
78.10 39 6.00 good
21.40 6 2.00 bad
198.70 98 4.00 good
446.50 1586 2.00 good
133.50 31 4.00 bad
148.90 53 4.00 good
107.80 63 4.00 bad
247.80 25 4.00 bad
31.70 218 2.00 bad
119.20 76 4.00 bad
59.10 5 2.00 bad
92.20 112 2.00 bad
85.80 15 6.00 good
145.90 14 4.00 bad
79.20 126 4.00 bad
65.70 149 2.00 good
89.70 48 8.00 good
296.70 108 8.00 good
46.30 11 6.00 bad
237.20 131 4.00 good
179.50 168 4.00 good
335.20 293 4.00 bad
72.70 9 4.00 bad
212.90 53 6.00 bad
43.40 7 4.00 bad
518.00 365 4.00 good
177.70 42 4.00 bad
154.00 26 4.00 good
209.90 54 0.00 bad
93.00 125 6.00 bad
163.50 12 4.00 good
73.20 50 4.00 good