BookWordCount FourStarRate Quartile Class
102
0 1 3 4 5 6 7 8 10 11 12 13 14 15 18 19 20 21 26 27 29 30 31 33 35 36 37 38 39 41 42 43 44 45 46 48 51 53 54 55 56 57 58 59 60 61 62 64 65 66 68 70 72 74 75 76 77 79 83 84 85 90 91 92 94 96 97 99 100 101 102 103 104 107 110 111 113 114 117 118 120 122 123 125 126 127 128 130 132 133 134 135 136 138 139 142 144 145 146 148 150 152
177.20 0.30 4.00 good
289.90 0.36 4.00 good
52.30 0.27 4.00 bad
139.00 0.25 4.00 bad
158.50 0.21 4.00 good
59.60 0.18 4.00 good
38.90 0.11 2.00 bad
143.50 0.22 4.00 bad
82.50 0.27 4.00 bad
13.40 0.32 2.00 bad
21.80 0.08 4.00 bad
27.50 0.13 2.00 bad
123.80 0.19 6.00 good
257.20 0.25 4.00 bad
24.10 0.14 6.00 bad
122.40 0.22 6.00 bad
82.30 0.20 6.00 good
74.10 0.14 4.00 bad
62.70 0.18 2.00 bad
147.20 0.15 4.00 good
233.90 0.20 4.00 good
150.70 0.14 6.00 bad
78.00 0.19 4.00 good
178.90 0.23 4.00 good
713.10 0.14 6.00 good
87.00 0.34 2.00 bad
51.30 0.44 4.00 bad
80.20 0.17 4.00 bad
22.80 0.05 2.00 bad
168.40 0.29 2.00 good
300.10 0.20 6.00 bad
74.40 0.14 6.00 good
296.80 0.16 6.00 good
380.50 0.23 4.00 bad
123.50 0.33 4.00 good
281.40 0.33 2.00 bad
84.60 0.21 4.00 bad
53.70 0.00 2.00 bad
13.00 0.21 4.00 good
106.40 0.20 4.00 bad
40.40 0.10 4.00 good
293.40 0.29 4.00 bad
63.50 0.30 4.00 good
133.40 0.21 6.00 good
45.10 0.20 4.00 bad
17.00 0.44 2.00 good
49.60 0.34 4.00 bad
54.40 0.14 4.00 bad
72.20 0.07 4.00 bad
34.80 0.19 4.00 bad
79.60 0.30 2.00 bad
55.40 0.32 6.00 bad
390.00 0.20 4.00 good
49.30 0.31 4.00 bad
39.60 0.30 2.00 good
46.20 0.36 4.00 good
1070.70 0.27 4.00 bad
131.20 0.17 6.00 bad
40.80 0.22 4.00 bad
30.00 0.19 4.00 bad
87.20 0.24 6.00 good
50.40 0.07 4.00 bad
126.20 0.28 4.00 good
116.50 0.29 4.00 good
63.70 0.33 2.00 good
34.10 0.33 2.00 good
22.20 0.40 2.00 good
181.90 0.26 2.00 bad
59.90 0.27 4.00 bad
219.60 0.27 4.00 bad
78.10 0.21 6.00 good
21.40 0.26 2.00 bad
150.50 0.04 2.00 bad
310.00 0.17 6.00 bad
133.50 0.24 4.00 bad
148.90 0.26 4.00 good
247.80 0.21 4.00 bad
31.70 0.23 2.00 bad
59.10 0.14 2.00 bad
92.20 0.30 2.00 bad
85.80 0.25 6.00 good
79.20 0.29 4.00 bad
153.40 0.30 2.00 good
65.70 0.20 2.00 good
89.70 0.21 8.00 good
34.20 0.26 4.00 good
296.70 0.23 8.00 good
46.30 0.16 6.00 bad
237.20 0.35 4.00 good
145.80 0.33 4.00 bad
179.50 0.34 4.00 good
335.20 0.29 4.00 bad
72.70 0.05 4.00 bad
212.90 0.19 6.00 bad
130.30 0.36 2.00 good
518.00 0.24 4.00 good
319.70 0.18 4.00 bad
62.30 0.33 2.00 bad
477.20 0.37 2.00 good
209.90 0.06 0.00 bad
44.60 0.20 4.00 bad
163.50 0.14 4.00 good