BookWordCount FiveStarRate Quartile Class
95
0 1 2 3 4 5 6 7 10 11 12 13 14 15 16 17 18 19 20 21 22 24 27 29 31 35 36 38 39 41 42 44 45 46 50 51 52 53 55 57 58 62 66 67 68 70 71 72 73 77 78 80 81 84 86 87 88 90 91 94 95 97 100 102 103 105 106 107 108 110 112 113 114 115 117 118 119 121 125 129 131 132 134 137 139 140 141 142 145 146 147 148 149 150 153
177.20 0.15 4.00 good
289.90 0.25 4.00 good
48.30 0.15 2.00 bad
52.30 0.18 4.00 bad
139.00 0.10 4.00 bad
158.50 0.12 4.00 good
59.60 0.23 4.00 good
38.90 0.11 2.00 bad
82.50 0.09 4.00 bad
13.40 0.16 2.00 bad
21.80 0.20 4.00 bad
27.50 0.09 2.00 bad
123.80 0.20 6.00 good
257.20 0.23 4.00 bad
135.80 0.14 4.00 good
33.60 0.12 4.00 bad
24.10 0.28 6.00 bad
122.40 0.28 6.00 bad
82.30 0.13 6.00 good
74.10 0.04 4.00 bad
77.70 0.11 2.00 bad
74.80 0.11 2.00 bad
147.20 0.05 4.00 good
233.90 0.36 4.00 good
78.00 0.09 4.00 good
713.10 0.21 6.00 good
87.00 0.19 2.00 bad
80.20 0.13 4.00 bad
22.80 0.00 2.00 bad
168.40 0.17 2.00 good
300.10 0.11 6.00 bad
296.80 0.23 6.00 good
380.50 0.10 4.00 bad
123.50 0.27 4.00 good
51.90 0.07 2.00 good
84.60 0.07 4.00 bad
76.10 0.42 4.00 bad
53.70 0.10 2.00 bad
106.40 0.06 4.00 bad
293.40 0.18 4.00 bad
63.50 0.37 4.00 good
49.60 0.00 4.00 bad
34.80 0.10 4.00 bad
16.80 0.42 4.00 good
79.60 0.22 2.00 bad
55.40 0.20 6.00 bad
98.90 0.17 4.00 bad
390.00 0.35 4.00 good
68.60 0.17 2.00 bad
1070.70 0.37 4.00 bad
70.00 0.16 4.00 bad
144.70 0.58 2.00 bad
87.70 0.13 2.00 bad
30.00 0.14 4.00 bad
129.90 0.26 4.00 bad
112.10 0.27 6.00 bad
315.30 0.30 6.00 good
50.40 0.07 4.00 bad
126.20 0.34 4.00 good
63.70 0.23 2.00 good
99.00 0.15 2.00 bad
22.20 0.13 2.00 good
59.90 0.25 4.00 bad
78.10 0.08 6.00 good
21.40 0.11 2.00 bad
198.70 0.31 4.00 good
64.40 0.16 4.00 good
310.00 0.31 6.00 bad
446.50 0.63 2.00 good
133.50 0.10 4.00 bad
107.80 0.11 4.00 bad
247.80 0.14 4.00 bad
31.70 0.60 2.00 bad
119.20 0.07 4.00 bad
59.10 0.09 2.00 bad
92.20 0.11 2.00 bad
427.70 0.29 4.00 good
145.90 0.02 4.00 bad
65.70 0.67 2.00 good
322.80 0.37 4.00 good
195.70 0.06 4.00 good
237.20 0.13 4.00 good
179.50 0.18 4.00 good
448.70 0.38 4.00 good
130.30 0.22 2.00 good
43.40 0.05 4.00 bad
25.10 0.15 2.00 bad
518.00 0.46 4.00 good
62.30 0.08 2.00 bad
477.20 0.19 2.00 good
154.00 0.02 4.00 good
209.90 0.08 0.00 bad
382.10 0.15 4.00 good
44.60 0.15 4.00 bad
73.20 0.12 4.00 good