ThreeStarRate Mode Kurtosis Class
96
0 1 2 5 6 7 8 9 10 11 12 13 14 17 18 20 21 22 23 29 31 33 34 35 38 39 41 42 43 44 45 47 48 49 50 51 52 53 54 55 56 57 58 61 62 63 66 67 68 70 73 74 75 76 78 79 82 87 88 90 91 94 96 97 98 99 100 102 105 107 108 110 111 113 114 117 121 122 124 125 127 128 129 132 134 135 136 140 141 144 145 146 147 149 151 153
0.28 8.00 200.91 good
0.23 8.00 406.22 good
0.40 6.00 267.71 bad
0.26 6.00 93.52 good
0.21 2.00 75.15 good
0.48 6.00 181.37 bad
0.30 6.00 196.73 bad
0.26 8.00 110.48 bad
0.23 8.00 143.84 bad
0.40 6.00 491.68 bad
0.44 6.00 114.51 bad
0.39 6.00 156.17 bad
0.21 2.00 68.44 good
0.20 8.00 80.31 bad
0.28 10.00 137.29 bad
0.15 2.00 48.29 good
0.16 4.00 66.70 bad
0.40 6.00 468.11 bad
0.28 4.00 78.49 good
0.22 10.00 194.89 good
0.33 6.00 211.54 good
0.29 6.00 163.05 good
0.39 6.00 192.82 bad
0.18 2.00 41.11 good
0.27 4.00 172.89 bad
0.16 2.00 53.89 bad
0.34 6.00 389.04 good
0.26 2.00 74.29 bad
0.24 2.00 44.83 good
0.11 2.00 29.34 good
0.30 6.00 135.14 bad
0.20 4.00 85.63 bad
0.33 8.00 362.40 bad
0.39 6.00 155.38 bad
0.32 6.00 119.73 good
0.37 6.00 339.26 bad
0.15 10.00 453.60 bad
0.14 2.00 31.11 bad
0.33 6.00 245.77 good
0.33 6.00 182.02 bad
0.32 6.00 74.03 good
0.21 8.00 94.54 bad
0.14 10.00 256.16 good
0.25 8.00 1104.85 good
0.08 4.00 199.64 bad
0.12 2.00 55.29 good
0.43 6.00 204.65 bad
0.16 10.00 278.88 good
0.25 8.00 223.96 bad
0.04 2.00 49.13 bad
0.22 8.00 278.58 bad
0.36 6.00 393.48 bad
0.40 6.00 344.01 good
0.15 8.00 159.36 good
0.33 6.00 147.32 bad
0.26 2.00 65.93 bad
0.20 4.00 87.78 bad
0.23 10.00 95.46 bad
0.18 10.00 118.81 good
0.20 2.00 25.57 bad
0.16 10.00 191.97 good
0.23 8.00 299.63 good
0.28 8.00 282.28 good
0.26 8.00 198.40 good
0.22 8.00 391.57 good
0.34 6.00 243.27 bad
0.34 6.00 297.05 bad
0.26 2.00 65.28 good
0.19 8.00 385.10 good
0.15 10.00 72.91 bad
0.10 10.00 1238.93 good
0.28 6.00 131.59 bad
0.26 8.00 113.09 good
0.36 6.00 164.81 bad
0.09 10.00 875.52 bad
0.45 6.00 132.92 bad
0.32 6.00 102.63 bad
0.28 8.00 313.76 bad
0.29 6.00 101.09 good
0.08 10.00 1797.82 good
0.22 10.00 319.05 good
0.13 10.00 82.37 good
0.16 10.00 209.65 good
0.25 8.00 212.10 good
0.21 8.00 176.74 good
0.24 8.00 234.30 bad
0.32 6.00 63.17 bad
0.07 8.00 361.68 bad
0.19 8.00 311.51 bad
0.27 6.00 97.95 bad
0.45 6.00 909.70 bad
0.27 8.00 402.15 good
0.19 2.00 40.59 good
0.23 8.00 113.50 good
0.16 10.00 105.22 bad
0.25 6.00 105.28 good