BookScoreCount TwoStarRate FiveStarRate Class
98
1 2 3 5 6 7 9 10 12 13 14 17 20 21 22 23 25 26 27 30 32 34 37 40 41 42 45 46 47 50 53 54 55 56 58 59 60 61 62 64 65 66 67 68 69 71 73 75 76 78 80 81 82 84 86 87 89 90 91 92 93 95 96 97 99 100 102 103 104 107 111 112 113 115 116 117 118 119 120 124 126 127 129 132 133 137 139 140 143 144 145 146 147 148 149 150 151 153
967 0.08 0.25 good
47 0.10 0.15 bad
129 0.12 0.18 bad
439 0.20 0.12 good
187 0.14 0.23 good
27 0.15 0.11 bad
51 0.18 0.02 bad
78 0.26 0.09 bad
25 0.08 0.20 bad
48 0.24 0.09 bad
454 0.14 0.20 good
36 0.22 0.12 bad
112 0.20 0.13 good
44 0.37 0.04 bad
159 0.15 0.11 bad
116 0.31 0.06 good
11 0.20 0.20 bad
100 0.09 0.19 bad
150 0.17 0.05 good
29 0.18 0.11 bad
292 0.09 0.13 bad
97 0.30 0.03 bad
216 0.03 0.28 bad
495 0.12 0.19 good
670 0.14 0.17 good
686 0.17 0.11 bad
299 0.20 0.10 bad
108 0.07 0.27 good
79 0.28 0.08 bad
29 0.28 0.07 good
22 0.33 0.10 bad
43 0.05 0.29 good
55 0.28 0.06 bad
80 0.20 0.13 good
461 0.05 0.37 good
484 0.21 0.25 good
108 0.21 0.23 bad
86 0.08 0.21 good
13 0.50 0.00 bad
45 0.27 0.02 bad
82 0.28 0.07 bad
21 0.14 0.10 bad
90 0.06 0.42 good
153 0.11 0.22 bad
20 0.05 0.21 bad
248 0.12 0.17 bad
19 0.11 0.17 bad
21 0.10 0.10 good
429 0.07 0.24 good
217 0.10 0.16 bad
714 0.03 0.58 bad
25 0.08 0.13 bad
31 0.41 0.22 bad
21 0.14 0.14 bad
222 0.03 0.26 bad
182 0.09 0.27 bad
145 0.17 0.17 bad
16 0.13 0.07 bad
654 0.08 0.34 good
527 0.04 0.42 good
396 0.08 0.21 bad
13 0.23 0.15 bad
188 0.11 0.17 good
39 0.03 0.13 good
942 0.12 0.17 bad
42 0.02 0.25 bad
225 0.14 0.08 good
29 0.08 0.11 bad
25 0.31 0.09 bad
1184 0.12 0.31 bad
182 0.16 0.12 good
201 0.20 0.11 bad
136 0.13 0.14 bad
282 0.19 0.07 bad
19 0.12 0.17 good
34 0.11 0.09 bad
274 0.11 0.11 bad
1575 0.06 0.29 good
45 0.18 0.11 good
320 0.19 0.11 good
353 0.06 0.30 good
387 0.06 0.36 good
2063 0.07 0.37 good
614 0.14 0.13 good
23 0.13 0.04 bad
1641 0.05 0.38 good
1100 0.07 0.22 good
21 0.30 0.05 bad
153 0.21 0.10 bad
364 0.25 0.09 bad
61 0.10 0.08 bad
2356 0.09 0.19 good
208 0.22 0.02 good
1080 0.03 0.08 bad
674 0.18 0.15 good
21 0.15 0.15 bad
638 0.07 0.37 bad
209 0.22 0.12 good