BookWordCount FiveStarRate Median Class
103
3 5 6 7 9 10 11 12 13 16 17 18 19 20 23 24 26 27 29 30 32 35 37 38 39 40 41 42 43 45 46 47 48 49 50 51 52 53 54 55 58 59 60 64 66 67 68 69 70 71 73 74 76 77 79 80 81 82 83 84 86 87 88 89 90 91 92 95 97 99 101 102 104 105 106 107 108 111 112 113 114 115 117 118 120 121 122 123 124 125 126 127 128 129 131 132 134 136 137 138 141 143 148
52.30 0.18 6.00 bad
158.50 0.12 6.00 good
59.60 0.23 6.00 good
38.90 0.11 6.00 bad
21.30 0.02 6.00 bad
82.50 0.09 6.00 bad
13.40 0.16 6.00 bad
21.80 0.20 6.00 bad
27.50 0.09 6.00 bad
135.80 0.14 6.00 good
33.60 0.12 6.00 bad
24.10 0.28 6.00 bad
122.40 0.28 6.00 bad
82.30 0.13 4.00 good
122.20 0.06 4.00 good
74.80 0.11 6.00 bad
62.70 0.19 6.00 bad
147.20 0.05 4.00 good
233.90 0.36 8.00 good
150.70 0.11 6.00 bad
51.10 0.13 8.00 bad
713.10 0.21 6.00 good
51.30 0.28 8.00 bad
80.20 0.13 6.00 bad
22.80 0.00 2.00 bad
153.10 0.19 8.00 good
168.40 0.17 6.00 good
300.10 0.11 6.00 bad
74.40 0.14 6.00 good
380.50 0.10 6.00 bad
123.50 0.27 8.00 good
49.70 0.08 4.00 bad
281.40 0.17 6.00 bad
44.50 0.10 6.00 bad
51.90 0.07 6.00 good
84.60 0.07 6.00 bad
76.10 0.42 8.00 bad
53.70 0.10 4.00 bad
13.00 0.29 6.00 good
106.40 0.06 6.00 bad
63.50 0.37 8.00 good
133.40 0.25 6.00 good
45.10 0.23 6.00 bad
54.40 0.02 4.00 bad
34.80 0.10 6.00 bad
16.80 0.42 8.00 good
79.60 0.22 8.00 bad
7.30 0.21 8.00 bad
55.40 0.20 8.00 bad
98.90 0.17 6.00 bad
68.60 0.17 8.00 bad
49.30 0.04 6.00 bad
46.20 0.24 8.00 good
1070.70 0.37 8.00 bad
131.20 0.10 6.00 bad
144.70 0.58 10.00 bad
87.70 0.13 6.00 bad
183.00 0.22 4.00 bad
40.80 0.22 6.00 bad
30.00 0.14 6.00 bad
129.90 0.26 8.00 bad
112.10 0.27 6.00 bad
315.30 0.30 8.00 good
153.20 0.17 6.00 bad
50.40 0.07 2.00 bad
126.20 0.34 8.00 good
116.50 0.42 8.00 good
99.00 0.15 6.00 bad
22.20 0.13 8.00 good
181.90 0.17 6.00 bad
219.60 0.27 8.00 bad
78.10 0.08 6.00 good
150.50 0.09 4.00 bad
198.70 0.31 8.00 good
64.40 0.16 6.00 good
310.00 0.31 6.00 bad
446.50 0.63 10.00 good
148.90 0.12 6.00 good
107.80 0.11 6.00 bad
247.80 0.14 6.00 bad
31.70 0.60 10.00 bad
119.20 0.07 6.00 bad
59.10 0.09 6.00 bad
92.20 0.11 6.00 bad
85.80 0.11 6.00 good
145.90 0.02 4.00 bad
79.20 0.25 8.00 bad
153.40 0.20 6.00 good
223.00 0.11 6.00 good
65.70 0.67 10.00 good
89.70 0.30 8.00 good
34.20 0.36 8.00 good
296.70 0.31 8.00 good
322.80 0.37 8.00 good
195.70 0.06 4.00 good
237.20 0.13 6.00 good
179.50 0.18 8.00 good
72.70 0.09 4.00 bad
448.70 0.38 8.00 good
212.90 0.18 6.00 bad
25.10 0.15 8.00 bad
177.70 0.10 6.00 bad
209.90 0.08 2.00 bad