AddListCount ThreeStarRate Kurtosis Class
98
0 1 2 3 4 5 7 8 10 13 15 16 18 20 21 22 24 25 26 30 32 33 34 35 37 39 40 43 44 46 47 48 55 56 57 62 63 64 65 66 67 68 69 72 73 74 75 78 80 81 83 84 86 87 89 90 91 92 93 95 96 97 99 101 103 105 106 107 109 110 113 115 116 117 118 119 120 122 123 124 125 127 128 129 130 131 135 137 138 140 143 144 145 147 149 150 151 152
214 0.28 200.91 good
492 0.23 406.22 good
12 0.40 267.71 bad
38 0.27 155.27 bad
22 0.33 113.07 bad
122 0.26 93.52 good
8 0.48 181.37 bad
53 0.30 196.73 bad
25 0.23 143.84 bad
9 0.39 156.17 bad
204 0.27 188.48 bad
25 0.23 87.54 good
7 0.28 137.29 bad
17 0.15 48.29 good
12 0.16 66.70 bad
61 0.40 468.11 bad
23 0.36 114.10 bad
2 0.20 28.01 bad
32 0.43 249.04 bad
9 0.32 80.73 bad
111 0.31 404.81 bad
49 0.29 163.05 good
24 0.39 192.82 bad
254 0.18 41.11 good
106 0.20 948.64 bad
1 0.16 53.89 bad
172 0.24 227.23 good
18 0.24 44.83 good
242 0.11 29.34 good
28 0.19 218.67 good
20 0.20 85.63 bad
371 0.33 362.40 bad
11 0.33 182.02 bad
13 0.32 74.03 good
551 0.21 94.54 bad
3 0.08 199.64 bad
21 0.12 55.29 good
10 0.21 59.06 bad
22 0.31 77.07 bad
2 0.43 204.65 bad
17 0.16 278.88 good
45 0.25 223.96 bad
5 0.26 758.93 bad
180 0.26 259.41 good
8 0.22 278.58 bad
16 0.36 393.48 bad
8 0.40 344.01 good
57 0.33 147.32 bad
193 0.13 599.56 bad
4 0.54 173.53 bad
22 0.28 188.48 bad
3 0.33 116.65 bad
53 0.30 249.84 bad
65 0.23 95.46 bad
49 0.27 208.64 bad
4 0.20 25.57 bad
218 0.16 191.97 good
141 0.16 444.03 good
121 0.26 288.02 bad
4 0.46 128.84 bad
100 0.28 282.28 good
7 0.26 198.40 good
253 0.34 243.27 bad
65 0.26 286.97 bad
6 0.50 664.54 bad
98 0.19 385.10 good
102 0.27 114.14 good
188 0.15 72.91 bad
34 0.36 170.95 bad
31 0.28 131.59 bad
25 0.36 164.81 bad
76 0.35 125.49 bad
7 0.42 138.45 good
5 0.45 132.92 bad
112 0.39 387.39 bad
274 0.20 297.36 good
15 0.20 75.21 good
126 0.28 313.76 bad
32 0.37 502.72 good
57 0.29 101.09 good
149 0.08 1797.82 good
146 0.22 319.05 good
108 0.13 82.37 good
510 0.16 209.65 good
11 0.28 73.99 bad
5 0.13 58.14 good
293 0.24 234.30 bad
303 0.15 478.73 good
53 0.22 56.35 bad
7 0.07 361.68 bad
42 0.22 86.23 bad
103 0.27 97.95 bad
28 0.45 909.70 bad
26 0.19 40.59 good
178 0.23 113.50 good
5 0.35 158.29 bad
125 0.16 105.22 bad
12 0.28 62.68 good