BookWordCount TwoStarRate FourStarRate Class
94
0 1 3 4 6 9 12 13 14 19 20 22 24 25 26 28 29 30 31 32 34 38 39 40 41 43 44 45 48 49 53 54 56 59 60 61 65 67 68 69 70 71 72 73 75 77 80 81 82 83 85 86 87 90 91 93 95 99 100 103 105 106 107 109 110 112 113 114 115 117 118 119 121 124 125 127 128 129 130 131 132 133 136 138 139 140 145 146 147 148 149 150 151 153
177.20 0.15 0.30 good
289.90 0.08 0.36 good
52.30 0.12 0.27 bad
139.00 0.09 0.25 bad
59.60 0.14 0.18 good
21.30 0.18 0.30 bad
21.80 0.08 0.08 bad
27.50 0.24 0.13 bad
123.80 0.14 0.19 good
122.40 0.18 0.22 bad
82.30 0.20 0.20 good
77.70 0.15 0.28 bad
74.80 0.21 0.13 bad
35.90 0.20 0.00 bad
62.70 0.09 0.18 bad
53.00 0.11 0.31 bad
233.90 0.10 0.20 good
150.70 0.18 0.14 bad
78.00 0.30 0.19 good
51.10 0.09 0.39 bad
154.60 0.30 0.13 bad
80.20 0.35 0.17 bad
22.80 0.26 0.05 bad
153.10 0.12 0.33 good
168.40 0.14 0.29 good
74.40 0.13 0.14 good
296.80 0.07 0.16 good
380.50 0.20 0.23 bad
281.40 0.09 0.33 bad
44.50 0.10 0.23 bad
53.70 0.33 0.00 bad
13.00 0.05 0.21 good
40.40 0.20 0.10 good
133.40 0.21 0.21 good
45.10 0.21 0.20 bad
17.00 0.08 0.44 good
72.20 0.28 0.07 bad
16.80 0.06 0.25 good
79.60 0.11 0.30 bad
7.30 0.05 0.42 bad
55.40 0.10 0.32 bad
98.90 0.12 0.25 bad
390.00 0.08 0.20 good
68.60 0.11 0.39 bad
39.60 0.10 0.30 good
1070.70 0.07 0.27 bad
144.70 0.03 0.19 bad
87.70 0.08 0.08 bad
183.00 0.41 0.05 bad
40.80 0.17 0.22 bad
87.20 0.19 0.24 good
129.90 0.03 0.27 bad
112.10 0.09 0.19 bad
50.40 0.13 0.07 bad
126.20 0.08 0.28 good
90.50 0.08 0.34 bad
99.00 0.23 0.00 bad
181.90 0.12 0.26 bad
59.90 0.02 0.27 bad
21.40 0.08 0.26 bad
198.70 0.08 0.33 good
64.40 0.14 0.24 good
310.00 0.12 0.17 bad
101.10 0.14 0.24 bad
133.50 0.21 0.24 bad
107.80 0.20 0.15 bad
247.80 0.13 0.21 bad
31.70 0.02 0.23 bad
119.20 0.19 0.19 bad
59.10 0.11 0.14 bad
92.20 0.11 0.30 bad
427.70 0.06 0.33 good
145.90 0.30 0.08 bad
223.00 0.19 0.20 good
65.70 0.02 0.20 good
34.20 0.06 0.26 good
296.70 0.08 0.23 good
322.80 0.07 0.26 good
46.30 0.13 0.16 bad
195.70 0.41 0.11 good
237.20 0.14 0.35 good
145.80 0.13 0.33 bad
72.70 0.24 0.05 bad
212.90 0.10 0.19 bad
130.30 0.07 0.36 good
43.40 0.30 0.54 bad
62.30 0.10 0.33 bad
477.20 0.09 0.37 good
154.00 0.22 0.09 good
209.90 0.03 0.06 bad
382.10 0.18 0.26 good
44.60 0.15 0.20 bad
93.00 0.07 0.19 bad
73.20 0.22 0.22 good