TwoStarRate FiveStarRate Quartile Class
102
0 2 3 4 5 7 10 13 14 15 17 19 20 21 22 23 24 27 29 30 31 33 34 35 38 39 40 41 42 45 47 50 52 53 54 55 57 59 60 61 65 66 68 70 71 72 73 74 75 76 77 78 79 83 84 86 87 88 89 90 93 94 95 96 99 100 101 102 104 106 108 109 111 112 114 115 116 118 119 124 126 127 128 129 130 131 132 133 134 135 138 140 141 142 143 147 148 149 150 151 152 153
0.15 0.15 4.00 good
0.10 0.15 2.00 bad
0.12 0.18 4.00 bad
0.09 0.10 4.00 bad
0.20 0.12 4.00 good
0.15 0.11 2.00 bad
0.26 0.09 4.00 bad
0.24 0.09 2.00 bad
0.14 0.20 6.00 good
0.13 0.23 4.00 bad
0.22 0.12 4.00 bad
0.18 0.28 6.00 bad
0.20 0.13 6.00 good
0.37 0.04 4.00 bad
0.15 0.11 2.00 bad
0.31 0.06 4.00 good
0.21 0.11 2.00 bad
0.17 0.05 4.00 good
0.10 0.36 4.00 good
0.18 0.11 6.00 bad
0.30 0.09 4.00 good
0.20 0.15 4.00 good
0.30 0.03 2.00 bad
0.12 0.21 6.00 good
0.35 0.13 4.00 bad
0.26 0.00 2.00 bad
0.12 0.19 2.00 good
0.14 0.17 2.00 good
0.17 0.11 6.00 bad
0.20 0.10 4.00 bad
0.28 0.08 4.00 bad
0.28 0.07 2.00 good
0.04 0.42 4.00 bad
0.33 0.10 2.00 bad
0.05 0.29 4.00 good
0.28 0.06 4.00 bad
0.07 0.18 4.00 bad
0.21 0.25 6.00 good
0.21 0.23 4.00 bad
0.08 0.21 2.00 good
0.28 0.07 4.00 bad
0.14 0.10 4.00 bad
0.11 0.22 2.00 bad
0.10 0.20 6.00 bad
0.12 0.17 4.00 bad
0.08 0.35 4.00 good
0.11 0.17 2.00 bad
0.22 0.04 4.00 bad
0.10 0.10 2.00 good
0.07 0.24 4.00 good
0.07 0.37 4.00 bad
0.10 0.16 4.00 bad
0.19 0.10 6.00 bad
0.17 0.22 4.00 bad
0.14 0.14 4.00 bad
0.03 0.26 4.00 bad
0.09 0.27 6.00 bad
0.10 0.30 6.00 good
0.17 0.17 4.00 bad
0.13 0.07 4.00 bad
0.08 0.21 2.00 bad
0.11 0.23 2.00 good
0.23 0.15 2.00 bad
0.11 0.17 2.00 good
0.12 0.17 2.00 bad
0.02 0.25 4.00 bad
0.10 0.27 4.00 bad
0.14 0.08 6.00 good
0.31 0.09 2.00 bad
0.14 0.16 4.00 good
0.02 0.63 2.00 good
0.14 0.10 4.00 bad
0.16 0.12 4.00 good
0.20 0.11 4.00 bad
0.02 0.60 2.00 bad
0.19 0.07 4.00 bad
0.12 0.17 4.00 good
0.11 0.11 2.00 bad
0.06 0.29 4.00 good
0.19 0.11 4.00 good
0.06 0.30 8.00 good
0.06 0.36 4.00 good
0.08 0.31 8.00 good
0.07 0.37 4.00 good
0.13 0.17 6.00 bad
0.41 0.06 4.00 good
0.14 0.13 4.00 good
0.13 0.04 4.00 bad
0.12 0.18 4.00 good
0.09 0.26 4.00 bad
0.10 0.18 6.00 bad
0.30 0.05 4.00 bad
0.03 0.15 2.00 bad
0.05 0.46 4.00 good
0.21 0.10 4.00 bad
0.22 0.02 4.00 good
0.03 0.08 0.00 bad
0.18 0.15 4.00 good
0.15 0.15 4.00 bad
0.07 0.37 6.00 bad
0.19 0.09 4.00 good
0.22 0.12 4.00 good