ThreeStarRate FiveStarRate Kurtosis Class
104
1 3 4 5 6 9 11 12 13 14 15 16 17 18 21 22 23 24 25 26 28 29 32 33 36 37 38 39 42 44 45 46 49 50 51 52 53 55 56 59 61 62 64 65 66 67 68 70 72 73 75 76 77 79 80 82 83 87 88 92 94 95 96 99 100 101 102 103 104 105 106 109 110 111 112 114 115 117 121 122 124 125 126 127 129 130 132 135 136 137 138 139 140 142 143 144 145 146 147 149 150 151 152 153
0.23 0.25 406.22 good
0.27 0.18 155.27 bad
0.33 0.10 113.07 bad
0.26 0.12 93.52 good
0.21 0.23 75.15 good
0.26 0.02 110.48 bad
0.40 0.16 491.68 bad
0.44 0.20 114.51 bad
0.39 0.09 156.17 bad
0.21 0.20 68.44 good
0.27 0.23 188.48 bad
0.23 0.14 87.54 good
0.20 0.12 80.31 bad
0.28 0.28 137.29 bad
0.16 0.04 66.70 bad
0.40 0.11 468.11 bad
0.28 0.06 78.49 good
0.36 0.11 114.10 bad
0.20 0.20 28.01 bad
0.43 0.19 249.04 bad
0.25 0.27 418.19 bad
0.22 0.36 194.89 good
0.31 0.13 404.81 bad
0.29 0.15 163.05 good
0.23 0.19 203.97 bad
0.20 0.28 948.64 bad
0.27 0.13 172.89 bad
0.16 0.00 53.89 bad
0.26 0.11 74.29 bad
0.11 0.23 29.34 good
0.30 0.10 135.14 bad
0.19 0.27 218.67 good
0.39 0.10 155.38 bad
0.32 0.07 119.73 good
0.37 0.07 339.26 bad
0.15 0.42 453.60 bad
0.14 0.10 31.11 bad
0.33 0.06 182.02 bad
0.32 0.13 74.03 good
0.21 0.25 148.52 good
0.25 0.21 1104.85 good
0.08 0.00 199.64 bad
0.21 0.02 59.06 bad
0.31 0.07 77.07 bad
0.43 0.10 204.65 bad
0.16 0.42 278.88 good
0.25 0.22 223.96 bad
0.04 0.20 49.13 bad
0.26 0.35 259.41 good
0.22 0.17 278.58 bad
0.40 0.10 344.01 good
0.15 0.24 159.36 good
0.22 0.37 440.27 bad
0.26 0.10 65.93 bad
0.13 0.58 599.56 bad
0.20 0.22 87.78 bad
0.28 0.22 188.48 bad
0.23 0.27 95.46 bad
0.18 0.30 118.81 good
0.16 0.42 444.03 good
0.23 0.23 299.63 good
0.46 0.15 128.84 bad
0.28 0.17 282.28 good
0.34 0.17 243.27 bad
0.34 0.25 297.05 bad
0.26 0.27 286.97 bad
0.26 0.08 65.28 good
0.50 0.11 664.54 bad
0.34 0.09 92.39 bad
0.19 0.31 385.10 good
0.27 0.16 114.14 good
0.36 0.10 170.95 bad
0.28 0.10 131.59 bad
0.26 0.12 113.09 good
0.30 0.11 84.03 bad
0.09 0.60 875.52 bad
0.35 0.07 125.49 bad
0.45 0.09 132.92 bad
0.32 0.02 102.63 bad
0.28 0.25 313.76 bad
0.29 0.11 101.09 good
0.08 0.67 1797.82 good
0.16 0.30 76.64 good
0.22 0.36 319.05 good
0.16 0.37 209.65 good
0.28 0.17 73.99 bad
0.25 0.13 212.10 good
0.24 0.26 234.30 bad
0.32 0.09 63.17 bad
0.15 0.38 478.73 good
0.22 0.18 56.35 bad
0.24 0.22 304.97 good
0.07 0.05 361.68 bad
0.15 0.46 364.52 good
0.22 0.10 86.23 bad
0.27 0.09 97.95 bad
0.45 0.08 909.70 bad
0.27 0.19 402.15 good
0.19 0.02 40.59 good
0.23 0.15 113.50 good
0.35 0.15 158.29 bad
0.16 0.37 105.22 bad
0.28 0.09 62.68 good
0.25 0.12 105.28 good