BookScoreCount ThreeStarRate Quartile Class
103
1 2 3 5 6 7 8 10 11 12 16 17 18 20 22 23 25 26 29 30 34 35 37 38 40 43 44 45 46 48 49 50 52 59 60 61 65 66 67 68 71 73 74 75 77 78 81 82 83 84 85 86 87 88 90 91 92 93 94 96 97 98 99 100 102 103 104 107 108 110 111 112 113 114 115 116 117 118 119 121 123 124 125 127 128 129 132 133 134 135 136 138 139 140 141 142 144 145 147 148 149 152 153
967 0.23 4.00 good
47 0.40 2.00 bad
129 0.27 4.00 bad
439 0.26 4.00 good
187 0.21 4.00 good
27 0.48 2.00 bad
177 0.30 4.00 bad
78 0.23 4.00 bad
51 0.40 2.00 bad
25 0.44 4.00 bad
119 0.23 4.00 good
36 0.20 4.00 bad
23 0.28 6.00 bad
112 0.15 6.00 good
159 0.40 2.00 bad
116 0.28 4.00 good
11 0.20 4.00 bad
100 0.43 2.00 bad
290 0.22 4.00 good
29 0.32 6.00 bad
97 0.39 2.00 bad
1909 0.18 6.00 good
216 0.20 4.00 bad
63 0.27 4.00 bad
495 0.24 2.00 good
81 0.24 6.00 good
1885 0.11 6.00 good
299 0.30 4.00 bad
108 0.19 4.00 good
1248 0.33 2.00 bad
72 0.39 4.00 bad
29 0.32 2.00 good
1780 0.15 4.00 bad
484 0.21 6.00 good
108 0.18 4.00 bad
86 0.25 2.00 good
82 0.31 4.00 bad
21 0.43 4.00 bad
90 0.16 4.00 good
153 0.25 2.00 bad
248 0.25 4.00 bad
19 0.22 2.00 bad
46 0.36 4.00 bad
21 0.40 2.00 good
745 0.22 4.00 bad
217 0.33 4.00 bad
25 0.54 2.00 bad
31 0.20 4.00 bad
104 0.28 4.00 bad
21 0.33 4.00 bad
356 0.15 6.00 good
222 0.30 4.00 bad
182 0.23 6.00 bad
1636 0.18 6.00 good
16 0.20 4.00 bad
654 0.16 4.00 good
527 0.16 4.00 good
396 0.26 2.00 bad
218 0.23 2.00 good
188 0.28 2.00 good
39 0.26 2.00 good
2113 0.22 4.00 good
942 0.34 2.00 bad
42 0.34 4.00 bad
225 0.26 6.00 good
29 0.50 2.00 bad
25 0.34 2.00 bad
1184 0.15 6.00 bad
5393 0.10 2.00 good
112 0.28 4.00 bad
182 0.26 4.00 good
201 0.30 4.00 bad
136 0.36 4.00 bad
1114 0.09 2.00 bad
282 0.35 4.00 bad
19 0.42 4.00 good
34 0.45 2.00 bad
274 0.39 2.00 bad
1575 0.20 4.00 good
59 0.32 4.00 bad
93 0.37 2.00 good
320 0.29 4.00 good
768 0.08 2.00 good
387 0.22 4.00 good
607 0.13 8.00 good
2063 0.16 4.00 good
614 0.25 4.00 good
23 0.33 4.00 bad
795 0.21 4.00 good
1310 0.24 4.00 bad
68 0.32 4.00 bad
328 0.22 6.00 bad
1100 0.24 2.00 good
21 0.07 4.00 bad
83 0.19 2.00 bad
2366 0.15 4.00 good
364 0.27 4.00 bad
61 0.45 2.00 bad
208 0.19 4.00 good
1080 0.04 0.00 bad
674 0.23 4.00 good
45 0.28 4.00 good
209 0.25 4.00 good