BookWordCount TwoStarRate Kurtosis Class
95
0 1 2 3 4 6 7 9 11 13 18 19 20 23 25 26 27 28 29 30 33 34 35 37 38 39 40 41 42 45 47 48 49 53 55 56 58 59 63 64 65 67 68 73 74 75 76 77 79 80 82 83 89 90 91 94 95 97 98 99 101 102 103 106 111 114 115 117 118 119 120 121 122 125 126 127 128 129 130 131 133 135 136 137 138 139 141 143 144 145 146 147 148 152 153
177.20 0.15 200.91 good
289.90 0.08 406.22 good
48.30 0.10 267.71 bad
52.30 0.12 155.27 bad
139.00 0.09 113.07 bad
59.60 0.14 75.15 good
38.90 0.15 181.37 bad
21.30 0.18 110.48 bad
13.40 0.04 491.68 bad
27.50 0.24 156.17 bad
24.10 0.17 137.29 bad
122.40 0.18 181.41 bad
82.30 0.20 48.29 good
122.20 0.31 78.49 good
35.90 0.20 28.01 bad
62.70 0.09 249.04 bad
147.20 0.17 40.03 good
53.00 0.11 418.19 bad
233.90 0.10 194.89 good
150.70 0.18 80.73 bad
178.90 0.20 163.05 good
154.60 0.30 192.82 bad
713.10 0.12 41.11 good
51.30 0.03 948.64 bad
80.20 0.35 172.89 bad
22.80 0.26 53.89 bad
153.10 0.12 227.23 good
168.40 0.14 389.04 good
300.10 0.17 74.29 bad
380.50 0.20 135.14 bad
49.70 0.28 85.63 bad
281.40 0.09 362.40 bad
44.50 0.10 155.38 bad
53.70 0.33 31.11 bad
106.40 0.28 182.02 bad
40.40 0.20 74.03 good
63.50 0.05 256.16 good
133.40 0.21 148.52 good
108.60 0.07 55.29 good
54.40 0.27 59.06 bad
72.20 0.28 77.07 bad
16.80 0.06 278.88 good
79.60 0.11 223.96 bad
68.60 0.11 278.58 bad
49.30 0.22 393.48 bad
39.60 0.10 344.01 good
46.20 0.07 159.36 good
1070.70 0.07 440.27 bad
131.20 0.19 65.93 bad
144.70 0.03 599.56 bad
183.00 0.41 87.78 bad
40.80 0.17 188.48 bad
153.20 0.17 208.64 bad
50.40 0.13 25.57 bad
126.20 0.08 191.97 good
63.70 0.11 299.63 good
99.00 0.23 128.84 bad
22.20 0.03 198.40 good
170.60 0.08 391.57 good
181.90 0.12 243.27 bad
219.60 0.10 286.97 bad
78.10 0.14 65.28 good
21.40 0.08 664.54 bad
64.40 0.14 114.14 good
148.90 0.16 113.09 good
31.70 0.02 875.52 bad
119.20 0.19 125.49 bad
59.10 0.11 132.92 bad
92.20 0.11 387.39 bad
427.70 0.06 297.36 good
85.80 0.18 75.21 good
145.90 0.30 102.63 bad
79.20 0.10 313.76 bad
65.70 0.02 1797.82 good
89.70 0.06 76.64 good
34.20 0.06 319.05 good
296.70 0.08 82.37 good
322.80 0.07 209.65 good
46.30 0.13 73.99 bad
195.70 0.41 58.14 good
145.80 0.13 194.01 bad
335.20 0.09 234.30 bad
72.70 0.24 63.17 bad
448.70 0.05 478.73 good
212.90 0.10 56.35 bad
130.30 0.07 304.97 good
25.10 0.03 311.51 bad
177.70 0.21 86.23 bad
319.70 0.25 97.95 bad
62.30 0.10 909.70 bad
477.20 0.09 402.15 good
154.00 0.22 40.59 good
209.90 0.03 9.99 bad
163.50 0.19 62.68 good
73.20 0.22 105.28 good