BookScoreCount Mode Quartile Class
96
1 5 7 9 10 11 12 14 16 17 19 20 21 22 23 24 25 26 27 29 30 32 33 34 36 37 40 41 42 43 44 49 50 52 53 54 55 59 60 61 63 64 67 68 69 70 71 72 73 75 76 77 80 82 86 87 89 91 92 93 95 97 98 99 100 101 102 104 105 106 108 109 110 113 114 117 120 121 124 125 126 127 128 133 136 138 139 141 142 144 146 147 148 150 152 153
967 8.00 4.00 good
439 6.00 4.00 good
27 6.00 2.00 bad
51 8.00 4.00 bad
78 8.00 4.00 bad
51 6.00 2.00 bad
25 6.00 4.00 bad
454 2.00 6.00 good
119 6.00 4.00 good
36 8.00 4.00 bad
250 10.00 6.00 bad
112 2.00 6.00 good
44 4.00 4.00 bad
159 6.00 2.00 bad
116 4.00 4.00 good
70 6.00 2.00 bad
11 2.00 4.00 bad
100 6.00 2.00 bad
150 2.00 4.00 good
290 10.00 4.00 good
29 6.00 6.00 bad
292 8.00 2.00 bad
192 6.00 4.00 good
97 6.00 2.00 bad
223 8.00 2.00 bad
216 8.00 4.00 bad
495 8.00 2.00 good
670 6.00 2.00 good
686 2.00 6.00 bad
81 2.00 6.00 good
1885 2.00 6.00 good
72 6.00 4.00 bad
29 6.00 2.00 good
1780 10.00 4.00 bad
22 2.00 2.00 bad
43 6.00 4.00 good
55 6.00 4.00 bad
484 10.00 6.00 good
108 10.00 4.00 bad
86 8.00 2.00 good
91 2.00 8.00 good
45 2.00 4.00 bad
90 10.00 4.00 good
153 8.00 2.00 bad
20 8.00 2.00 bad
51 2.00 6.00 bad
248 8.00 4.00 bad
956 10.00 4.00 good
19 8.00 2.00 bad
21 6.00 2.00 good
429 8.00 4.00 good
745 10.00 4.00 bad
714 10.00 2.00 bad
31 4.00 4.00 bad
222 6.00 4.00 bad
182 10.00 6.00 bad
145 8.00 4.00 bad
654 10.00 4.00 good
527 10.00 4.00 good
396 8.00 2.00 bad
13 6.00 2.00 bad
39 8.00 2.00 good
2113 8.00 4.00 good
942 6.00 2.00 bad
42 6.00 4.00 bad
219 10.00 4.00 bad
225 2.00 6.00 good
25 6.00 2.00 bad
339 8.00 4.00 good
349 6.00 4.00 good
5393 10.00 2.00 good
88 6.00 4.00 bad
112 6.00 4.00 bad
136 6.00 4.00 bad
1114 10.00 2.00 bad
34 6.00 2.00 bad
45 8.00 6.00 good
59 6.00 4.00 bad
320 6.00 4.00 good
768 10.00 2.00 good
353 10.00 8.00 good
387 10.00 4.00 good
607 10.00 8.00 good
23 8.00 4.00 bad
68 6.00 4.00 bad
328 2.00 6.00 bad
1100 8.00 2.00 good
83 8.00 2.00 bad
2366 10.00 4.00 good
364 6.00 4.00 bad
2356 8.00 2.00 good
208 2.00 4.00 good
1080 2.00 0.00 bad
21 6.00 4.00 bad
45 2.00 4.00 good
209 6.00 4.00 good