BookWordCount FiveStarRate Median Class
95
3 4 5 7 11 14 17 20 21 22 24 25 26 27 28 30 31 33 34 36 37 38 40 41 43 46 47 48 50 51 52 54 55 56 57 62 65 66 68 69 70 71 72 73 74 75 77 79 82 83 84 86 87 90 91 93 94 95 96 97 100 101 103 105 106 107 108 111 112 113 114 117 118 120 121 122 124 125 126 129 131 132 134 135 137 138 139 141 142 144 146 148 149 151 152
52.30 0.18 6.00 bad
139.00 0.10 6.00 bad
158.50 0.12 6.00 good
38.90 0.11 6.00 bad
13.40 0.16 6.00 bad
123.80 0.20 6.00 good
33.60 0.12 6.00 bad
82.30 0.13 4.00 good
74.10 0.04 4.00 bad
77.70 0.11 6.00 bad
74.80 0.11 6.00 bad
35.90 0.20 4.00 bad
62.70 0.19 6.00 bad
147.20 0.05 4.00 good
53.00 0.27 8.00 bad
150.70 0.11 6.00 bad
78.00 0.09 6.00 good
178.90 0.15 6.00 good
154.60 0.03 6.00 bad
87.00 0.19 8.00 bad
51.30 0.28 8.00 bad
80.20 0.13 6.00 bad
153.10 0.19 8.00 good
168.40 0.17 6.00 good
74.40 0.14 6.00 good
123.50 0.27 8.00 good
49.70 0.08 4.00 bad
281.40 0.17 6.00 bad
51.90 0.07 6.00 good
84.60 0.07 6.00 bad
76.10 0.42 8.00 bad
13.00 0.29 6.00 good
106.40 0.06 6.00 bad
40.40 0.13 6.00 good
293.40 0.18 6.00 bad
49.60 0.00 4.00 bad
72.20 0.07 4.00 bad
34.80 0.10 6.00 bad
79.60 0.22 8.00 bad
7.30 0.21 8.00 bad
55.40 0.20 8.00 bad
98.90 0.17 6.00 bad
390.00 0.35 8.00 good
68.60 0.17 8.00 bad
49.30 0.04 6.00 bad
39.60 0.10 6.00 good
1070.70 0.37 8.00 bad
131.20 0.10 6.00 bad
183.00 0.22 4.00 bad
40.80 0.22 6.00 bad
30.00 0.14 6.00 bad
129.90 0.26 8.00 bad
112.10 0.27 6.00 bad
50.40 0.07 2.00 bad
126.20 0.34 8.00 good
90.50 0.21 8.00 bad
63.70 0.23 8.00 good
99.00 0.15 6.00 bad
34.10 0.17 8.00 good
22.20 0.13 8.00 good
59.90 0.25 8.00 bad
219.60 0.27 8.00 bad
21.40 0.11 6.00 bad
198.70 0.31 8.00 good
64.40 0.16 6.00 good
310.00 0.31 6.00 bad
446.50 0.63 10.00 good
148.90 0.12 6.00 good
107.80 0.11 6.00 bad
247.80 0.14 6.00 bad
31.70 0.60 10.00 bad
59.10 0.09 6.00 bad
92.20 0.11 6.00 bad
85.80 0.11 6.00 good
145.90 0.02 4.00 bad
79.20 0.25 8.00 bad
223.00 0.11 6.00 good
65.70 0.67 10.00 good
89.70 0.30 8.00 good
322.80 0.37 8.00 good
195.70 0.06 4.00 good
237.20 0.13 6.00 good
179.50 0.18 8.00 good
335.20 0.26 8.00 bad
448.70 0.38 8.00 good
212.90 0.18 6.00 bad
130.30 0.22 8.00 good
25.10 0.15 8.00 bad
518.00 0.46 8.00 good
319.70 0.09 6.00 bad
477.20 0.19 8.00 good
209.90 0.08 2.00 bad
382.10 0.15 6.00 good
93.00 0.37 8.00 bad
163.50 0.09 6.00 good