FiveStarRate Quartile Kurtosis Class
102
3 4 5 6 7 9 11 12 13 16 17 19 21 23 24 25 26 27 28 29 31 32 33 34 35 36 37 38 41 42 43 44 45 46 47 48 51 52 53 55 56 58 59 60 61 62 63 64 65 67 68 73 74 76 77 78 82 83 87 89 91 93 94 99 100 101 102 103 104 105 106 107 109 111 112 113 114 115 117 119 122 123 124 125 126 127 128 131 132 134 135 136 138 139 140 141 143 145 150 151 152 153
0.18 4.00 155.27 bad
0.10 4.00 113.07 bad
0.12 4.00 93.52 good
0.23 4.00 75.15 good
0.11 2.00 181.37 bad
0.02 4.00 110.48 bad
0.16 2.00 491.68 bad
0.20 4.00 114.51 bad
0.09 2.00 156.17 bad
0.14 4.00 87.54 good
0.12 4.00 80.31 bad
0.28 6.00 181.41 bad
0.04 4.00 66.70 bad
0.06 4.00 78.49 good
0.11 2.00 114.10 bad
0.20 4.00 28.01 bad
0.19 2.00 249.04 bad
0.05 4.00 40.03 good
0.27 4.00 418.19 bad
0.36 4.00 194.89 good
0.09 4.00 211.54 good
0.13 2.00 404.81 bad
0.15 4.00 163.05 good
0.03 2.00 192.82 bad
0.21 6.00 41.11 good
0.19 2.00 203.97 bad
0.28 4.00 948.64 bad
0.13 4.00 172.89 bad
0.17 2.00 389.04 good
0.11 6.00 74.29 bad
0.14 6.00 44.83 good
0.23 6.00 29.34 good
0.10 4.00 135.14 bad
0.27 4.00 218.67 good
0.08 4.00 85.63 bad
0.17 2.00 362.40 bad
0.07 4.00 339.26 bad
0.42 4.00 453.60 bad
0.10 2.00 31.11 bad
0.06 4.00 182.02 bad
0.13 4.00 74.03 good
0.37 4.00 256.16 good
0.25 6.00 148.52 good
0.23 4.00 95.85 bad
0.21 2.00 1104.85 good
0.00 4.00 199.64 bad
0.30 8.00 55.29 good
0.02 4.00 59.06 bad
0.07 4.00 77.07 bad
0.42 4.00 278.88 good
0.22 2.00 223.96 bad
0.17 2.00 278.58 bad
0.04 4.00 393.48 bad
0.24 4.00 159.36 good
0.37 4.00 440.27 bad
0.16 4.00 147.32 bad
0.22 4.00 87.78 bad
0.22 4.00 188.48 bad
0.27 6.00 95.46 bad
0.17 4.00 208.64 bad
0.34 4.00 191.97 good
0.21 2.00 288.02 bad
0.23 2.00 299.63 good
0.17 2.00 243.27 bad
0.25 4.00 297.05 bad
0.27 4.00 286.97 bad
0.08 6.00 65.28 good
0.11 2.00 664.54 bad
0.09 2.00 92.39 bad
0.31 4.00 385.10 good
0.16 4.00 114.14 good
0.31 6.00 72.91 bad
0.10 4.00 170.95 bad
0.12 4.00 113.09 good
0.11 4.00 84.03 bad
0.14 4.00 164.81 bad
0.60 2.00 875.52 bad
0.07 4.00 125.49 bad
0.09 2.00 132.92 bad
0.29 4.00 297.36 good
0.25 4.00 313.76 bad
0.20 2.00 502.72 good
0.11 4.00 101.09 good
0.67 2.00 1797.82 good
0.30 8.00 76.64 good
0.36 4.00 319.05 good
0.31 8.00 82.37 good
0.06 4.00 58.14 good
0.13 4.00 212.10 good
0.18 4.00 176.74 good
0.26 4.00 234.30 bad
0.09 4.00 63.17 bad
0.18 6.00 56.35 bad
0.22 2.00 304.97 good
0.05 4.00 361.68 bad
0.15 2.00 311.51 bad
0.10 4.00 86.23 bad
0.08 2.00 909.70 bad
0.15 4.00 158.29 bad
0.37 6.00 105.22 bad
0.09 4.00 62.68 good
0.12 4.00 105.28 good