BookWordCount AddListCount FourStarRate Class
100
0 1 2 7 8 9 10 11 12 14 16 18 21 22 23 24 26 27 28 31 32 34 35 36 38 40 41 42 43 44 46 49 52 53 55 56 58 59 60 61 62 63 64 67 68 70 71 72 73 74 75 76 77 78 80 81 83 86 87 88 89 90 91 93 94 95 96 99 100 101 102 103 104 105 108 109 111 112 113 114 115 116 121 122 123 127 128 131 134 135 136 139 140 141 142 144 145 147 152 153
177.20 214 0.30 good
289.90 492 0.36 good
48.30 12 0.24 bad
38.90 8 0.11 bad
143.50 53 0.22 bad
21.30 14 0.30 bad
82.50 25 0.27 bad
13.40 15 0.32 bad
21.80 12 0.08 bad
123.80 136 0.19 good
135.80 25 0.20 good
24.10 7 0.14 bad
74.10 12 0.14 bad
77.70 61 0.28 bad
122.20 32 0.08 good
74.80 23 0.13 bad
62.70 32 0.18 bad
147.20 31 0.15 good
53.00 73 0.31 bad
78.00 6 0.19 good
51.10 111 0.39 bad
154.60 24 0.13 bad
713.10 254 0.14 good
87.00 63 0.34 bad
80.20 19 0.17 bad
153.10 172 0.33 good
168.40 289 0.29 good
300.10 215 0.20 bad
74.40 18 0.14 good
296.80 242 0.16 good
123.50 28 0.33 good
44.50 13 0.23 bad
76.10 446 0.30 bad
53.70 1 0.00 bad
106.40 11 0.20 bad
40.40 13 0.10 good
63.50 70 0.30 good
133.40 138 0.21 good
45.10 19 0.20 bad
17.00 33 0.44 good
49.60 3 0.34 bad
108.60 21 0.20 good
54.40 10 0.14 bad
16.80 17 0.25 good
79.60 45 0.30 bad
55.40 2 0.32 bad
98.90 119 0.25 bad
390.00 180 0.20 good
68.60 8 0.39 bad
49.30 16 0.31 bad
39.60 8 0.30 good
46.20 110 0.36 good
1070.70 183 0.27 bad
70.00 57 0.24 bad
144.70 193 0.19 bad
87.70 4 0.08 bad
40.80 22 0.22 bad
129.90 53 0.27 bad
112.10 65 0.19 bad
315.30 321 0.23 good
153.20 49 0.28 bad
50.40 4 0.07 bad
126.20 218 0.28 good
90.50 121 0.34 bad
63.70 57 0.33 good
99.00 4 0.00 bad
34.10 100 0.33 good
181.90 253 0.26 bad
59.90 8 0.27 bad
219.60 65 0.27 bad
78.10 39 0.21 good
21.40 6 0.26 bad
150.50 5 0.04 bad
198.70 98 0.33 good
446.50 1586 0.20 good
101.10 34 0.24 bad
148.90 53 0.26 good
107.80 63 0.15 bad
247.80 25 0.21 bad
31.70 218 0.23 bad
119.20 76 0.19 bad
118.30 7 0.12 good
145.90 14 0.08 bad
79.20 126 0.29 bad
153.40 32 0.30 good
34.20 146 0.26 good
296.70 108 0.23 good
195.70 5 0.11 good
179.50 168 0.34 good
335.20 293 0.29 bad
72.70 9 0.05 bad
130.30 206 0.36 good
43.40 7 0.54 bad
25.10 19 0.49 bad
518.00 365 0.24 good
319.70 103 0.18 bad
62.30 28 0.33 bad
154.00 26 0.09 good
163.50 12 0.14 good
73.20 50 0.22 good