BookScoreCount TwoStarRate Mode Class
102
0 3 4 5 7 8 14 15 17 19 20 21 23 24 26 27 30 33 34 35 37 38 40 41 42 43 45 46 47 48 49 50 53 54 55 57 58 59 60 62 63 64 65 66 67 68 69 70 74 76 77 78 80 81 87 88 89 90 91 92 93 95 96 97 99 100 101 103 106 108 109 110 111 112 113 114 115 117 118 121 122 123 124 125 126 128 129 130 133 135 136 137 139 140 141 143 144 145 146 147 151 152
568 0.15 8.00 good
129 0.12 8.00 bad
78 0.09 6.00 bad
439 0.20 6.00 good
27 0.15 6.00 bad
177 0.16 6.00 bad
454 0.14 2.00 good
658 0.13 6.00 bad
36 0.22 8.00 bad
250 0.18 10.00 bad
112 0.20 2.00 good
44 0.37 4.00 bad
116 0.31 4.00 good
70 0.21 6.00 bad
100 0.09 6.00 bad
150 0.17 2.00 good
29 0.18 6.00 bad
192 0.20 6.00 good
97 0.30 6.00 bad
1909 0.12 2.00 good
216 0.03 8.00 bad
63 0.35 4.00 bad
495 0.12 8.00 good
670 0.14 6.00 good
686 0.17 2.00 bad
81 0.13 2.00 good
299 0.20 6.00 bad
108 0.07 8.00 good
79 0.28 4.00 bad
1248 0.09 8.00 bad
72 0.10 6.00 bad
29 0.28 6.00 good
22 0.33 2.00 bad
43 0.05 6.00 good
55 0.28 6.00 bad
2109 0.07 8.00 bad
461 0.05 10.00 good
484 0.21 10.00 good
108 0.21 10.00 bad
13 0.50 4.00 bad
91 0.07 2.00 good
45 0.27 2.00 bad
82 0.28 6.00 bad
21 0.14 6.00 bad
90 0.06 10.00 good
153 0.11 8.00 bad
20 0.05 8.00 bad
51 0.10 2.00 bad
46 0.22 6.00 bad
429 0.07 8.00 good
745 0.07 10.00 bad
217 0.10 6.00 bad
714 0.03 10.00 bad
25 0.08 6.00 bad
182 0.09 10.00 bad
1636 0.10 10.00 good
145 0.17 8.00 bad
16 0.13 2.00 bad
654 0.08 10.00 good
527 0.04 10.00 good
396 0.08 8.00 bad
13 0.23 6.00 bad
188 0.11 8.00 good
39 0.03 8.00 good
942 0.12 6.00 bad
42 0.02 6.00 bad
219 0.10 10.00 bad
29 0.08 6.00 bad
349 0.14 6.00 good
5393 0.02 10.00 good
88 0.14 6.00 bad
112 0.21 6.00 bad
182 0.16 8.00 good
201 0.20 6.00 bad
136 0.13 6.00 bad
1114 0.02 10.00 bad
282 0.19 6.00 bad
34 0.11 6.00 bad
274 0.11 6.00 bad
59 0.30 6.00 bad
385 0.10 8.00 bad
93 0.08 6.00 good
320 0.19 6.00 good
768 0.02 10.00 good
353 0.06 10.00 good
607 0.08 10.00 good
2063 0.07 10.00 good
82 0.13 6.00 bad
23 0.13 8.00 bad
1310 0.09 8.00 bad
68 0.24 6.00 bad
1641 0.05 10.00 good
1100 0.07 8.00 good
21 0.30 8.00 bad
83 0.03 8.00 bad
153 0.21 8.00 bad
364 0.25 6.00 bad
61 0.10 6.00 bad
2356 0.09 8.00 good
208 0.22 2.00 good
638 0.07 10.00 bad
45 0.19 2.00 good