BookWordCount BookScoreCount Kurtosis Class
98
0 1 2 3 4 5 7 8 9 14 15 16 17 18 19 21 22 23 24 25 26 28 30 31 32 35 37 39 40 41 42 43 44 45 48 49 50 52 53 54 56 57 59 60 62 63 64 65 67 68 70 72 76 77 78 84 86 87 88 89 90 92 93 94 96 97 98 99 102 104 106 107 109 110 111 112 113 115 116 117 118 119 120 122 125 128 129 135 136 139 142 143 144 145 146 147 148 152
177.20 568 200.91 good
289.90 967 406.22 good
48.30 47 267.71 bad
52.30 129 155.27 bad
139.00 78 113.07 bad
158.50 439 93.52 good
38.90 27 181.37 bad
143.50 177 196.73 bad
21.30 51 110.48 bad
123.80 454 68.44 good
257.20 658 188.48 bad
135.80 119 87.54 good
33.60 36 80.31 bad
24.10 23 137.29 bad
122.40 250 181.41 bad
74.10 44 66.70 bad
77.70 159 468.11 bad
122.20 116 78.49 good
74.80 70 114.10 bad
35.90 11 28.01 bad
62.70 100 249.04 bad
53.00 263 418.19 bad
150.70 29 80.73 bad
78.00 44 211.54 good
51.10 292 404.81 bad
713.10 1909 41.11 good
51.30 216 948.64 bad
22.80 20 53.89 bad
153.10 495 227.23 good
168.40 670 389.04 good
300.10 686 74.29 bad
74.40 81 44.83 good
296.80 1885 29.34 good
380.50 299 135.14 bad
281.40 1248 362.40 bad
44.50 72 155.38 bad
51.90 29 119.73 good
76.10 1780 453.60 bad
53.70 22 31.11 bad
13.00 43 245.77 good
40.40 80 74.03 good
293.40 2109 94.54 bad
133.40 484 148.52 good
45.10 108 95.85 bad
49.60 13 199.64 bad
108.60 91 55.29 good
54.40 45 59.06 bad
72.20 82 77.07 bad
16.80 90 278.88 good
79.60 153 223.96 bad
55.40 51 49.13 bad
390.00 956 259.41 good
46.20 429 159.36 good
1070.70 745 440.27 bad
70.00 217 147.32 bad
30.00 21 116.65 bad
129.90 222 249.84 bad
112.10 182 95.46 bad
315.30 1636 118.81 good
153.20 145 208.64 bad
50.40 16 25.57 bad
116.50 527 444.03 good
90.50 396 288.02 bad
63.70 218 299.63 good
34.10 188 282.28 good
22.20 39 198.40 good
170.60 2113 391.57 good
181.90 942 243.27 bad
78.10 225 65.28 good
150.50 25 92.39 bad
64.40 349 114.14 good
310.00 1184 72.91 bad
101.10 88 170.95 bad
133.50 112 131.59 bad
148.90 182 113.09 good
107.80 201 84.03 bad
247.80 136 164.81 bad
119.20 282 125.49 bad
118.30 19 138.45 good
59.10 34 132.92 bad
92.20 274 387.39 bad
427.70 1575 297.36 good
85.80 45 75.21 good
79.20 385 313.76 bad
65.70 768 1797.82 good
296.70 607 82.37 good
322.80 2063 209.65 good
335.20 1310 234.30 bad
72.70 68 63.17 bad
130.30 1100 304.97 good
518.00 2366 364.52 good
177.70 153 86.23 bad
319.70 364 97.95 bad
62.30 61 909.70 bad
477.20 2356 402.15 good
154.00 208 40.59 good
209.90 1080 9.99 bad
163.50 45 62.68 good