TwoStarRate Quartile Kurtosis Class
102
1 3 4 6 8 10 11 12 13 16 17 18 19 20 23 25 26 27 28 29 30 31 32 34 35 36 39 41 43 44 45 46 47 48 49 51 52 60 61 62 63 64 67 69 70 71 72 73 75 76 77 80 81 82 84 86 87 88 89 90 91 93 94 95 96 97 98 100 102 103 104 105 107 109 111 113 114 115 116 117 119 122 123 125 126 127 128 129 130 131 132 133 134 135 136 137 139 142 145 146 147 153
0.08 4.00 406.22 good
0.12 4.00 155.27 bad
0.09 4.00 113.07 bad
0.14 4.00 75.15 good
0.16 4.00 196.73 bad
0.26 4.00 143.84 bad
0.04 2.00 491.68 bad
0.08 4.00 114.51 bad
0.24 2.00 156.17 bad
0.22 4.00 87.54 good
0.22 4.00 80.31 bad
0.17 6.00 137.29 bad
0.18 6.00 181.41 bad
0.20 6.00 48.29 good
0.31 4.00 78.49 good
0.20 4.00 28.01 bad
0.09 2.00 249.04 bad
0.17 4.00 40.03 good
0.11 4.00 418.19 bad
0.10 4.00 194.89 good
0.18 6.00 80.73 bad
0.30 4.00 211.54 good
0.09 2.00 404.81 bad
0.30 2.00 192.82 bad
0.12 6.00 41.11 good
0.10 2.00 203.97 bad
0.26 2.00 53.89 bad
0.14 2.00 389.04 good
0.13 6.00 44.83 good
0.07 6.00 29.34 good
0.20 4.00 135.14 bad
0.07 4.00 218.67 good
0.28 4.00 85.63 bad
0.09 2.00 362.40 bad
0.10 4.00 155.38 bad
0.30 4.00 339.26 bad
0.04 4.00 453.60 bad
0.21 4.00 95.85 bad
0.08 2.00 1104.85 good
0.50 4.00 199.64 bad
0.07 8.00 55.29 good
0.27 4.00 59.06 bad
0.06 4.00 278.88 good
0.05 2.00 758.93 bad
0.10 6.00 49.13 bad
0.12 4.00 106.33 bad
0.08 4.00 259.41 good
0.11 2.00 278.58 bad
0.10 2.00 344.01 good
0.07 4.00 159.36 good
0.07 4.00 440.27 bad
0.03 2.00 599.56 bad
0.08 2.00 173.53 bad
0.41 4.00 87.78 bad
0.14 4.00 116.65 bad
0.03 4.00 249.84 bad
0.09 6.00 95.46 bad
0.10 6.00 118.81 good
0.17 4.00 208.64 bad
0.13 4.00 25.57 bad
0.08 4.00 191.97 good
0.08 2.00 288.02 bad
0.11 2.00 299.63 good
0.23 2.00 128.84 bad
0.11 2.00 282.28 good
0.03 2.00 198.40 good
0.08 4.00 391.57 good
0.02 4.00 297.05 bad
0.14 6.00 65.28 good
0.08 2.00 664.54 bad
0.31 2.00 92.39 bad
0.08 4.00 385.10 good
0.12 6.00 72.91 bad
0.14 4.00 170.95 bad
0.16 4.00 113.09 good
0.13 4.00 164.81 bad
0.02 2.00 875.52 bad
0.19 4.00 125.49 bad
0.12 4.00 138.45 good
0.11 2.00 132.92 bad
0.06 4.00 297.36 good
0.10 4.00 313.76 bad
0.08 2.00 502.72 good
0.02 2.00 1797.82 good
0.06 8.00 76.64 good
0.06 4.00 319.05 good
0.08 8.00 82.37 good
0.07 4.00 209.65 good
0.13 6.00 73.99 bad
0.41 4.00 58.14 good
0.14 4.00 212.10 good
0.13 4.00 194.01 bad
0.12 4.00 176.74 good
0.09 4.00 234.30 bad
0.24 4.00 63.17 bad
0.05 4.00 478.73 good
0.07 2.00 304.97 good
0.05 4.00 364.52 good
0.10 2.00 909.70 bad
0.09 2.00 402.15 good
0.22 4.00 40.59 good
0.22 4.00 105.28 good