BookWordCount ThreeStarRate FiveStarRate Class
101
0 1 2 3 4 5 6 7 8 9 10 11 12 14 15 16 20 21 23 24 30 31 32 33 36 38 39 40 41 42 43 44 45 47 49 50 53 54 55 57 60 62 63 65 67 68 70 71 72 73 75 76 79 81 82 83 85 86 88 89 90 91 92 93 94 95 96 97 99 101 102 103 104 105 107 109 112 113 114 115 116 118 121 122 123 125 127 131 132 135 137 138 140 141 143 144 147 148 150 151 152
177.20 0.28 0.15 good
289.90 0.23 0.25 good
48.30 0.40 0.15 bad
52.30 0.27 0.18 bad
139.00 0.33 0.10 bad
158.50 0.26 0.12 good
59.60 0.21 0.23 good
38.90 0.48 0.11 bad
143.50 0.30 0.21 bad
21.30 0.26 0.02 bad
82.50 0.23 0.09 bad
13.40 0.40 0.16 bad
21.80 0.44 0.20 bad
123.80 0.21 0.20 good
257.20 0.27 0.23 bad
135.80 0.23 0.14 good
82.30 0.15 0.13 good
74.10 0.16 0.04 bad
122.20 0.28 0.06 good
74.80 0.36 0.11 bad
150.70 0.32 0.11 bad
78.00 0.33 0.09 good
51.10 0.31 0.13 bad
178.90 0.29 0.15 good
87.00 0.23 0.19 bad
80.20 0.27 0.13 bad
22.80 0.16 0.00 bad
153.10 0.24 0.19 good
168.40 0.34 0.17 good
300.10 0.26 0.11 bad
74.40 0.24 0.14 good
296.80 0.11 0.23 good
380.50 0.30 0.10 bad
49.70 0.20 0.08 bad
44.50 0.39 0.10 bad
51.90 0.32 0.07 good
53.70 0.14 0.10 bad
13.00 0.33 0.29 good
106.40 0.33 0.06 bad
293.40 0.21 0.18 bad
45.10 0.18 0.23 bad
49.60 0.08 0.00 bad
108.60 0.12 0.30 good
72.20 0.31 0.07 bad
16.80 0.16 0.42 good
79.60 0.25 0.22 bad
55.40 0.04 0.20 bad
98.90 0.25 0.17 bad
390.00 0.26 0.35 good
68.60 0.22 0.17 bad
39.60 0.40 0.10 good
46.20 0.15 0.24 good
131.20 0.26 0.10 bad
87.70 0.54 0.13 bad
183.00 0.20 0.22 bad
40.80 0.28 0.22 bad
87.20 0.15 0.10 good
129.90 0.30 0.26 bad
315.30 0.18 0.30 good
153.20 0.27 0.17 bad
50.40 0.20 0.07 bad
126.20 0.16 0.34 good
116.50 0.16 0.42 good
90.50 0.26 0.21 bad
63.70 0.23 0.23 good
99.00 0.46 0.15 bad
34.10 0.28 0.17 good
22.20 0.26 0.13 good
181.90 0.34 0.17 bad
219.60 0.26 0.27 bad
78.10 0.26 0.08 good
21.40 0.50 0.11 bad
150.50 0.34 0.09 bad
198.70 0.19 0.31 good
310.00 0.15 0.31 bad
101.10 0.36 0.10 bad
107.80 0.30 0.11 bad
247.80 0.36 0.14 bad
31.70 0.09 0.60 bad
119.20 0.35 0.07 bad
118.30 0.42 0.17 good
92.20 0.39 0.11 bad
145.90 0.32 0.02 bad
79.20 0.28 0.25 bad
153.40 0.37 0.20 good
65.70 0.08 0.67 good
34.20 0.22 0.36 good
195.70 0.13 0.06 good
237.20 0.25 0.13 good
335.20 0.24 0.26 bad
448.70 0.15 0.38 good
212.90 0.22 0.18 bad
43.40 0.07 0.05 bad
25.10 0.19 0.15 bad
177.70 0.22 0.10 bad
319.70 0.27 0.09 bad
154.00 0.19 0.02 good
209.90 0.04 0.08 bad
44.60 0.35 0.15 bad
93.00 0.16 0.37 bad
163.50 0.28 0.09 good