TwoStarRate FourStarRate Quartile Class
100
0 2 5 6 7 8 9 10 11 15 16 17 18 20 22 23 24 25 26 28 29 30 31 33 35 36 37 38 39 41 43 44 45 47 49 50 53 56 59 60 61 64 65 66 67 68 70 71 72 75 76 77 80 83 84 85 88 89 90 92 93 94 96 97 98 99 101 102 103 104 106 108 110 111 112 114 115 116 119 120 121 122 124 125 126 127 129 133 135 136 138 139 141 142 143 144 146 147 151 153
0.15 0.30 4.00 good
0.10 0.24 2.00 bad
0.20 0.21 4.00 good
0.14 0.18 4.00 good
0.15 0.11 2.00 bad
0.16 0.22 4.00 bad
0.18 0.30 4.00 bad
0.26 0.27 4.00 bad
0.04 0.32 2.00 bad
0.13 0.25 4.00 bad
0.22 0.20 4.00 good
0.22 0.23 4.00 bad
0.17 0.14 6.00 bad
0.20 0.20 6.00 good
0.15 0.28 2.00 bad
0.31 0.08 4.00 good
0.21 0.13 2.00 bad
0.20 0.00 4.00 bad
0.09 0.18 2.00 bad
0.11 0.31 4.00 bad
0.10 0.20 4.00 good
0.18 0.14 6.00 bad
0.30 0.19 4.00 good
0.20 0.23 4.00 good
0.12 0.14 6.00 good
0.10 0.34 2.00 bad
0.03 0.44 4.00 bad
0.35 0.17 4.00 bad
0.26 0.05 2.00 bad
0.14 0.29 2.00 good
0.13 0.14 6.00 good
0.07 0.16 6.00 good
0.20 0.23 4.00 bad
0.28 0.22 4.00 bad
0.10 0.23 4.00 bad
0.28 0.14 2.00 good
0.33 0.00 2.00 bad
0.20 0.10 4.00 good
0.21 0.21 6.00 good
0.21 0.20 4.00 bad
0.08 0.44 2.00 good
0.27 0.14 4.00 bad
0.28 0.07 4.00 bad
0.14 0.19 4.00 bad
0.06 0.25 4.00 good
0.11 0.30 2.00 bad
0.10 0.32 6.00 bad
0.12 0.25 4.00 bad
0.08 0.20 4.00 good
0.10 0.30 2.00 good
0.07 0.36 4.00 good
0.07 0.27 4.00 bad
0.03 0.19 2.00 bad
0.17 0.22 4.00 bad
0.14 0.19 4.00 bad
0.19 0.24 6.00 good
0.10 0.23 6.00 good
0.17 0.28 4.00 bad
0.13 0.07 4.00 bad
0.04 0.29 4.00 good
0.08 0.34 2.00 bad
0.11 0.33 2.00 good
0.11 0.33 2.00 good
0.03 0.40 2.00 good
0.08 0.33 4.00 good
0.12 0.26 2.00 bad
0.10 0.27 4.00 bad
0.14 0.21 6.00 good
0.08 0.26 2.00 bad
0.31 0.04 2.00 bad
0.14 0.24 4.00 good
0.02 0.20 2.00 good
0.21 0.24 4.00 bad
0.16 0.26 4.00 good
0.20 0.15 4.00 bad
0.02 0.23 2.00 bad
0.19 0.19 4.00 bad
0.12 0.12 4.00 good
0.06 0.33 4.00 good
0.18 0.25 6.00 good
0.30 0.08 4.00 bad
0.10 0.29 4.00 bad
0.19 0.20 4.00 good
0.02 0.20 2.00 good
0.06 0.21 8.00 good
0.06 0.26 4.00 good
0.07 0.26 4.00 good
0.13 0.33 4.00 bad
0.09 0.29 4.00 bad
0.24 0.05 4.00 bad
0.10 0.19 6.00 bad
0.07 0.36 2.00 good
0.03 0.49 2.00 bad
0.05 0.24 4.00 good
0.21 0.24 4.00 bad
0.25 0.18 4.00 bad
0.09 0.37 2.00 good
0.22 0.09 4.00 good
0.07 0.19 6.00 bad
0.22 0.22 4.00 good