FourStarRate FiveStarRate Mode Class
96
0 5 6 7 9 10 13 15 16 17 19 21 22 23 25 26 28 30 33 34 35 38 39 40 42 43 45 47 48 49 51 52 53 57 59 60 62 66 67 70 71 73 74 75 76 78 80 83 84 85 86 87 88 89 90 91 92 94 95 98 99 100 101 102 103 105 106 108 112 115 118 119 122 124 125 126 128 129 132 133 134 135 136 137 138 139 140 141 142 144 145 146 147 149 150 152
0.30 0.15 8.00 good
0.21 0.12 6.00 good
0.18 0.23 2.00 good
0.11 0.11 6.00 bad
0.30 0.02 8.00 bad
0.27 0.09 8.00 bad
0.13 0.09 6.00 bad
0.25 0.23 6.00 bad
0.20 0.14 6.00 good
0.23 0.12 8.00 bad
0.22 0.28 10.00 bad
0.14 0.04 4.00 bad
0.28 0.11 6.00 bad
0.08 0.06 4.00 good
0.00 0.20 2.00 bad
0.18 0.19 6.00 bad
0.31 0.27 8.00 bad
0.14 0.11 6.00 bad
0.23 0.15 6.00 good
0.13 0.03 6.00 bad
0.14 0.21 2.00 good
0.17 0.13 4.00 bad
0.05 0.00 2.00 bad
0.33 0.19 8.00 good
0.20 0.11 2.00 bad
0.14 0.14 2.00 good
0.23 0.10 6.00 bad
0.22 0.08 4.00 bad
0.33 0.17 8.00 bad
0.23 0.10 6.00 bad
0.21 0.07 6.00 bad
0.30 0.42 10.00 bad
0.00 0.10 2.00 bad
0.29 0.18 8.00 bad
0.21 0.25 10.00 good
0.20 0.23 10.00 bad
0.34 0.00 4.00 bad
0.19 0.10 6.00 bad
0.25 0.42 10.00 good
0.32 0.20 2.00 bad
0.25 0.17 8.00 bad
0.39 0.17 8.00 bad
0.31 0.04 6.00 bad
0.30 0.10 6.00 good
0.36 0.24 8.00 good
0.24 0.16 6.00 bad
0.19 0.58 10.00 bad
0.22 0.22 6.00 bad
0.19 0.14 6.00 bad
0.24 0.10 2.00 good
0.27 0.26 6.00 bad
0.19 0.27 10.00 bad
0.23 0.30 10.00 good
0.28 0.17 8.00 bad
0.07 0.07 2.00 bad
0.28 0.34 10.00 good
0.29 0.42 10.00 good
0.33 0.23 8.00 good
0.00 0.15 6.00 bad
0.33 0.29 8.00 good
0.26 0.17 6.00 bad
0.27 0.25 6.00 bad
0.27 0.27 10.00 bad
0.21 0.08 2.00 good
0.26 0.11 6.00 bad
0.33 0.31 8.00 good
0.24 0.16 6.00 good
0.20 0.63 10.00 good
0.15 0.11 6.00 bad
0.19 0.07 6.00 bad
0.30 0.11 6.00 bad
0.33 0.29 8.00 good
0.29 0.25 8.00 bad
0.20 0.11 6.00 good
0.20 0.67 10.00 good
0.21 0.30 10.00 good
0.23 0.31 10.00 good
0.26 0.37 10.00 good
0.35 0.13 8.00 good
0.33 0.04 8.00 bad
0.34 0.18 8.00 good
0.29 0.26 8.00 bad
0.05 0.09 6.00 bad
0.33 0.38 10.00 good
0.19 0.18 2.00 bad
0.36 0.22 8.00 good
0.54 0.05 8.00 bad
0.49 0.15 8.00 bad
0.24 0.46 10.00 good
0.18 0.09 6.00 bad
0.33 0.08 6.00 bad
0.37 0.19 8.00 good
0.09 0.02 2.00 good
0.26 0.15 8.00 good
0.20 0.15 6.00 bad
0.14 0.09 2.00 good