BookScoreCount TwoStarRate Median Class
92
2 3 4 5 7 8 9 10 12 15 20 21 22 24 25 27 31 32 34 36 37 38 39 43 44 45 48 50 52 53 54 56 58 62 63 67 68 70 74 75 76 77 80 82 84 86 87 88 90 91 93 94 96 97 98 99 100 102 104 105 106 107 108 110 111 112 113 115 116 118 119 120 122 124 126 128 130 131 133 134 136 137 138 139 140 142 143 144 145 148 150 153
47 0.10 6.00 bad
129 0.12 6.00 bad
78 0.09 6.00 bad
439 0.20 6.00 good
27 0.15 6.00 bad
177 0.16 6.00 bad
51 0.18 6.00 bad
78 0.26 6.00 bad
25 0.08 6.00 bad
658 0.13 6.00 bad
112 0.20 4.00 good
44 0.37 4.00 bad
159 0.15 6.00 bad
70 0.21 6.00 bad
11 0.20 4.00 bad
150 0.17 4.00 good
44 0.30 6.00 good
292 0.09 8.00 bad
97 0.30 6.00 bad
223 0.10 8.00 bad
216 0.03 8.00 bad
63 0.35 6.00 bad
20 0.26 2.00 bad
81 0.13 6.00 good
1885 0.07 4.00 good
299 0.20 6.00 bad
1248 0.09 6.00 bad
29 0.28 6.00 good
1780 0.04 8.00 bad
22 0.33 4.00 bad
43 0.05 6.00 good
80 0.20 6.00 good
461 0.05 8.00 good
13 0.50 4.00 bad
91 0.07 6.00 good
90 0.06 8.00 good
153 0.11 8.00 bad
51 0.10 8.00 bad
46 0.22 6.00 bad
21 0.10 6.00 good
429 0.07 8.00 good
745 0.07 8.00 bad
714 0.03 10.00 bad
31 0.41 4.00 bad
21 0.14 6.00 bad
222 0.03 8.00 bad
182 0.09 6.00 bad
1636 0.10 8.00 good
16 0.13 2.00 bad
654 0.08 8.00 good
396 0.08 8.00 bad
218 0.11 8.00 good
188 0.11 8.00 good
39 0.03 8.00 good
2113 0.08 8.00 good
942 0.12 6.00 bad
42 0.02 8.00 bad
225 0.14 6.00 good
25 0.31 4.00 bad
339 0.08 8.00 good
349 0.14 6.00 good
1184 0.12 6.00 bad
5393 0.02 10.00 good
112 0.21 6.00 bad
182 0.16 6.00 good
201 0.20 6.00 bad
136 0.13 6.00 bad
282 0.19 6.00 bad
19 0.12 6.00 good
274 0.11 6.00 bad
1575 0.06 8.00 good
45 0.18 6.00 good
385 0.10 8.00 bad
320 0.19 6.00 good
353 0.06 8.00 good
607 0.08 8.00 good
82 0.13 6.00 bad
31 0.41 4.00 good
23 0.13 6.00 bad
795 0.12 8.00 good
68 0.24 4.00 bad
1641 0.05 8.00 good
328 0.10 6.00 bad
1100 0.07 8.00 good
21 0.30 8.00 bad
2366 0.05 8.00 good
153 0.21 6.00 bad
364 0.25 6.00 bad
61 0.10 6.00 bad
1080 0.03 2.00 bad
21 0.15 6.00 bad
209 0.22 6.00 good