BookScoreCount FiveStarRate Kurtosis Class
95
2 4 5 6 8 10 12 13 14 15 16 19 20 23 24 25 26 28 29 30 31 32 33 37 38 39 40 42 43 45 47 49 51 52 54 55 56 57 60 62 66 67 69 70 73 74 75 77 80 81 82 83 84 85 86 89 91 92 93 94 95 96 98 102 105 106 108 109 110 111 112 113 114 115 117 119 120 121 124 127 128 129 130 131 133 136 138 140 143 144 145 146 147 150 151
47 0.15 267.71 bad
78 0.10 113.07 bad
439 0.12 93.52 good
187 0.23 75.15 good
177 0.21 196.73 bad
78 0.09 143.84 bad
25 0.20 114.51 bad
48 0.09 156.17 bad
454 0.20 68.44 good
658 0.23 188.48 bad
119 0.14 87.54 good
250 0.28 181.41 bad
112 0.13 48.29 good
116 0.06 78.49 good
70 0.11 114.10 bad
11 0.20 28.01 bad
100 0.19 249.04 bad
263 0.27 418.19 bad
290 0.36 194.89 good
29 0.11 80.73 bad
44 0.09 211.54 good
292 0.13 404.81 bad
192 0.15 163.05 good
216 0.28 948.64 bad
63 0.13 172.89 bad
20 0.00 53.89 bad
495 0.19 227.23 good
686 0.11 74.29 bad
81 0.14 44.83 good
299 0.10 135.14 bad
79 0.08 85.63 bad
72 0.10 155.38 bad
133 0.07 339.26 bad
1780 0.42 453.60 bad
43 0.29 245.77 good
55 0.06 182.02 bad
80 0.13 74.03 good
2109 0.18 94.54 bad
108 0.23 95.85 bad
13 0.00 199.64 bad
21 0.10 204.65 bad
90 0.42 278.88 good
20 0.21 758.93 bad
51 0.20 49.13 bad
19 0.17 278.58 bad
46 0.04 393.48 bad
21 0.10 344.01 good
745 0.37 440.27 bad
714 0.58 599.56 bad
25 0.13 173.53 bad
31 0.22 87.78 bad
104 0.22 188.48 bad
21 0.14 116.65 bad
356 0.10 51.21 good
222 0.26 249.84 bad
145 0.17 208.64 bad
654 0.34 191.97 good
527 0.42 444.03 good
396 0.21 288.02 bad
218 0.23 299.63 good
13 0.15 128.84 bad
188 0.17 282.28 good
2113 0.29 391.57 good
225 0.08 65.28 good
339 0.31 385.10 good
349 0.16 114.14 good
5393 0.63 1238.93 good
88 0.10 170.95 bad
112 0.10 131.59 bad
182 0.12 113.09 good
201 0.11 84.03 bad
136 0.14 164.81 bad
1114 0.60 875.52 bad
282 0.07 125.49 bad
34 0.09 132.92 bad
1575 0.29 297.36 good
45 0.11 75.21 good
59 0.02 102.63 bad
320 0.11 101.09 good
387 0.36 319.05 good
607 0.31 82.37 good
2063 0.37 209.65 good
82 0.17 73.99 bad
31 0.06 58.14 good
23 0.04 194.01 bad
68 0.09 63.17 bad
328 0.18 56.35 bad
21 0.05 361.68 bad
153 0.10 86.23 bad
364 0.09 97.95 bad
61 0.08 909.70 bad
2356 0.19 402.15 good
208 0.02 40.59 good
21 0.15 158.29 bad
638 0.37 105.22 bad