AddListCount FourStarRate Mode Class
89
2 6 7 9 13 14 15 16 22 24 25 27 28 31 32 33 34 38 41 42 44 45 46 51 52 54 55 56 58 59 60 61 62 64 65 66 68 69 70 72 73 74 75 76 78 79 81 86 87 88 89 90 91 94 95 96 97 98 100 101 102 104 105 108 110 114 115 117 120 121 122 123 124 126 127 128 130 131 134 136 138 140 142 144 145 146 147 149 151
12 0.24 6.00 bad
42 0.18 2.00 good
8 0.11 6.00 bad
14 0.30 8.00 bad
9 0.13 6.00 bad
136 0.19 2.00 good
204 0.25 6.00 bad
25 0.20 6.00 good
61 0.28 6.00 bad
23 0.13 6.00 bad
2 0.00 2.00 bad
31 0.15 2.00 good
73 0.31 8.00 bad
6 0.19 6.00 good
111 0.39 8.00 bad
49 0.23 6.00 good
24 0.13 6.00 bad
19 0.17 4.00 bad
289 0.29 6.00 good
215 0.20 2.00 bad
242 0.16 2.00 good
93 0.23 6.00 bad
28 0.33 8.00 good
42 0.21 6.00 bad
446 0.30 10.00 bad
9 0.21 6.00 good
11 0.20 6.00 bad
13 0.10 6.00 good
70 0.30 10.00 good
138 0.21 10.00 good
19 0.20 10.00 bad
33 0.44 8.00 good
3 0.34 4.00 bad
10 0.14 2.00 bad
22 0.07 6.00 bad
2 0.19 6.00 bad
45 0.30 8.00 bad
5 0.42 8.00 bad
2 0.32 2.00 bad
180 0.20 10.00 good
8 0.39 8.00 bad
16 0.31 6.00 bad
8 0.30 6.00 good
110 0.36 8.00 good
57 0.24 6.00 bad
94 0.17 2.00 bad
4 0.08 6.00 bad
53 0.27 6.00 bad
65 0.19 10.00 bad
321 0.23 10.00 good
49 0.28 8.00 bad
4 0.07 2.00 bad
218 0.28 10.00 good
57 0.33 8.00 good
4 0.00 6.00 bad
100 0.33 8.00 good
7 0.40 8.00 good
558 0.33 8.00 good
8 0.27 6.00 bad
65 0.27 10.00 bad
39 0.21 2.00 good
5 0.04 6.00 bad
98 0.33 8.00 good
1586 0.20 10.00 good
31 0.24 6.00 bad
218 0.23 10.00 bad
76 0.19 6.00 bad
5 0.14 6.00 bad
15 0.25 8.00 good
14 0.08 6.00 bad
126 0.29 8.00 bad
32 0.30 6.00 good
57 0.20 6.00 good
48 0.21 10.00 good
146 0.26 10.00 good
108 0.23 10.00 good
11 0.16 6.00 bad
5 0.11 4.00 good
168 0.34 8.00 good
9 0.05 6.00 bad
53 0.19 2.00 bad
7 0.54 8.00 bad
365 0.24 10.00 good
103 0.18 6.00 bad
28 0.33 6.00 bad
710 0.37 8.00 good
26 0.09 2.00 good
178 0.26 8.00 good
125 0.19 10.00 bad