AddListCount FourStarRate Quartile Class
107
2 3 4 5 8 9 10 11 14 17 18 19 21 22 23 25 27 28 30 31 32 33 36 38 39 40 41 45 47 48 50 51 53 54 55 56 57 58 59 60 62 64 65 66 67 69 71 72 73 74 75 76 84 85 86 89 90 91 92 93 94 95 96 97 101 103 104 105 106 107 108 109 110 112 113 114 115 116 117 118 119 120 121 122 123 124 126 129 130 132 133 134 135 136 137 139 140 142 144 145 146 148 149 150 151 152 153
12 0.24 2.00 bad
38 0.27 4.00 bad
22 0.25 4.00 bad
122 0.21 4.00 good
53 0.22 4.00 bad
14 0.30 4.00 bad
25 0.27 4.00 bad
15 0.32 2.00 bad
136 0.19 6.00 good
10 0.23 4.00 bad
7 0.14 6.00 bad
70 0.22 6.00 bad
12 0.14 4.00 bad
61 0.28 2.00 bad
32 0.08 4.00 good
2 0.00 4.00 bad
31 0.15 4.00 good
73 0.31 4.00 bad
9 0.14 6.00 bad
6 0.19 4.00 good
111 0.39 2.00 bad
49 0.23 4.00 good
63 0.34 2.00 bad
19 0.17 4.00 bad
1 0.05 2.00 bad
172 0.33 2.00 good
289 0.29 2.00 good
93 0.23 4.00 bad
20 0.22 4.00 bad
371 0.33 2.00 bad
7 0.14 2.00 good
42 0.21 4.00 bad
1 0.00 2.00 bad
9 0.21 4.00 good
11 0.20 4.00 bad
13 0.10 4.00 good
551 0.29 4.00 bad
70 0.30 4.00 good
138 0.21 6.00 good
19 0.20 4.00 bad
3 0.34 4.00 bad
10 0.14 4.00 bad
22 0.07 4.00 bad
2 0.19 4.00 bad
17 0.25 4.00 good
5 0.42 2.00 bad
119 0.25 4.00 bad
180 0.20 4.00 good
8 0.39 2.00 bad
16 0.31 4.00 bad
8 0.30 2.00 good
110 0.36 4.00 good
3 0.19 4.00 bad
55 0.24 6.00 good
53 0.27 4.00 bad
49 0.28 4.00 bad
4 0.07 4.00 bad
218 0.28 4.00 good
141 0.29 4.00 good
121 0.34 2.00 bad
57 0.33 2.00 good
4 0.00 2.00 bad
100 0.33 2.00 good
7 0.40 2.00 good
65 0.27 4.00 bad
6 0.26 2.00 bad
5 0.04 2.00 bad
98 0.33 4.00 good
102 0.24 4.00 good
188 0.17 6.00 bad
1586 0.20 2.00 good
34 0.24 4.00 bad
31 0.24 4.00 bad
63 0.15 4.00 bad
25 0.21 4.00 bad
218 0.23 2.00 bad
76 0.19 4.00 bad
7 0.12 4.00 good
5 0.14 2.00 bad
112 0.30 2.00 bad
274 0.33 4.00 good
15 0.25 6.00 good
14 0.08 4.00 bad
126 0.29 4.00 bad
32 0.30 2.00 good
57 0.20 4.00 good
48 0.21 8.00 good
510 0.26 4.00 good
11 0.16 6.00 bad
131 0.35 4.00 good
1 0.33 4.00 bad
168 0.34 4.00 good
293 0.29 4.00 bad
9 0.05 4.00 bad
303 0.33 4.00 good
206 0.36 2.00 good
7 0.54 4.00 bad
365 0.24 4.00 good
103 0.18 4.00 bad
28 0.33 2.00 bad
710 0.37 2.00 good
54 0.06 0.00 bad
178 0.26 4.00 good
5 0.20 4.00 bad
125 0.19 6.00 bad
12 0.14 4.00 good
50 0.22 4.00 good