BookWordCount Mode Median Class
98
0 2 3 5 6 8 9 10 11 12 13 14 15 16 17 20 21 23 24 26 27 28 29 32 36 37 38 41 43 48 49 50 51 55 56 60 61 62 63 64 65 68 71 73 74 77 78 80 81 82 83 84 85 87 88 89 90 91 92 93 94 96 97 99 100 103 105 106 107 108 109 110 111 112 113 114 115 116 117 118 121 128 129 131 132 133 134 135 138 139 140 144 145 147 149 150 151 153
177.20 8.00 6.00 good
48.30 6.00 6.00 bad
52.30 8.00 6.00 bad
158.50 6.00 6.00 good
59.60 2.00 6.00 good
143.50 6.00 6.00 bad
21.30 8.00 6.00 bad
82.50 8.00 6.00 bad
13.40 6.00 6.00 bad
21.80 6.00 6.00 bad
27.50 6.00 6.00 bad
123.80 2.00 6.00 good
257.20 6.00 6.00 bad
135.80 6.00 6.00 good
33.60 8.00 6.00 bad
82.30 2.00 4.00 good
74.10 4.00 4.00 bad
122.20 4.00 4.00 good
74.80 6.00 6.00 bad
62.70 6.00 6.00 bad
147.20 2.00 4.00 good
53.00 8.00 8.00 bad
233.90 10.00 8.00 good
51.10 8.00 8.00 bad
87.00 8.00 8.00 bad
51.30 8.00 8.00 bad
80.20 4.00 6.00 bad
168.40 6.00 6.00 good
74.40 2.00 6.00 good
281.40 8.00 6.00 bad
44.50 6.00 6.00 bad
51.90 6.00 6.00 good
84.60 6.00 6.00 bad
106.40 6.00 6.00 bad
40.40 6.00 6.00 good
45.10 10.00 6.00 bad
17.00 8.00 8.00 good
49.60 4.00 4.00 bad
108.60 2.00 6.00 good
54.40 2.00 4.00 bad
72.20 6.00 4.00 bad
79.60 8.00 8.00 bad
98.90 8.00 6.00 bad
68.60 8.00 8.00 bad
49.30 6.00 6.00 bad
1070.70 10.00 8.00 bad
70.00 6.00 6.00 bad
144.70 10.00 10.00 bad
87.70 6.00 6.00 bad
183.00 4.00 4.00 bad
40.80 6.00 6.00 bad
30.00 6.00 6.00 bad
87.20 2.00 4.00 good
112.10 10.00 6.00 bad
315.30 10.00 8.00 good
153.20 8.00 6.00 bad
50.40 2.00 2.00 bad
126.20 10.00 8.00 good
116.50 10.00 8.00 good
90.50 8.00 8.00 bad
63.70 8.00 8.00 good
34.10 8.00 8.00 good
22.20 8.00 8.00 good
181.90 6.00 6.00 bad
59.90 6.00 8.00 bad
21.40 6.00 6.00 bad
198.70 8.00 8.00 good
64.40 6.00 6.00 good
310.00 10.00 6.00 bad
446.50 10.00 10.00 good
101.10 6.00 6.00 bad
133.50 6.00 6.00 bad
148.90 8.00 6.00 good
107.80 6.00 6.00 bad
247.80 6.00 6.00 bad
31.70 10.00 10.00 bad
119.20 6.00 6.00 bad
118.30 6.00 6.00 good
59.10 6.00 6.00 bad
92.20 6.00 6.00 bad
145.90 6.00 4.00 bad
296.70 10.00 8.00 good
322.80 10.00 8.00 good
195.70 4.00 4.00 good
237.20 8.00 6.00 good
145.80 8.00 6.00 bad
179.50 8.00 8.00 good
335.20 8.00 8.00 bad
212.90 2.00 6.00 bad
130.30 8.00 8.00 good
43.40 8.00 8.00 bad
319.70 6.00 6.00 bad
62.30 6.00 6.00 bad
154.00 2.00 4.00 good
382.10 8.00 6.00 good
44.60 6.00 6.00 bad
93.00 10.00 8.00 bad
73.20 6.00 6.00 good