TwoStarRate Median Quartile Class
104
0 1 2 3 6 8 9 11 12 15 16 17 18 19 21 24 28 29 31 35 37 38 41 42 43 44 46 47 48 51 52 54 55 56 57 58 59 60 62 63 64 66 67 68 69 72 73 76 79 80 81 82 83 84 85 86 87 89 90 91 92 94 95 97 99 100 101 102 103 104 105 106 107 108 109 111 113 115 117 118 119 121 122 125 126 127 128 129 130 131 133 134 136 137 139 143 144 146 147 149 150 151 152 153
0.15 6.00 4.00 good
0.08 8.00 4.00 good
0.10 6.00 2.00 bad
0.12 6.00 4.00 bad
0.14 6.00 4.00 good
0.16 6.00 4.00 bad
0.18 6.00 4.00 bad
0.04 6.00 2.00 bad
0.08 6.00 4.00 bad
0.13 6.00 4.00 bad
0.22 6.00 4.00 good
0.22 6.00 4.00 bad
0.17 6.00 6.00 bad
0.18 6.00 6.00 bad
0.37 4.00 4.00 bad
0.21 6.00 2.00 bad
0.11 8.00 4.00 bad
0.10 8.00 4.00 good
0.30 6.00 4.00 good
0.12 6.00 6.00 good
0.03 8.00 4.00 bad
0.35 6.00 4.00 bad
0.14 6.00 2.00 good
0.17 6.00 6.00 bad
0.13 6.00 6.00 good
0.07 4.00 6.00 good
0.07 8.00 4.00 good
0.28 4.00 4.00 bad
0.09 6.00 2.00 bad
0.30 6.00 4.00 bad
0.04 8.00 4.00 bad
0.05 6.00 4.00 good
0.28 6.00 4.00 bad
0.20 6.00 4.00 good
0.07 6.00 4.00 bad
0.05 8.00 4.00 good
0.21 6.00 6.00 good
0.21 6.00 4.00 bad
0.50 4.00 4.00 bad
0.07 6.00 8.00 good
0.27 4.00 4.00 bad
0.14 6.00 4.00 bad
0.06 8.00 4.00 good
0.11 8.00 2.00 bad
0.05 8.00 2.00 bad
0.08 8.00 4.00 good
0.11 8.00 2.00 bad
0.07 8.00 4.00 good
0.19 6.00 6.00 bad
0.03 10.00 2.00 bad
0.08 6.00 2.00 bad
0.41 4.00 4.00 bad
0.17 6.00 4.00 bad
0.14 6.00 4.00 bad
0.19 4.00 6.00 good
0.03 8.00 4.00 bad
0.09 6.00 6.00 bad
0.17 6.00 4.00 bad
0.13 2.00 4.00 bad
0.08 8.00 4.00 good
0.04 8.00 4.00 good
0.11 8.00 2.00 good
0.23 6.00 2.00 bad
0.03 8.00 2.00 good
0.12 6.00 2.00 bad
0.02 8.00 4.00 bad
0.10 8.00 4.00 bad
0.14 6.00 6.00 good
0.08 6.00 2.00 bad
0.31 4.00 2.00 bad
0.08 8.00 4.00 good
0.14 6.00 4.00 good
0.12 6.00 6.00 bad
0.02 10.00 2.00 good
0.14 6.00 4.00 bad
0.16 6.00 4.00 good
0.13 6.00 4.00 bad
0.19 6.00 4.00 bad
0.11 6.00 2.00 bad
0.11 6.00 2.00 bad
0.06 8.00 4.00 good
0.30 4.00 4.00 bad
0.10 8.00 4.00 bad
0.02 10.00 2.00 good
0.06 8.00 8.00 good
0.06 8.00 4.00 good
0.08 8.00 8.00 good
0.07 8.00 4.00 good
0.13 6.00 6.00 bad
0.41 4.00 4.00 good
0.13 6.00 4.00 bad
0.12 8.00 4.00 good
0.24 4.00 4.00 bad
0.05 8.00 4.00 good
0.07 8.00 2.00 good
0.21 6.00 4.00 bad
0.25 6.00 4.00 bad
0.09 8.00 2.00 good
0.22 4.00 4.00 good
0.18 6.00 4.00 good
0.15 6.00 4.00 bad
0.07 8.00 6.00 bad
0.19 6.00 4.00 good
0.22 6.00 4.00 good