AddListCount ThreeStarRate Kurtosis Class
90
0 1 4 6 7 9 12 13 15 16 18 19 20 22 23 26 27 29 30 31 32 33 34 39 42 43 44 45 47 48 49 50 54 55 56 58 60 61 62 63 65 66 70 74 75 76 78 79 80 81 82 83 87 88 92 93 96 97 98 102 103 104 105 109 110 111 112 113 114 115 116 117 119 120 121 123 125 129 130 131 132 133 135 136 137 140 142 144 149 152
214 0.28 200.91 good
492 0.23 406.22 good
22 0.33 113.07 bad
42 0.21 75.15 good
8 0.48 181.37 bad
14 0.26 110.48 bad
12 0.44 114.51 bad
9 0.39 156.17 bad
204 0.27 188.48 bad
25 0.23 87.54 good
7 0.28 137.29 bad
70 0.22 181.41 bad
17 0.15 48.29 good
61 0.40 468.11 bad
32 0.28 78.49 good
32 0.43 249.04 bad
31 0.21 40.03 good
68 0.22 194.89 good
9 0.32 80.73 bad
6 0.33 211.54 good
111 0.31 404.81 bad
49 0.29 163.05 good
24 0.39 192.82 bad
1 0.16 53.89 bad
215 0.26 74.29 bad
18 0.24 44.83 good
242 0.11 29.34 good
93 0.30 135.14 bad
20 0.20 85.63 bad
371 0.33 362.40 bad
13 0.39 155.38 bad
7 0.32 119.73 good
9 0.33 245.77 good
11 0.33 182.02 bad
13 0.32 74.03 good
70 0.14 256.16 good
19 0.18 95.85 bad
33 0.25 1104.85 good
3 0.08 199.64 bad
21 0.12 55.29 good
22 0.31 77.07 bad
2 0.43 204.65 bad
2 0.04 49.13 bad
16 0.36 393.48 bad
8 0.40 344.01 good
110 0.15 159.36 good
57 0.33 147.32 bad
94 0.26 65.93 bad
193 0.13 599.56 bad
4 0.54 173.53 bad
3 0.20 87.78 bad
22 0.28 188.48 bad
65 0.23 95.46 bad
321 0.18 118.81 good
141 0.16 444.03 good
121 0.26 288.02 bad
100 0.28 282.28 good
7 0.26 198.40 good
558 0.22 391.57 good
39 0.26 65.28 good
6 0.50 664.54 bad
5 0.34 92.39 bad
98 0.19 385.10 good
34 0.36 170.95 bad
31 0.28 131.59 bad
53 0.26 113.09 good
63 0.30 84.03 bad
25 0.36 164.81 bad
218 0.09 875.52 bad
76 0.35 125.49 bad
7 0.42 138.45 good
5 0.45 132.92 bad
274 0.20 297.36 good
15 0.20 75.21 good
14 0.32 102.63 bad
32 0.37 502.72 good
149 0.08 1797.82 good
510 0.16 209.65 good
11 0.28 73.99 bad
5 0.13 58.14 good
131 0.25 212.10 good
1 0.33 194.01 bad
293 0.24 234.30 bad
9 0.32 63.17 bad
303 0.15 478.73 good
7 0.07 361.68 bad
365 0.15 364.52 good
103 0.27 97.95 bad
178 0.23 113.50 good
12 0.28 62.68 good