BookWordCount Quartile Kurtosis Class
92
3 10 11 12 16 17 18 19 20 23 24 25 26 27 29 33 35 37 38 39 41 43 45 46 50 51 53 54 55 56 57 58 59 60 62 63 66 67 68 69 70 71 73 74 76 78 79 80 83 84 85 86 87 89 90 91 92 94 95 96 97 102 104 105 106 107 108 110 111 112 113 116 117 119 120 122 125 126 129 130 131 133 134 135 139 140 141 142 143 147 149 151
52.30 4.00 155.27 bad
82.50 4.00 143.84 bad
13.40 2.00 491.68 bad
21.80 4.00 114.51 bad
135.80 4.00 87.54 good
33.60 4.00 80.31 bad
24.10 6.00 137.29 bad
122.40 6.00 181.41 bad
82.30 6.00 48.29 good
122.20 4.00 78.49 good
74.80 2.00 114.10 bad
35.90 4.00 28.01 bad
62.70 2.00 249.04 bad
147.20 4.00 40.03 good
233.90 4.00 194.89 good
178.90 4.00 163.05 good
713.10 6.00 41.11 good
51.30 4.00 948.64 bad
80.20 4.00 172.89 bad
22.80 2.00 53.89 bad
168.40 2.00 389.04 good
74.40 6.00 44.83 good
380.50 4.00 135.14 bad
123.50 4.00 218.67 good
51.90 2.00 119.73 good
84.60 4.00 339.26 bad
53.70 2.00 31.11 bad
13.00 4.00 245.77 good
106.40 4.00 182.02 bad
40.40 4.00 74.03 good
293.40 4.00 94.54 bad
63.50 4.00 256.16 good
133.40 6.00 148.52 good
45.10 4.00 95.85 bad
49.60 4.00 199.64 bad
108.60 8.00 55.29 good
34.80 4.00 204.65 bad
16.80 4.00 278.88 good
79.60 2.00 223.96 bad
7.30 2.00 758.93 bad
55.40 6.00 49.13 bad
98.90 4.00 106.33 bad
68.60 2.00 278.58 bad
49.30 4.00 393.48 bad
46.20 4.00 159.36 good
70.00 4.00 147.32 bad
131.20 6.00 65.93 bad
144.70 2.00 599.56 bad
40.80 4.00 188.48 bad
30.00 4.00 116.65 bad
87.20 6.00 51.21 good
129.90 4.00 249.84 bad
112.10 6.00 95.46 bad
153.20 4.00 208.64 bad
50.40 4.00 25.57 bad
126.20 4.00 191.97 good
116.50 4.00 444.03 good
63.70 2.00 299.63 good
99.00 2.00 128.84 bad
34.10 2.00 282.28 good
22.20 2.00 198.40 good
78.10 6.00 65.28 good
150.50 2.00 92.39 bad
198.70 4.00 385.10 good
64.40 4.00 114.14 good
310.00 6.00 72.91 bad
446.50 2.00 1238.93 good
133.50 4.00 131.59 bad
148.90 4.00 113.09 good
107.80 4.00 84.03 bad
247.80 4.00 164.81 bad
118.30 4.00 138.45 good
59.10 2.00 132.92 bad
427.70 4.00 297.36 good
85.80 6.00 75.21 good
79.20 4.00 313.76 bad
65.70 2.00 1797.82 good
89.70 8.00 76.64 good
322.80 4.00 209.65 good
46.30 6.00 73.99 bad
195.70 4.00 58.14 good
145.80 4.00 194.01 bad
179.50 4.00 176.74 good
335.20 4.00 234.30 bad
130.30 2.00 304.97 good
43.40 4.00 361.68 bad
25.10 2.00 311.51 bad
518.00 4.00 364.52 good
177.70 4.00 86.23 bad
154.00 4.00 40.59 good
382.10 4.00 113.50 good
93.00 6.00 105.22 bad