BookScoreCount TwoStarRate Quartile Class
93
0 1 2 3 4 6 10 12 13 15 19 20 22 23 25 28 29 32 33 36 37 38 39 40 42 43 45 46 47 48 49 51 52 54 56 57 60 61 66 68 70 72 74 75 76 78 80 82 83 84 85 89 90 91 92 93 94 95 96 98 99 100 101 102 103 105 106 108 109 110 112 117 119 121 122 124 126 128 129 130 131 132 133 134 139 142 143 145 147 148 149 150 152
568 0.15 4.00 good
967 0.08 4.00 good
47 0.10 2.00 bad
129 0.12 4.00 bad
78 0.09 4.00 bad
187 0.14 4.00 good
78 0.26 4.00 bad
25 0.08 4.00 bad
48 0.24 2.00 bad
658 0.13 4.00 bad
250 0.18 6.00 bad
112 0.20 6.00 good
159 0.15 2.00 bad
116 0.31 4.00 good
11 0.20 4.00 bad
263 0.11 4.00 bad
290 0.10 4.00 good
292 0.09 2.00 bad
192 0.20 4.00 good
223 0.10 2.00 bad
216 0.03 4.00 bad
63 0.35 4.00 bad
20 0.26 2.00 bad
495 0.12 2.00 good
686 0.17 6.00 bad
81 0.13 6.00 good
299 0.20 4.00 bad
108 0.07 4.00 good
79 0.28 4.00 bad
1248 0.09 2.00 bad
72 0.10 4.00 bad
133 0.30 4.00 bad
1780 0.04 4.00 bad
43 0.05 4.00 good
80 0.20 4.00 good
2109 0.07 4.00 bad
108 0.21 4.00 bad
86 0.08 2.00 good
21 0.14 4.00 bad
153 0.11 2.00 bad
51 0.10 6.00 bad
956 0.08 4.00 good
46 0.22 4.00 bad
21 0.10 2.00 good
429 0.07 4.00 good
217 0.10 4.00 bad
714 0.03 2.00 bad
31 0.41 4.00 bad
104 0.17 4.00 bad
21 0.14 4.00 bad
356 0.19 6.00 good
145 0.17 4.00 bad
16 0.13 4.00 bad
654 0.08 4.00 good
527 0.04 4.00 good
396 0.08 2.00 bad
218 0.11 2.00 good
13 0.23 2.00 bad
188 0.11 2.00 good
2113 0.08 4.00 good
942 0.12 2.00 bad
42 0.02 4.00 bad
219 0.10 4.00 bad
225 0.14 6.00 good
29 0.08 2.00 bad
339 0.08 4.00 good
349 0.14 4.00 good
5393 0.02 2.00 good
88 0.14 4.00 bad
112 0.21 4.00 bad
201 0.20 4.00 bad
34 0.11 2.00 bad
1575 0.06 4.00 good
59 0.30 4.00 bad
385 0.10 4.00 bad
320 0.19 4.00 good
353 0.06 8.00 good
607 0.08 8.00 good
2063 0.07 4.00 good
82 0.13 6.00 bad
31 0.41 4.00 good
614 0.14 4.00 good
23 0.13 4.00 bad
795 0.12 4.00 good
1100 0.07 2.00 good
2366 0.05 4.00 good
153 0.21 4.00 bad
61 0.10 2.00 bad
208 0.22 4.00 good
1080 0.03 0.00 bad
674 0.18 4.00 good
21 0.15 4.00 bad
45 0.19 4.00 good