AddListCount Mode Kurtosis Class
99
0 4 5 7 8 10 12 14 16 18 19 20 21 22 25 26 27 28 31 34 35 37 38 39 41 42 44 45 46 47 48 49 50 51 52 53 54 56 57 59 61 62 64 65 66 67 69 70 71 72 73 74 75 76 78 82 83 85 86 87 88 89 90 92 93 97 101 102 103 105 107 111 112 113 115 117 121 122 125 126 127 128 130 131 132 133 135 137 138 139 140 141 143 147 148 149 150 152 153
214 8.00 200.91 good
22 6.00 113.07 bad
122 6.00 93.52 good
8 6.00 181.37 bad
53 6.00 196.73 bad
25 8.00 143.84 bad
12 6.00 114.51 bad
136 2.00 68.44 good
25 6.00 87.54 good
7 10.00 137.29 bad
70 10.00 181.41 bad
17 2.00 48.29 good
12 4.00 66.70 bad
61 6.00 468.11 bad
2 2.00 28.01 bad
32 6.00 249.04 bad
31 2.00 40.03 good
73 8.00 418.19 bad
6 6.00 211.54 good
24 6.00 192.82 bad
254 2.00 41.11 good
106 8.00 948.64 bad
19 4.00 172.89 bad
1 2.00 53.89 bad
289 6.00 389.04 good
215 2.00 74.29 bad
242 2.00 29.34 good
93 6.00 135.14 bad
28 8.00 218.67 good
20 4.00 85.63 bad
371 8.00 362.40 bad
13 6.00 155.38 bad
7 6.00 119.73 good
42 6.00 339.26 bad
446 10.00 453.60 bad
1 2.00 31.11 bad
9 6.00 245.77 good
13 6.00 74.03 good
551 8.00 94.54 bad
138 10.00 148.52 good
33 8.00 1104.85 good
3 4.00 199.64 bad
10 2.00 59.06 bad
22 6.00 77.07 bad
2 6.00 204.65 bad
17 10.00 278.88 good
5 8.00 758.93 bad
2 2.00 49.13 bad
119 8.00 106.33 bad
180 10.00 259.41 good
8 8.00 278.58 bad
16 6.00 393.48 bad
8 6.00 344.01 good
110 8.00 159.36 good
57 6.00 147.32 bad
3 4.00 87.78 bad
22 6.00 188.48 bad
55 2.00 51.21 good
53 6.00 249.84 bad
65 10.00 95.46 bad
321 10.00 118.81 good
49 8.00 208.64 bad
4 2.00 25.57 bad
141 10.00 444.03 good
121 8.00 288.02 bad
7 8.00 198.40 good
65 10.00 286.97 bad
39 2.00 65.28 good
6 6.00 664.54 bad
98 8.00 385.10 good
188 10.00 72.91 bad
53 8.00 113.09 good
63 6.00 84.03 bad
25 6.00 164.81 bad
76 6.00 125.49 bad
5 6.00 132.92 bad
14 6.00 102.63 bad
126 8.00 313.76 bad
149 10.00 1797.82 good
48 10.00 76.64 good
146 10.00 319.05 good
108 10.00 82.37 good
11 6.00 73.99 bad
5 4.00 58.14 good
131 8.00 212.10 good
1 8.00 194.01 bad
293 8.00 234.30 bad
303 10.00 478.73 good
53 2.00 56.35 bad
206 8.00 304.97 good
7 8.00 361.68 bad
19 8.00 311.51 bad
42 8.00 86.23 bad
26 2.00 40.59 good
54 2.00 9.99 bad
178 8.00 113.50 good
5 6.00 158.29 bad
12 2.00 62.68 good
50 6.00 105.28 good