Mode Quartile Kurtosis Class
99
1 3 4 6 8 9 11 13 14 18 19 21 22 25 29 30 32 33 34 35 37 40 41 42 44 46 47 48 49 50 53 54 57 58 59 60 62 63 65 67 68 69 70 71 73 75 76 77 79 80 81 82 84 85 86 87 88 90 91 92 94 95 96 97 98 99 101 104 105 107 108 111 112 113 115 117 119 120 121 122 123 124 126 127 128 129 130 131 134 138 139 140 143 144 145 148 150 151 152
8.00 4.00 406.22 good
8.00 4.00 155.27 bad
6.00 4.00 113.07 bad
2.00 4.00 75.15 good
6.00 4.00 196.73 bad
8.00 4.00 110.48 bad
6.00 2.00 491.68 bad
6.00 2.00 156.17 bad
2.00 6.00 68.44 good
10.00 6.00 137.29 bad
10.00 6.00 181.41 bad
4.00 4.00 66.70 bad
6.00 2.00 468.11 bad
2.00 4.00 28.01 bad
10.00 4.00 194.89 good
6.00 6.00 80.73 bad
8.00 2.00 404.81 bad
6.00 4.00 163.05 good
6.00 2.00 192.82 bad
2.00 6.00 41.11 good
8.00 4.00 948.64 bad
8.00 2.00 227.23 good
6.00 2.00 389.04 good
2.00 6.00 74.29 bad
2.00 6.00 29.34 good
8.00 4.00 218.67 good
4.00 4.00 85.63 bad
8.00 2.00 362.40 bad
6.00 4.00 155.38 bad
6.00 2.00 119.73 good
2.00 2.00 31.11 bad
6.00 4.00 245.77 good
8.00 4.00 94.54 bad
10.00 4.00 256.16 good
10.00 6.00 148.52 good
10.00 4.00 95.85 bad
4.00 4.00 199.64 bad
2.00 8.00 55.29 good
6.00 4.00 77.07 bad
10.00 4.00 278.88 good
8.00 2.00 223.96 bad
8.00 2.00 758.93 bad
2.00 6.00 49.13 bad
8.00 4.00 106.33 bad
8.00 2.00 278.58 bad
6.00 2.00 344.01 good
8.00 4.00 159.36 good
10.00 4.00 440.27 bad
2.00 6.00 65.93 bad
10.00 2.00 599.56 bad
6.00 2.00 173.53 bad
4.00 4.00 87.78 bad
6.00 4.00 116.65 bad
2.00 6.00 51.21 good
6.00 4.00 249.84 bad
10.00 6.00 95.46 bad
10.00 6.00 118.81 good
2.00 4.00 25.57 bad
10.00 4.00 191.97 good
10.00 4.00 444.03 good
8.00 2.00 299.63 good
6.00 2.00 128.84 bad
8.00 2.00 282.28 good
8.00 2.00 198.40 good
8.00 4.00 391.57 good
6.00 2.00 243.27 bad
10.00 4.00 286.97 bad
6.00 2.00 92.39 bad
8.00 4.00 385.10 good
10.00 6.00 72.91 bad
10.00 2.00 1238.93 good
8.00 4.00 113.09 good
6.00 4.00 84.03 bad
6.00 4.00 164.81 bad
6.00 4.00 125.49 bad
6.00 2.00 132.92 bad
8.00 4.00 297.36 good
8.00 6.00 75.21 good
6.00 4.00 102.63 bad
8.00 4.00 313.76 bad
6.00 2.00 502.72 good
6.00 4.00 101.09 good
10.00 8.00 76.64 good
10.00 4.00 319.05 good
10.00 8.00 82.37 good
10.00 4.00 209.65 good
6.00 6.00 73.99 bad
4.00 4.00 58.14 good
8.00 4.00 176.74 good
2.00 6.00 56.35 bad
8.00 2.00 304.97 good
8.00 4.00 361.68 bad
8.00 4.00 86.23 bad
6.00 4.00 97.95 bad
6.00 2.00 909.70 bad
2.00 0.00 9.99 bad
6.00 4.00 158.29 bad
10.00 6.00 105.22 bad
2.00 4.00 62.68 good