ThreeStarRate Mode Kurtosis Class
98
0 2 3 4 5 6 7 8 9 10 11 12 14 15 18 19 20 22 23 24 25 26 27 29 32 33 36 38 42 44 45 47 49 51 55 57 58 60 62 64 65 66 67 68 69 70 71 73 74 75 76 77 78 80 82 83 86 87 88 89 91 92 94 96 98 100 101 102 103 105 106 108 110 111 113 114 115 119 120 121 123 124 125 127 130 132 134 135 136 137 139 140 141 142 144 150 151 152
0.28 8.00 200.91 good
0.40 6.00 267.71 bad
0.27 8.00 155.27 bad
0.33 6.00 113.07 bad
0.26 6.00 93.52 good
0.21 2.00 75.15 good
0.48 6.00 181.37 bad
0.30 6.00 196.73 bad
0.26 8.00 110.48 bad
0.23 8.00 143.84 bad
0.40 6.00 491.68 bad
0.44 6.00 114.51 bad
0.21 2.00 68.44 good
0.27 6.00 188.48 bad
0.28 10.00 137.29 bad
0.22 10.00 181.41 bad
0.15 2.00 48.29 good
0.40 6.00 468.11 bad
0.28 4.00 78.49 good
0.36 6.00 114.10 bad
0.20 2.00 28.01 bad
0.43 6.00 249.04 bad
0.21 2.00 40.03 good
0.22 10.00 194.89 good
0.31 8.00 404.81 bad
0.29 6.00 163.05 good
0.23 8.00 203.97 bad
0.27 4.00 172.89 bad
0.26 2.00 74.29 bad
0.11 2.00 29.34 good
0.30 6.00 135.14 bad
0.20 4.00 85.63 bad
0.39 6.00 155.38 bad
0.37 6.00 339.26 bad
0.33 6.00 182.02 bad
0.21 8.00 94.54 bad
0.14 10.00 256.16 good
0.18 10.00 95.85 bad
0.08 4.00 199.64 bad
0.21 2.00 59.06 bad
0.31 6.00 77.07 bad
0.43 6.00 204.65 bad
0.16 10.00 278.88 good
0.25 8.00 223.96 bad
0.26 8.00 758.93 bad
0.04 2.00 49.13 bad
0.25 8.00 106.33 bad
0.22 8.00 278.58 bad
0.36 6.00 393.48 bad
0.40 6.00 344.01 good
0.15 8.00 159.36 good
0.22 10.00 440.27 bad
0.33 6.00 147.32 bad
0.13 10.00 599.56 bad
0.20 4.00 87.78 bad
0.28 6.00 188.48 bad
0.30 6.00 249.84 bad
0.23 10.00 95.46 bad
0.18 10.00 118.81 good
0.27 8.00 208.64 bad
0.16 10.00 191.97 good
0.16 10.00 444.03 good
0.23 8.00 299.63 good
0.28 8.00 282.28 good
0.22 8.00 391.57 good
0.34 6.00 297.05 bad
0.26 10.00 286.97 bad
0.26 2.00 65.28 good
0.50 6.00 664.54 bad
0.19 8.00 385.10 good
0.27 6.00 114.14 good
0.10 10.00 1238.93 good
0.28 6.00 131.59 bad
0.26 8.00 113.09 good
0.36 6.00 164.81 bad
0.09 10.00 875.52 bad
0.35 6.00 125.49 bad
0.20 8.00 297.36 good
0.20 8.00 75.21 good
0.32 6.00 102.63 bad
0.37 6.00 502.72 good
0.29 6.00 101.09 good
0.08 10.00 1797.82 good
0.22 10.00 319.05 good
0.28 6.00 73.99 bad
0.25 8.00 212.10 good
0.21 8.00 176.74 good
0.24 8.00 234.30 bad
0.32 6.00 63.17 bad
0.15 10.00 478.73 good
0.24 8.00 304.97 good
0.07 8.00 361.68 bad
0.19 8.00 311.51 bad
0.15 10.00 364.52 good
0.27 6.00 97.95 bad
0.35 6.00 158.29 bad
0.16 10.00 105.22 bad
0.28 2.00 62.68 good