BookWordCount AddListCount Median Class
99
0 3 5 6 7 10 11 12 15 16 17 18 19 20 21 23 24 25 28 29 30 31 32 34 36 38 40 41 42 43 46 47 48 49 51 55 57 58 60 61 62 64 65 66 67 68 69 70 71 72 73 75 76 78 79 80 82 83 84 85 86 87 88 91 93 94 95 96 98 99 101 102 103 105 106 110 113 114 116 117 119 120 122 126 130 131 132 135 136 137 139 140 141 143 144 145 146 151 152
177.20 214 6.00 good
52.30 38 6.00 bad
158.50 122 6.00 good
59.60 42 6.00 good
38.90 8 6.00 bad
82.50 25 6.00 bad
13.40 15 6.00 bad
21.80 12 6.00 bad
257.20 204 6.00 bad
135.80 25 6.00 good
33.60 10 6.00 bad
24.10 7 6.00 bad
122.40 70 6.00 bad
82.30 17 4.00 good
74.10 12 4.00 bad
122.20 32 4.00 good
74.80 23 6.00 bad
35.90 2 4.00 bad
53.00 73 8.00 bad
233.90 68 8.00 good
150.70 9 6.00 bad
78.00 6 6.00 good
51.10 111 8.00 bad
154.60 24 6.00 bad
87.00 63 8.00 bad
80.20 19 6.00 bad
153.10 172 8.00 good
168.40 289 6.00 good
300.10 215 6.00 bad
74.40 18 6.00 good
123.50 28 8.00 good
49.70 20 4.00 bad
281.40 371 6.00 bad
44.50 13 6.00 bad
84.60 42 6.00 bad
106.40 11 6.00 bad
293.40 551 6.00 bad
63.50 70 8.00 good
45.10 19 6.00 bad
17.00 33 8.00 good
49.60 3 4.00 bad
54.40 10 4.00 bad
72.20 22 4.00 bad
34.80 2 6.00 bad
16.80 17 8.00 good
79.60 45 8.00 bad
7.30 5 8.00 bad
55.40 2 8.00 bad
98.90 119 6.00 bad
390.00 180 8.00 good
68.60 8 8.00 bad
39.60 8 6.00 good
46.20 110 8.00 good
70.00 57 6.00 bad
131.20 94 6.00 bad
144.70 193 10.00 bad
183.00 3 4.00 bad
40.80 22 6.00 bad
30.00 3 6.00 bad
87.20 55 4.00 good
129.90 53 8.00 bad
112.10 65 6.00 bad
315.30 321 8.00 good
126.20 218 8.00 good
90.50 121 8.00 bad
63.70 57 8.00 good
99.00 4 6.00 bad
34.10 100 8.00 good
170.60 558 8.00 good
181.90 253 6.00 bad
219.60 65 8.00 bad
78.10 39 6.00 good
21.40 6 6.00 bad
198.70 98 8.00 good
64.40 102 6.00 good
133.50 31 6.00 bad
247.80 25 6.00 bad
31.70 218 10.00 bad
118.30 7 6.00 good
59.10 5 6.00 bad
427.70 274 8.00 good
85.80 15 6.00 good
79.20 126 8.00 bad
89.70 48 8.00 good
46.30 11 6.00 bad
195.70 5 4.00 good
237.20 131 6.00 good
335.20 293 8.00 bad
72.70 9 4.00 bad
448.70 303 8.00 good
130.30 206 8.00 good
43.40 7 8.00 bad
25.10 19 8.00 bad
177.70 42 6.00 bad
319.70 103 6.00 bad
62.30 28 6.00 bad
477.20 710 8.00 good
93.00 125 8.00 bad
163.50 12 6.00 good