BookScoreCount TwoStarRate FourStarRate Class
104
0 1 5 6 7 9 10 11 14 15 16 17 18 22 24 26 27 28 29 31 32 34 35 36 37 38 39 41 43 44 46 47 48 50 51 53 54 55 59 60 61 63 66 67 68 69 74 75 76 77 78 80 82 84 85 86 88 89 90 91 93 94 96 98 100 101 102 103 104 105 106 107 109 110 111 112 114 115 117 118 121 123 124 125 126 127 128 130 134 135 136 137 138 139 140 141 142 143 145 148 149 150 152 153
568 0.15 0.30 good
967 0.08 0.36 good
439 0.20 0.21 good
187 0.14 0.18 good
27 0.15 0.11 bad
51 0.18 0.30 bad
78 0.26 0.27 bad
51 0.04 0.32 bad
454 0.14 0.19 good
658 0.13 0.25 bad
119 0.22 0.20 good
36 0.22 0.23 bad
23 0.17 0.14 bad
159 0.15 0.28 bad
70 0.21 0.13 bad
100 0.09 0.18 bad
150 0.17 0.15 good
263 0.11 0.31 bad
290 0.10 0.20 good
44 0.30 0.19 good
292 0.09 0.39 bad
97 0.30 0.13 bad
1909 0.12 0.14 good
223 0.10 0.34 bad
216 0.03 0.44 bad
63 0.35 0.17 bad
20 0.26 0.05 bad
670 0.14 0.29 good
81 0.13 0.14 good
1885 0.07 0.16 good
108 0.07 0.33 good
79 0.28 0.22 bad
1248 0.09 0.33 bad
29 0.28 0.14 good
133 0.30 0.21 bad
22 0.33 0.00 bad
43 0.05 0.21 good
55 0.28 0.20 bad
484 0.21 0.21 good
108 0.21 0.20 bad
86 0.08 0.44 good
91 0.07 0.20 good
21 0.14 0.19 bad
90 0.06 0.25 good
153 0.11 0.30 bad
20 0.05 0.42 bad
46 0.22 0.31 bad
21 0.10 0.30 good
429 0.07 0.36 good
745 0.07 0.27 bad
217 0.10 0.24 bad
714 0.03 0.19 bad
31 0.41 0.05 bad
21 0.14 0.19 bad
356 0.19 0.24 good
222 0.03 0.27 bad
1636 0.10 0.23 good
145 0.17 0.28 bad
16 0.13 0.07 bad
654 0.08 0.28 good
396 0.08 0.34 bad
218 0.11 0.33 good
188 0.11 0.33 good
2113 0.08 0.33 good
42 0.02 0.27 bad
219 0.10 0.27 bad
225 0.14 0.21 good
29 0.08 0.26 bad
25 0.31 0.04 bad
339 0.08 0.33 good
349 0.14 0.24 good
1184 0.12 0.17 bad
88 0.14 0.24 bad
112 0.21 0.24 bad
182 0.16 0.26 good
201 0.20 0.15 bad
1114 0.02 0.23 bad
282 0.19 0.19 bad
34 0.11 0.14 bad
274 0.11 0.30 bad
59 0.30 0.08 bad
93 0.08 0.30 good
320 0.19 0.20 good
768 0.02 0.20 good
353 0.06 0.21 good
387 0.06 0.26 good
607 0.08 0.23 good
82 0.13 0.16 bad
795 0.12 0.34 good
1310 0.09 0.29 bad
68 0.24 0.05 bad
1641 0.05 0.33 good
328 0.10 0.19 bad
1100 0.07 0.36 good
21 0.30 0.54 bad
83 0.03 0.49 bad
2366 0.05 0.24 good
153 0.21 0.24 bad
61 0.10 0.33 bad
1080 0.03 0.06 bad
674 0.18 0.26 good
21 0.15 0.20 bad
45 0.19 0.14 good
209 0.22 0.22 good