ThreeStarRate Mode Kurtosis Class
98
1 3 4 5 7 9 10 12 14 15 17 20 22 23 25 27 28 29 30 33 35 36 37 38 39 40 41 43 44 45 46 47 48 49 51 52 53 54 57 60 61 65 66 68 70 71 72 78 79 81 82 83 84 85 88 89 91 92 94 95 96 98 99 100 101 102 104 107 109 111 112 114 117 118 119 120 122 123 125 126 127 129 130 132 133 134 135 136 137 139 142 143 145 146 147 148 150 152
0.23 8.00 406.22 good
0.27 8.00 155.27 bad
0.33 6.00 113.07 bad
0.26 6.00 93.52 good
0.48 6.00 181.37 bad
0.26 8.00 110.48 bad
0.23 8.00 143.84 bad
0.44 6.00 114.51 bad
0.21 2.00 68.44 good
0.27 6.00 188.48 bad
0.20 8.00 80.31 bad
0.15 2.00 48.29 good
0.40 6.00 468.11 bad
0.28 4.00 78.49 good
0.20 2.00 28.01 bad
0.21 2.00 40.03 good
0.25 8.00 418.19 bad
0.22 10.00 194.89 good
0.32 6.00 80.73 bad
0.29 6.00 163.05 good
0.18 2.00 41.11 good
0.23 8.00 203.97 bad
0.20 8.00 948.64 bad
0.27 4.00 172.89 bad
0.16 2.00 53.89 bad
0.24 8.00 227.23 good
0.34 6.00 389.04 good
0.24 2.00 44.83 good
0.11 2.00 29.34 good
0.30 6.00 135.14 bad
0.19 8.00 218.67 good
0.20 4.00 85.63 bad
0.33 8.00 362.40 bad
0.39 6.00 155.38 bad
0.37 6.00 339.26 bad
0.15 10.00 453.60 bad
0.14 2.00 31.11 bad
0.33 6.00 245.77 good
0.21 8.00 94.54 bad
0.18 10.00 95.85 bad
0.25 8.00 1104.85 good
0.31 6.00 77.07 bad
0.43 6.00 204.65 bad
0.25 8.00 223.96 bad
0.04 2.00 49.13 bad
0.25 8.00 106.33 bad
0.26 10.00 259.41 good
0.33 6.00 147.32 bad
0.26 2.00 65.93 bad
0.54 6.00 173.53 bad
0.20 4.00 87.78 bad
0.28 6.00 188.48 bad
0.33 6.00 116.65 bad
0.15 2.00 51.21 good
0.18 10.00 118.81 good
0.27 8.00 208.64 bad
0.16 10.00 191.97 good
0.16 10.00 444.03 good
0.23 8.00 299.63 good
0.46 6.00 128.84 bad
0.28 8.00 282.28 good
0.22 8.00 391.57 good
0.34 6.00 243.27 bad
0.34 6.00 297.05 bad
0.26 10.00 286.97 bad
0.26 2.00 65.28 good
0.34 6.00 92.39 bad
0.15 10.00 72.91 bad
0.36 6.00 170.95 bad
0.26 8.00 113.09 good
0.30 6.00 84.03 bad
0.09 10.00 875.52 bad
0.45 6.00 132.92 bad
0.39 6.00 387.39 bad
0.20 8.00 297.36 good
0.20 8.00 75.21 good
0.28 8.00 313.76 bad
0.37 6.00 502.72 good
0.08 10.00 1797.82 good
0.16 10.00 76.64 good
0.22 10.00 319.05 good
0.16 10.00 209.65 good
0.28 6.00 73.99 bad
0.25 8.00 212.10 good
0.33 8.00 194.01 bad
0.21 8.00 176.74 good
0.24 8.00 234.30 bad
0.32 6.00 63.17 bad
0.15 10.00 478.73 good
0.24 8.00 304.97 good
0.15 10.00 364.52 good
0.22 8.00 86.23 bad
0.45 6.00 909.70 bad
0.27 8.00 402.15 good
0.19 2.00 40.59 good
0.04 2.00 9.99 bad
0.35 6.00 158.29 bad
0.28 2.00 62.68 good