BookScoreCount Mode Kurtosis Class
93
1 3 5 6 8 9 11 13 14 15 16 20 24 25 26 27 29 30 31 33 34 37 38 39 40 41 42 44 47 48 49 50 51 54 57 58 59 62 63 68 69 70 72 75 78 79 80 82 83 85 86 88 89 90 91 92 94 95 96 101 105 107 108 109 110 111 112 113 115 116 119 123 124 125 126 127 128 129 131 133 134 136 137 138 140 141 142 144 145 146 147 151 152
967 8.00 406.22 good
129 8.00 155.27 bad
439 6.00 93.52 good
187 2.00 75.15 good
177 6.00 196.73 bad
51 8.00 110.48 bad
51 6.00 491.68 bad
48 6.00 156.17 bad
454 2.00 68.44 good
658 6.00 188.48 bad
119 6.00 87.54 good
112 2.00 48.29 good
70 6.00 114.10 bad
11 2.00 28.01 bad
100 6.00 249.04 bad
150 2.00 40.03 good
290 10.00 194.89 good
29 6.00 80.73 bad
44 6.00 211.54 good
192 6.00 163.05 good
97 6.00 192.82 bad
216 8.00 948.64 bad
63 4.00 172.89 bad
20 2.00 53.89 bad
495 8.00 227.23 good
670 6.00 389.04 good
686 2.00 74.29 bad
1885 2.00 29.34 good
79 4.00 85.63 bad
1248 8.00 362.40 bad
72 6.00 155.38 bad
29 6.00 119.73 good
133 6.00 339.26 bad
43 6.00 245.77 good
2109 8.00 94.54 bad
461 10.00 256.16 good
484 10.00 148.52 good
13 4.00 199.64 bad
91 2.00 55.29 good
153 8.00 223.96 bad
20 8.00 758.93 bad
51 2.00 49.13 bad
956 10.00 259.41 good
21 6.00 344.01 good
217 6.00 147.32 bad
531 2.00 65.93 bad
714 10.00 599.56 bad
31 4.00 87.78 bad
104 6.00 188.48 bad
356 2.00 51.21 good
222 6.00 249.84 bad
1636 10.00 118.81 good
145 8.00 208.64 bad
16 2.00 25.57 bad
654 10.00 191.97 good
527 10.00 444.03 good
218 8.00 299.63 good
13 6.00 128.84 bad
188 8.00 282.28 good
219 10.00 286.97 bad
339 8.00 385.10 good
1184 10.00 72.91 bad
5393 10.00 1238.93 good
88 6.00 170.95 bad
112 6.00 131.59 bad
182 8.00 113.09 good
201 6.00 84.03 bad
136 6.00 164.81 bad
282 6.00 125.49 bad
19 6.00 138.45 good
1575 8.00 297.36 good
93 6.00 502.72 good
320 6.00 101.09 good
768 10.00 1797.82 good
353 10.00 76.64 good
387 10.00 319.05 good
607 10.00 82.37 good
2063 10.00 209.65 good
31 4.00 58.14 good
23 8.00 194.01 bad
795 8.00 176.74 good
68 6.00 63.17 bad
1641 10.00 478.73 good
328 2.00 56.35 bad
21 8.00 361.68 bad
83 8.00 311.51 bad
2366 10.00 364.52 good
364 6.00 97.95 bad
61 6.00 909.70 bad
2356 8.00 402.15 good
208 2.00 40.59 good
638 10.00 105.22 bad
45 2.00 62.68 good