BookScoreCount Mode Median Class
93
0 2 3 4 5 6 7 8 9 10 11 14 15 16 17 19 21 22 23 24 26 27 29 30 32 33 34 35 37 39 43 46 47 50 51 52 55 56 57 58 61 65 66 68 69 72 73 74 75 76 77 78 80 83 84 86 87 89 90 91 98 99 100 101 103 104 107 108 110 111 113 115 117 118 119 120 122 124 127 129 132 134 136 137 138 139 141 142 146 147 150 152 153
568 8.00 6.00 good
47 6.00 6.00 bad
129 8.00 6.00 bad
78 6.00 6.00 bad
439 6.00 6.00 good
187 2.00 6.00 good
27 6.00 6.00 bad
177 6.00 6.00 bad
51 8.00 6.00 bad
78 8.00 6.00 bad
51 6.00 6.00 bad
454 2.00 6.00 good
658 6.00 6.00 bad
119 6.00 6.00 good
36 8.00 6.00 bad
250 10.00 6.00 bad
44 4.00 4.00 bad
159 6.00 6.00 bad
116 4.00 4.00 good
70 6.00 6.00 bad
100 6.00 6.00 bad
150 2.00 4.00 good
290 10.00 8.00 good
29 6.00 6.00 bad
292 8.00 8.00 bad
192 6.00 6.00 good
97 6.00 6.00 bad
1909 2.00 6.00 good
216 8.00 8.00 bad
20 2.00 2.00 bad
81 2.00 6.00 good
108 8.00 8.00 good
79 4.00 4.00 bad
29 6.00 6.00 good
133 6.00 6.00 bad
1780 10.00 8.00 bad
55 6.00 6.00 bad
80 6.00 6.00 good
2109 8.00 6.00 bad
461 10.00 8.00 good
86 8.00 8.00 good
82 6.00 4.00 bad
21 6.00 6.00 bad
153 8.00 8.00 bad
20 8.00 8.00 bad
956 10.00 8.00 good
19 8.00 8.00 bad
46 6.00 6.00 bad
21 6.00 6.00 good
429 8.00 8.00 good
745 10.00 8.00 bad
217 6.00 6.00 bad
714 10.00 10.00 bad
104 6.00 6.00 bad
21 6.00 6.00 bad
222 6.00 8.00 bad
182 10.00 6.00 bad
145 8.00 6.00 bad
16 2.00 2.00 bad
654 10.00 8.00 good
2113 8.00 8.00 good
942 6.00 6.00 bad
42 6.00 8.00 bad
219 10.00 8.00 bad
29 6.00 6.00 bad
25 6.00 4.00 bad
1184 10.00 6.00 bad
5393 10.00 10.00 good
112 6.00 6.00 bad
182 8.00 6.00 good
136 6.00 6.00 bad
282 6.00 6.00 bad
34 6.00 6.00 bad
274 6.00 6.00 bad
1575 8.00 8.00 good
45 8.00 6.00 good
385 8.00 8.00 bad
320 6.00 6.00 good
387 10.00 8.00 good
2063 10.00 8.00 good
614 8.00 6.00 good
795 8.00 8.00 good
68 6.00 4.00 bad
1641 10.00 8.00 good
328 2.00 6.00 bad
1100 8.00 8.00 good
83 8.00 8.00 bad
2366 10.00 8.00 good
2356 8.00 8.00 good
208 2.00 4.00 good
21 6.00 6.00 bad
45 2.00 6.00 good
209 6.00 6.00 good