FourStarRate Quartile Kurtosis Class
98
0 1 2 3 4 6 7 8 9 11 12 15 16 17 18 20 22 23 24 25 27 29 31 33 34 35 36 37 38 39 40 42 43 46 47 49 50 52 53 54 55 56 58 60 61 63 64 65 66 67 68 71 73 75 77 78 81 83 84 85 87 90 91 92 93 94 96 98 99 101 102 104 105 107 108 111 112 116 118 120 121 125 126 127 129 130 132 133 134 135 137 138 139 140 142 145 146 149
0.30 4.00 200.91 good
0.36 4.00 406.22 good
0.24 2.00 267.71 bad
0.27 4.00 155.27 bad
0.25 4.00 113.07 bad
0.18 4.00 75.15 good
0.11 2.00 181.37 bad
0.22 4.00 196.73 bad
0.30 4.00 110.48 bad
0.32 2.00 491.68 bad
0.08 4.00 114.51 bad
0.25 4.00 188.48 bad
0.20 4.00 87.54 good
0.23 4.00 80.31 bad
0.14 6.00 137.29 bad
0.20 6.00 48.29 good
0.28 2.00 468.11 bad
0.08 4.00 78.49 good
0.13 2.00 114.10 bad
0.00 4.00 28.01 bad
0.15 4.00 40.03 good
0.20 4.00 194.89 good
0.19 4.00 211.54 good
0.23 4.00 163.05 good
0.13 2.00 192.82 bad
0.14 6.00 41.11 good
0.34 2.00 203.97 bad
0.44 4.00 948.64 bad
0.17 4.00 172.89 bad
0.05 2.00 53.89 bad
0.33 2.00 227.23 good
0.20 6.00 74.29 bad
0.14 6.00 44.83 good
0.33 4.00 218.67 good
0.22 4.00 85.63 bad
0.23 4.00 155.38 bad
0.14 2.00 119.73 good
0.30 4.00 453.60 bad
0.00 2.00 31.11 bad
0.21 4.00 245.77 good
0.20 4.00 182.02 bad
0.10 4.00 74.03 good
0.30 4.00 256.16 good
0.20 4.00 95.85 bad
0.44 2.00 1104.85 good
0.20 8.00 55.29 good
0.14 4.00 59.06 bad
0.07 4.00 77.07 bad
0.19 4.00 204.65 bad
0.25 4.00 278.88 good
0.30 2.00 223.96 bad
0.25 4.00 106.33 bad
0.39 2.00 278.58 bad
0.30 2.00 344.01 good
0.27 4.00 440.27 bad
0.24 4.00 147.32 bad
0.08 2.00 173.53 bad
0.22 4.00 188.48 bad
0.19 4.00 116.65 bad
0.24 6.00 51.21 good
0.19 6.00 95.46 bad
0.07 4.00 25.57 bad
0.28 4.00 191.97 good
0.29 4.00 444.03 good
0.34 2.00 288.02 bad
0.33 2.00 299.63 good
0.33 2.00 282.28 good
0.33 4.00 391.57 good
0.26 2.00 243.27 bad
0.27 4.00 286.97 bad
0.21 6.00 65.28 good
0.04 2.00 92.39 bad
0.33 4.00 385.10 good
0.17 6.00 72.91 bad
0.20 2.00 1238.93 good
0.26 4.00 113.09 good
0.15 4.00 84.03 bad
0.12 4.00 138.45 good
0.30 2.00 387.39 bad
0.25 6.00 75.21 good
0.08 4.00 102.63 bad
0.20 2.00 1797.82 good
0.21 8.00 76.64 good
0.26 4.00 319.05 good
0.26 4.00 209.65 good
0.16 6.00 73.99 bad
0.35 4.00 212.10 good
0.33 4.00 194.01 bad
0.34 4.00 176.74 good
0.29 4.00 234.30 bad
0.33 4.00 478.73 good
0.19 6.00 56.35 bad
0.36 2.00 304.97 good
0.54 4.00 361.68 bad
0.24 4.00 364.52 good
0.33 2.00 909.70 bad
0.37 2.00 402.15 good
0.26 4.00 113.50 good