FiveStarRate Median Quartile Class
93
3 5 7 8 9 11 12 13 16 17 20 21 22 24 27 28 29 30 32 33 35 38 39 40 41 42 43 45 46 47 48 50 51 52 53 54 55 56 58 59 61 62 64 69 71 72 73 74 75 76 77 78 79 81 82 86 87 89 90 93 94 95 96 97 98 99 100 101 103 106 108 109 112 113 115 119 121 122 124 126 128 130 134 135 137 139 142 144 146 149 150 151 153
0.18 6.00 4.00 bad
0.12 6.00 4.00 good
0.11 6.00 2.00 bad
0.21 6.00 4.00 bad
0.02 6.00 4.00 bad
0.16 6.00 2.00 bad
0.20 6.00 4.00 bad
0.09 6.00 2.00 bad
0.14 6.00 4.00 good
0.12 6.00 4.00 bad
0.13 4.00 6.00 good
0.04 4.00 4.00 bad
0.11 6.00 2.00 bad
0.11 6.00 2.00 bad
0.05 4.00 4.00 good
0.27 8.00 4.00 bad
0.36 8.00 4.00 good
0.11 6.00 6.00 bad
0.13 8.00 2.00 bad
0.15 6.00 4.00 good
0.21 6.00 6.00 good
0.13 6.00 4.00 bad
0.00 2.00 2.00 bad
0.19 8.00 2.00 good
0.17 6.00 2.00 good
0.11 6.00 6.00 bad
0.14 6.00 6.00 good
0.10 6.00 4.00 bad
0.27 8.00 4.00 good
0.08 4.00 4.00 bad
0.17 6.00 2.00 bad
0.07 6.00 2.00 good
0.07 6.00 4.00 bad
0.42 8.00 4.00 bad
0.10 4.00 2.00 bad
0.29 6.00 4.00 good
0.06 6.00 4.00 bad
0.13 6.00 4.00 good
0.37 8.00 4.00 good
0.25 6.00 6.00 good
0.21 8.00 2.00 good
0.00 4.00 4.00 bad
0.02 4.00 4.00 bad
0.21 8.00 2.00 bad
0.17 6.00 4.00 bad
0.35 8.00 4.00 good
0.17 8.00 2.00 bad
0.04 6.00 4.00 bad
0.10 6.00 2.00 good
0.24 8.00 4.00 good
0.37 8.00 4.00 bad
0.16 6.00 4.00 bad
0.10 6.00 6.00 bad
0.13 6.00 2.00 bad
0.22 4.00 4.00 bad
0.26 8.00 4.00 bad
0.27 6.00 6.00 bad
0.17 6.00 4.00 bad
0.07 2.00 4.00 bad
0.21 8.00 2.00 bad
0.23 8.00 2.00 good
0.15 6.00 2.00 bad
0.17 8.00 2.00 good
0.13 8.00 2.00 good
0.29 8.00 4.00 good
0.17 6.00 2.00 bad
0.25 8.00 4.00 bad
0.27 8.00 4.00 bad
0.11 6.00 2.00 bad
0.16 6.00 4.00 good
0.63 10.00 2.00 good
0.10 6.00 4.00 bad
0.11 6.00 4.00 bad
0.14 6.00 4.00 bad
0.07 6.00 4.00 bad
0.29 8.00 4.00 good
0.02 4.00 4.00 bad
0.25 8.00 4.00 bad
0.11 6.00 4.00 good
0.30 8.00 8.00 good
0.31 8.00 8.00 good
0.17 6.00 6.00 bad
0.18 8.00 4.00 good
0.26 8.00 4.00 bad
0.38 8.00 4.00 good
0.22 8.00 2.00 good
0.46 8.00 4.00 good
0.09 6.00 4.00 bad
0.19 8.00 2.00 good
0.15 6.00 4.00 good
0.15 6.00 4.00 bad
0.37 8.00 6.00 bad
0.12 6.00 4.00 good