FourStarRate Mode Quartile Class
99
0 1 3 4 5 6 7 8 9 10 11 13 15 16 17 19 23 26 28 31 33 37 38 39 40 41 42 43 46 47 49 50 51 53 54 56 57 58 59 60 61 62 64 67 68 69 72 73 76 77 78 79 81 82 83 85 88 89 91 94 95 96 97 98 99 101 102 103 104 105 106 108 109 110 112 113 114 115 117 118 120 123 124 125 126 127 129 130 131 132 137 138 139 143 147 148 149 150 152
0.30 8.00 4.00 good
0.36 8.00 4.00 good
0.27 8.00 4.00 bad
0.25 6.00 4.00 bad
0.21 6.00 4.00 good
0.18 2.00 4.00 good
0.11 6.00 2.00 bad
0.22 6.00 4.00 bad
0.30 8.00 4.00 bad
0.27 8.00 4.00 bad
0.32 6.00 2.00 bad
0.13 6.00 2.00 bad
0.25 6.00 4.00 bad
0.20 6.00 4.00 good
0.23 8.00 4.00 bad
0.22 10.00 6.00 bad
0.08 4.00 4.00 good
0.18 6.00 2.00 bad
0.31 8.00 4.00 bad
0.19 6.00 4.00 good
0.23 6.00 4.00 good
0.44 8.00 4.00 bad
0.17 4.00 4.00 bad
0.05 2.00 2.00 bad
0.33 8.00 2.00 good
0.29 6.00 2.00 good
0.20 2.00 6.00 bad
0.14 2.00 6.00 good
0.33 8.00 4.00 good
0.22 4.00 4.00 bad
0.23 6.00 4.00 bad
0.14 6.00 2.00 good
0.21 6.00 4.00 bad
0.00 2.00 2.00 bad
0.21 6.00 4.00 good
0.10 6.00 4.00 good
0.29 8.00 4.00 bad
0.30 10.00 4.00 good
0.21 10.00 6.00 good
0.20 10.00 4.00 bad
0.44 8.00 2.00 good
0.34 4.00 4.00 bad
0.14 2.00 4.00 bad
0.25 10.00 4.00 good
0.30 8.00 2.00 bad
0.42 8.00 2.00 bad
0.20 10.00 4.00 good
0.39 8.00 2.00 bad
0.36 8.00 4.00 good
0.27 10.00 4.00 bad
0.24 6.00 4.00 bad
0.17 2.00 6.00 bad
0.08 6.00 2.00 bad
0.05 4.00 4.00 bad
0.22 6.00 4.00 bad
0.24 2.00 6.00 good
0.23 10.00 6.00 good
0.28 8.00 4.00 bad
0.28 10.00 4.00 good
0.33 8.00 2.00 good
0.00 6.00 2.00 bad
0.33 8.00 2.00 good
0.40 8.00 2.00 good
0.33 8.00 4.00 good
0.26 6.00 2.00 bad
0.27 10.00 4.00 bad
0.21 2.00 6.00 good
0.26 6.00 2.00 bad
0.04 6.00 2.00 bad
0.33 8.00 4.00 good
0.24 6.00 4.00 good
0.20 10.00 2.00 good
0.24 6.00 4.00 bad
0.24 6.00 4.00 bad
0.15 6.00 4.00 bad
0.21 6.00 4.00 bad
0.23 10.00 2.00 bad
0.19 6.00 4.00 bad
0.14 6.00 2.00 bad
0.30 6.00 2.00 bad
0.25 8.00 6.00 good
0.30 6.00 2.00 good
0.20 6.00 4.00 good
0.20 10.00 2.00 good
0.21 10.00 8.00 good
0.26 10.00 4.00 good
0.26 10.00 4.00 good
0.16 6.00 6.00 bad
0.11 4.00 4.00 good
0.35 8.00 4.00 good
0.33 10.00 4.00 good
0.19 2.00 6.00 bad
0.36 8.00 2.00 good
0.24 8.00 4.00 bad
0.09 2.00 4.00 good
0.06 2.00 0.00 bad
0.26 8.00 4.00 good
0.20 6.00 4.00 bad
0.14 2.00 4.00 good