ThreeStarRate Median Quartile Class
97
0 1 2 3 4 8 9 11 13 15 17 18 19 20 21 25 26 27 28 30 31 32 34 35 36 37 40 41 43 44 48 49 53 54 55 60 61 62 63 64 70 71 72 73 74 75 77 79 81 83 84 85 87 90 91 93 94 95 97 98 99 100 101 102 104 105 106 107 108 110 111 112 113 115 117 125 126 127 128 129 131 132 133 135 136 137 138 139 141 142 143 145 147 148 150 152 153
0.28 6.00 4.00 good
0.23 8.00 4.00 good
0.40 6.00 2.00 bad
0.27 6.00 4.00 bad
0.33 6.00 4.00 bad
0.30 6.00 4.00 bad
0.26 6.00 4.00 bad
0.40 6.00 2.00 bad
0.39 6.00 2.00 bad
0.27 6.00 4.00 bad
0.20 6.00 4.00 bad
0.28 6.00 6.00 bad
0.22 6.00 6.00 bad
0.15 4.00 6.00 good
0.16 4.00 4.00 bad
0.20 4.00 4.00 bad
0.43 6.00 2.00 bad
0.21 4.00 4.00 good
0.25 8.00 4.00 bad
0.32 6.00 6.00 bad
0.33 6.00 4.00 good
0.31 8.00 2.00 bad
0.39 6.00 2.00 bad
0.18 6.00 6.00 good
0.23 8.00 2.00 bad
0.20 8.00 4.00 bad
0.24 8.00 2.00 good
0.34 6.00 2.00 good
0.24 6.00 6.00 good
0.11 4.00 6.00 good
0.33 6.00 2.00 bad
0.39 6.00 4.00 bad
0.14 4.00 2.00 bad
0.33 6.00 4.00 good
0.33 6.00 4.00 bad
0.18 6.00 4.00 bad
0.25 8.00 2.00 good
0.08 4.00 4.00 bad
0.12 6.00 8.00 good
0.21 4.00 4.00 bad
0.04 8.00 6.00 bad
0.25 6.00 4.00 bad
0.26 8.00 4.00 good
0.22 8.00 2.00 bad
0.36 6.00 4.00 bad
0.40 6.00 2.00 good
0.22 8.00 4.00 bad
0.26 6.00 6.00 bad
0.54 6.00 2.00 bad
0.28 6.00 4.00 bad
0.33 6.00 4.00 bad
0.15 4.00 6.00 good
0.23 6.00 6.00 bad
0.20 2.00 4.00 bad
0.16 8.00 4.00 good
0.26 8.00 2.00 bad
0.23 8.00 2.00 good
0.46 6.00 2.00 bad
0.26 8.00 2.00 good
0.22 8.00 4.00 good
0.34 6.00 2.00 bad
0.34 8.00 4.00 bad
0.26 8.00 4.00 bad
0.26 6.00 6.00 good
0.34 4.00 2.00 bad
0.19 8.00 4.00 good
0.27 6.00 4.00 good
0.15 6.00 6.00 bad
0.10 10.00 2.00 good
0.28 6.00 4.00 bad
0.26 6.00 4.00 good
0.30 6.00 4.00 bad
0.36 6.00 4.00 bad
0.35 6.00 4.00 bad
0.45 6.00 2.00 bad
0.08 10.00 2.00 good
0.16 8.00 8.00 good
0.22 8.00 4.00 good
0.13 8.00 8.00 good
0.16 8.00 4.00 good
0.13 4.00 4.00 good
0.25 6.00 4.00 good
0.33 6.00 4.00 bad
0.24 8.00 4.00 bad
0.32 4.00 4.00 bad
0.15 8.00 4.00 good
0.22 6.00 6.00 bad
0.24 8.00 2.00 good
0.19 8.00 2.00 bad
0.15 8.00 4.00 good
0.22 6.00 4.00 bad
0.45 6.00 2.00 bad
0.19 4.00 4.00 good
0.04 2.00 0.00 bad
0.35 6.00 4.00 bad
0.28 6.00 4.00 good
0.25 6.00 4.00 good