ThreeStarRate FourStarRate Median Class
100
1 2 4 5 6 9 10 11 13 14 17 19 20 21 23 25 27 29 30 32 33 37 38 39 42 43 45 46 47 48 49 50 51 52 53 54 55 56 57 59 62 63 70 72 75 76 82 83 84 85 86 87 89 90 92 93 94 97 98 99 101 102 103 104 106 107 109 110 114 116 117 118 119 120 121 122 124 125 127 129 130 131 132 135 136 137 139 140 141 142 143 144 145 146 148 149 150 151 152 153
0.23 0.36 8.00 good
0.40 0.24 6.00 bad
0.33 0.25 6.00 bad
0.26 0.21 6.00 good
0.21 0.18 6.00 good
0.26 0.30 6.00 bad
0.23 0.27 6.00 bad
0.40 0.32 6.00 bad
0.39 0.13 6.00 bad
0.21 0.19 6.00 good
0.20 0.23 6.00 bad
0.22 0.22 6.00 bad
0.15 0.20 4.00 good
0.16 0.14 4.00 bad
0.28 0.08 4.00 good
0.20 0.00 4.00 bad
0.21 0.15 4.00 good
0.22 0.20 8.00 good
0.32 0.14 6.00 bad
0.31 0.39 8.00 bad
0.29 0.23 6.00 good
0.20 0.44 8.00 bad
0.27 0.17 6.00 bad
0.16 0.05 2.00 bad
0.26 0.20 6.00 bad
0.24 0.14 6.00 good
0.30 0.23 6.00 bad
0.19 0.33 8.00 good
0.20 0.22 4.00 bad
0.33 0.33 6.00 bad
0.39 0.23 6.00 bad
0.32 0.14 6.00 good
0.37 0.21 6.00 bad
0.15 0.30 8.00 bad
0.14 0.00 4.00 bad
0.33 0.21 6.00 good
0.33 0.20 6.00 bad
0.32 0.10 6.00 good
0.21 0.29 6.00 bad
0.21 0.21 6.00 good
0.08 0.34 4.00 bad
0.12 0.20 6.00 good
0.04 0.32 8.00 bad
0.26 0.20 8.00 good
0.40 0.30 6.00 good
0.15 0.36 8.00 good
0.20 0.05 4.00 bad
0.28 0.22 6.00 bad
0.33 0.19 6.00 bad
0.15 0.24 4.00 good
0.30 0.27 8.00 bad
0.23 0.19 6.00 bad
0.27 0.28 6.00 bad
0.20 0.07 2.00 bad
0.16 0.29 8.00 good
0.26 0.34 8.00 bad
0.23 0.33 8.00 good
0.26 0.40 8.00 good
0.22 0.33 8.00 good
0.34 0.26 6.00 bad
0.26 0.27 8.00 bad
0.26 0.21 6.00 good
0.50 0.26 6.00 bad
0.34 0.04 4.00 bad
0.27 0.24 6.00 good
0.15 0.17 6.00 bad
0.36 0.24 6.00 bad
0.28 0.24 6.00 bad
0.09 0.23 10.00 bad
0.42 0.12 6.00 good
0.45 0.14 6.00 bad
0.39 0.30 6.00 bad
0.20 0.33 8.00 good
0.20 0.25 6.00 good
0.32 0.08 4.00 bad
0.28 0.29 8.00 bad
0.29 0.20 6.00 good
0.08 0.20 10.00 good
0.22 0.26 8.00 good
0.16 0.26 8.00 good
0.28 0.16 6.00 bad
0.13 0.11 4.00 good
0.25 0.35 6.00 good
0.24 0.29 8.00 bad
0.32 0.05 4.00 bad
0.15 0.33 8.00 good
0.24 0.36 8.00 good
0.07 0.54 8.00 bad
0.19 0.49 8.00 bad
0.15 0.24 8.00 good
0.22 0.24 6.00 bad
0.27 0.18 6.00 bad
0.45 0.33 6.00 bad
0.27 0.37 8.00 good
0.04 0.06 2.00 bad
0.23 0.26 6.00 good
0.35 0.20 6.00 bad
0.16 0.19 8.00 bad
0.28 0.14 6.00 good
0.25 0.22 6.00 good