ThreeStarRate Quartile Kurtosis Class
101
1 4 5 6 8 9 10 11 12 13 14 15 16 17 19 21 23 24 25 27 28 29 31 32 35 36 39 40 44 46 47 48 49 52 53 54 55 56 57 59 60 61 63 64 65 66 72 73 75 76 78 82 83 84 85 86 88 89 92 94 98 100 101 102 103 104 105 106 107 109 110 111 112 113 114 116 117 120 121 124 125 126 127 128 129 131 132 133 135 137 139 140 141 142 143 144 145 150 151 152 153
0.23 4.00 406.22 good
0.33 4.00 113.07 bad
0.26 4.00 93.52 good
0.21 4.00 75.15 good
0.30 4.00 196.73 bad
0.26 4.00 110.48 bad
0.23 4.00 143.84 bad
0.40 2.00 491.68 bad
0.44 4.00 114.51 bad
0.39 2.00 156.17 bad
0.21 6.00 68.44 good
0.27 4.00 188.48 bad
0.23 4.00 87.54 good
0.20 4.00 80.31 bad
0.22 6.00 181.41 bad
0.16 4.00 66.70 bad
0.28 4.00 78.49 good
0.36 2.00 114.10 bad
0.20 4.00 28.01 bad
0.21 4.00 40.03 good
0.25 4.00 418.19 bad
0.22 4.00 194.89 good
0.33 4.00 211.54 good
0.31 2.00 404.81 bad
0.18 6.00 41.11 good
0.23 2.00 203.97 bad
0.16 2.00 53.89 bad
0.24 2.00 227.23 good
0.11 6.00 29.34 good
0.19 4.00 218.67 good
0.20 4.00 85.63 bad
0.33 2.00 362.40 bad
0.39 4.00 155.38 bad
0.15 4.00 453.60 bad
0.14 2.00 31.11 bad
0.33 4.00 245.77 good
0.33 4.00 182.02 bad
0.32 4.00 74.03 good
0.21 4.00 94.54 bad
0.21 6.00 148.52 good
0.18 4.00 95.85 bad
0.25 2.00 1104.85 good
0.12 8.00 55.29 good
0.21 4.00 59.06 bad
0.31 4.00 77.07 bad
0.43 4.00 204.65 bad
0.26 4.00 259.41 good
0.22 2.00 278.58 bad
0.40 2.00 344.01 good
0.15 4.00 159.36 good
0.33 4.00 147.32 bad
0.20 4.00 87.78 bad
0.28 4.00 188.48 bad
0.33 4.00 116.65 bad
0.15 6.00 51.21 good
0.30 4.00 249.84 bad
0.18 6.00 118.81 good
0.27 4.00 208.64 bad
0.16 4.00 444.03 good
0.23 2.00 299.63 good
0.22 4.00 391.57 good
0.34 4.00 297.05 bad
0.26 4.00 286.97 bad
0.26 6.00 65.28 good
0.50 2.00 664.54 bad
0.34 2.00 92.39 bad
0.19 4.00 385.10 good
0.27 4.00 114.14 good
0.15 6.00 72.91 bad
0.36 4.00 170.95 bad
0.28 4.00 131.59 bad
0.26 4.00 113.09 good
0.30 4.00 84.03 bad
0.36 4.00 164.81 bad
0.09 2.00 875.52 bad
0.42 4.00 138.45 good
0.45 2.00 132.92 bad
0.20 6.00 75.21 good
0.32 4.00 102.63 bad
0.29 4.00 101.09 good
0.08 2.00 1797.82 good
0.16 8.00 76.64 good
0.22 4.00 319.05 good
0.13 8.00 82.37 good
0.16 4.00 209.65 good
0.13 4.00 58.14 good
0.25 4.00 212.10 good
0.33 4.00 194.01 bad
0.24 4.00 234.30 bad
0.15 4.00 478.73 good
0.24 2.00 304.97 good
0.07 4.00 361.68 bad
0.19 2.00 311.51 bad
0.15 4.00 364.52 good
0.22 4.00 86.23 bad
0.27 4.00 97.95 bad
0.45 2.00 909.70 bad
0.35 4.00 158.29 bad
0.16 6.00 105.22 bad
0.28 4.00 62.68 good
0.25 4.00 105.28 good