BookScoreCount AddListCount Mode Class
102
0 2 3 4 6 7 8 9 10 11 12 14 15 16 17 18 19 20 21 23 25 26 27 28 29 31 32 34 35 37 39 40 44 46 47 49 51 52 53 55 57 59 60 63 64 65 68 69 72 74 76 77 78 79 81 83 84 85 86 87 89 90 91 93 94 95 96 98 99 102 106 108 109 111 113 115 117 118 119 120 121 122 123 125 126 128 129 132 133 135 136 137 140 141 142 143 144 146 148 149 152 153
568 214 8.00 good
47 12 6.00 bad
129 38 8.00 bad
78 22 6.00 bad
187 42 2.00 good
27 8 6.00 bad
177 53 6.00 bad
51 14 8.00 bad
78 25 8.00 bad
51 15 6.00 bad
25 12 6.00 bad
454 136 2.00 good
658 204 6.00 bad
119 25 6.00 good
36 10 8.00 bad
23 7 10.00 bad
250 70 10.00 bad
112 17 2.00 good
44 12 4.00 bad
116 32 4.00 good
11 2 2.00 bad
100 32 6.00 bad
150 31 2.00 good
263 73 8.00 bad
290 68 10.00 good
44 6 6.00 good
292 111 8.00 bad
97 24 6.00 bad
1909 254 2.00 good
216 106 8.00 bad
20 1 2.00 bad
495 172 8.00 good
1885 242 2.00 good
108 28 8.00 good
79 20 4.00 bad
72 13 6.00 bad
133 42 6.00 bad
1780 446 10.00 bad
22 1 2.00 bad
55 11 6.00 bad
2109 551 8.00 bad
484 138 10.00 good
108 19 10.00 bad
91 21 2.00 good
45 10 2.00 bad
82 22 6.00 bad
153 45 8.00 bad
20 5 8.00 bad
956 180 10.00 good
46 16 6.00 bad
429 110 8.00 good
745 183 10.00 bad
217 57 6.00 bad
531 94 2.00 bad
25 4 6.00 bad
104 22 6.00 bad
21 3 6.00 bad
356 55 2.00 good
222 53 6.00 bad
182 65 10.00 bad
145 49 8.00 bad
16 4 2.00 bad
654 218 10.00 good
396 121 8.00 bad
218 57 8.00 good
13 4 6.00 bad
188 100 8.00 good
2113 558 8.00 good
942 253 6.00 bad
225 39 2.00 good
349 102 6.00 good
5393 1586 10.00 good
88 34 6.00 bad
182 53 8.00 good
136 25 6.00 bad
282 76 6.00 bad
34 5 6.00 bad
274 112 6.00 bad
1575 274 8.00 good
45 15 8.00 good
59 14 6.00 bad
385 126 8.00 bad
93 32 6.00 good
768 149 10.00 good
353 48 10.00 good
607 108 10.00 good
2063 510 10.00 good
614 131 8.00 good
23 1 8.00 bad
1310 293 8.00 bad
68 9 6.00 bad
1641 303 10.00 good
21 7 8.00 bad
83 19 8.00 bad
2366 365 10.00 good
153 42 8.00 bad
364 103 6.00 bad
2356 710 8.00 good
1080 54 2.00 bad
674 178 8.00 good
45 12 2.00 good
209 50 6.00 good