BookWordCount TwoStarRate Mode Class
96
1 2 4 5 6 8 9 10 11 15 16 17 18 19 21 23 24 25 26 27 30 31 32 34 35 37 38 39 40 41 42 43 44 49 51 53 54 57 59 60 61 62 63 67 72 73 75 77 78 79 82 83 84 89 91 92 94 97 98 99 100 102 104 105 107 108 110 113 114 116 117 118 121 123 124 126 127 130 131 132 134 137 138 139 140 141 142 143 144 145 147 148 150 151 152 153
289.90 0.08 8.00 good
48.30 0.10 6.00 bad
139.00 0.09 6.00 bad
158.50 0.20 6.00 good
59.60 0.14 2.00 good
143.50 0.16 6.00 bad
21.30 0.18 8.00 bad
82.50 0.26 8.00 bad
13.40 0.04 6.00 bad
257.20 0.13 6.00 bad
135.80 0.22 6.00 good
33.60 0.22 8.00 bad
24.10 0.17 10.00 bad
122.40 0.18 10.00 bad
74.10 0.37 4.00 bad
122.20 0.31 4.00 good
74.80 0.21 6.00 bad
35.90 0.20 2.00 bad
62.70 0.09 6.00 bad
147.20 0.17 2.00 good
150.70 0.18 6.00 bad
78.00 0.30 6.00 good
51.10 0.09 8.00 bad
154.60 0.30 6.00 bad
713.10 0.12 2.00 good
51.30 0.03 8.00 bad
80.20 0.35 4.00 bad
22.80 0.26 2.00 bad
153.10 0.12 8.00 good
168.40 0.14 6.00 good
300.10 0.17 2.00 bad
74.40 0.13 2.00 good
296.80 0.07 2.00 good
44.50 0.10 6.00 bad
84.60 0.30 6.00 bad
53.70 0.33 2.00 bad
13.00 0.05 6.00 good
293.40 0.07 8.00 bad
133.40 0.21 10.00 good
45.10 0.21 10.00 bad
17.00 0.08 8.00 good
49.60 0.50 4.00 bad
108.60 0.07 2.00 good
16.80 0.06 10.00 good
390.00 0.08 10.00 good
68.60 0.11 8.00 bad
39.60 0.10 6.00 good
1070.70 0.07 10.00 bad
70.00 0.10 6.00 bad
131.20 0.19 2.00 bad
183.00 0.41 4.00 bad
40.80 0.17 6.00 bad
30.00 0.14 6.00 bad
153.20 0.17 8.00 bad
126.20 0.08 10.00 good
116.50 0.04 10.00 good
63.70 0.11 8.00 good
22.20 0.03 8.00 good
170.60 0.08 8.00 good
181.90 0.12 6.00 bad
59.90 0.02 6.00 bad
78.10 0.14 2.00 good
150.50 0.31 6.00 bad
198.70 0.08 8.00 good
310.00 0.12 10.00 bad
446.50 0.02 10.00 good
133.50 0.21 6.00 bad
247.80 0.13 6.00 bad
31.70 0.02 10.00 bad
118.30 0.12 6.00 good
59.10 0.11 6.00 bad
92.20 0.11 6.00 bad
145.90 0.30 6.00 bad
153.40 0.08 6.00 good
223.00 0.19 6.00 good
89.70 0.06 10.00 good
34.20 0.06 10.00 good
46.30 0.13 6.00 bad
195.70 0.41 4.00 good
237.20 0.14 8.00 good
179.50 0.12 8.00 good
448.70 0.05 10.00 good
212.90 0.10 2.00 bad
130.30 0.07 8.00 good
43.40 0.30 8.00 bad
25.10 0.03 8.00 bad
518.00 0.05 10.00 good
177.70 0.21 8.00 bad
319.70 0.25 6.00 bad
62.30 0.10 6.00 bad
154.00 0.22 2.00 good
209.90 0.03 2.00 bad
44.60 0.15 6.00 bad
93.00 0.07 10.00 bad
163.50 0.19 2.00 good
73.20 0.22 6.00 good