TwoStarRate Median Quartile Class
105
2 4 5 6 8 9 12 13 14 15 18 19 20 21 22 23 24 27 28 30 32 33 35 36 37 38 39 40 41 42 47 48 49 51 52 54 55 57 58 59 60 62 63 65 66 69 71 72 73 76 77 78 79 80 81 82 83 84 85 86 87 88 89 90 91 93 94 96 97 98 99 102 104 105 106 107 109 110 111 114 116 117 118 120 121 122 123 127 131 133 134 135 136 137 138 140 142 143 144 147 148 149 150 151 153
0.10 6.00 2.00 bad
0.09 6.00 4.00 bad
0.20 6.00 4.00 good
0.14 6.00 4.00 good
0.16 6.00 4.00 bad
0.18 6.00 4.00 bad
0.08 6.00 4.00 bad
0.24 6.00 2.00 bad
0.14 6.00 6.00 good
0.13 6.00 4.00 bad
0.17 6.00 6.00 bad
0.18 6.00 6.00 bad
0.20 4.00 6.00 good
0.37 4.00 4.00 bad
0.15 6.00 2.00 bad
0.31 4.00 4.00 good
0.21 6.00 2.00 bad
0.17 4.00 4.00 good
0.11 8.00 4.00 bad
0.18 6.00 6.00 bad
0.09 8.00 2.00 bad
0.20 6.00 4.00 good
0.12 6.00 6.00 good
0.10 8.00 2.00 bad
0.03 8.00 4.00 bad
0.35 6.00 4.00 bad
0.26 2.00 2.00 bad
0.12 8.00 2.00 good
0.14 6.00 2.00 good
0.17 6.00 6.00 bad
0.28 4.00 4.00 bad
0.09 6.00 2.00 bad
0.10 6.00 4.00 bad
0.30 6.00 4.00 bad
0.04 8.00 4.00 bad
0.05 6.00 4.00 good
0.28 6.00 4.00 bad
0.07 6.00 4.00 bad
0.05 8.00 4.00 good
0.21 6.00 6.00 good
0.21 6.00 4.00 bad
0.50 4.00 4.00 bad
0.07 6.00 8.00 good
0.28 4.00 4.00 bad
0.14 6.00 4.00 bad
0.05 8.00 2.00 bad
0.12 6.00 4.00 bad
0.08 8.00 4.00 good
0.11 8.00 2.00 bad
0.07 8.00 4.00 good
0.07 8.00 4.00 bad
0.10 6.00 4.00 bad
0.19 6.00 6.00 bad
0.03 10.00 2.00 bad
0.08 6.00 2.00 bad
0.41 4.00 4.00 bad
0.17 6.00 4.00 bad
0.14 6.00 4.00 bad
0.19 4.00 6.00 good
0.03 8.00 4.00 bad
0.09 6.00 6.00 bad
0.10 8.00 6.00 good
0.17 6.00 4.00 bad
0.13 2.00 4.00 bad
0.08 8.00 4.00 good
0.08 8.00 2.00 bad
0.11 8.00 2.00 good
0.11 8.00 2.00 good
0.03 8.00 2.00 good
0.08 8.00 4.00 good
0.12 6.00 2.00 bad
0.14 6.00 6.00 good
0.31 4.00 2.00 bad
0.08 8.00 4.00 good
0.14 6.00 4.00 good
0.12 6.00 6.00 bad
0.14 6.00 4.00 bad
0.21 6.00 4.00 bad
0.16 6.00 4.00 good
0.02 10.00 2.00 bad
0.12 6.00 4.00 good
0.11 6.00 2.00 bad
0.11 6.00 2.00 bad
0.18 6.00 6.00 good
0.30 4.00 4.00 bad
0.10 8.00 4.00 bad
0.08 6.00 2.00 good
0.06 8.00 4.00 good
0.41 4.00 4.00 good
0.13 6.00 4.00 bad
0.12 8.00 4.00 good
0.09 8.00 4.00 bad
0.24 4.00 4.00 bad
0.05 8.00 4.00 good
0.10 6.00 6.00 bad
0.30 8.00 4.00 bad
0.05 8.00 4.00 good
0.21 6.00 4.00 bad
0.25 6.00 4.00 bad
0.22 4.00 4.00 good
0.03 2.00 0.00 bad
0.18 6.00 4.00 good
0.15 6.00 4.00 bad
0.07 8.00 6.00 bad
0.22 6.00 4.00 good