BookScoreCount AddListCount FiveStarRate Class
99
0 2 3 4 6 7 8 12 13 14 15 17 18 20 21 23 24 25 26 27 29 31 32 33 34 36 38 39 40 41 42 43 44 47 50 51 54 57 59 60 61 64 65 66 70 71 73 74 77 79 80 81 84 86 88 89 90 92 94 95 96 97 98 99 101 102 103 104 108 111 112 114 115 116 117 118 119 120 122 124 125 126 127 128 129 130 132 133 135 136 137 140 142 143 147 148 149 150 153
568 214 0.15 good
47 12 0.15 bad
129 38 0.18 bad
78 22 0.10 bad
187 42 0.23 good
27 8 0.11 bad
177 53 0.21 bad
25 12 0.20 bad
48 9 0.09 bad
454 136 0.20 good
658 204 0.23 bad
36 10 0.12 bad
23 7 0.28 bad
112 17 0.13 good
44 12 0.04 bad
116 32 0.06 good
70 23 0.11 bad
11 2 0.20 bad
100 32 0.19 bad
150 31 0.05 good
290 68 0.36 good
44 6 0.09 good
292 111 0.13 bad
192 49 0.15 good
97 24 0.03 bad
223 63 0.19 bad
63 19 0.13 bad
20 1 0.00 bad
495 172 0.19 good
670 289 0.17 good
686 215 0.11 bad
81 18 0.14 good
1885 242 0.23 good
79 20 0.08 bad
29 7 0.07 good
133 42 0.07 bad
43 9 0.29 good
2109 551 0.18 bad
484 138 0.25 good
108 19 0.23 bad
86 33 0.21 good
45 10 0.02 bad
82 22 0.07 bad
21 2 0.10 bad
51 2 0.20 bad
248 119 0.17 bad
19 8 0.17 bad
46 16 0.04 bad
745 183 0.37 bad
531 94 0.10 bad
714 193 0.58 bad
25 4 0.13 bad
21 3 0.14 bad
222 53 0.26 bad
1636 321 0.30 good
145 49 0.17 bad
16 4 0.07 bad
527 141 0.42 good
218 57 0.23 good
13 4 0.15 bad
188 100 0.17 good
39 7 0.13 good
2113 558 0.29 good
942 253 0.17 bad
219 65 0.27 bad
225 39 0.08 good
29 6 0.11 bad
25 5 0.09 bad
5393 1586 0.63 good
182 53 0.12 good
201 63 0.11 bad
1114 218 0.60 bad
282 76 0.07 bad
19 7 0.17 good
34 5 0.09 bad
274 112 0.11 bad
1575 274 0.29 good
45 15 0.11 good
385 126 0.25 bad
320 57 0.11 good
768 149 0.67 good
353 48 0.30 good
387 146 0.36 good
607 108 0.31 good
2063 510 0.37 good
82 11 0.17 bad
614 131 0.13 good
23 1 0.04 bad
1310 293 0.26 bad
68 9 0.09 bad
1641 303 0.38 good
21 7 0.05 bad
2366 365 0.46 good
153 42 0.10 bad
208 26 0.02 good
1080 54 0.08 bad
674 178 0.15 good
21 5 0.15 bad
209 50 0.12 good