AddListCount TwoStarRate FourStarRate Class
103
1 3 4 5 6 7 9 10 13 14 16 18 20 23 24 26 27 28 29 33 34 36 38 39 41 43 44 45 46 48 50 51 52 53 54 55 56 58 59 60 61 62 65 68 69 70 71 72 73 75 76 77 78 79 81 83 84 85 86 87 90 93 94 95 97 98 99 100 101 102 108 111 112 114 115 116 117 119 121 123 124 125 126 127 129 130 131 133 134 136 137 138 142 144 145 146 147 148 149 150 151 152 153
492 0.08 0.36 good
38 0.12 0.27 bad
22 0.09 0.25 bad
122 0.20 0.21 good
42 0.14 0.18 good
8 0.15 0.11 bad
14 0.18 0.30 bad
25 0.26 0.27 bad
9 0.24 0.13 bad
136 0.14 0.19 good
25 0.22 0.20 good
7 0.17 0.14 bad
17 0.20 0.20 good
32 0.31 0.08 good
23 0.21 0.13 bad
32 0.09 0.18 bad
31 0.17 0.15 good
73 0.11 0.31 bad
68 0.10 0.20 good
49 0.20 0.23 good
24 0.30 0.13 bad
63 0.10 0.34 bad
19 0.35 0.17 bad
1 0.26 0.05 bad
289 0.14 0.29 good
18 0.13 0.14 good
242 0.07 0.16 good
93 0.20 0.23 bad
28 0.07 0.33 good
371 0.09 0.33 bad
7 0.28 0.14 good
42 0.30 0.21 bad
446 0.04 0.30 bad
1 0.33 0.00 bad
9 0.05 0.21 good
11 0.28 0.20 bad
13 0.20 0.10 good
70 0.05 0.30 good
138 0.21 0.21 good
19 0.21 0.20 bad
33 0.08 0.44 good
3 0.50 0.34 bad
22 0.28 0.07 bad
45 0.11 0.30 bad
5 0.05 0.42 bad
2 0.10 0.32 bad
119 0.12 0.25 bad
180 0.08 0.20 good
8 0.11 0.39 bad
8 0.10 0.30 good
110 0.07 0.36 good
183 0.07 0.27 bad
57 0.10 0.24 bad
94 0.19 0.17 bad
4 0.08 0.08 bad
22 0.17 0.22 bad
3 0.14 0.19 bad
55 0.19 0.24 good
53 0.03 0.27 bad
65 0.09 0.19 bad
4 0.13 0.07 bad
121 0.08 0.34 bad
57 0.11 0.33 good
4 0.23 0.00 bad
7 0.03 0.40 good
558 0.08 0.33 good
253 0.12 0.26 bad
8 0.02 0.27 bad
65 0.10 0.27 bad
39 0.14 0.21 good
1586 0.02 0.20 good
53 0.16 0.26 good
63 0.20 0.15 bad
218 0.02 0.23 bad
76 0.19 0.19 bad
7 0.12 0.12 good
5 0.11 0.14 bad
274 0.06 0.33 good
14 0.30 0.08 bad
32 0.08 0.30 good
57 0.19 0.20 good
149 0.02 0.20 good
48 0.06 0.21 good
146 0.06 0.26 good
510 0.07 0.26 good
11 0.13 0.16 bad
5 0.41 0.11 good
1 0.13 0.33 bad
168 0.12 0.34 good
9 0.24 0.05 bad
303 0.05 0.33 good
53 0.10 0.19 bad
365 0.05 0.24 good
103 0.25 0.18 bad
28 0.10 0.33 bad
710 0.09 0.37 good
26 0.22 0.09 good
54 0.03 0.06 bad
178 0.18 0.26 good
5 0.15 0.20 bad
125 0.07 0.19 bad
12 0.19 0.14 good
50 0.22 0.22 good