FiveStarRate Mode Quartile Class
95
0 2 3 4 5 7 8 9 10 11 12 14 17 19 20 21 23 24 27 28 29 30 31 32 35 36 38 39 41 42 44 46 49 52 53 54 55 56 58 59 61 62 63 64 67 71 75 77 81 82 86 87 88 89 90 91 92 93 95 96 98 100 102 103 105 107 108 109 111 115 118 119 120 121 126 127 128 130 131 132 133 136 137 138 140 141 142 143 144 146 147 148 149 152 153
0.15 8.00 4.00 good
0.15 6.00 2.00 bad
0.18 8.00 4.00 bad
0.10 6.00 4.00 bad
0.12 6.00 4.00 good
0.11 6.00 2.00 bad
0.21 6.00 4.00 bad
0.02 8.00 4.00 bad
0.09 8.00 4.00 bad
0.16 6.00 2.00 bad
0.20 6.00 4.00 bad
0.20 2.00 6.00 good
0.12 8.00 4.00 bad
0.28 10.00 6.00 bad
0.13 2.00 6.00 good
0.04 4.00 4.00 bad
0.06 4.00 4.00 good
0.11 6.00 2.00 bad
0.05 2.00 4.00 good
0.27 8.00 4.00 bad
0.36 10.00 4.00 good
0.11 6.00 6.00 bad
0.09 6.00 4.00 good
0.13 8.00 2.00 bad
0.21 2.00 6.00 good
0.19 8.00 2.00 bad
0.13 4.00 4.00 bad
0.00 2.00 2.00 bad
0.17 6.00 2.00 good
0.11 2.00 6.00 bad
0.23 2.00 6.00 good
0.27 8.00 4.00 good
0.10 6.00 4.00 bad
0.42 10.00 4.00 bad
0.10 2.00 2.00 bad
0.29 6.00 4.00 good
0.06 6.00 4.00 bad
0.13 6.00 4.00 good
0.37 10.00 4.00 good
0.25 10.00 6.00 good
0.21 8.00 2.00 good
0.00 4.00 4.00 bad
0.30 2.00 8.00 good
0.02 2.00 4.00 bad
0.42 10.00 4.00 good
0.17 8.00 4.00 bad
0.10 6.00 2.00 good
0.37 10.00 4.00 bad
0.13 6.00 2.00 bad
0.22 4.00 4.00 bad
0.26 6.00 4.00 bad
0.27 10.00 6.00 bad
0.30 10.00 6.00 good
0.17 8.00 4.00 bad
0.07 2.00 4.00 bad
0.34 10.00 4.00 good
0.42 10.00 4.00 good
0.21 8.00 2.00 bad
0.15 6.00 2.00 bad
0.17 8.00 2.00 good
0.29 8.00 4.00 good
0.25 6.00 4.00 bad
0.08 2.00 6.00 good
0.11 6.00 2.00 bad
0.31 8.00 4.00 good
0.31 10.00 6.00 bad
0.63 10.00 2.00 good
0.10 6.00 4.00 bad
0.12 8.00 4.00 good
0.07 6.00 4.00 bad
0.11 6.00 2.00 bad
0.29 8.00 4.00 good
0.11 8.00 6.00 good
0.02 6.00 4.00 bad
0.30 10.00 8.00 good
0.36 10.00 4.00 good
0.31 10.00 8.00 good
0.17 6.00 6.00 bad
0.06 4.00 4.00 good
0.13 8.00 4.00 good
0.04 8.00 4.00 bad
0.09 6.00 4.00 bad
0.38 10.00 4.00 good
0.18 2.00 6.00 bad
0.05 8.00 4.00 bad
0.15 8.00 2.00 bad
0.46 10.00 4.00 good
0.10 8.00 4.00 bad
0.09 6.00 4.00 bad
0.19 8.00 2.00 good
0.02 2.00 4.00 good
0.08 2.00 0.00 bad
0.15 8.00 4.00 good
0.09 2.00 4.00 good
0.12 6.00 4.00 good