TwoStarRate Mode Median Class
99
0 1 4 7 8 10 12 16 17 18 19 20 21 22 26 27 28 30 31 32 33 34 35 36 37 39 40 42 43 46 47 48 49 50 51 52 54 55 56 57 63 64 65 66 67 68 69 71 73 74 76 78 79 80 81 82 83 84 86 88 92 93 94 97 98 99 101 103 105 106 107 109 111 113 114 115 117 121 122 124 125 127 131 132 133 134 135 136 138 140 143 144 145 146 147 148 149 151 152
0.15 8.00 6.00 good
0.08 8.00 8.00 good
0.09 6.00 6.00 bad
0.15 6.00 6.00 bad
0.16 6.00 6.00 bad
0.26 8.00 6.00 bad
0.08 6.00 6.00 bad
0.22 6.00 6.00 good
0.22 8.00 6.00 bad
0.17 10.00 6.00 bad
0.18 10.00 6.00 bad
0.20 2.00 4.00 good
0.37 4.00 4.00 bad
0.15 6.00 6.00 bad
0.09 6.00 6.00 bad
0.17 2.00 4.00 good
0.11 8.00 8.00 bad
0.18 6.00 6.00 bad
0.30 6.00 6.00 good
0.09 8.00 8.00 bad
0.20 6.00 6.00 good
0.30 6.00 6.00 bad
0.12 2.00 6.00 good
0.10 8.00 8.00 bad
0.03 8.00 8.00 bad
0.26 2.00 2.00 bad
0.12 8.00 8.00 good
0.17 2.00 6.00 bad
0.13 2.00 6.00 good
0.07 8.00 8.00 good
0.28 4.00 4.00 bad
0.09 8.00 6.00 bad
0.10 6.00 6.00 bad
0.28 6.00 6.00 good
0.30 6.00 6.00 bad
0.04 10.00 8.00 bad
0.05 6.00 6.00 good
0.28 6.00 6.00 bad
0.20 6.00 6.00 good
0.07 8.00 6.00 bad
0.07 2.00 6.00 good
0.27 2.00 4.00 bad
0.28 6.00 4.00 bad
0.14 6.00 6.00 bad
0.06 10.00 8.00 good
0.11 8.00 8.00 bad
0.05 8.00 8.00 bad
0.12 8.00 6.00 bad
0.11 8.00 8.00 bad
0.22 6.00 6.00 bad
0.07 8.00 8.00 good
0.10 6.00 6.00 bad
0.19 2.00 6.00 bad
0.03 10.00 10.00 bad
0.08 6.00 6.00 bad
0.41 4.00 4.00 bad
0.17 6.00 6.00 bad
0.14 6.00 6.00 bad
0.03 6.00 8.00 bad
0.10 10.00 8.00 good
0.04 10.00 8.00 good
0.08 8.00 8.00 bad
0.11 8.00 8.00 good
0.03 8.00 8.00 good
0.08 8.00 8.00 good
0.12 6.00 6.00 bad
0.10 10.00 8.00 bad
0.08 6.00 6.00 bad
0.08 8.00 8.00 good
0.14 6.00 6.00 good
0.12 10.00 6.00 bad
0.14 6.00 6.00 bad
0.16 8.00 6.00 good
0.13 6.00 6.00 bad
0.02 10.00 10.00 bad
0.19 6.00 6.00 bad
0.11 6.00 6.00 bad
0.30 6.00 4.00 bad
0.10 8.00 8.00 bad
0.19 6.00 6.00 good
0.02 10.00 10.00 good
0.06 10.00 8.00 good
0.41 4.00 4.00 good
0.14 8.00 6.00 good
0.13 8.00 6.00 bad
0.12 8.00 8.00 good
0.09 8.00 8.00 bad
0.24 6.00 4.00 bad
0.10 2.00 6.00 bad
0.30 8.00 8.00 bad
0.21 8.00 6.00 bad
0.25 6.00 6.00 bad
0.10 6.00 6.00 bad
0.09 8.00 8.00 good
0.22 2.00 4.00 good
0.03 2.00 2.00 bad
0.18 8.00 6.00 good
0.07 10.00 8.00 bad
0.19 2.00 6.00 good