BookScoreCount Median Quartile Class
99
0 1 2 3 5 7 9 10 11 13 14 15 17 19 21 24 26 27 28 32 33 36 37 38 39 40 41 42 43 44 45 46 47 49 50 51 52 53 56 58 61 62 65 66 68 70 71 77 78 80 81 82 86 87 88 91 93 94 95 96 99 100 101 102 103 107 108 109 111 113 114 115 116 117 118 120 124 126 128 129 130 131 132 133 134 135 136 137 140 141 142 143 144 145 146 147 148 151 153
568 6.00 4.00 good
967 8.00 4.00 good
47 6.00 2.00 bad
129 6.00 4.00 bad
439 6.00 4.00 good
27 6.00 2.00 bad
51 6.00 4.00 bad
78 6.00 4.00 bad
51 6.00 2.00 bad
48 6.00 2.00 bad
454 6.00 6.00 good
658 6.00 4.00 bad
36 6.00 4.00 bad
250 6.00 6.00 bad
44 4.00 4.00 bad
70 6.00 2.00 bad
100 6.00 2.00 bad
150 4.00 4.00 good
263 8.00 4.00 bad
292 8.00 2.00 bad
192 6.00 4.00 good
223 8.00 2.00 bad
216 8.00 4.00 bad
63 6.00 4.00 bad
20 2.00 2.00 bad
495 8.00 2.00 good
670 6.00 2.00 good
686 6.00 6.00 bad
81 6.00 6.00 good
1885 4.00 6.00 good
299 6.00 4.00 bad
108 8.00 4.00 good
79 4.00 4.00 bad
72 6.00 4.00 bad
29 6.00 2.00 good
133 6.00 4.00 bad
1780 8.00 4.00 bad
22 4.00 2.00 bad
80 6.00 4.00 good
461 8.00 4.00 good
86 8.00 2.00 good
13 4.00 4.00 bad
82 4.00 4.00 bad
21 6.00 4.00 bad
153 8.00 2.00 bad
51 8.00 6.00 bad
248 6.00 4.00 bad
745 8.00 4.00 bad
217 6.00 4.00 bad
714 10.00 2.00 bad
25 6.00 2.00 bad
31 4.00 4.00 bad
222 8.00 4.00 bad
182 6.00 6.00 bad
1636 8.00 6.00 good
654 8.00 4.00 good
396 8.00 2.00 bad
218 8.00 2.00 good
13 6.00 2.00 bad
188 8.00 2.00 good
942 6.00 2.00 bad
42 8.00 4.00 bad
219 8.00 4.00 bad
225 6.00 6.00 good
29 6.00 2.00 bad
1184 6.00 6.00 bad
5393 10.00 2.00 good
88 6.00 4.00 bad
182 6.00 4.00 good
136 6.00 4.00 bad
1114 10.00 2.00 bad
282 6.00 4.00 bad
19 6.00 4.00 good
34 6.00 2.00 bad
274 6.00 2.00 bad
45 6.00 6.00 good
320 6.00 4.00 good
353 8.00 8.00 good
607 8.00 8.00 good
2063 8.00 4.00 good
82 6.00 6.00 bad
31 4.00 4.00 good
614 6.00 4.00 good
23 6.00 4.00 bad
795 8.00 4.00 good
1310 8.00 4.00 bad
68 4.00 4.00 bad
1641 8.00 4.00 good
21 8.00 4.00 bad
83 8.00 2.00 bad
2366 8.00 4.00 good
153 6.00 4.00 bad
364 6.00 4.00 bad
61 6.00 2.00 bad
2356 8.00 2.00 good
208 4.00 4.00 good
1080 2.00 0.00 bad
638 8.00 6.00 bad
209 6.00 4.00 good