BookScoreCount ThreeStarRate FiveStarRate Class
94
2 4 6 7 9 10 11 13 14 15 18 19 20 22 24 26 28 30 32 33 34 35 36 38 40 41 42 43 45 49 50 51 53 54 55 56 58 60 61 62 63 67 68 69 71 74 75 76 77 79 80 83 84 85 86 88 89 90 92 93 94 97 100 101 103 104 106 107 110 111 113 115 117 118 120 122 123 128 129 131 132 133 135 137 139 140 142 144 146 147 148 150 151 153
47 0.40 0.15 bad
78 0.33 0.10 bad
187 0.21 0.23 good
27 0.48 0.11 bad
51 0.26 0.02 bad
78 0.23 0.09 bad
51 0.40 0.16 bad
48 0.39 0.09 bad
454 0.21 0.20 good
658 0.27 0.23 bad
23 0.28 0.28 bad
250 0.22 0.28 bad
112 0.15 0.13 good
159 0.40 0.11 bad
70 0.36 0.11 bad
100 0.43 0.19 bad
263 0.25 0.27 bad
29 0.32 0.11 bad
292 0.31 0.13 bad
192 0.29 0.15 good
97 0.39 0.03 bad
1909 0.18 0.21 good
223 0.23 0.19 bad
63 0.27 0.13 bad
495 0.24 0.19 good
670 0.34 0.17 good
686 0.26 0.11 bad
81 0.24 0.14 good
299 0.30 0.10 bad
72 0.39 0.10 bad
29 0.32 0.07 good
133 0.37 0.07 bad
22 0.14 0.10 bad
43 0.33 0.29 good
55 0.33 0.06 bad
80 0.32 0.13 good
461 0.14 0.37 good
108 0.18 0.23 bad
86 0.25 0.21 good
13 0.08 0.00 bad
91 0.12 0.30 good
90 0.16 0.42 good
153 0.25 0.22 bad
20 0.26 0.21 bad
248 0.25 0.17 bad
46 0.36 0.04 bad
21 0.40 0.10 good
429 0.15 0.24 good
745 0.22 0.37 bad
531 0.26 0.10 bad
714 0.13 0.58 bad
104 0.28 0.22 bad
21 0.33 0.14 bad
356 0.15 0.10 good
222 0.30 0.26 bad
1636 0.18 0.30 good
145 0.27 0.17 bad
16 0.20 0.07 bad
527 0.16 0.42 good
396 0.26 0.21 bad
218 0.23 0.23 good
39 0.26 0.13 good
42 0.34 0.25 bad
219 0.26 0.27 bad
29 0.50 0.11 bad
25 0.34 0.09 bad
349 0.27 0.16 good
1184 0.15 0.31 bad
112 0.28 0.10 bad
182 0.26 0.12 good
136 0.36 0.14 bad
282 0.35 0.07 bad
34 0.45 0.09 bad
274 0.39 0.11 bad
45 0.20 0.11 good
385 0.28 0.25 bad
93 0.37 0.20 good
607 0.13 0.31 good
2063 0.16 0.37 good
31 0.13 0.06 good
614 0.25 0.13 good
23 0.33 0.04 bad
1310 0.24 0.26 bad
1641 0.15 0.38 good
1100 0.24 0.22 good
21 0.07 0.05 bad
2366 0.15 0.46 good
364 0.27 0.09 bad
2356 0.27 0.19 good
208 0.19 0.02 good
1080 0.04 0.08 bad
21 0.35 0.15 bad
638 0.16 0.37 bad
209 0.25 0.12 good