BookWordCount TwoStarRate ThreeStarRate Class
98
0 2 3 8 9 10 12 14 15 16 17 18 19 20 21 22 25 26 30 31 34 35 36 40 41 42 43 45 46 47 48 51 52 53 54 55 56 57 59 60 61 62 63 65 66 68 69 74 75 76 79 80 81 82 86 88 89 90 92 93 94 95 96 97 100 101 104 108 109 110 111 112 113 114 116 118 121 122 123 124 125 128 129 131 132 133 134 136 138 139 142 143 145 147 148 150 151 153
177.20 0.15 0.28 good
48.30 0.10 0.40 bad
52.30 0.12 0.27 bad
143.50 0.16 0.30 bad
21.30 0.18 0.26 bad
82.50 0.26 0.23 bad
21.80 0.08 0.44 bad
123.80 0.14 0.21 good
257.20 0.13 0.27 bad
135.80 0.22 0.23 good
33.60 0.22 0.20 bad
24.10 0.17 0.28 bad
122.40 0.18 0.22 bad
82.30 0.20 0.15 good
74.10 0.37 0.16 bad
77.70 0.15 0.40 bad
35.90 0.20 0.20 bad
62.70 0.09 0.43 bad
150.70 0.18 0.32 bad
78.00 0.30 0.33 good
154.60 0.30 0.39 bad
713.10 0.12 0.18 good
87.00 0.10 0.23 bad
153.10 0.12 0.24 good
168.40 0.14 0.34 good
300.10 0.17 0.26 bad
74.40 0.13 0.24 good
380.50 0.20 0.30 bad
123.50 0.07 0.19 good
49.70 0.28 0.20 bad
281.40 0.09 0.33 bad
84.60 0.30 0.37 bad
76.10 0.04 0.15 bad
53.70 0.33 0.14 bad
13.00 0.05 0.33 good
106.40 0.28 0.33 bad
40.40 0.20 0.32 good
293.40 0.07 0.21 bad
133.40 0.21 0.21 good
45.10 0.21 0.18 bad
17.00 0.08 0.25 good
49.60 0.50 0.08 bad
108.60 0.07 0.12 good
72.20 0.28 0.31 bad
34.80 0.14 0.43 bad
79.60 0.11 0.25 bad
7.30 0.05 0.26 bad
49.30 0.22 0.36 bad
39.60 0.10 0.40 good
46.20 0.07 0.15 good
131.20 0.19 0.26 bad
144.70 0.03 0.13 bad
87.70 0.08 0.54 bad
183.00 0.41 0.20 bad
129.90 0.03 0.30 bad
315.30 0.10 0.18 good
153.20 0.17 0.27 bad
50.40 0.13 0.20 bad
116.50 0.04 0.16 good
90.50 0.08 0.26 bad
63.70 0.11 0.23 good
99.00 0.23 0.46 bad
34.10 0.11 0.28 good
22.20 0.03 0.26 good
59.90 0.02 0.34 bad
219.60 0.10 0.26 bad
150.50 0.31 0.34 bad
446.50 0.02 0.10 good
101.10 0.14 0.36 bad
133.50 0.21 0.28 bad
148.90 0.16 0.26 good
107.80 0.20 0.30 bad
247.80 0.13 0.36 bad
31.70 0.02 0.09 bad
118.30 0.12 0.42 good
92.20 0.11 0.39 bad
145.90 0.30 0.32 bad
79.20 0.10 0.28 bad
153.40 0.08 0.37 good
223.00 0.19 0.29 good
65.70 0.02 0.08 good
296.70 0.08 0.13 good
322.80 0.07 0.16 good
195.70 0.41 0.13 good
237.20 0.14 0.25 good
145.80 0.13 0.33 bad
179.50 0.12 0.21 good
72.70 0.24 0.32 bad
212.90 0.10 0.22 bad
130.30 0.07 0.24 good
518.00 0.05 0.15 good
177.70 0.21 0.22 bad
62.30 0.10 0.45 bad
154.00 0.22 0.19 good
209.90 0.03 0.04 bad
44.60 0.15 0.35 bad
93.00 0.07 0.16 bad
73.20 0.22 0.25 good