BookScoreCount ThreeStarRate FiveStarRate Class
88
0 2 4 5 6 9 10 11 13 14 15 16 18 19 22 23 26 27 28 31 32 33 35 36 38 40 43 46 48 49 50 51 56 57 58 59 60 61 63 64 65 68 69 70 73 75 77 82 83 84 86 90 91 93 96 97 98 100 103 104 105 106 107 109 110 112 114 115 116 117 118 123 126 127 129 132 133 136 137 139 140 142 143 145 146 149 150 153
568 0.28 0.15 good
47 0.40 0.15 bad
78 0.33 0.10 bad
439 0.26 0.12 good
187 0.21 0.23 good
51 0.26 0.02 bad
78 0.23 0.09 bad
51 0.40 0.16 bad
48 0.39 0.09 bad
454 0.21 0.20 good
658 0.27 0.23 bad
119 0.23 0.14 good
23 0.28 0.28 bad
250 0.22 0.28 bad
159 0.40 0.11 bad
116 0.28 0.06 good
100 0.43 0.19 bad
150 0.21 0.05 good
263 0.25 0.27 bad
44 0.33 0.09 good
292 0.31 0.13 bad
192 0.29 0.15 good
1909 0.18 0.21 good
223 0.23 0.19 bad
63 0.27 0.13 bad
495 0.24 0.19 good
81 0.24 0.14 good
108 0.19 0.27 good
1248 0.33 0.17 bad
72 0.39 0.10 bad
29 0.32 0.07 good
133 0.37 0.07 bad
80 0.32 0.13 good
2109 0.21 0.18 bad
461 0.14 0.37 good
484 0.21 0.25 good
108 0.18 0.23 bad
86 0.25 0.21 good
91 0.12 0.30 good
45 0.21 0.02 bad
82 0.31 0.07 bad
153 0.25 0.22 bad
20 0.26 0.21 bad
51 0.04 0.20 bad
19 0.22 0.17 bad
21 0.40 0.10 good
745 0.22 0.37 bad
31 0.20 0.22 bad
104 0.28 0.22 bad
21 0.33 0.14 bad
222 0.30 0.26 bad
16 0.20 0.07 bad
654 0.16 0.34 good
396 0.26 0.21 bad
188 0.28 0.17 good
39 0.26 0.13 good
2113 0.22 0.29 good
42 0.34 0.25 bad
29 0.50 0.11 bad
25 0.34 0.09 bad
339 0.19 0.31 good
349 0.27 0.16 good
1184 0.15 0.31 bad
88 0.36 0.10 bad
112 0.28 0.10 bad
201 0.30 0.11 bad
1114 0.09 0.60 bad
282 0.35 0.07 bad
19 0.42 0.17 good
34 0.45 0.09 bad
274 0.39 0.11 bad
93 0.37 0.20 good
353 0.16 0.30 good
387 0.22 0.36 good
2063 0.16 0.37 good
614 0.25 0.13 good
23 0.33 0.04 bad
68 0.32 0.09 bad
1641 0.15 0.38 good
1100 0.24 0.22 good
21 0.07 0.05 bad
2366 0.15 0.46 good
153 0.22 0.10 bad
61 0.45 0.08 bad
2356 0.27 0.19 good
674 0.23 0.15 good
21 0.35 0.15 bad
209 0.25 0.12 good