TwoStarRate FiveStarRate Kurtosis Class
99
2 3 4 5 6 9 10 12 13 15 16 19 20 21 22 23 24 25 26 27 28 29 30 32 34 35 37 38 40 42 43 44 45 47 49 50 51 54 56 58 60 62 65 66 67 68 69 70 71 72 76 78 79 81 82 86 87 88 89 93 94 96 97 98 100 101 102 104 105 106 109 110 111 114 116 117 118 119 121 125 126 127 128 129 132 133 134 137 138 140 141 143 144 146 147 149 150 152 153
0.10 0.15 267.71 bad
0.12 0.18 155.27 bad
0.09 0.10 113.07 bad
0.20 0.12 93.52 good
0.14 0.23 75.15 good
0.18 0.02 110.48 bad
0.26 0.09 143.84 bad
0.08 0.20 114.51 bad
0.24 0.09 156.17 bad
0.13 0.23 188.48 bad
0.22 0.14 87.54 good
0.18 0.28 181.41 bad
0.20 0.13 48.29 good
0.37 0.04 66.70 bad
0.15 0.11 468.11 bad
0.31 0.06 78.49 good
0.21 0.11 114.10 bad
0.20 0.20 28.01 bad
0.09 0.19 249.04 bad
0.17 0.05 40.03 good
0.11 0.27 418.19 bad
0.10 0.36 194.89 good
0.18 0.11 80.73 bad
0.09 0.13 404.81 bad
0.30 0.03 192.82 bad
0.12 0.21 41.11 good
0.03 0.28 948.64 bad
0.35 0.13 172.89 bad
0.12 0.19 227.23 good
0.17 0.11 74.29 bad
0.13 0.14 44.83 good
0.07 0.23 29.34 good
0.20 0.10 135.14 bad
0.28 0.08 85.63 bad
0.10 0.10 155.38 bad
0.28 0.07 119.73 good
0.30 0.07 339.26 bad
0.05 0.29 245.77 good
0.20 0.13 74.03 good
0.05 0.37 256.16 good
0.21 0.23 95.85 bad
0.50 0.00 199.64 bad
0.28 0.07 77.07 bad
0.14 0.10 204.65 bad
0.06 0.42 278.88 good
0.11 0.22 223.96 bad
0.05 0.21 758.93 bad
0.10 0.20 49.13 bad
0.12 0.17 106.33 bad
0.08 0.35 259.41 good
0.07 0.24 159.36 good
0.10 0.16 147.32 bad
0.19 0.10 65.93 bad
0.08 0.13 173.53 bad
0.41 0.22 87.78 bad
0.03 0.26 249.84 bad
0.09 0.27 95.46 bad
0.10 0.30 118.81 good
0.17 0.17 208.64 bad
0.08 0.21 288.02 bad
0.11 0.23 299.63 good
0.11 0.17 282.28 good
0.03 0.13 198.40 good
0.08 0.29 391.57 good
0.02 0.25 297.05 bad
0.10 0.27 286.97 bad
0.14 0.08 65.28 good
0.31 0.09 92.39 bad
0.08 0.31 385.10 good
0.14 0.16 114.14 good
0.14 0.10 170.95 bad
0.21 0.10 131.59 bad
0.16 0.12 113.09 good
0.02 0.60 875.52 bad
0.12 0.17 138.45 good
0.11 0.09 132.92 bad
0.11 0.11 387.39 bad
0.06 0.29 297.36 good
0.30 0.02 102.63 bad
0.02 0.67 1797.82 good
0.06 0.30 76.64 good
0.06 0.36 319.05 good
0.08 0.31 82.37 good
0.07 0.37 209.65 good
0.14 0.13 212.10 good
0.13 0.04 194.01 bad
0.12 0.18 176.74 good
0.05 0.38 478.73 good
0.10 0.18 56.35 bad
0.30 0.05 361.68 bad
0.03 0.15 311.51 bad
0.21 0.10 86.23 bad
0.25 0.09 97.95 bad
0.09 0.19 402.15 good
0.22 0.02 40.59 good
0.18 0.15 113.50 good
0.15 0.15 158.29 bad
0.19 0.09 62.68 good
0.22 0.12 105.28 good