BookWordCount ThreeStarRate Median Class
96
1 2 3 4 7 9 10 14 16 17 19 20 21 22 23 24 25 28 30 31 32 33 34 36 38 40 41 42 44 45 47 48 50 52 53 56 58 59 60 61 62 64 65 68 70 71 74 77 78 79 81 82 85 86 87 89 90 91 92 94 96 97 100 101 102 103 105 107 108 110 111 113 117 118 119 120 121 122 123 124 125 126 129 130 135 136 137 138 139 143 145 146 147 150 151 153
289.90 0.23 8.00 good
48.30 0.40 6.00 bad
52.30 0.27 6.00 bad
139.00 0.33 6.00 bad
38.90 0.48 6.00 bad
21.30 0.26 6.00 bad
82.50 0.23 6.00 bad
123.80 0.21 6.00 good
135.80 0.23 6.00 good
33.60 0.20 6.00 bad
122.40 0.22 6.00 bad
82.30 0.15 4.00 good
74.10 0.16 4.00 bad
77.70 0.40 6.00 bad
122.20 0.28 4.00 good
74.80 0.36 6.00 bad
35.90 0.20 4.00 bad
53.00 0.25 8.00 bad
150.70 0.32 6.00 bad
78.00 0.33 6.00 good
51.10 0.31 8.00 bad
178.90 0.29 6.00 good
154.60 0.39 6.00 bad
87.00 0.23 8.00 bad
80.20 0.27 6.00 bad
153.10 0.24 8.00 good
168.40 0.34 6.00 good
300.10 0.26 6.00 bad
296.80 0.11 4.00 good
380.50 0.30 6.00 bad
49.70 0.20 4.00 bad
281.40 0.33 6.00 bad
51.90 0.32 6.00 good
76.10 0.15 8.00 bad
53.70 0.14 4.00 bad
40.40 0.32 6.00 good
63.50 0.14 8.00 good
133.40 0.21 6.00 good
45.10 0.18 6.00 bad
17.00 0.25 8.00 good
49.60 0.08 4.00 bad
54.40 0.21 4.00 bad
72.20 0.31 4.00 bad
79.60 0.25 8.00 bad
55.40 0.04 8.00 bad
98.90 0.25 6.00 bad
49.30 0.36 6.00 bad
1070.70 0.22 8.00 bad
70.00 0.33 6.00 bad
131.20 0.26 6.00 bad
87.70 0.54 6.00 bad
183.00 0.20 4.00 bad
87.20 0.15 4.00 good
129.90 0.30 8.00 bad
112.10 0.23 6.00 bad
153.20 0.27 6.00 bad
50.40 0.20 2.00 bad
126.20 0.16 8.00 good
116.50 0.16 8.00 good
63.70 0.23 8.00 good
34.10 0.28 8.00 good
22.20 0.26 8.00 good
59.90 0.34 8.00 bad
219.60 0.26 8.00 bad
78.10 0.26 6.00 good
21.40 0.50 6.00 bad
198.70 0.19 8.00 good
310.00 0.15 6.00 bad
446.50 0.10 10.00 good
133.50 0.28 6.00 bad
148.90 0.26 6.00 good
247.80 0.36 6.00 bad
59.10 0.45 6.00 bad
92.20 0.39 6.00 bad
427.70 0.20 8.00 good
85.80 0.20 6.00 good
145.90 0.32 4.00 bad
79.20 0.28 8.00 bad
153.40 0.37 6.00 good
223.00 0.29 6.00 good
65.70 0.08 10.00 good
89.70 0.16 8.00 good
322.80 0.16 8.00 good
46.30 0.28 6.00 bad
335.20 0.24 8.00 bad
72.70 0.32 4.00 bad
448.70 0.15 8.00 good
212.90 0.22 6.00 bad
130.30 0.24 8.00 good
177.70 0.22 6.00 bad
62.30 0.45 6.00 bad
477.20 0.27 8.00 good
154.00 0.19 4.00 good
44.60 0.35 6.00 bad
93.00 0.16 8.00 bad
73.20 0.25 6.00 good