BookScoreCount ThreeStarRate FourStarRate Class
97
1 4 5 7 8 10 12 14 15 20 22 25 26 27 28 29 30 32 33 34 36 40 42 43 45 47 50 51 53 57 58 59 61 63 64 65 67 68 69 70 71 73 74 75 76 77 79 81 86 88 90 91 92 93 94 95 96 97 98 99 103 104 105 106 108 109 110 111 112 113 114 116 117 118 119 122 123 124 125 127 128 129 130 131 132 133 135 137 138 139 140 143 144 149 150 151 153
967 0.23 0.36 good
78 0.33 0.25 bad
439 0.26 0.21 good
27 0.48 0.11 bad
177 0.30 0.22 bad
78 0.23 0.27 bad
25 0.44 0.08 bad
454 0.21 0.19 good
658 0.27 0.25 bad
112 0.15 0.20 good
159 0.40 0.28 bad
11 0.20 0.00 bad
100 0.43 0.18 bad
150 0.21 0.15 good
263 0.25 0.31 bad
290 0.22 0.20 good
29 0.32 0.14 bad
292 0.31 0.39 bad
192 0.29 0.23 good
97 0.39 0.13 bad
223 0.23 0.34 bad
495 0.24 0.33 good
686 0.26 0.20 bad
81 0.24 0.14 good
299 0.30 0.23 bad
79 0.20 0.22 bad
29 0.32 0.14 good
133 0.37 0.21 bad
22 0.14 0.00 bad
2109 0.21 0.29 bad
461 0.14 0.30 good
484 0.21 0.21 good
86 0.25 0.44 good
91 0.12 0.20 good
45 0.21 0.14 bad
82 0.31 0.07 bad
90 0.16 0.25 good
153 0.25 0.30 bad
20 0.26 0.42 bad
51 0.04 0.32 bad
248 0.25 0.25 bad
19 0.22 0.39 bad
46 0.36 0.31 bad
21 0.40 0.30 good
429 0.15 0.36 good
745 0.22 0.27 bad
531 0.26 0.17 bad
25 0.54 0.08 bad
222 0.30 0.27 bad
1636 0.18 0.23 good
16 0.20 0.07 bad
654 0.16 0.28 good
527 0.16 0.29 good
396 0.26 0.34 bad
218 0.23 0.33 good
13 0.46 0.00 bad
188 0.28 0.33 good
39 0.26 0.40 good
2113 0.22 0.33 good
942 0.34 0.26 bad
29 0.50 0.26 bad
25 0.34 0.04 bad
339 0.19 0.33 good
349 0.27 0.24 good
5393 0.10 0.20 good
88 0.36 0.24 bad
112 0.28 0.24 bad
182 0.26 0.26 good
201 0.30 0.15 bad
136 0.36 0.21 bad
1114 0.09 0.23 bad
19 0.42 0.12 good
34 0.45 0.14 bad
274 0.39 0.30 bad
1575 0.20 0.33 good
385 0.28 0.29 bad
93 0.37 0.30 good
320 0.29 0.20 good
768 0.08 0.20 good
387 0.22 0.26 good
607 0.13 0.23 good
2063 0.16 0.26 good
82 0.28 0.16 bad
31 0.13 0.11 good
614 0.25 0.35 good
23 0.33 0.33 bad
1310 0.24 0.29 bad
1641 0.15 0.33 good
328 0.22 0.19 bad
1100 0.24 0.36 good
21 0.07 0.54 bad
153 0.22 0.24 bad
364 0.27 0.18 bad
674 0.23 0.26 good
21 0.35 0.20 bad
638 0.16 0.19 bad
209 0.25 0.22 good