Mode Quartile Kurtosis Class
95
1 4 6 9 10 11 12 14 15 17 20 21 22 25 26 27 29 30 31 32 35 36 37 38 40 41 43 47 50 53 54 55 57 58 61 64 65 67 68 69 70 71 72 73 74 75 79 80 83 84 85 86 89 91 92 93 96 98 99 102 103 104 106 107 108 110 111 112 113 114 115 116 118 120 122 124 126 128 130 132 134 135 136 138 139 140 142 143 146 148 149 150 151 152 153
8.00 4.00 406.22 good
6.00 4.00 113.07 bad
2.00 4.00 75.15 good
8.00 4.00 110.48 bad
8.00 4.00 143.84 bad
6.00 2.00 491.68 bad
6.00 4.00 114.51 bad
2.00 6.00 68.44 good
6.00 4.00 188.48 bad
8.00 4.00 80.31 bad
2.00 6.00 48.29 good
4.00 4.00 66.70 bad
6.00 2.00 468.11 bad
2.00 4.00 28.01 bad
6.00 2.00 249.04 bad
2.00 4.00 40.03 good
10.00 4.00 194.89 good
6.00 6.00 80.73 bad
6.00 4.00 211.54 good
8.00 2.00 404.81 bad
2.00 6.00 41.11 good
8.00 2.00 203.97 bad
8.00 4.00 948.64 bad
4.00 4.00 172.89 bad
8.00 2.00 227.23 good
6.00 2.00 389.04 good
2.00 6.00 44.83 good
4.00 4.00 85.63 bad
6.00 2.00 119.73 good
2.00 2.00 31.11 bad
6.00 4.00 245.77 good
6.00 4.00 182.02 bad
8.00 4.00 94.54 bad
10.00 4.00 256.16 good
8.00 2.00 1104.85 good
2.00 4.00 59.06 bad
6.00 4.00 77.07 bad
10.00 4.00 278.88 good
8.00 2.00 223.96 bad
8.00 2.00 758.93 bad
2.00 6.00 49.13 bad
8.00 4.00 106.33 bad
10.00 4.00 259.41 good
8.00 2.00 278.58 bad
6.00 4.00 393.48 bad
6.00 2.00 344.01 good
2.00 6.00 65.93 bad
10.00 2.00 599.56 bad
6.00 4.00 188.48 bad
6.00 4.00 116.65 bad
2.00 6.00 51.21 good
6.00 4.00 249.84 bad
8.00 4.00 208.64 bad
10.00 4.00 191.97 good
10.00 4.00 444.03 good
8.00 2.00 288.02 bad
8.00 2.00 282.28 good
8.00 4.00 391.57 good
6.00 2.00 243.27 bad
2.00 6.00 65.28 good
6.00 2.00 664.54 bad
6.00 2.00 92.39 bad
6.00 4.00 114.14 good
10.00 6.00 72.91 bad
10.00 2.00 1238.93 good
6.00 4.00 131.59 bad
8.00 4.00 113.09 good
6.00 4.00 84.03 bad
6.00 4.00 164.81 bad
10.00 2.00 875.52 bad
6.00 4.00 125.49 bad
6.00 4.00 138.45 good
6.00 2.00 387.39 bad
8.00 6.00 75.21 good
8.00 4.00 313.76 bad
6.00 4.00 101.09 good
10.00 8.00 76.64 good
10.00 8.00 82.37 good
6.00 6.00 73.99 bad
8.00 4.00 212.10 good
8.00 4.00 176.74 good
8.00 4.00 234.30 bad
6.00 4.00 63.17 bad
2.00 6.00 56.35 bad
8.00 2.00 304.97 good
8.00 4.00 361.68 bad
10.00 4.00 364.52 good
8.00 4.00 86.23 bad
8.00 2.00 402.15 good
2.00 0.00 9.99 bad
8.00 4.00 113.50 good
6.00 4.00 158.29 bad
10.00 6.00 105.22 bad
2.00 4.00 62.68 good
6.00 4.00 105.28 good