BookScoreCount TwoStarRate Median Class
95
1 3 5 6 7 8 10 11 12 13 16 18 19 22 23 26 29 30 32 33 35 36 38 41 42 43 45 49 50 52 54 55 56 59 60 62 63 64 66 68 69 72 73 74 76 77 78 80 81 82 84 85 89 93 94 95 96 97 98 102 103 104 105 106 109 111 113 114 116 117 118 119 121 123 124 125 126 129 131 132 133 134 135 137 138 141 143 145 146 147 148 149 151 152 153
967 0.08 8.00 good
129 0.12 6.00 bad
439 0.20 6.00 good
187 0.14 6.00 good
27 0.15 6.00 bad
177 0.16 6.00 bad
78 0.26 6.00 bad
51 0.04 6.00 bad
25 0.08 6.00 bad
48 0.24 6.00 bad
119 0.22 6.00 good
23 0.17 6.00 bad
250 0.18 6.00 bad
159 0.15 6.00 bad
116 0.31 4.00 good
100 0.09 6.00 bad
290 0.10 8.00 good
29 0.18 6.00 bad
292 0.09 8.00 bad
192 0.20 6.00 good
1909 0.12 6.00 good
223 0.10 8.00 bad
63 0.35 6.00 bad
670 0.14 6.00 good
686 0.17 6.00 bad
81 0.13 6.00 good
299 0.20 6.00 bad
72 0.10 6.00 bad
29 0.28 6.00 good
1780 0.04 8.00 bad
43 0.05 6.00 good
55 0.28 6.00 bad
80 0.20 6.00 good
484 0.21 6.00 good
108 0.21 6.00 bad
13 0.50 4.00 bad
91 0.07 6.00 good
45 0.27 4.00 bad
21 0.14 6.00 bad
153 0.11 8.00 bad
20 0.05 8.00 bad
956 0.08 8.00 good
19 0.11 8.00 bad
46 0.22 6.00 bad
429 0.07 8.00 good
745 0.07 8.00 bad
217 0.10 6.00 bad
714 0.03 10.00 bad
25 0.08 6.00 bad
31 0.41 4.00 bad
21 0.14 6.00 bad
356 0.19 4.00 good
145 0.17 6.00 bad
396 0.08 8.00 bad
218 0.11 8.00 good
13 0.23 6.00 bad
188 0.11 8.00 good
39 0.03 8.00 good
2113 0.08 8.00 good
225 0.14 6.00 good
29 0.08 6.00 bad
25 0.31 4.00 bad
339 0.08 8.00 good
349 0.14 6.00 good
88 0.14 6.00 bad
182 0.16 6.00 good
136 0.13 6.00 bad
1114 0.02 10.00 bad
19 0.12 6.00 good
34 0.11 6.00 bad
274 0.11 6.00 bad
1575 0.06 8.00 good
59 0.30 4.00 bad
93 0.08 6.00 good
320 0.19 6.00 good
768 0.02 10.00 good
353 0.06 8.00 good
2063 0.07 8.00 good
31 0.41 4.00 good
614 0.14 6.00 good
23 0.13 6.00 bad
795 0.12 8.00 good
1310 0.09 8.00 bad
1641 0.05 8.00 good
328 0.10 6.00 bad
83 0.03 8.00 bad
153 0.21 6.00 bad
61 0.10 6.00 bad
2356 0.09 8.00 good
208 0.22 4.00 good
1080 0.03 2.00 bad
674 0.18 6.00 good
638 0.07 8.00 bad
45 0.19 6.00 good
209 0.22 6.00 good