AddListCount TwoStarRate ThreeStarRate Class
99
0 3 4 5 6 7 8 9 10 11 12 13 14 15 18 21 22 23 24 27 28 31 32 33 34 36 38 39 40 45 49 51 52 53 55 56 58 59 60 61 62 63 64 65 66 67 68 71 73 74 75 77 78 80 82 84 85 86 87 88 90 94 96 97 99 100 101 102 103 104 106 108 113 115 116 119 120 123 124 125 126 127 130 131 133 134 135 138 139 140 141 142 143 144 145 146 149 151 152
214 0.15 0.28 good
38 0.12 0.27 bad
22 0.09 0.33 bad
122 0.20 0.26 good
42 0.14 0.21 good
8 0.15 0.48 bad
53 0.16 0.30 bad
14 0.18 0.26 bad
25 0.26 0.23 bad
15 0.04 0.40 bad
12 0.08 0.44 bad
9 0.24 0.39 bad
136 0.14 0.21 good
204 0.13 0.27 bad
7 0.17 0.28 bad
12 0.37 0.16 bad
61 0.15 0.40 bad
32 0.31 0.28 good
23 0.21 0.36 bad
31 0.17 0.21 good
73 0.11 0.25 bad
6 0.30 0.33 good
111 0.09 0.31 bad
49 0.20 0.29 good
24 0.30 0.39 bad
63 0.10 0.23 bad
19 0.35 0.27 bad
1 0.26 0.16 bad
172 0.12 0.24 good
93 0.20 0.30 bad
13 0.10 0.39 bad
42 0.30 0.37 bad
446 0.04 0.15 bad
1 0.33 0.14 bad
11 0.28 0.33 bad
13 0.20 0.32 good
70 0.05 0.14 good
138 0.21 0.21 good
19 0.21 0.18 bad
33 0.08 0.25 good
3 0.50 0.08 bad
21 0.07 0.12 good
10 0.27 0.21 bad
22 0.28 0.31 bad
2 0.14 0.43 bad
17 0.06 0.16 good
45 0.11 0.25 bad
119 0.12 0.25 bad
8 0.11 0.22 bad
16 0.22 0.36 bad
8 0.10 0.40 good
183 0.07 0.22 bad
57 0.10 0.33 bad
193 0.03 0.13 bad
3 0.41 0.20 bad
3 0.14 0.33 bad
55 0.19 0.15 good
53 0.03 0.30 bad
65 0.09 0.23 bad
321 0.10 0.18 good
4 0.13 0.20 bad
57 0.11 0.23 good
100 0.11 0.28 good
7 0.03 0.26 good
253 0.12 0.34 bad
8 0.02 0.34 bad
65 0.10 0.26 bad
39 0.14 0.26 good
6 0.08 0.50 bad
5 0.31 0.34 bad
102 0.14 0.27 good
1586 0.02 0.10 good
25 0.13 0.36 bad
76 0.19 0.35 bad
7 0.12 0.42 good
274 0.06 0.20 good
15 0.18 0.20 good
32 0.08 0.37 good
57 0.19 0.29 good
149 0.02 0.08 good
48 0.06 0.16 good
146 0.06 0.22 good
11 0.13 0.28 bad
5 0.41 0.13 good
1 0.13 0.33 bad
168 0.12 0.21 good
293 0.09 0.24 bad
53 0.10 0.22 bad
206 0.07 0.24 good
7 0.30 0.07 bad
19 0.03 0.19 bad
365 0.05 0.15 good
42 0.21 0.22 bad
103 0.25 0.27 bad
28 0.10 0.45 bad
710 0.09 0.27 good
178 0.18 0.23 good
125 0.07 0.16 bad
12 0.19 0.28 good