ThreeStarRate FiveStarRate Quartile Class
96
0 2 3 4 5 6 7 9 11 13 16 17 18 20 21 23 24 25 26 28 29 30 31 32 35 38 39 42 44 46 48 50 51 52 53 54 55 56 59 60 61 63 66 69 70 72 73 74 75 76 77 78 79 80 81 83 84 86 90 91 92 96 97 98 99 101 102 105 106 108 110 111 113 116 119 121 122 123 124 125 127 128 129 130 133 134 136 137 138 139 140 143 145 147 149 151
0.28 0.15 4.00 good
0.40 0.15 2.00 bad
0.27 0.18 4.00 bad
0.33 0.10 4.00 bad
0.26 0.12 4.00 good
0.21 0.23 4.00 good
0.48 0.11 2.00 bad
0.26 0.02 4.00 bad
0.40 0.16 2.00 bad
0.39 0.09 2.00 bad
0.23 0.14 4.00 good
0.20 0.12 4.00 bad
0.28 0.28 6.00 bad
0.15 0.13 6.00 good
0.16 0.04 4.00 bad
0.28 0.06 4.00 good
0.36 0.11 2.00 bad
0.20 0.20 4.00 bad
0.43 0.19 2.00 bad
0.25 0.27 4.00 bad
0.22 0.36 4.00 good
0.32 0.11 6.00 bad
0.33 0.09 4.00 good
0.31 0.13 2.00 bad
0.18 0.21 6.00 good
0.27 0.13 4.00 bad
0.16 0.00 2.00 bad
0.26 0.11 6.00 bad
0.11 0.23 6.00 good
0.19 0.27 4.00 good
0.33 0.17 2.00 bad
0.32 0.07 2.00 good
0.37 0.07 4.00 bad
0.15 0.42 4.00 bad
0.14 0.10 2.00 bad
0.33 0.29 4.00 good
0.33 0.06 4.00 bad
0.32 0.13 4.00 good
0.21 0.25 6.00 good
0.18 0.23 4.00 bad
0.25 0.21 2.00 good
0.12 0.30 8.00 good
0.43 0.10 4.00 bad
0.26 0.21 2.00 bad
0.04 0.20 6.00 bad
0.26 0.35 4.00 good
0.22 0.17 2.00 bad
0.36 0.04 4.00 bad
0.40 0.10 2.00 good
0.15 0.24 4.00 good
0.22 0.37 4.00 bad
0.33 0.16 4.00 bad
0.26 0.10 6.00 bad
0.13 0.58 2.00 bad
0.54 0.13 2.00 bad
0.28 0.22 4.00 bad
0.33 0.14 4.00 bad
0.30 0.26 4.00 bad
0.20 0.07 4.00 bad
0.16 0.34 4.00 good
0.16 0.42 4.00 good
0.28 0.17 2.00 good
0.26 0.13 2.00 good
0.22 0.29 4.00 good
0.34 0.17 2.00 bad
0.26 0.27 4.00 bad
0.26 0.08 6.00 good
0.19 0.31 4.00 good
0.27 0.16 4.00 good
0.10 0.63 2.00 good
0.28 0.10 4.00 bad
0.26 0.12 4.00 good
0.36 0.14 4.00 bad
0.42 0.17 4.00 good
0.20 0.29 4.00 good
0.32 0.02 4.00 bad
0.28 0.25 4.00 bad
0.37 0.20 2.00 good
0.29 0.11 4.00 good
0.08 0.67 2.00 good
0.22 0.36 4.00 good
0.13 0.31 8.00 good
0.16 0.37 4.00 good
0.28 0.17 6.00 bad
0.33 0.04 4.00 bad
0.21 0.18 4.00 good
0.32 0.09 4.00 bad
0.15 0.38 4.00 good
0.22 0.18 6.00 bad
0.24 0.22 2.00 good
0.07 0.05 4.00 bad
0.22 0.10 4.00 bad
0.45 0.08 2.00 bad
0.19 0.02 4.00 good
0.23 0.15 4.00 good
0.16 0.37 6.00 bad