AddListCount TwoStarRate Kurtosis Class
97
1 2 5 6 7 9 10 11 12 14 15 20 21 23 24 25 26 27 28 29 30 32 35 39 40 41 42 44 45 46 47 49 50 51 52 59 62 63 65 66 69 70 71 72 73 75 76 77 78 80 82 87 88 89 90 91 95 96 97 99 100 102 103 106 107 108 109 110 111 112 113 115 116 117 118 121 123 124 126 127 128 131 132 133 134 135 136 138 139 140 141 142 143 144 147 149 150
492 0.08 406.22 good
12 0.10 267.71 bad
122 0.20 93.52 good
42 0.14 75.15 good
8 0.15 181.37 bad
14 0.18 110.48 bad
25 0.26 143.84 bad
15 0.04 491.68 bad
12 0.08 114.51 bad
136 0.14 68.44 good
204 0.13 188.48 bad
17 0.20 48.29 good
12 0.37 66.70 bad
32 0.31 78.49 good
23 0.21 114.10 bad
2 0.20 28.01 bad
32 0.09 249.04 bad
31 0.17 40.03 good
73 0.11 418.19 bad
68 0.10 194.89 good
9 0.18 80.73 bad
111 0.09 404.81 bad
254 0.12 41.11 good
1 0.26 53.89 bad
172 0.12 227.23 good
289 0.14 389.04 good
215 0.17 74.29 bad
242 0.07 29.34 good
93 0.20 135.14 bad
28 0.07 218.67 good
20 0.28 85.63 bad
13 0.10 155.38 bad
7 0.28 119.73 good
42 0.30 339.26 bad
446 0.04 453.60 bad
138 0.21 148.52 good
3 0.50 199.64 bad
21 0.07 55.29 good
22 0.28 77.07 bad
2 0.14 204.65 bad
5 0.05 758.93 bad
2 0.10 49.13 bad
119 0.12 106.33 bad
180 0.08 259.41 good
8 0.11 278.58 bad
8 0.10 344.01 good
110 0.07 159.36 good
183 0.07 440.27 bad
57 0.10 147.32 bad
193 0.03 599.56 bad
3 0.41 87.78 bad
65 0.09 95.46 bad
321 0.10 118.81 good
49 0.17 208.64 bad
4 0.13 25.57 bad
218 0.08 191.97 good
4 0.23 128.84 bad
100 0.11 282.28 good
7 0.03 198.40 good
253 0.12 243.27 bad
8 0.02 297.05 bad
39 0.14 65.28 good
6 0.08 664.54 bad
102 0.14 114.14 good
188 0.12 72.91 bad
1586 0.02 1238.93 good
34 0.14 170.95 bad
31 0.21 131.59 bad
53 0.16 113.09 good
63 0.20 84.03 bad
25 0.13 164.81 bad
76 0.19 125.49 bad
7 0.12 138.45 good
5 0.11 132.92 bad
112 0.11 387.39 bad
14 0.30 102.63 bad
32 0.08 502.72 good
57 0.19 101.09 good
48 0.06 76.64 good
146 0.06 319.05 good
108 0.08 82.37 good
5 0.41 58.14 good
131 0.14 212.10 good
1 0.13 194.01 bad
168 0.12 176.74 good
293 0.09 234.30 bad
9 0.24 63.17 bad
53 0.10 56.35 bad
206 0.07 304.97 good
7 0.30 361.68 bad
19 0.03 311.51 bad
365 0.05 364.52 good
42 0.21 86.23 bad
103 0.25 97.95 bad
26 0.22 40.59 good
178 0.18 113.50 good
5 0.15 158.29 bad