BookWordCount BookScoreCount Mode Class
94
0 1 3 4 5 6 7 8 11 12 13 15 17 18 20 23 24 25 26 27 28 30 31 32 33 35 37 39 40 41 45 46 50 51 54 55 57 58 59 61 62 64 65 66 67 68 72 77 80 81 84 87 88 90 92 93 94 96 103 104 105 106 107 108 109 110 111 112 113 114 115 116 118 119 120 121 127 128 130 131 133 134 135 137 138 139 140 145 146 148 149 151 152 153
177.20 568 8.00 good
289.90 967 8.00 good
52.30 129 8.00 bad
139.00 78 6.00 bad
158.50 439 6.00 good
59.60 187 2.00 good
38.90 27 6.00 bad
143.50 177 6.00 bad
13.40 51 6.00 bad
21.80 25 6.00 bad
27.50 48 6.00 bad
257.20 658 6.00 bad
33.60 36 8.00 bad
24.10 23 10.00 bad
82.30 112 2.00 good
122.20 116 4.00 good
74.80 70 6.00 bad
35.90 11 2.00 bad
62.70 100 6.00 bad
147.20 150 2.00 good
53.00 263 8.00 bad
150.70 29 6.00 bad
78.00 44 6.00 good
51.10 292 8.00 bad
178.90 192 6.00 good
713.10 1909 2.00 good
51.30 216 8.00 bad
22.80 20 2.00 bad
153.10 495 8.00 good
168.40 670 6.00 good
380.50 299 6.00 bad
123.50 108 8.00 good
51.90 29 6.00 good
84.60 133 6.00 bad
13.00 43 6.00 good
106.40 55 6.00 bad
293.40 2109 8.00 bad
63.50 461 10.00 good
133.40 484 10.00 good
17.00 86 8.00 good
49.60 13 4.00 bad
54.40 45 2.00 bad
72.20 82 6.00 bad
34.80 21 6.00 bad
16.80 90 10.00 good
79.60 153 8.00 bad
390.00 956 10.00 good
1070.70 745 10.00 bad
144.70 714 10.00 bad
87.70 25 6.00 bad
30.00 21 6.00 bad
112.10 182 10.00 bad
315.30 1636 10.00 good
50.40 16 2.00 bad
116.50 527 10.00 good
90.50 396 8.00 bad
63.70 218 8.00 good
34.10 188 8.00 good
21.40 29 6.00 bad
150.50 25 6.00 bad
198.70 339 8.00 good
64.40 349 6.00 good
310.00 1184 10.00 bad
446.50 5393 10.00 good
101.10 88 6.00 bad
133.50 112 6.00 bad
148.90 182 8.00 good
107.80 201 6.00 bad
247.80 136 6.00 bad
31.70 1114 10.00 bad
119.20 282 6.00 bad
118.30 19 6.00 good
92.20 274 6.00 bad
427.70 1575 8.00 good
85.80 45 8.00 good
145.90 59 6.00 bad
34.20 387 10.00 good
296.70 607 10.00 good
46.30 82 6.00 bad
195.70 31 4.00 good
145.80 23 8.00 bad
179.50 795 8.00 good
335.20 1310 8.00 bad
448.70 1641 10.00 good
212.90 328 2.00 bad
130.30 1100 8.00 good
43.40 21 8.00 bad
62.30 61 6.00 bad
477.20 2356 8.00 good
209.90 1080 2.00 bad
382.10 674 8.00 good
93.00 638 10.00 bad
163.50 45 2.00 good
73.20 209 6.00 good