BookWordCount AddListCount Mode Class
95
0 1 2 3 4 6 7 9 10 11 15 16 17 24 25 27 28 29 30 31 34 35 36 37 38 39 41 42 43 46 48 50 52 53 54 56 57 59 60 63 64 66 67 69 71 73 74 75 80 81 82 83 84 85 86 88 89 94 96 97 101 105 107 109 110 111 112 114 115 116 117 118 119 120 122 123 124 126 128 132 133 134 135 136 137 138 139 140 143 145 147 149 150 151 152
177.20 214 8.00 good
289.90 492 8.00 good
48.30 12 6.00 bad
52.30 38 8.00 bad
139.00 22 6.00 bad
59.60 42 2.00 good
38.90 8 6.00 bad
21.30 14 8.00 bad
82.50 25 8.00 bad
13.40 15 6.00 bad
257.20 204 6.00 bad
135.80 25 6.00 good
33.60 10 8.00 bad
74.80 23 6.00 bad
35.90 2 2.00 bad
147.20 31 2.00 good
53.00 73 8.00 bad
233.90 68 10.00 good
150.70 9 6.00 bad
78.00 6 6.00 good
154.60 24 6.00 bad
713.10 254 2.00 good
87.00 63 8.00 bad
51.30 106 8.00 bad
80.20 19 4.00 bad
22.80 1 2.00 bad
168.40 289 6.00 good
300.10 215 2.00 bad
74.40 18 2.00 good
123.50 28 8.00 good
281.40 371 8.00 bad
51.90 7 6.00 good
76.10 446 10.00 bad
53.70 1 2.00 bad
13.00 9 6.00 good
40.40 13 6.00 good
293.40 551 8.00 bad
133.40 138 10.00 good
45.10 19 10.00 bad
108.60 21 2.00 good
54.40 10 2.00 bad
34.80 2 6.00 bad
16.80 17 10.00 good
7.30 5 8.00 bad
98.90 119 8.00 bad
68.60 8 8.00 bad
49.30 16 6.00 bad
39.60 8 6.00 good
144.70 193 10.00 bad
87.70 4 6.00 bad
183.00 3 4.00 bad
40.80 22 6.00 bad
30.00 3 6.00 bad
87.20 55 2.00 good
129.90 53 6.00 bad
315.30 321 10.00 good
153.20 49 8.00 bad
63.70 57 8.00 good
34.10 100 8.00 good
22.20 7 8.00 good
219.60 65 10.00 bad
198.70 98 8.00 good
310.00 188 10.00 bad
101.10 34 6.00 bad
133.50 31 6.00 bad
148.90 53 8.00 good
107.80 63 6.00 bad
31.70 218 10.00 bad
119.20 76 6.00 bad
118.30 7 6.00 good
59.10 5 6.00 bad
92.20 112 6.00 bad
427.70 274 8.00 good
85.80 15 8.00 good
79.20 126 8.00 bad
153.40 32 6.00 good
223.00 57 6.00 good
89.70 48 10.00 good
296.70 108 10.00 good
237.20 131 8.00 good
145.80 1 8.00 bad
179.50 168 8.00 good
335.20 293 8.00 bad
72.70 9 6.00 bad
448.70 303 10.00 good
212.90 53 2.00 bad
130.30 206 8.00 good
43.40 7 8.00 bad
177.70 42 8.00 bad
62.30 28 6.00 bad
154.00 26 2.00 good
382.10 178 8.00 good
44.60 5 6.00 bad
93.00 125 10.00 bad
163.50 12 2.00 good