BookScoreCount TwoStarRate Kurtosis Class
99
0 2 4 6 7 8 9 10 12 14 17 18 19 27 28 29 30 31 32 33 34 35 36 37 39 40 41 42 43 45 46 47 48 49 50 51 52 53 54 55 56 58 62 64 66 67 71 73 75 76 77 78 81 82 83 84 85 86 87 88 89 91 93 94 96 98 100 101 102 103 104 105 106 107 108 109 110 111 113 114 115 116 120 123 124 125 127 128 131 137 139 141 143 144 146 147 148 149 153
568 0.15 200.91 good
47 0.10 267.71 bad
78 0.09 113.07 bad
187 0.14 75.15 good
27 0.15 181.37 bad
177 0.16 196.73 bad
51 0.18 110.48 bad
78 0.26 143.84 bad
25 0.08 114.51 bad
454 0.14 68.44 good
36 0.22 80.31 bad
23 0.17 137.29 bad
250 0.18 181.41 bad
150 0.17 40.03 good
263 0.11 418.19 bad
290 0.10 194.89 good
29 0.18 80.73 bad
44 0.30 211.54 good
292 0.09 404.81 bad
192 0.20 163.05 good
97 0.30 192.82 bad
1909 0.12 41.11 good
223 0.10 203.97 bad
216 0.03 948.64 bad
20 0.26 53.89 bad
495 0.12 227.23 good
670 0.14 389.04 good
686 0.17 74.29 bad
81 0.13 44.83 good
299 0.20 135.14 bad
108 0.07 218.67 good
79 0.28 85.63 bad
1248 0.09 362.40 bad
72 0.10 155.38 bad
29 0.28 119.73 good
133 0.30 339.26 bad
1780 0.04 453.60 bad
22 0.33 31.11 bad
43 0.05 245.77 good
55 0.28 182.02 bad
80 0.20 74.03 good
461 0.05 256.16 good
13 0.50 199.64 bad
45 0.27 59.06 bad
21 0.14 204.65 bad
90 0.06 278.88 good
248 0.12 106.33 bad
19 0.11 278.58 bad
21 0.10 344.01 good
429 0.07 159.36 good
745 0.07 440.27 bad
217 0.10 147.32 bad
25 0.08 173.53 bad
31 0.41 87.78 bad
104 0.17 188.48 bad
21 0.14 116.65 bad
356 0.19 51.21 good
222 0.03 249.84 bad
182 0.09 95.46 bad
1636 0.10 118.81 good
145 0.17 208.64 bad
654 0.08 191.97 good
396 0.08 288.02 bad
218 0.11 299.63 good
188 0.11 282.28 good
2113 0.08 391.57 good
42 0.02 297.05 bad
219 0.10 286.97 bad
225 0.14 65.28 good
29 0.08 664.54 bad
25 0.31 92.39 bad
339 0.08 385.10 good
349 0.14 114.14 good
1184 0.12 72.91 bad
5393 0.02 1238.93 good
88 0.14 170.95 bad
112 0.21 131.59 bad
182 0.16 113.09 good
136 0.13 164.81 bad
1114 0.02 875.52 bad
282 0.19 125.49 bad
19 0.12 138.45 good
45 0.18 75.21 good
93 0.08 502.72 good
320 0.19 101.09 good
768 0.02 1797.82 good
387 0.06 319.05 good
607 0.08 82.37 good
31 0.41 58.14 good
1641 0.05 478.73 good
1100 0.07 304.97 good
83 0.03 311.51 bad
153 0.21 86.23 bad
364 0.25 97.95 bad
2356 0.09 402.15 good
208 0.22 40.59 good
1080 0.03 9.99 bad
674 0.18 113.50 good
209 0.22 105.28 good