BookScoreCount TwoStarRate Median Class
103
0 1 2 3 4 7 9 10 11 12 13 14 17 18 19 21 22 23 24 25 27 29 30 32 33 34 36 37 39 40 42 43 45 48 49 50 51 52 53 54 55 56 57 58 59 60 61 62 63 64 65 66 67 68 69 70 71 73 74 77 80 81 82 85 87 89 90 91 92 94 97 100 101 102 105 106 108 110 111 115 118 120 121 126 127 128 129 130 131 132 135 136 137 138 142 143 144 146 147 149 150 151 152
568 0.15 6.00 good
967 0.08 8.00 good
47 0.10 6.00 bad
129 0.12 6.00 bad
78 0.09 6.00 bad
27 0.15 6.00 bad
51 0.18 6.00 bad
78 0.26 6.00 bad
51 0.04 6.00 bad
25 0.08 6.00 bad
48 0.24 6.00 bad
454 0.14 6.00 good
36 0.22 6.00 bad
23 0.17 6.00 bad
250 0.18 6.00 bad
44 0.37 4.00 bad
159 0.15 6.00 bad
116 0.31 4.00 good
70 0.21 6.00 bad
11 0.20 4.00 bad
150 0.17 4.00 good
290 0.10 8.00 good
29 0.18 6.00 bad
292 0.09 8.00 bad
192 0.20 6.00 good
97 0.30 6.00 bad
223 0.10 8.00 bad
216 0.03 8.00 bad
20 0.26 2.00 bad
495 0.12 8.00 good
686 0.17 6.00 bad
81 0.13 6.00 good
299 0.20 6.00 bad
1248 0.09 6.00 bad
72 0.10 6.00 bad
29 0.28 6.00 good
133 0.30 6.00 bad
1780 0.04 8.00 bad
22 0.33 4.00 bad
43 0.05 6.00 good
55 0.28 6.00 bad
80 0.20 6.00 good
2109 0.07 6.00 bad
461 0.05 8.00 good
484 0.21 6.00 good
108 0.21 6.00 bad
86 0.08 8.00 good
13 0.50 4.00 bad
91 0.07 6.00 good
45 0.27 4.00 bad
82 0.28 4.00 bad
21 0.14 6.00 bad
90 0.06 8.00 good
153 0.11 8.00 bad
20 0.05 8.00 bad
51 0.10 8.00 bad
248 0.12 6.00 bad
19 0.11 8.00 bad
46 0.22 6.00 bad
745 0.07 8.00 bad
714 0.03 10.00 bad
25 0.08 6.00 bad
31 0.41 4.00 bad
356 0.19 4.00 good
182 0.09 6.00 bad
145 0.17 6.00 bad
16 0.13 2.00 bad
654 0.08 8.00 good
527 0.04 8.00 good
218 0.11 8.00 good
39 0.03 8.00 good
42 0.02 8.00 bad
219 0.10 8.00 bad
225 0.14 6.00 good
339 0.08 8.00 good
349 0.14 6.00 good
5393 0.02 10.00 good
112 0.21 6.00 bad
182 0.16 6.00 good
282 0.19 6.00 bad
274 0.11 6.00 bad
45 0.18 6.00 good
59 0.30 4.00 bad
353 0.06 8.00 good
387 0.06 8.00 good
607 0.08 8.00 good
2063 0.07 8.00 good
82 0.13 6.00 bad
31 0.41 4.00 good
614 0.14 6.00 good
1310 0.09 8.00 bad
68 0.24 4.00 bad
1641 0.05 8.00 good
328 0.10 6.00 bad
2366 0.05 8.00 good
153 0.21 6.00 bad
364 0.25 6.00 bad
2356 0.09 8.00 good
208 0.22 4.00 good
674 0.18 6.00 good
21 0.15 6.00 bad
638 0.07 8.00 bad
45 0.19 6.00 good