FiveStarRate Mode Median Class
93
2 3 4 5 7 13 14 17 18 19 20 21 22 23 24 25 27 28 30 32 34 35 36 38 40 42 43 45 46 47 49 52 53 54 56 57 64 66 70 73 74 75 77 79 80 82 83 85 86 87 88 91 92 93 95 97 98 100 102 103 104 105 107 109 111 112 114 115 117 118 119 120 121 122 123 124 126 127 128 129 130 133 135 136 137 139 140 143 146 150 151 152 153
0.15 6.00 6.00 bad
0.18 8.00 6.00 bad
0.10 6.00 6.00 bad
0.12 6.00 6.00 good
0.11 6.00 6.00 bad
0.09 6.00 6.00 bad
0.20 2.00 6.00 good
0.12 8.00 6.00 bad
0.28 10.00 6.00 bad
0.28 10.00 6.00 bad
0.13 2.00 4.00 good
0.04 4.00 4.00 bad
0.11 6.00 6.00 bad
0.06 4.00 4.00 good
0.11 6.00 6.00 bad
0.20 2.00 4.00 bad
0.05 2.00 4.00 good
0.27 8.00 8.00 bad
0.11 6.00 6.00 bad
0.13 8.00 8.00 bad
0.03 6.00 6.00 bad
0.21 2.00 6.00 good
0.19 8.00 8.00 bad
0.13 4.00 6.00 bad
0.19 8.00 8.00 good
0.11 2.00 6.00 bad
0.14 2.00 6.00 good
0.10 6.00 6.00 bad
0.27 8.00 8.00 good
0.08 4.00 4.00 bad
0.10 6.00 6.00 bad
0.42 10.00 8.00 bad
0.10 2.00 4.00 bad
0.29 6.00 6.00 good
0.13 6.00 6.00 good
0.18 8.00 6.00 bad
0.02 2.00 4.00 bad
0.10 6.00 6.00 bad
0.20 2.00 8.00 bad
0.17 8.00 8.00 bad
0.04 6.00 6.00 bad
0.10 6.00 6.00 good
0.37 10.00 8.00 bad
0.10 2.00 6.00 bad
0.58 10.00 10.00 bad
0.22 4.00 4.00 bad
0.22 6.00 6.00 bad
0.10 2.00 4.00 good
0.26 6.00 8.00 bad
0.27 10.00 6.00 bad
0.30 10.00 8.00 good
0.34 10.00 8.00 good
0.42 10.00 8.00 good
0.21 8.00 8.00 bad
0.15 6.00 6.00 bad
0.13 8.00 8.00 good
0.29 8.00 8.00 good
0.25 6.00 8.00 bad
0.08 2.00 6.00 good
0.11 6.00 6.00 bad
0.09 6.00 4.00 bad
0.31 8.00 8.00 good
0.31 10.00 6.00 bad
0.10 6.00 6.00 bad
0.12 8.00 6.00 good
0.11 6.00 6.00 bad
0.60 10.00 10.00 bad
0.07 6.00 6.00 bad
0.09 6.00 6.00 bad
0.11 6.00 6.00 bad
0.29 8.00 8.00 good
0.11 8.00 6.00 good
0.02 6.00 4.00 bad
0.25 8.00 8.00 bad
0.20 6.00 6.00 good
0.11 6.00 6.00 good
0.30 10.00 8.00 good
0.36 10.00 8.00 good
0.31 10.00 8.00 good
0.37 10.00 8.00 good
0.17 6.00 6.00 bad
0.04 8.00 6.00 bad
0.26 8.00 8.00 bad
0.09 6.00 4.00 bad
0.38 10.00 8.00 good
0.22 8.00 8.00 good
0.05 8.00 8.00 bad
0.10 8.00 6.00 bad
0.19 8.00 8.00 good
0.15 6.00 6.00 bad
0.37 10.00 8.00 bad
0.09 2.00 6.00 good
0.12 6.00 6.00 good