BookWordCount AddListCount Median Class
102
0 1 3 4 6 9 13 14 16 17 18 19 20 21 22 23 24 25 27 29 31 34 36 37 38 41 42 45 46 47 48 49 51 52 53 55 56 58 59 61 62 67 69 70 72 73 75 76 78 81 82 83 84 85 86 88 89 91 92 93 94 95 97 98 99 100 101 103 104 105 106 107 109 111 115 116 120 123 124 125 126 127 129 130 131 133 134 136 137 138 139 140 141 142 143 145 148 149 150 151 152 153
177.20 214 6.00 good
289.90 492 8.00 good
52.30 38 6.00 bad
139.00 22 6.00 bad
59.60 42 6.00 good
21.30 14 6.00 bad
27.50 9 6.00 bad
123.80 136 6.00 good
135.80 25 6.00 good
33.60 10 6.00 bad
24.10 7 6.00 bad
122.40 70 6.00 bad
82.30 17 4.00 good
74.10 12 4.00 bad
77.70 61 6.00 bad
122.20 32 4.00 good
74.80 23 6.00 bad
35.90 2 4.00 bad
147.20 31 4.00 good
233.90 68 8.00 good
78.00 6 6.00 good
154.60 24 6.00 bad
87.00 63 8.00 bad
51.30 106 8.00 bad
80.20 19 6.00 bad
168.40 289 6.00 good
300.10 215 6.00 bad
380.50 93 6.00 bad
123.50 28 8.00 good
49.70 20 4.00 bad
281.40 371 6.00 bad
44.50 13 6.00 bad
84.60 42 6.00 bad
76.10 446 8.00 bad
53.70 1 4.00 bad
106.40 11 6.00 bad
40.40 13 6.00 good
63.50 70 8.00 good
133.40 138 6.00 good
17.00 33 8.00 good
49.60 3 4.00 bad
16.80 17 8.00 good
7.30 5 8.00 bad
55.40 2 8.00 bad
390.00 180 8.00 good
68.60 8 8.00 bad
39.60 8 6.00 good
46.20 110 8.00 good
70.00 57 6.00 bad
87.70 4 6.00 bad
183.00 3 4.00 bad
40.80 22 6.00 bad
30.00 3 6.00 bad
87.20 55 4.00 good
129.90 53 8.00 bad
315.30 321 8.00 good
153.20 49 6.00 bad
126.20 218 8.00 good
116.50 141 8.00 good
90.50 121 8.00 bad
63.70 57 8.00 good
99.00 4 6.00 bad
22.20 7 8.00 good
170.60 558 8.00 good
181.90 253 6.00 bad
59.90 8 8.00 bad
219.60 65 8.00 bad
21.40 6 6.00 bad
150.50 5 4.00 bad
198.70 98 8.00 good
64.40 102 6.00 good
310.00 188 6.00 bad
101.10 34 6.00 bad
148.90 53 6.00 good
119.20 76 6.00 bad
118.30 7 6.00 good
85.80 15 6.00 good
153.40 32 6.00 good
223.00 57 6.00 good
65.70 149 10.00 good
89.70 48 8.00 good
34.20 146 8.00 good
322.80 510 8.00 good
46.30 11 6.00 bad
195.70 5 4.00 good
145.80 1 6.00 bad
179.50 168 8.00 good
72.70 9 4.00 bad
448.70 303 8.00 good
212.90 53 6.00 bad
130.30 206 8.00 good
43.40 7 8.00 bad
25.10 19 8.00 bad
518.00 365 8.00 good
177.70 42 6.00 bad
62.30 28 6.00 bad
209.90 54 2.00 bad
382.10 178 6.00 good
44.60 5 6.00 bad
93.00 125 8.00 bad
163.50 12 6.00 good
73.20 50 6.00 good