BookScoreCount FourStarRate Quartile Class
96
1 3 5 6 7 8 9 10 11 12 13 15 16 18 19 21 22 23 25 26 27 28 31 32 33 34 36 37 38 39 41 42 43 45 46 47 50 51 53 54 55 56 59 62 64 67 68 70 72 73 74 75 78 79 82 83 87 89 91 92 93 94 96 97 99 100 101 103 104 106 107 109 110 111 113 114 116 117 119 120 121 123 125 126 127 130 136 137 138 140 141 143 147 148 149 151
967 0.36 4.00 good
129 0.27 4.00 bad
439 0.21 4.00 good
187 0.18 4.00 good
27 0.11 2.00 bad
177 0.22 4.00 bad
51 0.30 4.00 bad
78 0.27 4.00 bad
51 0.32 2.00 bad
25 0.08 4.00 bad
48 0.13 2.00 bad
658 0.25 4.00 bad
119 0.20 4.00 good
23 0.14 6.00 bad
250 0.22 6.00 bad
44 0.14 4.00 bad
159 0.28 2.00 bad
116 0.08 4.00 good
11 0.00 4.00 bad
100 0.18 2.00 bad
150 0.15 4.00 good
263 0.31 4.00 bad
44 0.19 4.00 good
292 0.39 2.00 bad
192 0.23 4.00 good
97 0.13 2.00 bad
223 0.34 2.00 bad
216 0.44 4.00 bad
63 0.17 4.00 bad
20 0.05 2.00 bad
670 0.29 2.00 good
686 0.20 6.00 bad
81 0.14 6.00 good
299 0.23 4.00 bad
108 0.33 4.00 good
79 0.22 4.00 bad
29 0.14 2.00 good
133 0.21 4.00 bad
22 0.00 2.00 bad
43 0.21 4.00 good
55 0.20 4.00 bad
80 0.10 4.00 good
484 0.21 6.00 good
13 0.34 4.00 bad
45 0.14 4.00 bad
90 0.25 4.00 good
153 0.30 2.00 bad
51 0.32 6.00 bad
956 0.20 4.00 good
19 0.39 2.00 bad
46 0.31 4.00 bad
21 0.30 2.00 good
217 0.24 4.00 bad
531 0.17 6.00 bad
31 0.05 4.00 bad
104 0.22 4.00 bad
182 0.19 6.00 bad
145 0.28 4.00 bad
654 0.28 4.00 good
527 0.29 4.00 good
396 0.34 2.00 bad
218 0.33 2.00 good
188 0.33 2.00 good
39 0.40 2.00 good
942 0.26 2.00 bad
42 0.27 4.00 bad
219 0.27 4.00 bad
29 0.26 2.00 bad
25 0.04 2.00 bad
349 0.24 4.00 good
1184 0.17 6.00 bad
88 0.24 4.00 bad
112 0.24 4.00 bad
182 0.26 4.00 good
136 0.21 4.00 bad
1114 0.23 2.00 bad
19 0.12 4.00 good
34 0.14 2.00 bad
1575 0.33 4.00 good
45 0.25 6.00 good
59 0.08 4.00 bad
93 0.30 2.00 good
768 0.20 2.00 good
353 0.21 8.00 good
387 0.26 4.00 good
82 0.16 6.00 bad
68 0.05 4.00 bad
1641 0.33 4.00 good
328 0.19 6.00 bad
21 0.54 4.00 bad
83 0.49 2.00 bad
153 0.24 4.00 bad
208 0.09 4.00 good
1080 0.06 0.00 bad
674 0.26 4.00 good
638 0.19 6.00 bad