BookScoreCount ThreeStarRate Mode Class
98
0 2 3 4 6 9 10 12 13 16 17 18 20 21 22 24 25 30 31 32 33 34 36 38 39 40 41 42 43 47 49 50 51 54 55 56 57 58 59 60 62 63 64 68 69 70 71 72 76 77 80 83 84 86 87 89 90 91 92 93 94 97 98 99 100 101 103 104 105 107 110 111 112 113 115 116 118 119 120 121 122 123 124 126 129 130 131 132 135 136 137 138 141 142 147 149 152 153
568 0.28 8.00 good
47 0.40 6.00 bad
129 0.27 8.00 bad
78 0.33 6.00 bad
187 0.21 2.00 good
51 0.26 8.00 bad
78 0.23 8.00 bad
25 0.44 6.00 bad
48 0.39 6.00 bad
119 0.23 6.00 good
36 0.20 8.00 bad
23 0.28 10.00 bad
112 0.15 2.00 good
44 0.16 4.00 bad
159 0.40 6.00 bad
70 0.36 6.00 bad
11 0.20 2.00 bad
29 0.32 6.00 bad
44 0.33 6.00 good
292 0.31 8.00 bad
192 0.29 6.00 good
97 0.39 6.00 bad
223 0.23 8.00 bad
63 0.27 4.00 bad
20 0.16 2.00 bad
495 0.24 8.00 good
670 0.34 6.00 good
686 0.26 2.00 bad
81 0.24 2.00 good
79 0.20 4.00 bad
72 0.39 6.00 bad
29 0.32 6.00 good
133 0.37 6.00 bad
43 0.33 6.00 good
55 0.33 6.00 bad
80 0.32 6.00 good
2109 0.21 8.00 bad
461 0.14 10.00 good
484 0.21 10.00 good
108 0.18 10.00 bad
13 0.08 4.00 bad
91 0.12 2.00 good
45 0.21 2.00 bad
153 0.25 8.00 bad
20 0.26 8.00 bad
51 0.04 2.00 bad
248 0.25 8.00 bad
956 0.26 10.00 good
429 0.15 8.00 good
745 0.22 10.00 bad
714 0.13 10.00 bad
104 0.28 6.00 bad
21 0.33 6.00 bad
222 0.30 6.00 bad
182 0.23 10.00 bad
145 0.27 8.00 bad
16 0.20 2.00 bad
654 0.16 10.00 good
527 0.16 10.00 good
396 0.26 8.00 bad
218 0.23 8.00 good
39 0.26 8.00 good
2113 0.22 8.00 good
942 0.34 6.00 bad
42 0.34 6.00 bad
219 0.26 10.00 bad
29 0.50 6.00 bad
25 0.34 6.00 bad
339 0.19 8.00 good
1184 0.15 10.00 bad
112 0.28 6.00 bad
182 0.26 8.00 good
201 0.30 6.00 bad
136 0.36 6.00 bad
282 0.35 6.00 bad
19 0.42 6.00 good
274 0.39 6.00 bad
1575 0.20 8.00 good
45 0.20 8.00 good
59 0.32 6.00 bad
385 0.28 8.00 bad
93 0.37 6.00 good
320 0.29 6.00 good
353 0.16 10.00 good
2063 0.16 10.00 good
82 0.28 6.00 bad
31 0.13 4.00 good
614 0.25 8.00 good
1310 0.24 8.00 bad
68 0.32 6.00 bad
1641 0.15 10.00 good
328 0.22 2.00 bad
83 0.19 8.00 bad
2366 0.15 10.00 good
208 0.19 2.00 good
674 0.23 8.00 good
45 0.28 2.00 good
209 0.25 6.00 good