TwoStarRate Mode Median Class
95
1 2 3 4 6 7 8 9 10 13 14 15 17 21 22 23 26 27 28 30 32 33 34 35 39 40 43 46 47 48 49 50 52 55 57 58 60 63 65 71 72 73 74 77 78 79 82 83 84 86 88 92 94 95 97 98 99 100 102 103 104 106 107 108 109 110 111 113 115 116 117 119 121 122 123 124 127 128 129 130 131 133 135 136 137 138 139 140 141 145 146 148 149 150 152
0.08 8.00 8.00 good
0.10 6.00 6.00 bad
0.12 8.00 6.00 bad
0.09 6.00 6.00 bad
0.14 2.00 6.00 good
0.15 6.00 6.00 bad
0.16 6.00 6.00 bad
0.18 8.00 6.00 bad
0.26 8.00 6.00 bad
0.24 6.00 6.00 bad
0.14 2.00 6.00 good
0.13 6.00 6.00 bad
0.22 8.00 6.00 bad
0.37 4.00 4.00 bad
0.15 6.00 6.00 bad
0.31 4.00 4.00 good
0.09 6.00 6.00 bad
0.17 2.00 4.00 good
0.11 8.00 8.00 bad
0.18 6.00 6.00 bad
0.09 8.00 8.00 bad
0.20 6.00 6.00 good
0.30 6.00 6.00 bad
0.12 2.00 6.00 good
0.26 2.00 2.00 bad
0.12 8.00 8.00 good
0.13 2.00 6.00 good
0.07 8.00 8.00 good
0.28 4.00 4.00 bad
0.09 8.00 6.00 bad
0.10 6.00 6.00 bad
0.28 6.00 6.00 good
0.04 10.00 8.00 bad
0.28 6.00 6.00 bad
0.07 8.00 6.00 bad
0.05 10.00 8.00 good
0.21 10.00 6.00 bad
0.07 2.00 6.00 good
0.28 6.00 4.00 bad
0.12 8.00 6.00 bad
0.08 10.00 8.00 good
0.11 8.00 8.00 bad
0.22 6.00 6.00 bad
0.07 10.00 8.00 bad
0.10 6.00 6.00 bad
0.19 2.00 6.00 bad
0.41 4.00 4.00 bad
0.17 6.00 6.00 bad
0.14 6.00 6.00 bad
0.03 6.00 8.00 bad
0.10 10.00 8.00 good
0.04 10.00 8.00 good
0.11 8.00 8.00 good
0.23 6.00 6.00 bad
0.03 8.00 8.00 good
0.08 8.00 8.00 good
0.12 6.00 6.00 bad
0.02 6.00 8.00 bad
0.14 2.00 6.00 good
0.08 6.00 6.00 bad
0.31 6.00 4.00 bad
0.14 6.00 6.00 good
0.12 10.00 6.00 bad
0.02 10.00 10.00 good
0.14 6.00 6.00 bad
0.21 6.00 6.00 bad
0.16 8.00 6.00 good
0.13 6.00 6.00 bad
0.19 6.00 6.00 bad
0.12 6.00 6.00 good
0.11 6.00 6.00 bad
0.06 8.00 8.00 good
0.30 6.00 4.00 bad
0.10 8.00 8.00 bad
0.08 6.00 6.00 good
0.19 6.00 6.00 good
0.06 10.00 8.00 good
0.08 10.00 8.00 good
0.07 10.00 8.00 good
0.13 6.00 6.00 bad
0.41 4.00 4.00 good
0.13 8.00 6.00 bad
0.09 8.00 8.00 bad
0.24 6.00 4.00 bad
0.05 10.00 8.00 good
0.10 2.00 6.00 bad
0.07 8.00 8.00 good
0.30 8.00 8.00 bad
0.03 8.00 8.00 bad
0.10 6.00 6.00 bad
0.09 8.00 8.00 good
0.03 2.00 2.00 bad
0.18 8.00 6.00 good
0.15 6.00 6.00 bad
0.19 2.00 6.00 good