TwoStarRate FourStarRate Kurtosis Class
101
0 1 2 5 6 7 9 11 12 13 14 16 17 18 21 23 25 26 27 28 29 30 33 34 35 37 39 42 43 44 48 49 50 51 52 53 56 57 58 60 61 63 64 66 69 70 71 74 75 76 77 78 81 82 83 85 86 87 89 90 91 92 93 94 96 97 98 100 103 107 110 111 112 113 114 115 116 118 119 120 121 122 126 127 129 130 132 133 134 135 136 137 139 143 144 146 148 149 151 152 153
0.15 0.30 200.91 good
0.08 0.36 406.22 good
0.10 0.24 267.71 bad
0.20 0.21 93.52 good
0.14 0.18 75.15 good
0.15 0.11 181.37 bad
0.18 0.30 110.48 bad
0.04 0.32 491.68 bad
0.08 0.08 114.51 bad
0.24 0.13 156.17 bad
0.14 0.19 68.44 good
0.22 0.20 87.54 good
0.22 0.23 80.31 bad
0.17 0.14 137.29 bad
0.37 0.14 66.70 bad
0.31 0.08 78.49 good
0.20 0.00 28.01 bad
0.09 0.18 249.04 bad
0.17 0.15 40.03 good
0.11 0.31 418.19 bad
0.10 0.20 194.89 good
0.18 0.14 80.73 bad
0.20 0.23 163.05 good
0.30 0.13 192.82 bad
0.12 0.14 41.11 good
0.03 0.44 948.64 bad
0.26 0.05 53.89 bad
0.17 0.20 74.29 bad
0.13 0.14 44.83 good
0.07 0.16 29.34 good
0.09 0.33 362.40 bad
0.10 0.23 155.38 bad
0.28 0.14 119.73 good
0.30 0.21 339.26 bad
0.04 0.30 453.60 bad
0.33 0.00 31.11 bad
0.20 0.10 74.03 good
0.07 0.29 94.54 bad
0.05 0.30 256.16 good
0.21 0.20 95.85 bad
0.08 0.44 1104.85 good
0.07 0.20 55.29 good
0.27 0.14 59.06 bad
0.14 0.19 204.65 bad
0.05 0.42 758.93 bad
0.10 0.32 49.13 bad
0.12 0.25 106.33 bad
0.22 0.31 393.48 bad
0.10 0.30 344.01 good
0.07 0.36 159.36 good
0.07 0.27 440.27 bad
0.10 0.24 147.32 bad
0.08 0.08 173.53 bad
0.41 0.05 87.78 bad
0.17 0.22 188.48 bad
0.19 0.24 51.21 good
0.03 0.27 249.84 bad
0.09 0.19 95.46 bad
0.17 0.28 208.64 bad
0.13 0.07 25.57 bad
0.08 0.28 191.97 good
0.04 0.29 444.03 good
0.08 0.34 288.02 bad
0.11 0.33 299.63 good
0.11 0.33 282.28 good
0.03 0.40 198.40 good
0.08 0.33 391.57 good
0.02 0.27 297.05 bad
0.08 0.26 664.54 bad
0.12 0.17 72.91 bad
0.21 0.24 131.59 bad
0.16 0.26 113.09 good
0.20 0.15 84.03 bad
0.13 0.21 164.81 bad
0.02 0.23 875.52 bad
0.19 0.19 125.49 bad
0.12 0.12 138.45 good
0.11 0.30 387.39 bad
0.06 0.33 297.36 good
0.18 0.25 75.21 good
0.30 0.08 102.63 bad
0.10 0.29 313.76 bad
0.06 0.21 76.64 good
0.06 0.26 319.05 good
0.07 0.26 209.65 good
0.13 0.16 73.99 bad
0.14 0.35 212.10 good
0.13 0.33 194.01 bad
0.12 0.34 176.74 good
0.09 0.29 234.30 bad
0.24 0.05 63.17 bad
0.05 0.33 478.73 good
0.07 0.36 304.97 good
0.21 0.24 86.23 bad
0.25 0.18 97.95 bad
0.09 0.37 402.15 good
0.03 0.06 9.99 bad
0.18 0.26 113.50 good
0.07 0.19 105.22 bad
0.19 0.14 62.68 good
0.22 0.22 105.28 good