BookScoreCount Median Kurtosis Class
97
2 4 5 6 7 9 11 12 15 16 17 18 20 21 22 24 25 28 29 31 32 33 35 36 37 39 40 43 44 47 48 50 51 52 54 55 56 57 58 59 60 64 65 68 70 71 73 74 75 76 77 78 79 80 81 82 84 85 91 94 96 98 100 103 105 107 108 109 110 113 116 117 118 120 122 125 127 128 129 130 131 132 133 134 136 138 139 140 141 142 143 144 146 147 149 150 151
47 6.00 267.71 bad
78 6.00 113.07 bad
439 6.00 93.52 good
187 6.00 75.15 good
27 6.00 181.37 bad
51 6.00 110.48 bad
51 6.00 491.68 bad
25 6.00 114.51 bad
658 6.00 188.48 bad
119 6.00 87.54 good
36 6.00 80.31 bad
23 6.00 137.29 bad
112 4.00 48.29 good
44 4.00 66.70 bad
159 6.00 468.11 bad
70 6.00 114.10 bad
11 4.00 28.01 bad
263 8.00 418.19 bad
290 8.00 194.89 good
44 6.00 211.54 good
292 8.00 404.81 bad
192 6.00 163.05 good
1909 6.00 41.11 good
223 8.00 203.97 bad
216 8.00 948.64 bad
20 2.00 53.89 bad
495 8.00 227.23 good
81 6.00 44.83 good
1885 4.00 29.34 good
79 4.00 85.63 bad
1248 6.00 362.40 bad
29 6.00 119.73 good
133 6.00 339.26 bad
1780 8.00 453.60 bad
43 6.00 245.77 good
55 6.00 182.02 bad
80 6.00 74.03 good
2109 6.00 94.54 bad
461 8.00 256.16 good
484 6.00 148.52 good
108 6.00 95.85 bad
45 4.00 59.06 bad
82 4.00 77.07 bad
153 8.00 223.96 bad
51 8.00 49.13 bad
248 6.00 106.33 bad
19 8.00 278.58 bad
46 6.00 393.48 bad
21 6.00 344.01 good
429 8.00 159.36 good
745 8.00 440.27 bad
217 6.00 147.32 bad
531 6.00 65.93 bad
714 10.00 599.56 bad
25 6.00 173.53 bad
31 4.00 87.78 bad
21 6.00 116.65 bad
356 4.00 51.21 good
654 8.00 191.97 good
218 8.00 299.63 good
188 8.00 282.28 good
2113 8.00 391.57 good
42 8.00 297.05 bad
29 6.00 664.54 bad
339 8.00 385.10 good
1184 6.00 72.91 bad
5393 10.00 1238.93 good
88 6.00 170.95 bad
112 6.00 131.59 bad
136 6.00 164.81 bad
19 6.00 138.45 good
34 6.00 132.92 bad
274 6.00 387.39 bad
45 6.00 75.21 good
385 8.00 313.76 bad
768 10.00 1797.82 good
387 8.00 319.05 good
607 8.00 82.37 good
2063 8.00 209.65 good
82 6.00 73.99 bad
31 4.00 58.14 good
614 6.00 212.10 good
23 6.00 194.01 bad
795 8.00 176.74 good
68 4.00 63.17 bad
328 6.00 56.35 bad
1100 8.00 304.97 good
21 8.00 361.68 bad
83 8.00 311.51 bad
2366 8.00 364.52 good
153 6.00 86.23 bad
364 6.00 97.95 bad
2356 8.00 402.15 good
208 4.00 40.59 good
674 6.00 113.50 good
21 6.00 158.29 bad
638 8.00 105.22 bad