FiveStarRate Mode Kurtosis Class
99
0 3 4 5 7 9 10 13 14 15 17 19 21 22 23 24 27 28 30 31 35 37 39 41 43 44 46 47 48 49 50 51 52 54 55 56 57 60 64 66 67 68 70 74 75 78 79 80 82 83 84 85 88 90 92 93 94 96 97 98 99 100 101 102 103 104 105 106 107 108 109 110 111 112 114 115 116 117 118 119 120 121 123 125 126 129 131 139 140 141 142 143 145 146 147 148 150 151 152
0.15 8.00 200.91 good
0.18 8.00 155.27 bad
0.10 6.00 113.07 bad
0.12 6.00 93.52 good
0.11 6.00 181.37 bad
0.02 8.00 110.48 bad
0.09 8.00 143.84 bad
0.09 6.00 156.17 bad
0.20 2.00 68.44 good
0.23 6.00 188.48 bad
0.12 8.00 80.31 bad
0.28 10.00 181.41 bad
0.04 4.00 66.70 bad
0.11 6.00 468.11 bad
0.06 4.00 78.49 good
0.11 6.00 114.10 bad
0.05 2.00 40.03 good
0.27 8.00 418.19 bad
0.11 6.00 80.73 bad
0.09 6.00 211.54 good
0.21 2.00 41.11 good
0.28 8.00 948.64 bad
0.00 2.00 53.89 bad
0.17 6.00 389.04 good
0.14 2.00 44.83 good
0.23 2.00 29.34 good
0.27 8.00 218.67 good
0.08 4.00 85.63 bad
0.17 8.00 362.40 bad
0.10 6.00 155.38 bad
0.07 6.00 119.73 good
0.07 6.00 339.26 bad
0.42 10.00 453.60 bad
0.29 6.00 245.77 good
0.06 6.00 182.02 bad
0.13 6.00 74.03 good
0.18 8.00 94.54 bad
0.23 10.00 95.85 bad
0.02 2.00 59.06 bad
0.10 6.00 204.65 bad
0.42 10.00 278.88 good
0.22 8.00 223.96 bad
0.20 2.00 49.13 bad
0.04 6.00 393.48 bad
0.10 6.00 344.01 good
0.16 6.00 147.32 bad
0.10 2.00 65.93 bad
0.58 10.00 599.56 bad
0.22 4.00 87.78 bad
0.22 6.00 188.48 bad
0.14 6.00 116.65 bad
0.10 2.00 51.21 good
0.30 10.00 118.81 good
0.07 2.00 25.57 bad
0.42 10.00 444.03 good
0.21 8.00 288.02 bad
0.23 8.00 299.63 good
0.17 8.00 282.28 good
0.13 8.00 198.40 good
0.29 8.00 391.57 good
0.17 6.00 243.27 bad
0.25 6.00 297.05 bad
0.27 10.00 286.97 bad
0.08 2.00 65.28 good
0.11 6.00 664.54 bad
0.09 6.00 92.39 bad
0.31 8.00 385.10 good
0.16 6.00 114.14 good
0.31 10.00 72.91 bad
0.63 10.00 1238.93 good
0.10 6.00 170.95 bad
0.10 6.00 131.59 bad
0.12 8.00 113.09 good
0.11 6.00 84.03 bad
0.60 10.00 875.52 bad
0.07 6.00 125.49 bad
0.17 6.00 138.45 good
0.09 6.00 132.92 bad
0.11 6.00 387.39 bad
0.29 8.00 297.36 good
0.11 8.00 75.21 good
0.02 6.00 102.63 bad
0.20 6.00 502.72 good
0.67 10.00 1797.82 good
0.30 10.00 76.64 good
0.37 10.00 209.65 good
0.06 4.00 58.14 good
0.22 8.00 304.97 good
0.05 8.00 361.68 bad
0.15 8.00 311.51 bad
0.46 10.00 364.52 good
0.10 8.00 86.23 bad
0.08 6.00 909.70 bad
0.19 8.00 402.15 good
0.02 2.00 40.59 good
0.08 2.00 9.99 bad
0.15 6.00 158.29 bad
0.37 10.00 105.22 bad
0.09 2.00 62.68 good