FourStarRate FiveStarRate Quartile Class
96
0 1 2 5 6 7 11 12 13 15 19 20 23 27 28 30 31 33 34 35 37 41 43 44 45 46 48 50 53 55 57 58 59 60 61 62 63 65 66 67 68 69 70 71 72 73 75 76 77 78 79 81 82 83 85 88 90 91 94 96 97 98 100 103 104 105 106 109 110 111 112 113 115 119 120 122 124 128 129 130 132 134 135 136 137 138 142 143 145 146 147 148 149 150 152 153
0.30 0.15 4.00 good
0.36 0.25 4.00 good
0.24 0.15 2.00 bad
0.21 0.12 4.00 good
0.18 0.23 4.00 good
0.11 0.11 2.00 bad
0.32 0.16 2.00 bad
0.08 0.20 4.00 bad
0.13 0.09 2.00 bad
0.25 0.23 4.00 bad
0.22 0.28 6.00 bad
0.20 0.13 6.00 good
0.08 0.06 4.00 good
0.15 0.05 4.00 good
0.31 0.27 4.00 bad
0.14 0.11 6.00 bad
0.19 0.09 4.00 good
0.23 0.15 4.00 good
0.13 0.03 2.00 bad
0.14 0.21 6.00 good
0.44 0.28 4.00 bad
0.29 0.17 2.00 good
0.14 0.14 6.00 good
0.16 0.23 6.00 good
0.23 0.10 4.00 bad
0.33 0.27 4.00 good
0.33 0.17 2.00 bad
0.14 0.07 2.00 good
0.00 0.10 2.00 bad
0.20 0.06 4.00 bad
0.29 0.18 4.00 bad
0.30 0.37 4.00 good
0.21 0.25 6.00 good
0.20 0.23 4.00 bad
0.44 0.21 2.00 good
0.34 0.00 4.00 bad
0.20 0.30 8.00 good
0.07 0.07 4.00 bad
0.19 0.10 4.00 bad
0.25 0.42 4.00 good
0.30 0.22 2.00 bad
0.42 0.21 2.00 bad
0.32 0.20 6.00 bad
0.25 0.17 4.00 bad
0.20 0.35 4.00 good
0.39 0.17 2.00 bad
0.30 0.10 2.00 good
0.36 0.24 4.00 good
0.27 0.37 4.00 bad
0.24 0.16 4.00 bad
0.17 0.10 6.00 bad
0.08 0.13 2.00 bad
0.05 0.22 4.00 bad
0.22 0.22 4.00 bad
0.24 0.10 6.00 good
0.23 0.30 6.00 good
0.07 0.07 4.00 bad
0.28 0.34 4.00 good
0.33 0.23 2.00 good
0.33 0.17 2.00 good
0.40 0.13 2.00 good
0.33 0.29 4.00 good
0.27 0.25 4.00 bad
0.26 0.11 2.00 bad
0.04 0.09 2.00 bad
0.33 0.31 4.00 good
0.24 0.16 4.00 good
0.24 0.10 4.00 bad
0.24 0.10 4.00 bad
0.26 0.12 4.00 good
0.15 0.11 4.00 bad
0.21 0.14 4.00 bad
0.19 0.07 4.00 bad
0.33 0.29 4.00 good
0.25 0.11 6.00 good
0.29 0.25 4.00 bad
0.20 0.11 4.00 good
0.23 0.31 8.00 good
0.26 0.37 4.00 good
0.16 0.17 6.00 bad
0.35 0.13 4.00 good
0.34 0.18 4.00 good
0.29 0.26 4.00 bad
0.05 0.09 4.00 bad
0.33 0.38 4.00 good
0.19 0.18 6.00 bad
0.24 0.46 4.00 good
0.24 0.10 4.00 bad
0.33 0.08 2.00 bad
0.37 0.19 2.00 good
0.09 0.02 4.00 good
0.06 0.08 0.00 bad
0.26 0.15 4.00 good
0.20 0.15 4.00 bad
0.14 0.09 4.00 good
0.22 0.12 4.00 good