BookScoreCount AddListCount FourStarRate Class
93
0 1 2 4 6 9 10 13 16 18 20 22 23 24 25 26 27 28 30 32 34 35 36 37 41 47 52 54 55 56 58 62 63 64 65 66 70 71 72 73 74 75 77 78 79 80 81 82 83 85 86 87 88 90 93 94 95 97 100 102 103 104 105 106 107 108 110 112 114 115 117 119 120 125 126 127 128 129 131 132 133 135 136 138 139 143 145 146 147 148 150 151 152
568 214 0.30 good
967 492 0.36 good
47 12 0.24 bad
78 22 0.25 bad
187 42 0.18 good
51 14 0.30 bad
78 25 0.27 bad
48 9 0.13 bad
119 25 0.20 good
23 7 0.14 bad
112 17 0.20 good
159 61 0.28 bad
116 32 0.08 good
70 23 0.13 bad
11 2 0.00 bad
100 32 0.18 bad
150 31 0.15 good
263 73 0.31 bad
29 9 0.14 bad
292 111 0.39 bad
97 24 0.13 bad
1909 254 0.14 good
223 63 0.34 bad
216 106 0.44 bad
670 289 0.29 good
79 20 0.22 bad
1780 446 0.30 bad
43 9 0.21 good
55 11 0.20 bad
80 13 0.10 good
461 70 0.30 good
13 3 0.34 bad
91 21 0.20 good
45 10 0.14 bad
82 22 0.07 bad
21 2 0.19 bad
51 2 0.32 bad
248 119 0.25 bad
956 180 0.20 good
19 8 0.39 bad
46 16 0.31 bad
21 8 0.30 good
745 183 0.27 bad
217 57 0.24 bad
531 94 0.17 bad
714 193 0.19 bad
25 4 0.08 bad
31 3 0.05 bad
104 22 0.22 bad
356 55 0.24 good
222 53 0.27 bad
182 65 0.19 bad
1636 321 0.23 good
16 4 0.07 bad
396 121 0.34 bad
218 57 0.33 good
13 4 0.00 bad
39 7 0.40 good
42 8 0.27 bad
225 39 0.21 good
29 6 0.26 bad
25 5 0.04 bad
339 98 0.33 good
349 102 0.24 good
1184 188 0.17 bad
5393 1586 0.20 good
112 31 0.24 bad
201 63 0.15 bad
1114 218 0.23 bad
282 76 0.19 bad
34 5 0.14 bad
1575 274 0.33 good
45 15 0.25 good
768 149 0.20 good
353 48 0.21 good
387 146 0.26 good
607 108 0.23 good
2063 510 0.26 good
31 5 0.11 good
614 131 0.35 good
23 1 0.33 bad
1310 293 0.29 bad
68 9 0.05 bad
328 53 0.19 bad
1100 206 0.36 good
153 42 0.24 bad
61 28 0.33 bad
2356 710 0.37 good
208 26 0.09 good
1080 54 0.06 bad
21 5 0.20 bad
638 125 0.19 bad
45 12 0.14 good