ThreeStarRate FourStarRate Mode Class
98
0 2 4 6 8 9 10 13 18 22 25 26 27 28 29 30 31 32 33 35 37 38 39 40 41 44 45 46 50 51 52 56 58 60 62 63 64 67 69 71 74 76 77 78 81 82 84 85 86 87 88 89 90 92 93 96 97 98 99 100 101 102 103 105 106 108 109 110 111 112 113 114 116 118 121 122 123 124 126 127 128 132 133 134 135 136 138 141 142 143 145 146 147 148 149 151 152 153
0.28 0.30 8.00 good
0.40 0.24 6.00 bad
0.33 0.25 6.00 bad
0.21 0.18 2.00 good
0.30 0.22 6.00 bad
0.26 0.30 8.00 bad
0.23 0.27 8.00 bad
0.39 0.13 6.00 bad
0.28 0.14 10.00 bad
0.40 0.28 6.00 bad
0.20 0.00 2.00 bad
0.43 0.18 6.00 bad
0.21 0.15 2.00 good
0.25 0.31 8.00 bad
0.22 0.20 10.00 good
0.32 0.14 6.00 bad
0.33 0.19 6.00 good
0.31 0.39 8.00 bad
0.29 0.23 6.00 good
0.18 0.14 2.00 good
0.20 0.44 8.00 bad
0.27 0.17 4.00 bad
0.16 0.05 2.00 bad
0.24 0.33 8.00 good
0.34 0.29 6.00 good
0.11 0.16 2.00 good
0.30 0.23 6.00 bad
0.19 0.33 8.00 good
0.32 0.14 6.00 good
0.37 0.21 6.00 bad
0.15 0.30 10.00 bad
0.32 0.10 6.00 good
0.14 0.30 10.00 good
0.18 0.20 10.00 bad
0.08 0.34 4.00 bad
0.12 0.20 2.00 good
0.21 0.14 2.00 bad
0.16 0.25 10.00 good
0.26 0.42 8.00 bad
0.25 0.25 8.00 bad
0.36 0.31 6.00 bad
0.15 0.36 8.00 good
0.22 0.27 10.00 bad
0.33 0.24 6.00 bad
0.54 0.08 6.00 bad
0.20 0.05 4.00 bad
0.33 0.19 6.00 bad
0.15 0.24 2.00 good
0.30 0.27 6.00 bad
0.23 0.19 10.00 bad
0.18 0.23 10.00 good
0.27 0.28 8.00 bad
0.20 0.07 2.00 bad
0.16 0.29 10.00 good
0.26 0.34 8.00 bad
0.28 0.33 8.00 good
0.26 0.40 8.00 good
0.22 0.33 8.00 good
0.34 0.26 6.00 bad
0.34 0.27 6.00 bad
0.26 0.27 10.00 bad
0.26 0.21 2.00 good
0.50 0.26 6.00 bad
0.19 0.33 8.00 good
0.27 0.24 6.00 good
0.10 0.20 10.00 good
0.36 0.24 6.00 bad
0.28 0.24 6.00 bad
0.26 0.26 8.00 good
0.30 0.15 6.00 bad
0.36 0.21 6.00 bad
0.09 0.23 10.00 bad
0.42 0.12 6.00 good
0.39 0.30 6.00 bad
0.32 0.08 6.00 bad
0.28 0.29 8.00 bad
0.37 0.30 6.00 good
0.29 0.20 6.00 good
0.16 0.21 10.00 good
0.22 0.26 10.00 good
0.13 0.23 10.00 good
0.25 0.35 8.00 good
0.33 0.33 8.00 bad
0.21 0.34 8.00 good
0.24 0.29 8.00 bad
0.32 0.05 6.00 bad
0.22 0.19 2.00 bad
0.19 0.49 8.00 bad
0.15 0.24 10.00 good
0.22 0.24 8.00 bad
0.45 0.33 6.00 bad
0.27 0.37 8.00 good
0.19 0.09 2.00 good
0.04 0.06 2.00 bad
0.23 0.26 8.00 good
0.16 0.19 10.00 bad
0.28 0.14 2.00 good
0.25 0.22 6.00 good