ThreeStarRate FiveStarRate Mode Class
94
1 2 3 4 7 8 9 10 11 12 13 14 17 18 20 21 23 24 26 27 30 32 33 34 35 36 38 41 42 43 44 47 49 51 55 56 57 58 64 65 66 67 69 70 71 72 73 75 76 77 78 79 80 81 84 88 89 90 93 94 96 97 98 99 100 101 102 103 104 106 107 109 111 114 116 117 118 119 120 128 131 133 135 137 140 142 143 144 145 148 150 151 152 153
0.23 0.25 8.00 good
0.40 0.15 6.00 bad
0.27 0.18 8.00 bad
0.33 0.10 6.00 bad
0.48 0.11 6.00 bad
0.30 0.21 6.00 bad
0.26 0.02 8.00 bad
0.23 0.09 8.00 bad
0.40 0.16 6.00 bad
0.44 0.20 6.00 bad
0.39 0.09 6.00 bad
0.21 0.20 2.00 good
0.20 0.12 8.00 bad
0.28 0.28 10.00 bad
0.15 0.13 2.00 good
0.16 0.04 4.00 bad
0.28 0.06 4.00 good
0.36 0.11 6.00 bad
0.43 0.19 6.00 bad
0.21 0.05 2.00 good
0.32 0.11 6.00 bad
0.31 0.13 8.00 bad
0.29 0.15 6.00 good
0.39 0.03 6.00 bad
0.18 0.21 2.00 good
0.23 0.19 8.00 bad
0.27 0.13 4.00 bad
0.34 0.17 6.00 good
0.26 0.11 2.00 bad
0.24 0.14 2.00 good
0.11 0.23 2.00 good
0.20 0.08 4.00 bad
0.39 0.10 6.00 bad
0.37 0.07 6.00 bad
0.33 0.06 6.00 bad
0.32 0.13 6.00 good
0.21 0.18 8.00 bad
0.14 0.37 10.00 good
0.21 0.02 2.00 bad
0.31 0.07 6.00 bad
0.43 0.10 6.00 bad
0.16 0.42 10.00 good
0.26 0.21 8.00 bad
0.04 0.20 2.00 bad
0.25 0.17 8.00 bad
0.26 0.35 10.00 good
0.22 0.17 8.00 bad
0.40 0.10 6.00 good
0.15 0.24 8.00 good
0.22 0.37 10.00 bad
0.33 0.16 6.00 bad
0.26 0.10 2.00 bad
0.13 0.58 10.00 bad
0.54 0.13 6.00 bad
0.33 0.14 6.00 bad
0.18 0.30 10.00 good
0.27 0.17 8.00 bad
0.20 0.07 2.00 bad
0.26 0.21 8.00 bad
0.23 0.23 8.00 good
0.28 0.17 8.00 good
0.26 0.13 8.00 good
0.22 0.29 8.00 good
0.34 0.17 6.00 bad
0.34 0.25 6.00 bad
0.26 0.27 10.00 bad
0.26 0.08 2.00 good
0.50 0.11 6.00 bad
0.34 0.09 6.00 bad
0.27 0.16 6.00 good
0.15 0.31 10.00 bad
0.36 0.10 6.00 bad
0.26 0.12 8.00 good
0.09 0.60 10.00 bad
0.42 0.17 6.00 good
0.45 0.09 6.00 bad
0.39 0.11 6.00 bad
0.20 0.29 8.00 good
0.20 0.11 8.00 good
0.13 0.31 10.00 good
0.13 0.06 4.00 good
0.33 0.04 8.00 bad
0.24 0.26 8.00 bad
0.15 0.38 10.00 good
0.07 0.05 8.00 bad
0.15 0.46 10.00 good
0.22 0.10 8.00 bad
0.27 0.09 6.00 bad
0.45 0.08 6.00 bad
0.04 0.08 2.00 bad
0.35 0.15 6.00 bad
0.16 0.37 10.00 bad
0.28 0.09 2.00 good
0.25 0.12 6.00 good