TwoStarRate FourStarRate Kurtosis Class
92
1 2 4 7 11 12 13 14 16 18 21 22 25 26 27 29 30 32 35 37 39 42 44 45 46 47 52 54 55 57 58 61 62 63 64 65 66 67 68 69 71 73 74 76 77 80 82 83 84 85 86 87 88 89 90 91 92 94 95 96 97 98 99 101 102 104 105 107 108 109 110 111 112 113 116 118 121 124 125 126 135 136 137 139 140 141 143 146 148 149 152 153
0.08 0.36 406.22 good
0.10 0.24 267.71 bad
0.09 0.25 113.07 bad
0.15 0.11 181.37 bad
0.04 0.32 491.68 bad
0.08 0.08 114.51 bad
0.24 0.13 156.17 bad
0.14 0.19 68.44 good
0.22 0.20 87.54 good
0.17 0.14 137.29 bad
0.37 0.14 66.70 bad
0.15 0.28 468.11 bad
0.20 0.00 28.01 bad
0.09 0.18 249.04 bad
0.17 0.15 40.03 good
0.10 0.20 194.89 good
0.18 0.14 80.73 bad
0.09 0.39 404.81 bad
0.12 0.14 41.11 good
0.03 0.44 948.64 bad
0.26 0.05 53.89 bad
0.17 0.20 74.29 bad
0.07 0.16 29.34 good
0.20 0.23 135.14 bad
0.07 0.33 218.67 good
0.28 0.22 85.63 bad
0.04 0.30 453.60 bad
0.05 0.21 245.77 good
0.28 0.20 182.02 bad
0.07 0.29 94.54 bad
0.05 0.30 256.16 good
0.08 0.44 1104.85 good
0.50 0.34 199.64 bad
0.07 0.20 55.29 good
0.27 0.14 59.06 bad
0.28 0.07 77.07 bad
0.14 0.19 204.65 bad
0.06 0.25 278.88 good
0.11 0.30 223.96 bad
0.05 0.42 758.93 bad
0.12 0.25 106.33 bad
0.11 0.39 278.58 bad
0.22 0.31 393.48 bad
0.07 0.36 159.36 good
0.07 0.27 440.27 bad
0.03 0.19 599.56 bad
0.41 0.05 87.78 bad
0.17 0.22 188.48 bad
0.14 0.19 116.65 bad
0.19 0.24 51.21 good
0.03 0.27 249.84 bad
0.09 0.19 95.46 bad
0.10 0.23 118.81 good
0.17 0.28 208.64 bad
0.13 0.07 25.57 bad
0.08 0.28 191.97 good
0.04 0.29 444.03 good
0.11 0.33 299.63 good
0.23 0.00 128.84 bad
0.11 0.33 282.28 good
0.03 0.40 198.40 good
0.08 0.33 391.57 good
0.12 0.26 243.27 bad
0.10 0.27 286.97 bad
0.14 0.21 65.28 good
0.31 0.04 92.39 bad
0.08 0.33 385.10 good
0.12 0.17 72.91 bad
0.02 0.20 1238.93 good
0.14 0.24 170.95 bad
0.21 0.24 131.59 bad
0.16 0.26 113.09 good
0.20 0.15 84.03 bad
0.13 0.21 164.81 bad
0.12 0.12 138.45 good
0.11 0.30 387.39 bad
0.30 0.08 102.63 bad
0.19 0.20 101.09 good
0.02 0.20 1797.82 good
0.06 0.21 76.64 good
0.09 0.29 234.30 bad
0.24 0.05 63.17 bad
0.05 0.33 478.73 good
0.07 0.36 304.97 good
0.30 0.54 361.68 bad
0.03 0.49 311.51 bad
0.21 0.24 86.23 bad
0.09 0.37 402.15 good
0.03 0.06 9.99 bad
0.18 0.26 113.50 good
0.19 0.14 62.68 good
0.22 0.22 105.28 good