FourStarRate Quartile Kurtosis Class
93
0 1 2 3 4 7 8 9 10 11 12 13 14 16 18 22 26 27 28 32 33 34 35 36 37 40 41 42 43 47 48 49 51 53 56 58 60 63 64 65 66 67 68 71 73 74 76 77 78 79 80 81 82 84 85 86 87 88 89 90 92 93 95 96 97 98 100 103 104 106 108 111 115 116 118 120 122 123 126 128 130 131 132 133 138 139 142 144 146 150 151 152 153
0.30 4.00 200.91 good
0.36 4.00 406.22 good
0.24 2.00 267.71 bad
0.27 4.00 155.27 bad
0.25 4.00 113.07 bad
0.11 2.00 181.37 bad
0.22 4.00 196.73 bad
0.30 4.00 110.48 bad
0.27 4.00 143.84 bad
0.32 2.00 491.68 bad
0.08 4.00 114.51 bad
0.13 2.00 156.17 bad
0.19 6.00 68.44 good
0.20 4.00 87.54 good
0.14 6.00 137.29 bad
0.28 2.00 468.11 bad
0.18 2.00 249.04 bad
0.15 4.00 40.03 good
0.31 4.00 418.19 bad
0.39 2.00 404.81 bad
0.23 4.00 163.05 good
0.13 2.00 192.82 bad
0.14 6.00 41.11 good
0.34 2.00 203.97 bad
0.44 4.00 948.64 bad
0.33 2.00 227.23 good
0.29 2.00 389.04 good
0.20 6.00 74.29 bad
0.14 6.00 44.83 good
0.22 4.00 85.63 bad
0.33 2.00 362.40 bad
0.23 4.00 155.38 bad
0.21 4.00 339.26 bad
0.00 2.00 31.11 bad
0.10 4.00 74.03 good
0.30 4.00 256.16 good
0.20 4.00 95.85 bad
0.20 8.00 55.29 good
0.14 4.00 59.06 bad
0.07 4.00 77.07 bad
0.19 4.00 204.65 bad
0.25 4.00 278.88 good
0.30 2.00 223.96 bad
0.25 4.00 106.33 bad
0.39 2.00 278.58 bad
0.31 4.00 393.48 bad
0.36 4.00 159.36 good
0.27 4.00 440.27 bad
0.24 4.00 147.32 bad
0.17 6.00 65.93 bad
0.19 2.00 599.56 bad
0.08 2.00 173.53 bad
0.05 4.00 87.78 bad
0.19 4.00 116.65 bad
0.24 6.00 51.21 good
0.27 4.00 249.84 bad
0.19 6.00 95.46 bad
0.23 6.00 118.81 good
0.28 4.00 208.64 bad
0.07 4.00 25.57 bad
0.29 4.00 444.03 good
0.34 2.00 288.02 bad
0.00 2.00 128.84 bad
0.33 2.00 282.28 good
0.40 2.00 198.40 good
0.33 4.00 391.57 good
0.27 4.00 297.05 bad
0.26 2.00 664.54 bad
0.04 2.00 92.39 bad
0.24 4.00 114.14 good
0.20 2.00 1238.93 good
0.26 4.00 113.09 good
0.19 4.00 125.49 bad
0.12 4.00 138.45 good
0.30 2.00 387.39 bad
0.25 6.00 75.21 good
0.29 4.00 313.76 bad
0.30 2.00 502.72 good
0.21 8.00 76.64 good
0.23 8.00 82.37 good
0.16 6.00 73.99 bad
0.11 4.00 58.14 good
0.35 4.00 212.10 good
0.33 4.00 194.01 bad
0.19 6.00 56.35 bad
0.36 2.00 304.97 good
0.24 4.00 364.52 good
0.18 4.00 97.95 bad
0.37 2.00 402.15 good
0.20 4.00 158.29 bad
0.19 6.00 105.22 bad
0.14 4.00 62.68 good
0.22 4.00 105.28 good