BookWordCount FiveStarRate Median Class
92
1 6 7 10 12 13 14 16 17 19 20 21 22 23 24 26 27 32 33 36 38 39 41 42 45 46 49 51 55 58 59 60 62 63 64 65 66 68 69 72 73 76 77 79 80 83 85 87 88 89 90 91 93 94 98 99 100 101 104 106 107 108 109 110 111 112 113 114 115 116 117 119 121 122 123 124 125 126 127 130 133 136 137 138 139 140 141 142 146 147 148 149
289.90 0.25 8.00 good
59.60 0.23 6.00 good
38.90 0.11 6.00 bad
82.50 0.09 6.00 bad
21.80 0.20 6.00 bad
27.50 0.09 6.00 bad
123.80 0.20 6.00 good
135.80 0.14 6.00 good
33.60 0.12 6.00 bad
122.40 0.28 6.00 bad
82.30 0.13 4.00 good
74.10 0.04 4.00 bad
77.70 0.11 6.00 bad
122.20 0.06 4.00 good
74.80 0.11 6.00 bad
62.70 0.19 6.00 bad
147.20 0.05 4.00 good
51.10 0.13 8.00 bad
178.90 0.15 6.00 good
87.00 0.19 8.00 bad
80.20 0.13 6.00 bad
22.80 0.00 2.00 bad
168.40 0.17 6.00 good
300.10 0.11 6.00 bad
380.50 0.10 6.00 bad
123.50 0.27 8.00 good
44.50 0.10 6.00 bad
84.60 0.07 6.00 bad
106.40 0.06 6.00 bad
63.50 0.37 8.00 good
133.40 0.25 6.00 good
45.10 0.23 6.00 bad
49.60 0.00 4.00 bad
108.60 0.30 6.00 good
54.40 0.02 4.00 bad
72.20 0.07 4.00 bad
34.80 0.10 6.00 bad
79.60 0.22 8.00 bad
7.30 0.21 8.00 bad
390.00 0.35 8.00 good
68.60 0.17 8.00 bad
46.20 0.24 8.00 good
1070.70 0.37 8.00 bad
131.20 0.10 6.00 bad
144.70 0.58 10.00 bad
40.80 0.22 6.00 bad
87.20 0.10 4.00 good
112.10 0.27 6.00 bad
315.30 0.30 8.00 good
153.20 0.17 6.00 bad
50.40 0.07 2.00 bad
126.20 0.34 8.00 good
90.50 0.21 8.00 bad
63.70 0.23 8.00 good
170.60 0.29 8.00 good
181.90 0.17 6.00 bad
59.90 0.25 8.00 bad
219.60 0.27 8.00 bad
150.50 0.09 4.00 bad
64.40 0.16 6.00 good
310.00 0.31 6.00 bad
446.50 0.63 10.00 good
101.10 0.10 6.00 bad
133.50 0.10 6.00 bad
148.90 0.12 6.00 good
107.80 0.11 6.00 bad
247.80 0.14 6.00 bad
31.70 0.60 10.00 bad
119.20 0.07 6.00 bad
118.30 0.17 6.00 good
59.10 0.09 6.00 bad
427.70 0.29 8.00 good
145.90 0.02 4.00 bad
79.20 0.25 8.00 bad
153.40 0.20 6.00 good
223.00 0.11 6.00 good
65.70 0.67 10.00 good
89.70 0.30 8.00 good
34.20 0.36 8.00 good
46.30 0.17 6.00 bad
145.80 0.04 6.00 bad
72.70 0.09 4.00 bad
448.70 0.38 8.00 good
212.90 0.18 6.00 bad
130.30 0.22 8.00 good
43.40 0.05 8.00 bad
25.10 0.15 8.00 bad
518.00 0.46 8.00 good
477.20 0.19 8.00 good
154.00 0.02 4.00 good
209.90 0.08 2.00 bad
382.10 0.15 6.00 good