Sepal.Length 0.907407 0.962963 -0.0555556
Sepal.Length 0.924528 0.928571 -0.00404313
Sepal.Length 0.964286 0.966102 -0.00181598
Sepal.Length 0.947368 0.965517 -0.0181488
Sepal.Length 0.941176 0.982456 -0.0412797
Sepal.Length 0.96 0.946429 0.0135714
Sepal.Length 0.943396 0.983051 -0.0396546
Sepal.Length 0.946429 0.943396 0.00303235
Sepal.Length 0.944444 0.961538 -0.017094
Sepal.Length 0.959184 0.960784 -0.00160064
Sepal.Length 0.915254 0.960784 -0.0455301
Sepal.Length 0.948276 0.929825 0.0184513
Sepal.Length 0.901639 0.962963 -0.0613236
Sepal.Length 0.947368 0.942308 0.00506073
Sepal.Length 0.948276 0.945455 0.00282132
Sepal.Length 0.982143 0.903846 0.0782967
Sepal.Length 1 0.963636 0.0363636
Sepal.Length 0.945455 0.942308 0.00314685
Sepal.Length 0.964286 0.928571 0.0357143
Sepal.Length 0.942308 0.947368 -0.00506073
-0.00473241 0.0329572
Sepal.Width 0.984127 0.981818 0.0023088
Sepal.Width 0.982143 0.962963 0.0191799
Sepal.Width 0.95 0.95 0
Sepal.Width 0.927273 0.934426 -0.0071535
Sepal.Width 0.910714 0.901961 0.0087535
Sepal.Width 0.933333 0.949153 -0.0158192
Sepal.Width 0.941176 0.925926 0.0152505
Sepal.Width 0.959184 0.872727 0.0864564
Sepal.Width 0.925926 0.912281 0.0136452
Sepal.Width 0.933333 0.98 -0.0466667
Sepal.Width 0.877193 0.945455 -0.0682616
Sepal.Width 0.947368 0.928571 0.018797
Sepal.Width 0.964286 0.981132 -0.0168464
Sepal.Width 0.915254 0.96 -0.0447458
Sepal.Width 0.933333 0.924528 0.00880503
Sepal.Width 0.943396 0.946429 -0.00303235
Sepal.Width 0.95082 0.962264 -0.0114445
Sepal.Width 0.934426 0.913793 0.0206331
Sepal.Width 0.946429 0.945455 0.000974026
Sepal.Width 0.981132 0.8 0.181132
0.00809829 0.0645059
Petal.Length 0.923077 0.9 0.0230769
Petal.Length 1 0.948276 0.0517241
Petal.Length 0.962963 0.919355 0.0436081
Petal.Length 0.918367 0.943396 -0.0250289
Petal.Length 0.888889 0.927273 -0.0383838
Petal.Length 0.945455 0.921569 0.0238859
Petal.Length 0.981132 0.934426 0.0467058
Petal.Length 0.983607 0.916667 0.0669399
Petal.Length 0.981818 0.877193 0.104625
Petal.Length 0.956522 0.912281 0.044241
Petal.Length 0.982456 0.944444 0.0380117
Petal.Length 0.9 0.946429 -0.0464286
Petal.Length 0.946429 0.928571 0.0178571
Petal.Length 0.981481 0.944444 0.037037
Petal.Length 0.9375 0.931034 0.00646552
Petal.Length 0.910714 0.910714 0
Petal.Length 0.962963 0.935484 0.0274791
Petal.Length 0.95 0.921875 0.028125
Petal.Length 0.92 0.898305 0.0216949
Petal.Length 0.980392 0.933333 0.0470588
0.0259348 0.0663189
Petal.Width 0.980769 0.862745 0.118024
Petal.Width 0.943396 0.952381 -0.00898473
Petal.Width 0.964286 0.944444 0.0198413
Petal.Width 0.962963 0.931034 0.0319285
Petal.Width 0.981818 0.946429 0.0353896
Petal.Width 0.982759 0.921875 0.0608836
Petal.Width 0.963636 0.944444 0.0191919
Petal.Width 0.981818 0.924528 0.0572899
Petal.Width 0.964912 0.864407 0.100506
Petal.Width 0.963636 0.942308 0.0213287
Petal.Width 0.942308 0.912281 0.030027
Petal.Width 0.946429 0.946429 0
Petal.Width 0.961538 0.895833 0.0657051
Petal.Width 0.928571 0.846154 0.0824176
Petal.Width 0.980392 0.927273 0.0531194
Petal.Width 0.960784 0.886792 0.0739919
Petal.Width 0.910714 0.866667 0.0440476
Petal.Width 0.962264 0.924528 0.0377358
Petal.Width 0.981132 0.903846 0.0772859
Petal.Width 0.965517 0.964912 0.000604961
0.0460167 0.0664091
