Sepal.Length 0.95 0.962264 -0.0122642
Sepal.Length 0.957447 0.980769 -0.0233224
Sepal.Length 0.962963 0.949153 0.0138104
Sepal.Length 0.921569 0.933333 -0.0117647
Sepal.Length 0.901961 0.979592 -0.0776311
Sepal.Length 0.944444 0.963636 -0.0191919
Sepal.Length 0.977778 0.925926 0.0518519
Sepal.Length 0.980769 0.965517 0.015252
Sepal.Length 0.982143 0.946429 0.0357143
Sepal.Length 0.982143 0.962963 0.0191799
Sepal.Length 0.929825 1 -0.0701754
Sepal.Length 0.9375 0.963636 -0.0261364
Sepal.Length 0.907407 0.945455 -0.0380471
Sepal.Length 0.981132 0.962963 0.0181691
Sepal.Length 0.965517 0.958333 0.00718391
Sepal.Length 0.981481 0.982143 -0.000661376
Sepal.Length 0.964912 0.948276 0.0166364
Sepal.Length 0.962264 0.96875 -0.00648585
Sepal.Length 0.961538 0.907407 0.0541311
Sepal.Length 0.945455 0.964286 -0.0188312
Sepal.Length 0.944444 0.888889 0.0555556
Sepal.Length 0.923077 0.982759 -0.0596817
Sepal.Length 0.907407 0.924242 -0.016835
Sepal.Length 0.944444 0.982759 -0.0383142
Sepal.Length 0.962963 0.925926 0.037037
Sepal.Length 0.932203 0.982456 -0.0502528
Sepal.Length 0.944444 0.963636 -0.0191919
Sepal.Length 0.95 0.944444 0.00555556
Sepal.Length 0.98 0.90566 0.0743396
Sepal.Length 0.964286 0.934426 0.0298595
Sepal.Length 0.963636 1 -0.0363636
Sepal.Length 0.96 0.963636 -0.00363636
Sepal.Length 0.912281 0.962963 -0.0506823
Sepal.Length 0.967742 0.951613 0.016129
Sepal.Length 0.960784 1 -0.0392157
Sepal.Length 0.934426 0.964286 -0.0298595
Sepal.Length 0.964912 0.962963 0.00194932
Sepal.Length 0.983333 0.963636 0.019697
Sepal.Length 0.913793 0.966667 -0.0528736
Sepal.Length 0.965517 0.932203 0.0333139
Sepal.Length 0.963636 0.938776 0.0248609
Sepal.Length 1 0.963636 0.0363636
Sepal.Length 1 0.942308 0.0576923
Sepal.Length 0.960784 0.960784 0
Sepal.Length 0.947368 0.982143 -0.0347744
Sepal.Length 0.982143 0.982143 0
Sepal.Length 0.964286 0.966667 -0.00238095
Sepal.Length 0.934426 0.952381 -0.0179547
Sepal.Length 0.983051 0.960784 0.0222665
Sepal.Length 0.949153 1 -0.0508475
Sepal.Length 0.962963 0.964286 -0.00132275
Sepal.Length 0.92 0.944444 -0.0244444
Sepal.Length 0.897959 0.915254 -0.0172951
Sepal.Length 0.964912 0.955224 0.0096884
Sepal.Length 0.929825 0.980392 -0.0505676
Sepal.Length 0.964912 0.946429 0.0184837
Sepal.Length 0.965517 0.948276 0.0172414
Sepal.Length 0.981818 0.946429 0.0353896
Sepal.Length 1 0.94 0.06
Sepal.Length 0.925926 0.944444 -0.0185185
Sepal.Length 0.953846 0.927273 0.0265734
Sepal.Length 0.923077 0.945455 -0.0223776
Sepal.Length 0.947368 0.981481 -0.0341131
Sepal.Length 0.981818 0.946429 0.0353896
Sepal.Length 0.953846 0.907407 0.0464387
Sepal.Length 0.928571 0.915254 0.0133172
Sepal.Length 0.953125 0.946429 0.00669643
Sepal.Length 1 0.981481 0.0185185
Sepal.Length 0.943396 0.981132 -0.0377358
Sepal.Length 0.982759 0.964912 0.0178463
Sepal.Length 0.965517 0.946429 0.0190887
Sepal.Length 0.976744 0.9375 0.0392442
Sepal.Length 0.896552 0.95082 -0.0542679
Sepal.Length 0.963636 0.927273 0.0363636
Sepal.Length 0.960784 0.949153 0.0116318
Sepal.Length 0.981481 0.96 0.0214815
Sepal.Length 0.931034 0.981132 -0.0500976
Sepal.Length 0.964286 0.982759 -0.0184729
Sepal.Length 0.931034 0.980392 -0.0493577
Sepal.Length 0.964286 0.964912 -0.000626566
Sepal.Length 0.981132 0.946429 0.0347035
Sepal.Length 0.960784 0.919355 0.0414295
Sepal.Length 0.957447 0.96 -0.00255319
Sepal.Length 0.961538 0.965517 -0.00397878
Sepal.Length 0.925926 0.941176 -0.0152505
Sepal.Length 0.960784 0.94 0.0207843
Sepal.Length 0.981481 0.9 0.0814815
Sepal.Length 0.909091 0.942308 -0.0332168
Sepal.Length 0.901639 0.915254 -0.0136149
Sepal.Length 0.929825 0.980392 -0.0505676
Sepal.Length 0.948276 0.932203 0.0160725
Sepal.Length 0.981481 0.981132 0.000349406
Sepal.Length 0.944444 0.960784 -0.0163399
Sepal.Length 0.982759 0.981481 0.00127714
Sepal.Length 0.981132 0.913793 0.067339
Sepal.Length 0.943396 0.92 0.0233962
Sepal.Length 0.981132 0.948276 0.0328562
Sepal.Length 0.912281 0.910714 0.00156642
Sepal.Length 0.981818 0.951613 0.0302053
Sepal.Length 0.964286 0.964286 0
0.00109308 0.0337668
Sepal.Width 0.925926 0.983333 -0.0574074
Sepal.Width 0.90566 0.944444 -0.0387841
Sepal.Width 0.966667 0.931818 0.0348485
Sepal.Width 0.96 0.912281 0.0477193
Sepal.Width 0.966102 0.964286 0.00181598
Sepal.Width 0.966102 0.943396 0.0227055
Sepal.Width 0.96 0.964912 -0.00491228
Sepal.Width 0.942308 0.982456 -0.0401484
Sepal.Width 0.943396 0.958333 -0.0149371
Sepal.Width 0.962963 0.933333 0.0296296
Sepal.Width 0.944444 0.890909 0.0535354
Sepal.Width 0.979592 0.93617 0.0434216
Sepal.Width 0.932203 0.95 -0.0177966
Sepal.Width 0.927273 0.95 -0.0227273
Sepal.Width 0.963636 0.951613 0.0120235
Sepal.Width 0.9375 0.942308 -0.00480769
Sepal.Width 0.959184 0.964286 -0.00510204
Sepal.Width 0.961538 0.947368 0.01417
Sepal.Width 0.948276 0.925926 0.0223499
Sepal.Width 0.941176 0.924528 0.0166482
Sepal.Width 0.946429 0.927273 0.0191558
Sepal.Width 0.960784 0.935484 0.0253004
Sepal.Width 0.983333 0.941176 0.0421569
Sepal.Width 0.941176 0.983333 -0.0421569
Sepal.Width 0.980392 0.964912 0.0154799
Sepal.Width 0.95082 0.944444 0.00637523
Sepal.Width 1 0.944444 0.0555556
Sepal.Width 0.98 0.948276 0.0317241
Sepal.Width 0.982759 0.894737 0.0880218
Sepal.Width 0.982456 0.897959 0.084497
Sepal.Width 0.927273 0.894737 0.0325359
Sepal.Width 0.944444 0.981818 -0.0373737
Sepal.Width 0.96 0.948276 0.0117241
Sepal.Width 1 0.916667 0.0833333
Sepal.Width 0.983051 0.96 0.0230508
Sepal.Width 0.901961 0.982143 -0.0801821
Sepal.Width 0.925926 0.936508 -0.010582
Sepal.Width 0.962963 0.931034 0.0319285
Sepal.Width 0.963636 0.947368 0.0162679
Sepal.Width 0.981481 0.960784 0.0206972
Sepal.Width 0.966102 0.96 0.00610169
Sepal.Width 0.962264 0.960784 0.00147984
Sepal.Width 0.943396 0.98 -0.0366038
Sepal.Width 0.963636 0.932203 0.031433
Sepal.Width 0.946429 0.964286 -0.0178571
Sepal.Width 0.936508 0.981132 -0.0446241
Sepal.Width 0.964286 0.943396 0.0208895
Sepal.Width 0.916667 0.959184 -0.042517
Sepal.Width 0.925926 0.948276 -0.0223499
Sepal.Width 0.944444 0.884615 0.0598291
Sepal.Width 0.978723 0.933333 0.0453901
Sepal.Width 0.920635 0.961538 -0.0409035
Sepal.Width 0.944444 1 -0.0555556
Sepal.Width 0.903846 0.909091 -0.00524476
Sepal.Width 0.910714 0.949153 -0.0384383
Sepal.Width 0.964286 0.946429 0.0178571
Sepal.Width 0.929825 0.953125 -0.0233004
Sepal.Width 0.962264 0.944444 0.0178197
Sepal.Width 0.942308 0.958333 -0.0160256
Sepal.Width 0.921569 0.952381 -0.0308123
Sepal.Width 0.943396 0.925926 0.0174703
Sepal.Width 0.892857 0.944444 -0.0515873
Sepal.Width 0.964912 0.934426 0.0304861
Sepal.Width 1 0.933333 0.0666667
Sepal.Width 0.913793 0.984615 -0.0708223
Sepal.Width 0.931034 0.912281 0.0187538
Sepal.Width 0.95 0.931034 0.0189655
Sepal.Width 0.929825 0.883333 0.0464912
Sepal.Width 0.947368 0.962963 -0.0155945
Sepal.Width 0.916667 0.963636 -0.0469697
Sepal.Width 0.921569 1 -0.0784314
Sepal.Width 0.947368 0.875 0.0723684
Sepal.Width 0.983051 0.95082 0.0322312
Sepal.Width 0.977273 0.943396 0.0338765
Sepal.Width 0.96 0.947368 0.0126316
Sepal.Width 0.981132 0.964286 0.0168464
Sepal.Width 0.888889 0.946429 -0.0575397
Sepal.Width 1 0.945455 0.0545455
Sepal.Width 0.938776 0.944444 -0.00566893
Sepal.Width 0.938776 0.9 0.0387755
Sepal.Width 0.933333 0.964286 -0.0309524
Sepal.Width 0.964286 0.927273 0.037013
Sepal.Width 0.923077 0.95 -0.0269231
Sepal.Width 0.927273 0.925926 0.0013468
Sepal.Width 0.982143 0.963636 0.0185065
Sepal.Width 0.903846 0.886792 0.0170537
Sepal.Width 0.948276 0.963636 -0.0153605
Sepal.Width 0.904762 0.969697 -0.0649351
Sepal.Width 0.947368 0.964286 -0.0169173
Sepal.Width 0.943396 0.983051 -0.0396546
Sepal.Width 0.964912 0.961538 0.00337382
Sepal.Width 0.927273 0.962264 -0.0349914
Sepal.Width 0.964286 0.946429 0.0178571
Sepal.Width 0.981481 0.945455 0.0360269
Sepal.Width 0.932203 1 -0.0677966
Sepal.Width 0.883333 0.980769 -0.0974359
Sepal.Width 0.94 0.903846 0.0361538
Sepal.Width 0.933333 0.963636 -0.030303
Sepal.Width 0.924528 0.938776 -0.0142472
Sepal.Width 0.979592 0.90566 0.0739315
0.00271563 0.0436512
Petal.Length 0.96 0.946429 0.0135714
Petal.Length 0.979167 0.942308 0.036859
Petal.Length 0.947368 0.916667 0.0307018
Petal.Length 1 0.915254 0.0847458
Petal.Length 0.948276 0.982143 -0.033867
Petal.Length 0.958333 0.92 0.0383333
Petal.Length 0.912281 0.934426 -0.0221455
Petal.Length 0.925926 0.881356 0.04457
Petal.Length 0.980769 0.896552 0.0842175
Petal.Length 0.961538 0.943396 0.0181422
Petal.Length 0.982759 0.826923 0.155836
Petal.Length 0.901961 0.925926 -0.0239651
Petal.Length 0.946429 0.941176 0.0052521
Petal.Length 0.979592 0.944444 0.0351474
Petal.Length 0.982759 0.946429 0.03633
Petal.Length 0.961538 0.932203 0.0293351
Petal.Length 0.935484 0.875 0.0604839
Petal.Length 0.927273 0.927273 0
Petal.Length 0.948276 0.923077 0.0251989
Petal.Length 0.946429 0.923077 0.0233516
Petal.Length 1 0.929825 0.0701754
Petal.Length 0.981481 0.909091 0.0723906
Petal.Length 0.962264 0.849057 0.113208
Petal.Length 0.982143 0.888889 0.093254
Petal.Length 1 0.872727 0.127273
Petal.Length 0.942308 0.818182 0.124126
Petal.Length 0.915254 0.921569 -0.00631439
Petal.Length 0.915254 0.948276 -0.0330216
Petal.Length 0.927273 0.964286 -0.037013
Petal.Length 0.943396 0.943396 0
Petal.Length 0.961538 0.927273 0.0342657
Petal.Length 0.980392 0.903846 0.076546
Petal.Length 0.945455 0.932203 0.0132512
Petal.Length 0.928571 0.933333 -0.0047619
Petal.Length 0.964286 0.927273 0.037013
Petal.Length 0.912281 0.809524 0.102757
Petal.Length 0.95082 0.948276 0.00254381
Petal.Length 0.982759 0.92 0.0627586
Petal.Length 0.95082 0.90566 0.0451593
Petal.Length 0.946429 0.948276 -0.00184729
Petal.Length 0.962264 0.921875 0.0403892
Petal.Length 0.962264 0.958333 0.00393082
Petal.Length 0.942308 0.910714 0.0315934
Petal.Length 0.982456 0.913793 0.068663
Petal.Length 0.982456 0.925926 0.0565302
Petal.Length 0.929825 0.949153 -0.019328
Petal.Length 0.962264 0.919355 0.0429093
Petal.Length 0.898305 0.892857 0.00544794
Petal.Length 0.960784 0.945455 0.0153298
Petal.Length 0.947368 0.916667 0.0307018
Petal.Length 0.963636 0.931034 0.0326019
Petal.Length 0.901961 0.945455 -0.0434938
Petal.Length 0.929825 0.928571 0.00125313
Petal.Length 0.981481 0.921569 0.0599129
Petal.Length 0.960784 0.932203 0.0285809
Petal.Length 0.942308 0.941176 0.00113122
Petal.Length 0.95082 0.9 0.0508197
Petal.Length 0.967213 0.949153 0.0180606
Petal.Length 0.951613 0.913793 0.0378198
Petal.Length 0.962963 0.907407 0.0555556
Petal.Length 0.947368 0.95 -0.00263158
Petal.Length 0.946429 0.92 0.0264286
Petal.Length 0.980769 0.90566 0.0751089
Petal.Length 0.983051 0.843137 0.139914
Petal.Length 0.966667 0.90566 0.0610063
Petal.Length 0.983333 0.9375 0.0458333
Petal.Length 0.944444 0.944444 0
Petal.Length 0.946429 0.910714 0.0357143
Petal.Length 0.938776 0.948276 -0.00950035
Petal.Length 0.95082 0.946429 0.0043911
Petal.Length 0.947368 0.884615 0.062753
Petal.Length 0.913793 0.881356 0.0324372
Petal.Length 0.895833 0.945455 -0.0496212
Petal.Length 0.929825 0.946429 -0.016604
Petal.Length 0.962963 1 -0.037037
Petal.Length 0.960784 0.892857 0.0679272
Petal.Length 0.964286 0.963636 0.000649351
Petal.Length 0.95 0.934426 0.0155738
Petal.Length 0.981818 0.965517 0.0163009
Petal.Length 0.931034 0.944444 -0.01341
Petal.Length 1 0.826923 0.173077
Petal.Length 0.98 0.901961 0.0780392
Petal.Length 0.964286 0.931034 0.0332512
Petal.Length 0.983607 0.892857 0.0907494
Petal.Length 0.983051 0.934783 0.0482682
Petal.Length 0.965517 0.873016 0.0925014
Petal.Length 0.982143 0.910714 0.0714286
Petal.Length 1 0.964286 0.0357143
Petal.Length 0.929825 0.928571 0.00125313
Petal.Length 0.92 0.916667 0.00333333
Petal.Length 0.924528 0.98 -0.0554717
Petal.Length 0.909091 0.885246 0.023845
Petal.Length 0.980769 0.941176 0.0395928
Petal.Length 0.933333 0.916667 0.0166667
Petal.Length 0.98 0.943396 0.0366038
Petal.Length 0.928571 0.875 0.0535714
Petal.Length 0.962963 0.833333 0.12963
Petal.Length 0.981132 0.949153 0.0319795
Petal.Length 0.967213 0.892857 0.074356
Petal.Length 0.909091 0.872727 0.0363636
0.0352226 0.0489065
Petal.Width 0.946429 0.885246 0.0611827
Petal.Width 1 0.966667 0.0333333
Petal.Width 0.983051 0.909091 0.0739599
Petal.Width 0.962264 0.890909 0.0713551
Petal.Width 0.962963 0.891304 0.0716586
Petal.Width 0.963636 0.944444 0.0191919
Petal.Width 0.981132 0.913793 0.067339
Petal.Width 0.967742 0.964286 0.00345622
Petal.Width 0.965517 0.946429 0.0190887
Petal.Width 0.982759 0.915254 0.0675044
Petal.Width 1 0.964286 0.0357143
Petal.Width 0.98 0.931034 0.0489655
Petal.Width 1 0.941176 0.0588235
Petal.Width 0.965517 0.918033 0.0474845
Petal.Width 0.982759 0.929825 0.0529341
Petal.Width 0.946429 0.906977 0.0394518
Petal.Width 0.909091 0.842105 0.0669856
Petal.Width 0.894737 0.864407 0.0303301
Petal.Width 0.966667 0.983333 -0.0166667
Petal.Width 0.925926 0.95082 -0.0248937
Petal.Width 0.948276 0.981818 -0.0335423
Petal.Width 0.981132 0.942308 0.0388244
Petal.Width 0.934426 0.907407 0.0270188
Petal.Width 0.944444 0.913793 0.0306513
Petal.Width 0.964912 0.907407 0.0575049
Petal.Width 0.960784 0.929825 0.0309598
Petal.Width 0.944444 0.913793 0.0306513
Petal.Width 0.95082 0.982456 -0.0316365
Petal.Width 0.912281 0.884615 0.0276653
Petal.Width 0.944444 0.913793 0.0306513
Petal.Width 0.982143 0.932203 0.0499395
Petal.Width 0.979167 0.981481 -0.00231481
Petal.Width 0.941176 0.929825 0.0113519
Petal.Width 0.96 0.946429 0.0135714
Petal.Width 0.909091 0.95082 -0.0417288
Petal.Width 0.932203 0.982143 -0.0499395
Petal.Width 0.98 0.965517 0.0144828
Petal.Width 0.927273 0.941176 -0.0139037
Petal.Width 0.886792 0.843137 0.0436552
Petal.Width 0.982456 0.923077 0.0593792
Petal.Width 0.963636 0.944444 0.0191919
Petal.Width 0.929825 0.948276 -0.0184513
Petal.Width 0.87037 0.949153 -0.0787822
Petal.Width 1 0.978723 0.0212766
Petal.Width 0.961538 0.916667 0.0448718
Petal.Width 0.964912 0.924528 0.040384
Petal.Width 0.981481 0.890909 0.0905724
Petal.Width 0.946429 0.944444 0.00198413
Petal.Width 0.927273 0.927273 0
Petal.Width 0.918367 0.918033 0.00033456
Petal.Width 0.968254 0.894737 0.0735171
Petal.Width 0.916667 0.895833 0.0208333
Petal.Width 0.934426 0.96 -0.0255738
Petal.Width 0.984127 0.892857 0.0912698
Petal.Width 0.915254 0.947368 -0.0321142
Petal.Width 0.907407 0.896552 0.0108557
Petal.Width 0.90566 0.933333 -0.027673
Petal.Width 0.947368 0.90566 0.041708
Petal.Width 0.927273 0.928571 -0.0012987
Petal.Width 0.962264 0.910714 0.0515499
Petal.Width 0.931034 0.909091 0.0219436
Petal.Width 0.962264 0.842105 0.120159
Petal.Width 0.942308 0.90566 0.0366473
Petal.Width 0.981481 0.925926 0.0555556
Petal.Width 0.948276 0.87931 0.0689655
Petal.Width 0.95082 0.910714 0.0401054
Petal.Width 0.90566 0.951613 -0.0459525
Petal.Width 0.946429 0.90625 0.0401786
Petal.Width 0.962963 0.913793 0.0491699
Petal.Width 0.981132 0.923077 0.0580552
Petal.Width 0.947368 0.96 -0.0126316
Petal.Width 0.963636 0.928571 0.0350649
Petal.Width 0.923077 0.87931 0.0437666
Petal.Width 0.910714 0.942308 -0.0315934
Petal.Width 0.943396 0.947368 -0.00397219
Petal.Width 0.980392 0.907407 0.0729847
Petal.Width 0.967213 0.941176 0.0260366
Petal.Width 0.948276 0.910714 0.0375616
Petal.Width 0.941176 0.875 0.0661765
Petal.Width 0.924528 0.904762 0.0197664
Petal.Width 0.961538 0.912281 0.0492578
Petal.Width 0.979167 0.923077 0.0560897
Petal.Width 0.981818 0.9 0.0818182
Petal.Width 0.980769 0.875 0.105769
Petal.Width 1 0.909091 0.0909091
Petal.Width 0.980769 0.943396 0.037373
Petal.Width 0.95082 0.830189 0.120631
Petal.Width 0.941176 0.884615 0.0565611
Petal.Width 0.928571 0.894737 0.0338346
Petal.Width 0.964286 0.962264 0.00202156
Petal.Width 0.965517 0.963636 0.00188088
Petal.Width 0.92 0.944444 -0.0244444
Petal.Width 0.960784 0.94 0.0207843
Petal.Width 0.913793 0.898305 0.015488
Petal.Width 0.924528 0.944444 -0.0199161
Petal.Width 0.964912 0.9 0.0649123
Petal.Width 0.907407 0.929825 -0.0224172
Petal.Width 0.928571 0.929825 -0.00125313
Petal.Width 1 0.862745 0.137255
Petal.Width 0.945455 0.929825 0.01563
0.0296507 0.0453979
