Sepal.Length 1.43003 1.43953 -0.00949444
Sepal.Length 1.47642 1.53549 -0.0590648
Sepal.Length 1.40959 1.42429 -0.0146999
Sepal.Length 1.29017 1.43232 -0.142158
Sepal.Length 1.36137 1.37266 -0.0112898
Sepal.Length 1.43881 1.41705 0.021762
Sepal.Length 1.39104 1.36769 0.0233483
Sepal.Length 1.52666 1.3913 0.135364
Sepal.Length 1.42092 1.42871 -0.00779292
Sepal.Length 1.4148 1.40624 0.00856658
-0.00554588 0.0658027
Sepal.Width 1.47778 1.50102 -0.0232324
Sepal.Width 1.38325 1.51334 -0.130089
Sepal.Width 1.52904 1.40475 0.124285
Sepal.Width 1.29252 1.57548 -0.28296
Sepal.Width 1.35459 1.46262 -0.108025
Sepal.Width 1.39305 1.32365 0.0694088
Sepal.Width 1.3177 1.31701 0.00068996
Sepal.Width 1.45133 1.43052 0.0208145
Sepal.Width 1.48803 1.44524 0.0427862
Sepal.Width 1.38834 1.39057 -0.00222541
-0.0288548 0.137553
